0.000000000000000000e+00 -3.763912203943460544e-02
1.256637061435917323e-02 5.979107170682700090e-02
2.513274122871834645e-02 2.072775221328033990e-01
3.769911184307751795e-02 -2.387159799934705784e-02
5.026548245743669291e-02 1.176934693058745152e-01
6.283185307179586787e-02 1.994109265829654420e-01
7.539822368615503589e-02 8.786883494891600810e-02
8.796459430051420392e-02 4.033706666906267113e-02
1.005309649148733858e-01 1.646713331589834406e-02
1.130973355292325677e-01 1.732376959556375384e-01
1.256637061435917357e-01 1.008330203157677268e-01
1.382300767579508760e-01 1.573760693488579498e-02
1.507964473723100718e-01 2.527560985638247493e-01
1.633628179866692676e-01 2.031347040360518552e-01
1.759291886010284078e-01 2.259872882987292719e-01
1.884955592153875759e-01 1.125601612332055024e-01
2.010619298297467716e-01 -3.362685314298111128e-02
2.136283004441059397e-01 1.743783003202248605e-01
2.261946710584651354e-01 3.245463897747168369e-01
2.387610416728242757e-01 1.718571173588137602e-01
2.513274122871834715e-01 3.150062868611686606e-01
2.638937829015426395e-01 3.428277294883623205e-01
2.764601535159017520e-01 3.702784664791620162e-01
2.890265241302609756e-01 1.207819074429718753e-01
3.015928947446201436e-01 1.265698726393846285e-01
3.141592653589793116e-01 2.764021235708770119e-01
3.267256359733385351e-01 3.600742969297929252e-01
3.392920065876976476e-01 2.521884748997250680e-01
3.518583772020568157e-01 4.461569688486667351e-01
3.644247478164160392e-01 4.866448161226289981e-01
3.769911184307751517e-01 3.982721064980087045e-01
3.895574890451343197e-01 3.692990649732034725e-01
4.021238596594935433e-01 3.896081885397918443e-01
4.146902302738527113e-01 5.863274661748012484e-01
4.272566008882118793e-01 4.936145377411289559e-01
4.398229715025711029e-01 4.778818318358009076e-01
4.523893421169302709e-01 6.010225195327594250e-01
4.649557127312893834e-01 5.646521763763414636e-01
4.775220833456485514e-01 4.869972715284631715e-01
4.900884539600077194e-01 5.245433296174577542e-01
5.026548245743669430e-01 4.298894610552788098e-01
5.152211951887261110e-01 5.669580215280745072e-01
5.277875658030852790e-01 2.048141454467449774e-01
5.403539364174444470e-01 4.380161093057084454e-01
5.529203070318035040e-01 4.374302918925278005e-01
5.654866776461627831e-01 5.274264888245748795e-01
5.780530482605219511e-01 5.749193255729648788e-01
5.906194188748811191e-01 5.499033194961684412e-01
6.031857894892402872e-01 5.024659874758956590e-01
6.157521601035994552e-01 5.688143832076660855e-01
6.283185307179586232e-01 5.300407259932439219e-01
6.408849013323177912e-01 5.481207349465764267e-01
6.534512719466770703e-01 4.163269615294092341e-01
6.660176425610361273e-01 5.159950666724888446e-01
6.785840131753952953e-01 6.249357602525497102e-01
6.911503837897544633e-01 7.070924512314954447e-01
7.037167544041136313e-01 6.234780798145729275e-01
7.162831250184729104e-01 6.517842998399918653e-01
7.288494956328320784e-01 5.744956387535629094e-01
7.414158662471912464e-01 6.849661286862770426e-01
7.539822368615503034e-01 6.773207258783902063e-01
7.665486074759094715e-01 7.157980317638636958e-01
7.791149780902686395e-01 7.734820497661558658e-01
7.916813487046279185e-01 6.364655412221177366e-01
8.042477193189870865e-01 8.799706612191239286e-01
8.168140899333462546e-01 5.946403641233856119e-01
8.293804605477054226e-01 7.900626825278909138e-01
8.419468311620645906e-01 7.398715309332037915e-01
8.545132017764237586e-01 7.122168928963026335e-01
8.670795723907829267e-01 7.446930064736949628e-01
8.796459430051422057e-01 6.940554179009291724e-01
8.922123136195013737e-01 8.791399728019275717e-01
9.047786842338605418e-01 8.601411854972700333e-01
9.173450548482194877e-01 9.643629209298653082e-01
9.299114254625787668e-01 5.911726937281100991e-01
9.424777960769379348e-01 7.702441946958300534e-01
9.550441666912971028e-01 7.685829960665196969e-01
9.676105373056562708e-01 6.472647211223215846e-01
9.801769079200154389e-01 8.373301505146372170e-01
9.927432785343746069e-01 8.819386578854626624e-01
1.005309649148733886e+00 9.637550935238886618e-01
1.017876019763092943e+00 8.674250715413617252e-01
1.030442390377452222e+00 7.080059018343969335e-01
1.043008760991811279e+00 9.705751429537008423e-01
1.055575131606170558e+00 8.685666367988104097e-01
1.068141502220529837e+00 7.923039288118891577e-01
1.080707872834888894e+00 9.804355058864137051e-01
1.093274243449248173e+00 9.610635136880324447e-01
1.105840614063607008e+00 9.246442316743175294e-01
1.118406984677966287e+00 9.055896917106911470e-01
1.130973355292325566e+00 8.568930024472563023e-01
1.143539725906684623e+00 8.759753009468304041e-01
1.156106096521043902e+00 7.841210167603530623e-01
1.168672467135402959e+00 9.782586094549032829e-01
1.181238837749762238e+00 8.236850538447086922e-01
1.193805208364121295e+00 1.056408712871599542e+00
1.206371578978480574e+00 1.109519314623085062e+00
1.218937949592839853e+00 9.007191353088239705e-01
1.231504320207198910e+00 8.788859046133273845e-01
1.244070690821558189e+00 9.122260053155394344e-01
1.256637061435917246e+00 1.011188858301333982e+00
1.269203432050276525e+00 8.090384177830054480e-01
1.281769802664635582e+00 9.668527556691974834e-01
1.294336173278994861e+00 9.353326793833165453e-01
1.306902543893354141e+00 9.539203005969297822e-01
1.319468914507712975e+00 1.063920005205120090e+00
1.332035285122072255e+00 1.114791726018852014e+00
1.344601655736431534e+00 8.338162461913768420e-01
1.357168026350790591e+00 1.040204604387344745e+00
1.369734396965149870e+00 1.082992115092501928e+00
1.382300767579508927e+00 1.000924463119762464e+00
1.394867138193868206e+00 1.047969184713820612e+00
1.407433508808227263e+00 8.952390002202960106e-01
1.419999879422586542e+00 1.006377536211882751e+00
1.432566250036945821e+00 9.915154540596595734e-01
1.445132620651304878e+00 9.621284078041418830e-01
1.457698991265664157e+00 9.081430945830676338e-01
1.470265361880023214e+00 9.775583180787941195e-01
1.482831732494382493e+00 9.022621757178008739e-01
1.495398103108741550e+00 9.988785973896929793e-01
1.507964473723100607e+00 7.381746246199302197e-01
1.520530844337459886e+00 9.995563375343777812e-01
1.533097214951818943e+00 9.227156643638761979e-01
1.545663585566178222e+00 1.096647949147234291e+00
1.558229956180537279e+00 1.163171732978372175e+00
1.570796326794896558e+00 1.079224361759136830e+00
1.583362697409255837e+00 9.737824627663700383e-01
1.595929068023614894e+00 9.414224233459572710e-01
1.608495438637974173e+00 1.111311987116157640e+00
1.621061809252333230e+00 9.905109992265842545e-01
1.633628179866692509e+00 8.966856589157954360e-01
1.646194550481051566e+00 1.077641976262312173e+00
1.658760921095410845e+00 1.110590557841175885e+00
1.671327291709770124e+00 9.834353066699762502e-01
1.683893662324129181e+00 1.149449967467390366e+00
1.696460032938488460e+00 9.357414263453803782e-01
1.709026403552847517e+00 1.118551775223082467e+00
1.721592774167206796e+00 1.169811285023137692e+00
1.734159144781565853e+00 7.554724795620355593e-01
1.746725515395925132e+00 1.017002346954536396e+00
1.759291886010284411e+00 8.867499512690857344e-01
1.771858256624643468e+00 1.175864773484189385e+00
1.784424627239002747e+00 9.318813463393094132e-01
1.796990997853361804e+00 1.162706162245656705e+00
1.809557368467721084e+00 8.195018350346714442e-01
1.822123739082079918e+00 1.003787671474492216e+00
1.834690109696438975e+00 9.900256138910600301e-01
1.847256480310798255e+00 9.400956443392075590e-01
1.859822850925157534e+00 9.048748360293648041e-01
1.872389221539516591e+00 9.896658267398443787e-01
1.884955592153875870e+00 1.076081972896061556e+00
1.897521962768234927e+00 1.026909947279717406e+00
1.910088333382594206e+00 1.015130667755410387e+00
1.922654703996953263e+00 7.240822643001122438e-01
1.935221074611312542e+00 1.053188892250165987e+00
1.947787445225671821e+00 9.094600481615975340e-01
1.960353815840030878e+00 9.921274459494905384e-01
1.972920186454390157e+00 1.242130826803595767e+00
1.985486557068749214e+00 7.786591750375215781e-01
1.998052927683108493e+00 8.469400396675429432e-01
2.010619298297467772e+00 7.008213918923422714e-01
2.023185668911826607e+00 9.970896280999239636e-01
2.035752039526185886e+00 8.348776763560532554e-01
2.048318410140545165e+00 9.474038357823018064e-01
2.060884780754904444e+00 7.135393917221586335e-01
2.073451151369263723e+00 1.041609598190814889e+00
2.086017521983622558e+00 8.587830749525289242e-01
2.098583892597981837e+00 7.384030792582971792e-01
2.111150263212341116e+00 9.684241504815827017e-01
2.123716633826700395e+00 9.373191115380703486e-01
2.136283004441059674e+00 7.659517963342246105e-01
2.148849375055418509e+00 8.786831370366317007e-01
2.161415745669777788e+00 9.483938829870537379e-01
2.173982116284137067e+00 9.898936475178952143e-01
2.186548486898496346e+00 9.008466256962646135e-01
2.199114857512855181e+00 7.715367488814299790e-01
2.211681228127214016e+00 9.962971355335061840e-01
2.224247598741573295e+00 7.241300331975389915e-01
2.236813969355932574e+00 8.007573076025106262e-01
2.249380339970291853e+00 8.153061786704365321e-01
2.261946710584651132e+00 1.070329490894002422e+00
2.274513081199009967e+00 9.087448024029192162e-01
2.287079451813369246e+00 8.142517163631666222e-01
2.299645822427728525e+00 4.383595642651629820e-01
2.312212193042087804e+00 7.506188795897724697e-01
2.324778563656447083e+00 5.520386963097201338e-01
2.337344934270805918e+00 5.729520949982622735e-01
2.349911304885165197e+00 7.631272202475710698e-01
2.362477675499524477e+00 7.863842198755639501e-01
2.375044046113883756e+00 6.098826071714471553e-01
2.387610416728242591e+00 7.090563911602878466e-01
2.400176787342601870e+00 7.614317619190633657e-01
2.412743157956961149e+00 7.290333441365346445e-01
2.425309528571320428e+00 6.092540558350576507e-01
2.437875899185679707e+00 4.757848755829816589e-01
2.450442269800038542e+00 7.127893080730141051e-01
2.463008640414397821e+00 6.727722288279999185e-01
2.475575011028757100e+00 6.964490829231051450e-01
2.488141381643116379e+00 6.840394579984495627e-01
2.500707752257475658e+00 7.152900057031016390e-01
2.513274122871834493e+00 6.094843692366149757e-01
2.525840493486193772e+00 6.001712006114444664e-01
2.538406864100553051e+00 6.303661802341609111e-01
2.550973234714912330e+00 4.370496514383036546e-01
2.563539605329271165e+00 6.229604606659168153e-01
2.576105975943630444e+00 3.601939430885493509e-01
2.588672346557989723e+00 4.694992434750178134e-01
2.601238717172349002e+00 6.092531408012437089e-01
2.613805087786708281e+00 6.459295778401868970e-01
2.626371458401067116e+00 6.016138334287455258e-01
2.638937829015425951e+00 4.987178169993926602e-01
2.651504199629785230e+00 5.471638985947762102e-01
2.664070570244144509e+00 6.085518597821100162e-01
2.676636940858503788e+00 4.262375674712827189e-01
2.689203311472863067e+00 5.669537176454716443e-01
2.701769682087221902e+00 4.898274969780408439e-01
2.714336052701581181e+00 2.759747699391695841e-01
2.726902423315940460e+00 2.920233644966239717e-01
2.739468793930299739e+00 4.171170293724762446e-01
2.752035164544658574e+00 4.574698042944367327e-01
2.764601535159017853e+00 5.428548911488649820e-01
2.777167905773377132e+00 3.615616835438081322e-01
2.789734276387736411e+00 2.149229820961358339e-01
2.802300647002095690e+00 3.223523698148789141e-01
2.814867017616454525e+00 3.002321561444640796e-01
2.827433388230813804e+00 3.285652900610601113e-01
2.839999758845173083e+00 1.815546385668355134e-01
2.852566129459532362e+00 3.075649101656951490e-01
2.865132500073891642e+00 2.085136313321263590e-01
2.877698870688250476e+00 2.944046424302860787e-01
2.890265241302609756e+00 1.360815201768900140e-01
2.902831611916969035e+00 2.633691378616320744e-01
2.915397982531328314e+00 3.606120559127595770e-01
2.927964353145687149e+00 2.707551417782460557e-01
2.940530723760046428e+00 3.160719156237022376e-01
2.953097094374405707e+00 3.365684791446753032e-01
2.965663464988764986e+00 2.167184866856955439e-01
2.978229835603124265e+00 1.092592341942264511e-01
2.990796206217483100e+00 9.339889261841624601e-02
3.003362576831842379e+00 6.775093197630872865e-02
3.015928947446201214e+00 1.687878470817894550e-01
3.028495318060560493e+00 1.060905193296984850e-02
3.041061688674919772e+00 3.250315450985020171e-01
3.053628059289279051e+00 2.225289828152686722e-01
3.066194429903637886e+00 1.664902156894595975e-01
3.078760800517997165e+00 -1.794080071253935649e-01
3.091327171132356444e+00 -3.717504908218322718e-02
3.103893541746715723e+00 8.708667302941608401e-02
3.116459912361074558e+00 -1.609273879660578360e-03
3.129026282975433837e+00 9.721509633912370218e-03
3.141592653589793116e+00 4.253127998901287676e-02
3.154159024204152395e+00 -1.023720264525168067e-01
3.166725394818511674e+00 5.020940128904052835e-02
3.179291765432870509e+00 -7.842963579194305035e-02
3.191858136047229788e+00 -5.719693879220593552e-02
3.204424506661589067e+00 -5.140174085002743865e-02
3.216990877275948346e+00 -8.365117525791450348e-02
3.229557247890307181e+00 -4.190380728826649526e-02
3.242123618504666460e+00 -6.311001552094798461e-02
3.254689989119025739e+00 -1.422867608676480766e-01
3.267256359733385018e+00 -1.263332610706306147e-01
3.279822730347744297e+00 -1.604242587368415740e-01
3.292389100962103132e+00 -2.743352679082378676e-01
3.304955471576462411e+00 -8.167698463753042537e-02
3.317521842190821690e+00 -4.773219553633684109e-02
3.330088212805180969e+00 -2.119221951767351619e-01
3.342654583419540248e+00 -2.542632748776626483e-01
3.355220954033899083e+00 -1.304565985699392694e-01
3.367787324648258362e+00 -2.787655899495987688e-01
3.380353695262617642e+00 -3.383729073183456837e-01
3.392920065876976921e+00 -4.090092800756706115e-02
3.405486436491335756e+00 -2.438592617150853181e-01
3.418052807105695035e+00 -4.007653791590012338e-01
3.430619177720054314e+00 -3.308156181656001227e-01
3.443185548334413593e+00 -2.994483760029107433e-01
3.455751918948772872e+00 -3.502384461624143408e-01
3.468318289563131707e+00 -2.347037576684157245e-01
3.480884660177490986e+00 -1.687584461233039290e-01
3.493451030791850265e+00 -3.007503105163619184e-01
3.506017401406209544e+00 -3.887881567756588663e-01
3.518583772020568823e+00 -4.798773645510918673e-01
3.531150142634927658e+00 -3.569349605842305762e-01
3.543716513249286937e+00 -4.153250141413701857e-01
3.556282883863646216e+00 -6.647732165596385023e-01
3.568849254478005495e+00 -4.212499297705975532e-01
3.581415625092364330e+00 -4.440279012258125380e-01
3.593981995706723609e+00 -3.383684497228737209e-01
3.606548366321082888e+00 -4.392917873661690842e-01
3.619114736935442167e+00 -3.570700682762482092e-01
3.631681107549800558e+00 -7.070607849671501910e-01
3.644247478164159837e+00 -5.390041947483409368e-01
3.656813848778519116e+00 -5.509694868608832063e-01
3.669380219392877951e+00 -5.979223719826940453e-01
3.681946590007237230e+00 -5.178558103068714447e-01
3.694512960621596509e+00 -6.009419448055064450e-01
3.707079331235955788e+00 -4.504885497219780488e-01
3.719645701850315067e+00 -4.637557440445003731e-01
3.732212072464673902e+00 -4.364546245240895628e-01
3.744778443079033181e+00 -7.871956564277386992e-01
3.757344813693392460e+00 -4.143577466412552424e-01
3.769911184307751739e+00 -4.351612155197442933e-01
3.782477554922110574e+00 -7.187883980077411916e-01
3.795043925536469853e+00 -8.820158484622431239e-01
3.807610296150829132e+00 -6.045965201429179814e-01
3.820176666765188411e+00 -6.421821858769964919e-01
3.832743037379547690e+00 -8.376213931447392680e-01
3.845309407993906525e+00 -5.683516128833898673e-01
3.857875778608265804e+00 -5.091363925969658588e-01
3.870442149222625083e+00 -6.450335220176666162e-01
3.883008519836984362e+00 -5.447694035281782643e-01
3.895574890451343641e+00 -7.462523342936785431e-01
3.908141261065702476e+00 -7.367267747647902043e-01
3.920707631680061755e+00 -6.292056523197810947e-01
3.933274002294421035e+00 -6.499934488374734531e-01
3.945840372908780314e+00 -6.574842170484231918e-01
3.958406743523139149e+00 -7.893190427660055075e-01
3.970973114137498428e+00 -6.218312848879030685e-01
3.983539484751857707e+00 -5.663698380480487460e-01
3.996105855366216986e+00 -7.145857600568856771e-01
4.008672225980576265e+00 -1.015805672045810404e+00
4.021238596594935544e+00 -9.392046719513518216e-01
4.033804967209294823e+00 -7.591842316122793255e-01
4.046371337823653214e+00 -8.190967561698190291e-01
4.058937708438012493e+00 -7.716321311795619753e-01
4.071504079052371772e+00 -7.441478025920656991e-01
4.084070449666731051e+00 -8.568958872673781979e-01
4.096636820281090330e+00 -9.098021120504571346e-01
4.109203190895449609e+00 -9.091337493656477253e-01
4.121769561509808888e+00 -8.799630352320811921e-01
4.134335932124168167e+00 -8.101692395384015866e-01
4.146902302738527446e+00 -8.997242835314420706e-01
4.159468673352886725e+00 -1.045591269475820706e+00
4.172035043967245116e+00 -9.505954587893650221e-01
4.184601414581604395e+00 -7.695210954763113120e-01
4.197167785195963674e+00 -9.410712949563134755e-01
4.209734155810322953e+00 -6.309066089069859107e-01
4.222300526424682232e+00 -1.026048742433626426e+00
4.234866897039041511e+00 -9.336830914644357327e-01
4.247433267653400790e+00 -8.930108683701845074e-01
4.259999638267760069e+00 -9.339721892689063498e-01
4.272566008882119348e+00 -9.909406266766792593e-01
4.285132379496477739e+00 -9.012739964515660285e-01
4.297698750110837018e+00 -9.491437563503019037e-01
4.310265120725196297e+00 -8.076423977231164120e-01
4.322831491339555576e+00 -8.258988846724073518e-01
4.335397861953914855e+00 -1.114263785819442631e+00
4.347964232568274134e+00 -9.243192219315605751e-01
4.360530603182633413e+00 -1.133184712981073261e+00
4.373096973796992692e+00 -9.158719462664384192e-01
4.385663344411351972e+00 -9.942593129122894169e-01
4.398229715025710362e+00 -9.908027606810686505e-01
4.410796085640069641e+00 -9.840170308202322857e-01
4.423362456254428032e+00 -8.252534270380997850e-01
4.435928826868787311e+00 -1.043334694585249967e+00
4.448495197483146590e+00 -8.999596169504374688e-01
4.461061568097505869e+00 -9.020319074414796523e-01
4.473627938711865148e+00 -1.241479768743382062e+00
4.486194309326224428e+00 -9.894549902933736929e-01
4.498760679940583707e+00 -1.012091549120505585e+00
4.511327050554942986e+00 -8.312927675542201023e-01
4.523893421169302265e+00 -9.483516686128166118e-01
4.536459791783661544e+00 -1.016171667197392825e+00
4.549026162398019935e+00 -1.029700551527720664e+00
4.561592533012379214e+00 -1.131661392431576152e+00
4.574158903626738493e+00 -9.971168967205685796e-01
4.586725274241097772e+00 -9.289317284493761040e-01
4.599291644855457051e+00 -9.134974659167252042e-01
4.611858015469816330e+00 -1.187648709905127609e+00
4.624424386084175609e+00 -1.115995759407735433e+00
4.636990756698534888e+00 -8.715415003430754259e-01
4.649557127312894167e+00 -9.383721152396125031e-01
4.662123497927252558e+00 -9.734841192892463857e-01
4.674689868541611837e+00 -1.049219004625487894e+00
4.687256239155971116e+00 -9.569354551571699341e-01
4.699822609770330395e+00 -1.034667329073366115e+00
4.712388980384689674e+00 -9.802893022611000040e-01
4.724955350999048953e+00 -8.889709007369525073e-01
4.737521721613408232e+00 -1.104203061513772344e+00
4.750088092227767511e+00 -8.390170601957414043e-01
4.762654462842126790e+00 -1.015844750146338571e+00
4.775220833456485181e+00 -9.126532654984303994e-01
4.787787204070844460e+00 -8.992060430052565279e-01
4.800353574685203739e+00 -7.593621662104991232e-01
4.812919945299563018e+00 -1.092872478437407091e+00
4.825486315913922297e+00 -9.674925210004634568e-01
4.838052686528281576e+00 -9.033790643158842171e-01
4.850619057142640855e+00 -8.619236942629675546e-01
4.863185427757000134e+00 -1.154297261169800137e+00
4.875751798371359413e+00 -8.001505823136448869e-01
4.888318168985717804e+00 -8.721453310459704733e-01
4.900884539600077083e+00 -1.008650241913067180e+00
4.913450910214436362e+00 -1.219860060197446305e+00
4.926017280828795641e+00 -9.313275399917865238e-01
4.938583651443154920e+00 -1.032911304508769001e+00
4.951150022057514200e+00 -8.538182672224259306e-01
4.963716392671873479e+00 -9.094948737801844540e-01
4.976282763286232758e+00 -1.075223638973311413e+00
4.988849133900592037e+00 -1.097453451513401568e+00
5.001415504514951316e+00 -1.144151083954795478e+00
5.013981875129309707e+00 -9.765489253176492523e-01
5.026548245743668986e+00 -9.605277467542928660e-01
5.039114616358028265e+00 -9.614855941894815405e-01
5.051680986972387544e+00 -9.290776484043867800e-01
5.064247357586746823e+00 -9.647055759877249947e-01
5.076813728201106102e+00 -7.927838825745870954e-01
5.089380098815465381e+00 -8.706442184277544127e-01
5.101946469429824660e+00 -8.063502612649120493e-01
5.114512840044183939e+00 -1.006178993571606339e+00
5.127079210658542330e+00 -8.365244170824093217e-01
5.139645581272901609e+00 -9.156139197004378172e-01
5.152211951887260888e+00 -1.028414557965456444e+00
5.164778322501620167e+00 -1.057503722691131687e+00
5.177344693115979446e+00 -1.174086061171204509e+00
5.189911063730338725e+00 -9.602352203018120758e-01
5.202477434344698004e+00 -7.768429694666449947e-01
5.215043804959057283e+00 -8.118838303109763288e-01
5.227610175573416562e+00 -7.445955372537469419e-01
5.240176546187774953e+00 -9.447698726732665087e-01
5.252742916802134232e+00 -8.269160918054915266e-01
5.265309287416492623e+00 -9.113900262205201219e-01
5.277875658030851902e+00 -8.252326692088195470e-01
5.290442028645211181e+00 -8.432999774703240359e-01
5.303008399259570460e+00 -9.450851637567393437e-01
5.315574769873929739e+00 -7.647731578921923568e-01
5.328141140488289018e+00 -7.130394695783890402e-01
5.340707511102648297e+00 -8.900055471625116787e-01
5.353273881717007576e+00 -8.226913615436279859e-01
5.365840252331366855e+00 -9.777617315825852806e-01
5.378406622945726134e+00 -6.336962151052545344e-01
5.390972993560084525e+00 -7.217901590599246076e-01
5.403539364174443804e+00 -9.257791756480022727e-01
5.416105734788803083e+00 -7.632505907733729833e-01
5.428672105403162362e+00 -6.248247847931598375e-01
5.441238476017521641e+00 -7.747436527612627799e-01
5.453804846631880920e+00 -6.194799374773937162e-01
5.466371217246240199e+00 -8.911376037326199651e-01
5.478937587860599479e+00 -6.966579967900341508e-01
5.491503958474958758e+00 -8.419321008253148886e-01
5.504070329089317148e+00 -6.906378337487661945e-01
5.516636699703676427e+00 -6.292164323372173573e-01
5.529203070318035707e+00 -6.418501703741389397e-01
5.541769440932394986e+00 -6.893605204916464224e-01
5.554335811546754265e+00 -7.129985029747967218e-01
5.566902182161113544e+00 -5.980204404045462718e-01
5.579468552775472823e+00 -6.852239208213782851e-01
5.592034923389832102e+00 -5.120121470990641743e-01
5.604601294004191381e+00 -6.413284266622852892e-01
5.617167664618549772e+00 -5.448609485007634978e-01
5.629734035232909051e+00 -7.809813306098877250e-01
5.642300405847268330e+00 -4.883698608856652523e-01
5.654866776461627609e+00 -6.889165566618022929e-01
5.667433147075986888e+00 -4.639039845715158261e-01
5.679999517690346167e+00 -5.564367871795170561e-01
5.692565888304705446e+00 -4.935758791910779819e-01
5.705132258919064725e+00 -3.873905340624265170e-01
5.717698629533424004e+00 -3.629639676748054322e-01
5.730265000147783283e+00 -5.018025940464293511e-01
5.742831370762141674e+00 -6.564062954779915637e-01
5.755397741376500953e+00 -5.279462854163191610e-01
5.767964111990860232e+00 -4.623680552792462373e-01
5.780530482605219511e+00 -6.679668983071310739e-01
5.793096853219578790e+00 -4.476547054328194886e-01
5.805663223833938069e+00 -4.946748028252448970e-01
5.818229594448297348e+00 -5.339044897077216412e-01
5.830795965062656627e+00 -3.883063574160159903e-01
5.843362335677015906e+00 -3.494315503085475005e-01
5.855928706291374297e+00 -3.388029339263224360e-01
5.868495076905733576e+00 -4.388787597946013364e-01
5.881061447520092855e+00 -3.212690470418791411e-01
5.893627818134452134e+00 -4.376356926624391241e-01
5.906194188748811413e+00 -3.034020961113357284e-01
5.918760559363170692e+00 -3.064163050581791281e-01
5.931326929977529971e+00 -3.392448168103653350e-01
5.943893300591889250e+00 -4.342053430653408652e-01
5.956459671206248530e+00 -1.643103102260995430e-01
5.969026041820606920e+00 -8.620608557820849671e-02
5.981592412434966199e+00 -4.526068708579491506e-01
5.994158783049325478e+00 -4.403384759164734596e-01
6.006725153663684758e+00 -1.827585944086368985e-01
6.019291524278044037e+00 -2.040619366970352344e-01
6.031857894892402427e+00 -3.001130931793971612e-01
6.044424265506761706e+00 -3.132264687253960012e-01
6.056990636121120986e+00 -3.605741049223333272e-01
6.069557006735480265e+00 -4.521129841849675923e-01
6.082123377349839544e+00 -3.340768047572673094e-02
6.094689747964198823e+00 -1.418481783601822921e-01
6.107256118578558102e+00 -1.242377214019478315e-01
6.119822489192916493e+00 -8.341675294200018298e-03
6.132388859807275772e+00 -1.184811609902953200e-01
6.144955230421635051e+00 -1.143980160439228011e-01
6.157521601035994330e+00 -4.467806631144266571e-02
6.170087971650353609e+00 1.350210332426104443e-01
6.182654342264712888e+00 2.248650766008902790e-02
6.195220712879072167e+00 3.262956167402877861e-02
6.207787083493431446e+00 4.898271492369390967e-02
6.220353454107790725e+00 -1.783800977593400644e-02
6.232919824722149116e+00 1.692305151377480887e-02
6.245486195336508395e+00 1.048521065338424707e-01
6.258052565950867674e+00 -9.397113248805320784e-02
6.270618936565226953e+00 -7.572228033859026985e-02
