0.000000000000000000e+00 -4.591942785492929280e-02
1.256637061435917323e-02 5.389258770889129163e-02
2.513274122871834645e-02 1.657308289644769395e-01
3.769911184307751795e-02 2.201433114927738577e-01
5.026548245743669291e-02 2.424241108211323548e-01
6.283185307179586787e-02 6.760197040739507335e-02
7.539822368615503589e-02 2.073674088425301321e-01
8.796459430051420392e-02 7.981680084794462449e-02
1.005309649148733858e-01 1.624986215122579958e-01
1.130973355292325677e-01 1.620417207747192612e-01
1.256637061435917357e-01 1.988761032849194477e-01
1.382300767579508760e-01 3.793332417398846967e-01
1.507964473723100718e-01 6.226957516864950470e-02
1.633628179866692676e-01 2.629241250349283465e-01
1.759291886010284078e-01 2.503381434845598497e-01
1.884955592153875759e-01 4.951199454688168244e-01
2.010619298297467716e-01 2.325668236139797895e-01
2.136283004441059397e-01 1.846442860008808973e-01
2.261946710584651354e-01 1.657860951929496229e-01
2.387610416728242757e-01 1.548693299514769528e-01
2.513274122871834715e-01 1.427857726189052934e-01
2.638937829015426395e-01 4.180689508023536782e-01
2.764601535159017520e-01 4.036554754310305304e-01
2.890265241302609756e-01 2.472346678402994880e-01
3.015928947446201436e-01 3.004272579272139199e-01
3.141592653589793116e-01 4.205359991106405460e-01
3.267256359733385351e-01 1.993086635378581439e-01
3.392920065876976476e-01 5.138748874831433611e-01
3.518583772020568157e-01 1.426330498876233754e-01
3.644247478164160392e-01 3.379312347619204404e-01
3.769911184307751517e-01 3.816074123833321230e-01
3.895574890451343197e-01 3.136507191032034125e-01
4.021238596594935433e-01 3.385741871025252925e-01
4.146902302738527113e-01 3.064592323761788362e-01
4.272566008882118793e-01 5.710875996096047569e-01
4.398229715025711029e-01 4.503257728939639160e-01
4.523893421169302709e-01 5.863162861307121831e-01
4.649557127312893834e-01 2.680754074780670182e-01
4.775220833456485514e-01 4.052230248585390049e-01
4.900884539600077194e-01 5.100913618159979013e-01
5.026548245743669430e-01 3.604612564571197941e-01
5.152211951887261110e-01 4.305356685202930689e-01
5.277875658030852790e-01 7.469421765704196137e-01
5.403539364174444470e-01 3.753504485664618251e-01
5.529203070318035040e-01 5.079909244917152344e-01
5.654866776461627831e-01 4.242697752512891163e-01
5.780530482605219511e-01 6.018094976755945513e-01
5.906194188748811191e-01 6.926582536221906894e-01
6.031857894892402872e-01 5.683350799348879656e-01
6.157521601035994552e-01 6.124037300605825740e-01
6.283185307179586232e-01 6.405470991238577660e-01
6.408849013323177912e-01 5.533003800488153212e-01
6.534512719466770703e-01 6.568527136417530166e-01
6.660176425610361273e-01 6.865832432036029775e-01
6.785840131753952953e-01 6.518782481977940524e-01
6.911503837897544633e-01 5.655504157276293187e-01
7.037167544041136313e-01 8.014627464330291717e-01
7.162831250184729104e-01 6.769084804208497230e-01
7.288494956328320784e-01 7.796139820843711599e-01
7.414158662471912464e-01 6.108704203817794109e-01
7.539822368615503034e-01 6.325145184316853797e-01
7.665486074759094715e-01 7.766255349408472952e-01
7.791149780902686395e-01 6.684470991521337391e-01
7.916813487046279185e-01 8.090555957863362346e-01
8.042477193189870865e-01 5.983256722067957778e-01
8.168140899333462546e-01 6.615553461608509878e-01
8.293804605477054226e-01 8.228588059992647530e-01
8.419468311620645906e-01 8.874061313908901960e-01
8.545132017764237586e-01 5.322168432888294554e-01
8.670795723907829267e-01 8.192882269032188969e-01
8.796459430051422057e-01 7.634978019736843313e-01
8.922123136195013737e-01 7.350419168477498877e-01
9.047786842338605418e-01 1.014672829007092991e+00
9.173450548482194877e-01 8.489081925573915832e-01
9.299114254625787668e-01 9.464751170546243930e-01
9.424777960769379348e-01 7.546942176400929236e-01
9.550441666912971028e-01 7.969658095302029066e-01
9.676105373056562708e-01 6.178817111452208355e-01
9.801769079200154389e-01 7.359646044333065795e-01
9.927432785343746069e-01 8.538536396345490775e-01
1.005309649148733886e+00 7.061947417240956870e-01
1.017876019763092943e+00 9.222468908835248502e-01
1.030442390377452222e+00 9.691880932568630591e-01
1.043008760991811279e+00 7.903712404153506732e-01
1.055575131606170558e+00 7.169539949120993239e-01
1.068141502220529837e+00 8.578537075961587544e-01
1.080707872834888894e+00 7.336616393779588075e-01
1.093274243449248173e+00 9.550508744745491718e-01
1.105840614063607008e+00 9.354985955985345436e-01
1.118406984677966287e+00 7.791811922528582013e-01
1.130973355292325566e+00 9.527614722692471227e-01
1.143539725906684623e+00 1.095104827390487534e+00
1.156106096521043902e+00 9.877046707039702778e-01
1.168672467135402959e+00 1.086584946681508956e+00
1.181238837749762238e+00 8.483933892422579337e-01
1.193805208364121295e+00 8.001531061704726389e-01
1.206371578978480574e+00 1.174724763165490904e+00
1.218937949592839853e+00 8.666743833217890325e-01
1.231504320207198910e+00 8.815596651458285082e-01
1.244070690821558189e+00 9.456246824932410533e-01
1.256637061435917246e+00 1.066668463069038397e+00
1.269203432050276525e+00 9.328482978784621293e-01
1.281769802664635582e+00 8.046819533683183812e-01
1.294336173278994861e+00 7.770979446593733186e-01
1.306902543893354141e+00 9.443556511859839686e-01
1.319468914507712975e+00 8.306762759474922708e-01
1.332035285122072255e+00 8.926421994837296925e-01
1.344601655736431534e+00 8.254682422398462727e-01
1.357168026350790591e+00 9.381684259690455940e-01
1.369734396965149870e+00 9.592639593577280133e-01
1.382300767579508927e+00 1.142687457046515309e+00
1.394867138193868206e+00 1.006331368190534814e+00
1.407433508808227263e+00 7.884926239067966414e-01
1.419999879422586542e+00 9.360326387232527079e-01
1.432566250036945821e+00 1.091757764510553841e+00
1.445132620651304878e+00 1.047325853323988865e+00
1.457698991265664157e+00 9.673656254416072020e-01
1.470265361880023214e+00 1.045392860006963520e+00
1.482831732494382493e+00 8.996142444468486765e-01
1.495398103108741550e+00 9.726477031636724391e-01
1.507964473723100607e+00 1.129941887007342993e+00
1.520530844337459886e+00 1.060871045049692318e+00
1.533097214951818943e+00 1.123000449830635405e+00
1.545663585566178222e+00 9.355073522597628921e-01
1.558229956180537279e+00 1.035147390318022831e+00
1.570796326794896558e+00 8.786735310563057455e-01
1.583362697409255837e+00 8.307412871085572137e-01
1.595929068023614894e+00 1.142787814767607824e+00
1.608495438637974173e+00 9.743337068138250290e-01
1.621061809252333230e+00 1.087847440846471336e+00
1.633628179866692509e+00 9.725858794971287136e-01
1.646194550481051566e+00 1.060687124976200879e+00
1.658760921095410845e+00 8.587158462194262043e-01
1.671327291709770124e+00 8.210400750863018349e-01
1.683893662324129181e+00 8.521256038538586042e-01
1.696460032938488460e+00 8.946605226989574611e-01
1.709026403552847517e+00 1.037606614622486489e+00
1.721592774167206796e+00 9.524520419376794056e-01
1.734159144781565853e+00 9.279393165836979929e-01
1.746725515395925132e+00 1.029012402229826151e+00
1.759291886010284411e+00 7.061848383167753651e-01
1.771858256624643468e+00 1.016804201004212205e+00
1.784424627239002747e+00 1.020439339285622138e+00
1.796990997853361804e+00 1.171093563365612100e+00
1.809557368467721084e+00 9.478726114775442024e-01
1.822123739082079918e+00 1.003281118184777165e+00
1.834690109696438975e+00 1.006697514851052855e+00
1.847256480310798255e+00 9.622723102494503689e-01
1.859822850925157534e+00 1.052301989891091250e+00
1.872389221539516591e+00 8.960541989005760266e-01
1.884955592153875870e+00 1.094089095147820601e+00
1.897521962768234927e+00 1.040793671767098694e+00
1.910088333382594206e+00 8.199909221759100753e-01
1.922654703996953263e+00 7.763767821894249632e-01
1.935221074611312542e+00 7.983141264116566660e-01
1.947787445225671821e+00 9.122427987751663414e-01
1.960353815840030878e+00 9.765028194229982139e-01
1.972920186454390157e+00 1.003909105909894350e+00
1.985486557068749214e+00 8.526481669038419309e-01
1.998052927683108493e+00 7.636333153026840792e-01
2.010619298297467772e+00 8.652751802060363318e-01
2.023185668911826607e+00 1.055986091896226942e+00
2.035752039526185886e+00 7.631020001143488107e-01
2.048318410140545165e+00 8.814901444207360326e-01
2.060884780754904444e+00 8.795766669987797881e-01
2.073451151369263723e+00 7.433241167558772844e-01
2.086017521983622558e+00 8.054731965130830229e-01
2.098583892597981837e+00 9.560624018432901661e-01
2.111150263212341116e+00 7.655944335462532280e-01
2.123716633826700395e+00 1.066217224905748218e+00
2.136283004441059674e+00 9.508825726901987130e-01
2.148849375055418509e+00 1.014402343138608220e+00
2.161415745669777788e+00 7.771672301698562269e-01
2.173982116284137067e+00 8.372772526303925433e-01
2.186548486898496346e+00 7.641894512944905626e-01
2.199114857512855181e+00 8.383062055017931335e-01
2.211681228127214016e+00 8.460953412817591168e-01
2.224247598741573295e+00 7.958492723440360184e-01
2.236813969355932574e+00 7.922593086918043870e-01
2.249380339970291853e+00 7.371032307589742150e-01
2.261946710584651132e+00 7.607699739512080450e-01
2.274513081199009967e+00 8.013062315175014660e-01
2.287079451813369246e+00 6.399940388836237171e-01
2.299645822427728525e+00 8.147956040762464047e-01
2.312212193042087804e+00 7.426738982879854678e-01
2.324778563656447083e+00 8.140578758784740021e-01
2.337344934270805918e+00 6.796711554502424812e-01
2.349911304885165197e+00 5.947541056160265960e-01
2.362477675499524477e+00 7.790606771349035675e-01
2.375044046113883756e+00 8.032325612349093813e-01
2.387610416728242591e+00 5.985327180726225382e-01
2.400176787342601870e+00 5.723383050355784762e-01
2.412743157956961149e+00 6.281965595297991367e-01
2.425309528571320428e+00 5.719140857814470902e-01
2.437875899185679707e+00 6.342503281173573759e-01
2.450442269800038542e+00 5.488682880008942666e-01
2.463008640414397821e+00 5.382244054804359301e-01
2.475575011028757100e+00 5.227376943674481025e-01
2.488141381643116379e+00 5.844322468408216231e-01
2.500707752257475658e+00 5.820009475573877378e-01
2.513274122871834493e+00 5.056604802193944703e-01
2.525840493486193772e+00 6.996153149842571084e-01
2.538406864100553051e+00 5.120879395376035648e-01
2.550973234714912330e+00 5.487552705118778906e-01
2.563539605329271165e+00 6.400466754147098314e-01
2.576105975943630444e+00 6.648195236449737644e-01
2.588672346557989723e+00 6.012028228820042175e-01
2.601238717172349002e+00 5.142768518562980118e-01
2.613805087786708281e+00 3.730970064302747136e-01
2.626371458401067116e+00 4.432618517389141921e-01
2.638937829015425951e+00 4.671185881027953291e-01
2.651504199629785230e+00 3.613682761137818611e-01
2.664070570244144509e+00 4.534179398523127125e-01
2.676636940858503788e+00 5.036062745357980930e-01
2.689203311472863067e+00 4.019264033567188643e-01
2.701769682087221902e+00 4.127866002016219449e-01
2.714336052701581181e+00 5.005488084413902694e-01
2.726902423315940460e+00 3.600294264640864217e-01
2.739468793930299739e+00 4.542554395395045352e-01
2.752035164544658574e+00 4.554776643150149629e-01
2.764601535159017853e+00 3.620759895148809027e-01
2.777167905773377132e+00 3.595561540076316343e-01
2.789734276387736411e+00 3.615403090779267248e-01
2.802300647002095690e+00 3.773951829375747913e-01
2.814867017616454525e+00 2.371304059323047775e-01
2.827433388230813804e+00 3.209214864297301739e-01
2.839999758845173083e+00 3.116456593567846212e-01
2.852566129459532362e+00 2.659772527594666536e-01
2.865132500073891642e+00 3.054569760322579652e-01
2.877698870688250476e+00 5.152844590294747285e-03
2.890265241302609756e+00 1.082851785596482541e-01
2.902831611916969035e+00 1.034997572864196358e-01
2.915397982531328314e+00 1.193325577547314498e-01
2.927964353145687149e+00 3.890466812977506628e-01
2.940530723760046428e+00 1.373746124069310237e-01
2.953097094374405707e+00 4.855042122679745220e-02
2.965663464988764986e+00 1.338849779570144005e-01
2.978229835603124265e+00 1.493516366346728796e-01
2.990796206217483100e+00 9.279677700596661305e-02
3.003362576831842379e+00 1.267778090429217963e-01
3.015928947446201214e+00 6.700906091916170038e-02
3.028495318060560493e+00 1.853033728169831418e-01
3.041061688674919772e+00 -9.671474894008391665e-02
3.053628059289279051e+00 1.544408724182370629e-01
3.066194429903637886e+00 8.188775475766052470e-02
3.078760800517997165e+00 1.401533751640433034e-01
3.091327171132356444e+00 1.429480908105125458e-02
3.103893541746715723e+00 1.055123283694999192e-01
3.116459912361074558e+00 6.234941793362511198e-02
3.129026282975433837e+00 -3.651491673027307955e-02
3.141592653589793116e+00 1.787219688594218758e-01
3.154159024204152395e+00 -1.032797778617026291e-01
3.166725394818511674e+00 1.041042671724066865e-01
3.179291765432870509e+00 -2.631104629187018262e-01
3.191858136047229788e+00 -9.087153188514449087e-02
3.204424506661589067e+00 -4.329380511329643938e-02
3.216990877275948346e+00 -1.483256930120158135e-01
3.229557247890307181e+00 -2.096565996998814296e-01
3.242123618504666460e+00 -8.471942666295320667e-02
3.254689989119025739e+00 -1.529672127932976966e-01
3.267256359733385018e+00 -2.631668345008916221e-01
3.279822730347744297e+00 -1.816962906790663412e-01
3.292389100962103132e+00 -1.709735771933783288e-01
3.304955471576462411e+00 -3.176330466760304838e-02
3.317521842190821690e+00 -2.373659825069552587e-01
3.330088212805180969e+00 1.086695955621996834e-03
3.342654583419540248e+00 -6.920651683337070148e-02
3.355220954033899083e+00 -2.561105568388757359e-01
3.367787324648258362e+00 -2.677898176992618562e-01
3.380353695262617642e+00 -2.214672603250209260e-01
3.392920065876976921e+00 -2.915446493337519041e-01
3.405486436491335756e+00 -2.493089027290171233e-01
3.418052807105695035e+00 -2.137944756732066132e-01
3.430619177720054314e+00 -3.338615847308820106e-01
3.443185548334413593e+00 -4.480627766481176666e-01
3.455751918948772872e+00 -4.654831584492337138e-01
3.468318289563131707e+00 -3.842079352095163491e-01
3.480884660177490986e+00 -2.653327710725033040e-01
3.493451030791850265e+00 -3.858664611279895018e-01
3.506017401406209544e+00 -5.286921990481641132e-01
3.518583772020568823e+00 -3.215871865898680682e-01
3.531150142634927658e+00 -4.982839169691329340e-01
3.543716513249286937e+00 -2.124733048709123995e-01
3.556282883863646216e+00 -4.945430134908190833e-01
3.568849254478005495e+00 -3.561487453255672841e-01
3.581415625092364330e+00 -3.667570366665203752e-01
3.593981995706723609e+00 -3.417151395116225787e-01
3.606548366321082888e+00 -5.987548146328767196e-01
3.619114736935442167e+00 -5.106955932968212375e-01
3.631681107549800558e+00 -4.173660510977067473e-01
3.644247478164159837e+00 -5.561720662539842985e-01
3.656813848778519116e+00 -5.065989639782927378e-01
3.669380219392877951e+00 -5.919641846856095180e-01
3.681946590007237230e+00 -4.677350676864381329e-01
3.694512960621596509e+00 -5.663572769712820199e-01
3.707079331235955788e+00 -5.926865710763579154e-01
3.719645701850315067e+00 -5.534598804082996315e-01
3.732212072464673902e+00 -6.961006382344442356e-01
3.744778443079033181e+00 -7.307473164074004268e-01
3.757344813693392460e+00 -4.330937705184735309e-01
3.769911184307751739e+00 -5.775061926996086781e-01
3.782477554922110574e+00 -6.188731594507318468e-01
3.795043925536469853e+00 -6.701259359463181964e-01
3.807610296150829132e+00 -6.048778499089824123e-01
3.820176666765188411e+00 -6.027929169632090245e-01
3.832743037379547690e+00 -5.737602046445122728e-01
3.845309407993906525e+00 -5.316367944333899587e-01
3.857875778608265804e+00 -6.330192967461485409e-01
3.870442149222625083e+00 -5.896876074789535460e-01
3.883008519836984362e+00 -7.462826902087241754e-01
3.895574890451343641e+00 -4.988621855127823856e-01
3.908141261065702476e+00 -6.114665870029460937e-01
3.920707631680061755e+00 -7.675649304797881323e-01
3.933274002294421035e+00 -6.420113290167167586e-01
3.945840372908780314e+00 -7.186242574632772939e-01
3.958406743523139149e+00 -6.387188234812849474e-01
3.970973114137498428e+00 -7.077082553675222432e-01
3.983539484751857707e+00 -8.268677543117187723e-01
3.996105855366216986e+00 -6.644216016701847138e-01
4.008672225980576265e+00 -7.557939448715037534e-01
4.021238596594935544e+00 -7.287800277184732778e-01
4.033804967209294823e+00 -8.530847280662133825e-01
4.046371337823653214e+00 -7.775384182600920679e-01
4.058937708438012493e+00 -8.394015318557404015e-01
4.071504079052371772e+00 -8.111881630622219674e-01
4.084070449666731051e+00 -9.068816816769526001e-01
4.096636820281090330e+00 -8.572790856819444416e-01
4.109203190895449609e+00 -6.312102432365139792e-01
4.121769561509808888e+00 -8.535204028017432387e-01
4.134335932124168167e+00 -7.370603069840682142e-01
4.146902302738527446e+00 -9.650357636740420908e-01
4.159468673352886725e+00 -8.891876351284129232e-01
4.172035043967245116e+00 -8.223863377423599186e-01
4.184601414581604395e+00 -6.492432279792340610e-01
4.197167785195963674e+00 -7.307264291321222682e-01
4.209734155810322953e+00 -8.029107381283476785e-01
4.222300526424682232e+00 -9.438808406263001771e-01
4.234866897039041511e+00 -9.241131895953017539e-01
4.247433267653400790e+00 -8.917013466070122796e-01
4.259999638267760069e+00 -1.084286571434460944e+00
4.272566008882119348e+00 -8.697814921714552838e-01
4.285132379496477739e+00 -1.022894217689422902e+00
4.297698750110837018e+00 -1.006172470132519203e+00
4.310265120725196297e+00 -9.995188140016910694e-01
4.322831491339555576e+00 -1.086847030075092757e+00
4.335397861953914855e+00 -1.087610334298994452e+00
4.347964232568274134e+00 -1.059353006585902479e+00
4.360530603182633413e+00 -8.177877992355016001e-01
4.373096973796992692e+00 -8.486079389411382845e-01
4.385663344411351972e+00 -9.881005423881634719e-01
4.398229715025710362e+00 -9.172695459420935338e-01
4.410796085640069641e+00 -9.609548048472008608e-01
4.423362456254428032e+00 -7.859247637840424128e-01
4.435928826868787311e+00 -9.523466483071910682e-01
4.448495197483146590e+00 -8.440076643006502177e-01
4.461061568097505869e+00 -9.197062485331576331e-01
4.473627938711865148e+00 -1.176905388698366250e+00
4.486194309326224428e+00 -9.983411439644778174e-01
4.498760679940583707e+00 -9.222178192095299432e-01
4.511327050554942986e+00 -8.888872701498798934e-01
4.523893421169302265e+00 -9.283385069952665436e-01
4.536459791783661544e+00 -8.645641571325731745e-01
4.549026162398019935e+00 -7.803374884486484753e-01
4.561592533012379214e+00 -1.081312856084509333e+00
4.574158903626738493e+00 -1.122478725697554358e+00
4.586725274241097772e+00 -8.251692612009930983e-01
4.599291644855457051e+00 -1.112005705680089829e+00
4.611858015469816330e+00 -9.480448339429203841e-01
4.624424386084175609e+00 -1.089662735818150985e+00
4.636990756698534888e+00 -1.008317983025423192e+00
4.649557127312894167e+00 -1.056224803491365050e+00
4.662123497927252558e+00 -9.685358271897810400e-01
4.674689868541611837e+00 -9.474794398500555603e-01
4.687256239155971116e+00 -1.023564871582435920e+00
4.699822609770330395e+00 -8.823905164402560120e-01
4.712388980384689674e+00 -1.013876339926252035e+00
4.724955350999048953e+00 -1.035895367267900991e+00
4.737521721613408232e+00 -9.089427131769851620e-01
4.750088092227767511e+00 -9.994812862404721665e-01
4.762654462842126790e+00 -7.712827239443229566e-01
4.775220833456485181e+00 -1.063400742848146008e+00
4.787787204070844460e+00 -1.025572099445002605e+00
4.800353574685203739e+00 -9.708230652479004075e-01
4.812919945299563018e+00 -1.124210922254907929e+00
4.825486315913922297e+00 -1.047659802882770164e+00
4.838052686528281576e+00 -1.013031595097446447e+00
4.850619057142640855e+00 -9.892164272266749103e-01
4.863185427757000134e+00 -9.742755217894868425e-01
4.875751798371359413e+00 -9.337492263832696260e-01
4.888318168985717804e+00 -1.073006497997455844e+00
4.900884539600077083e+00 -1.027349514296381550e+00
4.913450910214436362e+00 -9.729226626300846448e-01
4.926017280828795641e+00 -8.133707439071620193e-01
4.938583651443154920e+00 -1.082447986345324464e+00
4.951150022057514200e+00 -9.739752772729131092e-01
4.963716392671873479e+00 -8.804582070707778207e-01
4.976282763286232758e+00 -9.941362231942556527e-01
4.988849133900592037e+00 -1.047421780190766594e+00
5.001415504514951316e+00 -8.082698787054979350e-01
5.013981875129309707e+00 -8.173019676712682813e-01
5.026548245743668986e+00 -8.921012806669369466e-01
5.039114616358028265e+00 -8.495660549153019048e-01
5.051680986972387544e+00 -7.979865956475723499e-01
5.064247357586746823e+00 -9.469396026095481256e-01
5.076813728201106102e+00 -8.535820070115214264e-01
5.089380098815465381e+00 -9.809488217422597245e-01
5.101946469429824660e+00 -8.895771159475314160e-01
5.114512840044183939e+00 -8.971423933478753776e-01
5.127079210658542330e+00 -9.070623340549902602e-01
5.139645581272901609e+00 -1.033842022194993326e+00
5.152211951887260888e+00 -9.283746032980410012e-01
5.164778322501620167e+00 -9.503389372624169162e-01
5.177344693115979446e+00 -8.078539452205648619e-01
5.189911063730338725e+00 -8.753399147936676838e-01
5.202477434344698004e+00 -7.288933818589057312e-01
5.215043804959057283e+00 -8.643170702027912489e-01
5.227610175573416562e+00 -9.494700219774553362e-01
5.240176546187774953e+00 -8.981901626020669660e-01
5.252742916802134232e+00 -9.040102491011644537e-01
5.265309287416492623e+00 -8.514172320371318214e-01
5.277875658030851902e+00 -8.477508477619173366e-01
5.290442028645211181e+00 -8.573940450601599261e-01
5.303008399259570460e+00 -7.553701081781252213e-01
5.315574769873929739e+00 -9.424005771191847902e-01
5.328141140488289018e+00 -8.237018430675716596e-01
5.340707511102648297e+00 -8.707041442484868554e-01
5.353273881717007576e+00 -7.969318263389476575e-01
5.365840252331366855e+00 -7.903771170237571253e-01
5.378406622945726134e+00 -6.987686760952904752e-01
5.390972993560084525e+00 -7.712120877665175067e-01
5.403539364174443804e+00 -6.792154016866467359e-01
5.416105734788803083e+00 -7.521199481262168529e-01
5.428672105403162362e+00 -6.100037535322123672e-01
5.441238476017521641e+00 -7.134719778066144213e-01
5.453804846631880920e+00 -5.742549819214706197e-01
5.466371217246240199e+00 -7.805274082796531676e-01
5.478937587860599479e+00 -7.567074024497316698e-01
5.491503958474958758e+00 -6.301209791521463766e-01
5.504070329089317148e+00 -8.405654044884696141e-01
5.516636699703676427e+00 -7.669583885955328917e-01
5.529203070318035707e+00 -6.083550575082257161e-01
5.541769440932394986e+00 -7.426126707980446051e-01
5.554335811546754265e+00 -5.056626674737851879e-01
5.566902182161113544e+00 -6.756299173346029807e-01
5.579468552775472823e+00 -7.289701461162328977e-01
5.592034923389832102e+00 -5.946961952632691117e-01
5.604601294004191381e+00 -6.861423137580759946e-01
5.617167664618549772e+00 -6.797707175701618310e-01
5.629734035232909051e+00 -4.497292614467399696e-01
5.642300405847268330e+00 -4.507817880359997753e-01
5.654866776461627609e+00 -5.792998333739639572e-01
5.667433147075986888e+00 -5.618419354086008344e-01
5.679999517690346167e+00 -5.694360261690206704e-01
5.692565888304705446e+00 -3.468906435119669673e-01
5.705132258919064725e+00 -6.122482213998402534e-01
5.717698629533424004e+00 -6.467084246718804996e-01
5.730265000147783283e+00 -4.421871098097889252e-01
5.742831370762141674e+00 -7.000700150564355129e-01
5.755397741376500953e+00 -5.070672804225506702e-01
5.767964111990860232e+00 -4.774695671444267320e-01
5.780530482605219511e+00 -6.610260239909786506e-01
5.793096853219578790e+00 -5.878818042798014121e-01
5.805663223833938069e+00 -4.577994822940072983e-01
5.818229594448297348e+00 -2.832718385129152083e-01
5.830795965062656627e+00 -5.455466311483689879e-01
5.843362335677015906e+00 -5.523404255182432498e-01
5.855928706291374297e+00 -6.467257039278061503e-01
5.868495076905733576e+00 -5.133439634529396445e-01
5.881061447520092855e+00 -3.486745344565584936e-01
5.893627818134452134e+00 -3.932308780293125583e-01
5.906194188748811413e+00 -2.661741242417255959e-01
5.918760559363170692e+00 -3.979196187319711253e-01
5.931326929977529971e+00 -2.862630008823165428e-01
5.943893300591889250e+00 -4.543518884342789832e-01
5.956459671206248530e+00 -4.353781876005941021e-02
5.969026041820606920e+00 -2.978622349735945973e-01
5.981592412434966199e+00 -8.987704373673943703e-02
5.994158783049325478e+00 -3.693262992439706460e-01
6.006725153663684758e+00 -3.685877097150803139e-01
6.019291524278044037e+00 -1.947814585045278823e-01
6.031857894892402427e+00 -2.434818547447410997e-01
6.044424265506761706e+00 -2.532133433123301969e-01
6.056990636121120986e+00 -8.611648306174610190e-02
6.069557006735480265e+00 -2.361817273979883725e-01
6.082123377349839544e+00 -2.022503515625726778e-01
6.094689747964198823e+00 -2.462294461432965320e-01
6.107256118578558102e+00 -2.414258364739410856e-01
6.119822489192916493e+00 -1.483900781420046389e-01
6.132388859807275772e+00 -2.676811452697934746e-01
6.144955230421635051e+00 3.749676594559700482e-02
6.157521601035994330e+00 -1.160582518568909483e-01
6.170087971650353609e+00 -3.087382501864160966e-02
6.182654342264712888e+00 -4.611353431433235645e-02
6.195220712879072167e+00 1.886647621073957171e-01
6.207787083493431446e+00 -1.564744353113343978e-01
6.220353454107790725e+00 -1.192431689700823583e-01
6.232919824722149116e+00 -3.941933076764631005e-03
6.245486195336508395e+00 -1.326367335407702963e-01
6.258052565950867674e+00 -5.311933043218332318e-02
6.270618936565226953e+00 -1.414777340559618228e-02
