0.000000000000000000e+00 1.108554712210973341e-04
1.256637061435917323e-02 -1.638836704166727470e-02
2.513274122871834645e-02 -8.647653486310394322e-02
3.769911184307751795e-02 3.640190699535510860e-02
5.026548245743669291e-02 1.240817175897774433e-02
6.283185307179586787e-02 1.467698324162298312e-02
7.539822368615503589e-02 -7.640631235163450330e-02
8.796459430051420392e-02 3.876399842856851491e-02
1.005309649148733858e-01 7.629365700094761782e-02
1.130973355292325677e-01 4.806163885132132274e-02
1.256637061435917357e-01 1.889223415889874358e-01
1.382300767579508760e-01 3.118020212131557001e-01
1.507964473723100718e-01 1.798938108918974044e-01
1.633628179866692676e-01 2.333875313800724549e-01
1.759291886010284078e-01 3.573046352870997144e-01
1.884955592153875759e-01 2.304582175356138518e-01
2.010619298297467716e-01 3.539829430632157603e-01
2.136283004441059397e-01 1.219349927803857481e-01
2.261946710584651354e-01 2.105582599115806697e-01
2.387610416728242757e-01 3.662568982317296884e-01
2.513274122871834715e-01 3.162170039080733352e-01
2.638937829015426395e-01 2.640373179865667663e-01
2.764601535159017520e-01 3.647665251470733061e-01
2.890265241302609756e-01 3.230702091140002508e-01
3.015928947446201436e-01 3.486783303008256785e-01
3.141592653589793116e-01 2.734930485403370137e-01
3.267256359733385351e-01 3.418213099299316493e-01
3.392920065876976476e-01 3.656606521198310644e-01
3.518583772020568157e-01 2.948204465265676921e-01
3.644247478164160392e-01 1.472342013592039811e-01
3.769911184307751517e-01 3.598657786225247790e-01
3.895574890451343197e-01 6.252973607518019783e-01
4.021238596594935433e-01 1.241626664200083940e-01
4.146902302738527113e-01 3.115785076549880128e-01
4.272566008882118793e-01 3.916441452688262936e-01
4.398229715025711029e-01 4.527108292611746188e-01
4.523893421169302709e-01 5.501618923286012430e-01
4.649557127312893834e-01 5.526229608364283674e-01
4.775220833456485514e-01 5.899609049295420071e-01
4.900884539600077194e-01 6.096440054015164201e-01
5.026548245743669430e-01 4.161084163491853838e-01
5.152211951887261110e-01 4.871016119605483530e-01
5.277875658030852790e-01 4.536329396750994891e-01
5.403539364174444470e-01 5.580814718775858330e-01
5.529203070318035040e-01 4.875933252722015609e-01
5.654866776461627831e-01 4.435206366938687639e-01
5.780530482605219511e-01 7.381193709498388156e-01
5.906194188748811191e-01 5.418453323078266104e-01
6.031857894892402872e-01 5.033959735370081567e-01
6.157521601035994552e-01 6.600497364724816629e-01
6.283185307179586232e-01 4.667013778970319771e-01
6.408849013323177912e-01 5.475644453648303989e-01
6.534512719466770703e-01 5.377387283653124461e-01
6.660176425610361273e-01 4.204325105779808114e-01
6.785840131753952953e-01 3.621181447877295789e-01
6.911503837897544633e-01 6.316557648708698292e-01
7.037167544041136313e-01 5.814373029582559083e-01
7.162831250184729104e-01 5.904150844776190343e-01
7.288494956328320784e-01 7.429467112966903208e-01
7.414158662471912464e-01 5.854323188975477654e-01
7.539822368615503034e-01 8.539108980755800715e-01
7.665486074759094715e-01 5.239197819119870703e-01
7.791149780902686395e-01 4.233129492953290884e-01
7.916813487046279185e-01 6.889206121436194374e-01
8.042477193189870865e-01 7.600519089495153535e-01
8.168140899333462546e-01 8.949389891177186307e-01
8.293804605477054226e-01 6.881384359675887241e-01
8.419468311620645906e-01 7.083313769887310540e-01
8.545132017764237586e-01 7.372774037722372720e-01
8.670795723907829267e-01 1.004153143358873734e+00
8.796459430051422057e-01 5.896291937568083341e-01
8.922123136195013737e-01 8.124374168053685175e-01
9.047786842338605418e-01 7.840154560953327412e-01
9.173450548482194877e-01 6.979906907625733625e-01
9.299114254625787668e-01 7.632555427960349137e-01
9.424777960769379348e-01 8.199699938580913283e-01
9.550441666912971028e-01 7.308229669021896191e-01
9.676105373056562708e-01 8.235547582948454792e-01
9.801769079200154389e-01 8.969814053156275335e-01
9.927432785343746069e-01 9.124761348332648403e-01
1.005309649148733886e+00 7.977460882729245917e-01
1.017876019763092943e+00 8.232505547424940895e-01
1.030442390377452222e+00 8.610766095814091914e-01
1.043008760991811279e+00 9.487455336440269171e-01
1.055575131606170558e+00 8.864836103925192168e-01
1.068141502220529837e+00 9.971690407979068027e-01
1.080707872834888894e+00 9.325433038198969182e-01
1.093274243449248173e+00 7.297542378813485220e-01
1.105840614063607008e+00 9.961447729281479591e-01
1.118406984677966287e+00 8.341035106479481875e-01
1.130973355292325566e+00 9.585315625237160742e-01
1.143539725906684623e+00 9.093082644503989176e-01
1.156106096521043902e+00 1.007719589598944587e+00
1.168672467135402959e+00 9.248926806656952992e-01
1.181238837749762238e+00 9.392791936588110735e-01
1.193805208364121295e+00 7.644103483408077881e-01
1.206371578978480574e+00 1.071128152844263992e+00
1.218937949592839853e+00 9.412444822213422713e-01
1.231504320207198910e+00 9.034423108258871071e-01
1.244070690821558189e+00 1.075537060418985336e+00
1.256637061435917246e+00 1.007184220944643771e+00
1.269203432050276525e+00 9.788370948134933469e-01
1.281769802664635582e+00 1.006511700430780643e+00
1.294336173278994861e+00 9.682029668623989282e-01
1.306902543893354141e+00 8.583304080732260255e-01
1.319468914507712975e+00 8.412621584844375278e-01
1.332035285122072255e+00 1.063639344794115038e+00
1.344601655736431534e+00 1.080018723711731798e+00
1.357168026350790591e+00 1.031296928702452487e+00
1.369734396965149870e+00 1.010761404056153445e+00
1.382300767579508927e+00 1.079373370856341108e+00
1.394867138193868206e+00 1.100036744333551253e+00
1.407433508808227263e+00 1.028946825073418614e+00
1.419999879422586542e+00 1.088572638179103214e+00
1.432566250036945821e+00 1.078813448860794333e+00
1.445132620651304878e+00 9.390947832440806886e-01
1.457698991265664157e+00 1.075024792283457042e+00
1.470265361880023214e+00 8.929625992140521884e-01
1.482831732494382493e+00 7.703099163741099487e-01
1.495398103108741550e+00 1.065154389407064084e+00
1.507964473723100607e+00 9.578502523720755502e-01
1.520530844337459886e+00 1.192769013090147601e+00
1.533097214951818943e+00 8.748490039063626655e-01
1.545663585566178222e+00 1.093615178452528758e+00
1.558229956180537279e+00 9.758402532163656939e-01
1.570796326794896558e+00 1.027080724542279944e+00
1.583362697409255837e+00 8.903670812644695065e-01
1.595929068023614894e+00 1.239818486606255821e+00
1.608495438637974173e+00 9.712984983555541518e-01
1.621061809252333230e+00 1.201817036149517071e+00
1.633628179866692509e+00 9.898327816819452174e-01
1.646194550481051566e+00 8.752962587853247989e-01
1.658760921095410845e+00 9.154465595114115173e-01
1.671327291709770124e+00 1.126755206171507151e+00
1.683893662324129181e+00 9.357474446507829668e-01
1.696460032938488460e+00 1.000319951217130798e+00
1.709026403552847517e+00 1.130052474781319649e+00
1.721592774167206796e+00 1.096839707524189800e+00
1.734159144781565853e+00 8.850298516314472064e-01
1.746725515395925132e+00 9.553645040911913355e-01
1.759291886010284411e+00 1.138223072127757973e+00
1.771858256624643468e+00 9.252250338968521781e-01
1.784424627239002747e+00 1.073327194293968612e+00
1.796990997853361804e+00 9.956479248888810973e-01
1.809557368467721084e+00 8.470945883407887678e-01
1.822123739082079918e+00 9.990376707958487090e-01
1.834690109696438975e+00 9.055435929561488351e-01
1.847256480310798255e+00 9.743342578217266681e-01
1.859822850925157534e+00 8.794380873475210469e-01
1.872389221539516591e+00 1.019253964759196274e+00
1.884955592153875870e+00 9.450914771010577864e-01
1.897521962768234927e+00 1.038422962296311258e+00
1.910088333382594206e+00 8.339327872959088062e-01
1.922654703996953263e+00 9.212487863071293637e-01
1.935221074611312542e+00 1.040856851761490676e+00
1.947787445225671821e+00 1.053499498672743062e+00
1.960353815840030878e+00 1.027056803806776886e+00
1.972920186454390157e+00 1.006300579983231414e+00
1.985486557068749214e+00 8.419977870124222274e-01
1.998052927683108493e+00 9.541284530383103979e-01
2.010619298297467772e+00 9.694334602429269809e-01
2.023185668911826607e+00 9.255965413887159432e-01
2.035752039526185886e+00 9.645629583177969257e-01
2.048318410140545165e+00 8.444712414414522472e-01
2.060884780754904444e+00 9.616731436421517287e-01
2.073451151369263723e+00 8.502513721541180569e-01
2.086017521983622558e+00 7.862177044694597106e-01
2.098583892597981837e+00 7.159526855276054924e-01
2.111150263212341116e+00 9.682661495682287622e-01
2.123716633826700395e+00 7.313190886892649845e-01
2.136283004441059674e+00 7.416048484128446860e-01
2.148849375055418509e+00 6.804151479506148625e-01
2.161415745669777788e+00 1.034893494585710227e+00
2.173982116284137067e+00 1.012531072340094651e+00
2.186548486898496346e+00 7.364730899579974288e-01
2.199114857512855181e+00 6.265382936047104723e-01
2.211681228127214016e+00 7.239616491173189727e-01
2.224247598741573295e+00 7.292307923151027937e-01
2.236813969355932574e+00 7.375549713386424511e-01
2.249380339970291853e+00 8.159886899731643162e-01
2.261946710584651132e+00 6.669126052623854939e-01
2.274513081199009967e+00 7.490501132292952668e-01
2.287079451813369246e+00 7.927392711010795567e-01
2.299645822427728525e+00 7.813808369013561794e-01
2.312212193042087804e+00 7.717768797975187445e-01
2.324778563656447083e+00 6.692385440077834868e-01
2.337344934270805918e+00 7.014542020288242474e-01
2.349911304885165197e+00 7.815681744218109239e-01
2.362477675499524477e+00 5.700876266985943630e-01
2.375044046113883756e+00 7.873561505777864067e-01
2.387610416728242591e+00 6.394781366794003441e-01
2.400176787342601870e+00 7.684457212782100921e-01
2.412743157956961149e+00 4.854687393825654063e-01
2.425309528571320428e+00 6.996256332176241655e-01
2.437875899185679707e+00 5.903265702884610278e-01
2.450442269800038542e+00 7.444195627488812139e-01
2.463008640414397821e+00 6.155904031253428554e-01
2.475575011028757100e+00 5.145791418120286842e-01
2.488141381643116379e+00 6.914583838059581433e-01
2.500707752257475658e+00 5.127129542670734175e-01
2.513274122871834493e+00 4.692911036772468014e-01
2.525840493486193772e+00 4.744975119352772275e-01
2.538406864100553051e+00 4.757804247563437450e-01
2.550973234714912330e+00 4.744548421106578595e-01
2.563539605329271165e+00 4.726613072612066979e-01
2.576105975943630444e+00 6.215831977315878776e-01
2.588672346557989723e+00 6.198933517521296732e-01
2.601238717172349002e+00 6.341367236387562833e-01
2.613805087786708281e+00 6.934316071153983074e-01
2.626371458401067116e+00 5.452063053260425285e-01
2.638937829015425951e+00 4.676957257794202572e-01
2.651504199629785230e+00 3.415557080871164386e-01
2.664070570244144509e+00 4.121281238009808501e-01
2.676636940858503788e+00 4.477766418120314729e-01
2.689203311472863067e+00 5.679355872858108389e-01
2.701769682087221902e+00 3.606232685845681130e-01
2.714336052701581181e+00 5.746385897991621583e-01
2.726902423315940460e+00 5.593592127130153635e-01
2.739468793930299739e+00 3.655672707009158806e-01
2.752035164544658574e+00 3.438569774439011462e-01
2.764601535159017853e+00 3.691038563755629220e-01
2.777167905773377132e+00 2.774188038139075996e-01
2.789734276387736411e+00 2.342628340925539676e-01
2.802300647002095690e+00 2.764426063033086356e-01
2.814867017616454525e+00 3.690784539063549641e-01
2.827433388230813804e+00 8.061181192266766993e-02
2.839999758845173083e+00 3.663684100020246359e-01
2.852566129459532362e+00 4.474705897703146196e-01
2.865132500073891642e+00 3.959751877479679716e-01
2.877698870688250476e+00 4.257519837601673185e-01
2.890265241302609756e+00 1.000965956647852650e-01
2.902831611916969035e+00 1.288097731757658626e-01
2.915397982531328314e+00 3.827287898455227211e-01
2.927964353145687149e+00 2.508131635604786691e-01
2.940530723760046428e+00 3.272573287004405529e-01
2.953097094374405707e+00 2.084783592256158335e-01
2.965663464988764986e+00 2.370066329551611672e-01
2.978229835603124265e+00 6.240757030769626679e-02
2.990796206217483100e+00 9.696448382862657422e-02
3.003362576831842379e+00 2.313930480662901301e-01
3.015928947446201214e+00 1.432586749714779284e-01
3.028495318060560493e+00 1.091555752949535246e-01
3.041061688674919772e+00 1.846277175069621079e-01
3.053628059289279051e+00 6.523659096059564177e-03
3.066194429903637886e+00 -9.196700750733842467e-02
3.078760800517997165e+00 -2.226466444540987910e-02
3.091327171132356444e+00 2.207278421214674616e-02
3.103893541746715723e+00 1.896833250225840317e-01
3.116459912361074558e+00 -7.078930187092903614e-02
3.129026282975433837e+00 8.510510081499789159e-02
3.141592653589793116e+00 5.554286305713336536e-02
3.154159024204152395e+00 7.040894558058308217e-02
3.166725394818511674e+00 1.217557211849547988e-01
3.179291765432870509e+00 -3.807241059153008977e-02
3.191858136047229788e+00 5.550436553372657678e-02
3.204424506661589067e+00 -1.611570150502991683e-01
3.216990877275948346e+00 3.320926747471504570e-02
3.229557247890307181e+00 -5.126470169012051215e-02
3.242123618504666460e+00 -2.096604734822049010e-01
3.254689989119025739e+00 -3.365035554686356400e-01
3.267256359733385018e+00 -1.376821212031455743e-01
3.279822730347744297e+00 -1.556201907309074928e-01
3.292389100962103132e+00 7.141646499365839063e-02
3.304955471576462411e+00 6.266098109655238169e-02
3.317521842190821690e+00 -2.756604997064612261e-01
3.330088212805180969e+00 -8.699405648473415575e-02
3.342654583419540248e+00 -2.121300556206445753e-01
3.355220954033899083e+00 -2.272539247076141855e-01
3.367787324648258362e+00 -3.543817275000697986e-01
3.380353695262617642e+00 -2.639235849689791635e-01
3.392920065876976921e+00 -2.115688455471915752e-01
3.405486436491335756e+00 -3.229560096857340690e-01
3.418052807105695035e+00 -2.060629995509811185e-01
3.430619177720054314e+00 -2.728637933576739116e-01
3.443185548334413593e+00 -1.215901953141535208e-01
3.455751918948772872e+00 -2.293887613809219017e-01
3.468318289563131707e+00 -2.738528065750014395e-01
3.480884660177490986e+00 -3.169664653547050182e-01
3.493451030791850265e+00 -3.821643226732014398e-01
3.506017401406209544e+00 -2.601171154805754782e-01
3.518583772020568823e+00 -4.240598929662979799e-01
3.531150142634927658e+00 -3.043095774440330858e-01
3.543716513249286937e+00 -3.948739070138660434e-01
3.556282883863646216e+00 -3.859291084590932286e-01
3.568849254478005495e+00 -2.126685394416920061e-01
3.581415625092364330e+00 -3.514598554067940306e-01
3.593981995706723609e+00 -3.596187089992878283e-01
3.606548366321082888e+00 -4.873213975813434629e-01
3.619114736935442167e+00 -4.566788852448547265e-01
3.631681107549800558e+00 -4.502621847297047508e-01
3.644247478164159837e+00 -5.546835895945799733e-01
3.656813848778519116e+00 -5.871182956327164471e-01
3.669380219392877951e+00 -4.787979714564153388e-01
3.681946590007237230e+00 -3.850263036086446489e-01
3.694512960621596509e+00 -6.423300690520965528e-01
3.707079331235955788e+00 -5.216545590175163394e-01
3.719645701850315067e+00 -6.152171430869799451e-01
3.732212072464673902e+00 -5.087385883407591347e-01
3.744778443079033181e+00 -5.324578986073988940e-01
3.757344813693392460e+00 -7.042025273364150850e-01
3.769911184307751739e+00 -7.071204537668697165e-01
3.782477554922110574e+00 -5.520707461671213734e-01
3.795043925536469853e+00 -5.915757179474541161e-01
3.807610296150829132e+00 -5.836642658939881212e-01
3.820176666765188411e+00 -5.677976682963595811e-01
3.832743037379547690e+00 -5.730586308729113121e-01
3.845309407993906525e+00 -4.209449621232660421e-01
3.857875778608265804e+00 -6.165954615191773236e-01
3.870442149222625083e+00 -6.607958542792160550e-01
3.883008519836984362e+00 -7.055720482782609215e-01
3.895574890451343641e+00 -5.245374728464806680e-01
3.908141261065702476e+00 -5.890102245779902379e-01
3.920707631680061755e+00 -7.653553682688623017e-01
3.933274002294421035e+00 -8.152407427854795330e-01
3.945840372908780314e+00 -8.261506059524768020e-01
3.958406743523139149e+00 -6.387819635394185180e-01
3.970973114137498428e+00 -6.342776958563283163e-01
3.983539484751857707e+00 -7.257742549032843993e-01
3.996105855366216986e+00 -9.431480203727563572e-01
4.008672225980576265e+00 -8.967404740856967926e-01
4.021238596594935544e+00 -7.339853492671684076e-01
4.033804967209294823e+00 -7.818929256312703302e-01
4.046371337823653214e+00 -7.787198949020270877e-01
4.058937708438012493e+00 -8.145388199000718199e-01
4.071504079052371772e+00 -8.514952512783297012e-01
4.084070449666731051e+00 -7.793571798864554756e-01
4.096636820281090330e+00 -8.340906856499739064e-01
4.109203190895449609e+00 -9.939177177134459473e-01
4.121769561509808888e+00 -8.853738086091689219e-01
4.134335932124168167e+00 -8.078334541174416739e-01
4.146902302738527446e+00 -8.827090451437646923e-01
4.159468673352886725e+00 -7.832459270471279211e-01
4.172035043967245116e+00 -6.871527781346622454e-01
4.184601414581604395e+00 -9.994503578249618325e-01
4.197167785195963674e+00 -5.491708159076870155e-01
4.209734155810322953e+00 -9.237189357784357790e-01
4.222300526424682232e+00 -8.975007678145545675e-01
4.234866897039041511e+00 -8.287559018096500862e-01
4.247433267653400790e+00 -1.032938736011691727e+00
4.259999638267760069e+00 -8.897252773435764261e-01
4.272566008882119348e+00 -9.024987680841370929e-01
4.285132379496477739e+00 -9.624791666998602224e-01
4.297698750110837018e+00 -8.856505425736607151e-01
4.310265120725196297e+00 -9.869982296672068500e-01
4.322831491339555576e+00 -9.203084927964603201e-01
4.335397861953914855e+00 -1.087860286012326316e+00
4.347964232568274134e+00 -8.768942534195264260e-01
4.360530603182633413e+00 -8.455507604862083637e-01
4.373096973796992692e+00 -7.631858851577144609e-01
4.385663344411351972e+00 -1.018990378047993639e+00
4.398229715025710362e+00 -8.896601306980647106e-01
4.410796085640069641e+00 -9.816884066807223252e-01
4.423362456254428032e+00 -8.649533605469563735e-01
4.435928826868787311e+00 -1.115862998532425099e+00
4.448495197483146590e+00 -1.028831718799491313e+00
4.461061568097505869e+00 -9.764419011732076159e-01
4.473627938711865148e+00 -8.120110091732594126e-01
4.486194309326224428e+00 -1.143055529400132775e+00
4.498760679940583707e+00 -9.046791377885673446e-01
4.511327050554942986e+00 -9.842696606906691237e-01
4.523893421169302265e+00 -9.454919416554815603e-01
4.536459791783661544e+00 -1.038998020329048977e+00
4.549026162398019935e+00 -1.136719089324438103e+00
4.561592533012379214e+00 -8.610676442927156504e-01
4.574158903626738493e+00 -1.097166005182990123e+00
4.586725274241097772e+00 -9.768433990487116469e-01
4.599291644855457051e+00 -1.097882115082644994e+00
4.611858015469816330e+00 -9.681527847088966521e-01
4.624424386084175609e+00 -8.778700063046644964e-01
4.636990756698534888e+00 -9.652218411344267723e-01
4.649557127312894167e+00 -1.060256417675809582e+00
4.662123497927252558e+00 -1.011625723396500920e+00
4.674689868541611837e+00 -9.635417293857546639e-01
4.687256239155971116e+00 -1.145707635652040590e+00
4.699822609770330395e+00 -9.459572805001841278e-01
4.712388980384689674e+00 -9.862138798405983842e-01
4.724955350999048953e+00 -1.030376703315675213e+00
4.737521721613408232e+00 -9.416803411894191234e-01
4.750088092227767511e+00 -9.463028785759477479e-01
4.762654462842126790e+00 -9.960408758886948322e-01
4.775220833456485181e+00 -1.018007692607538761e+00
4.787787204070844460e+00 -1.055273339148480538e+00
4.800353574685203739e+00 -9.546446092175485676e-01
4.812919945299563018e+00 -8.342249018541678662e-01
4.825486315913922297e+00 -9.358442915107445526e-01
4.838052686528281576e+00 -9.178146725362299474e-01
4.850619057142640855e+00 -1.117085353660917324e+00
4.863185427757000134e+00 -1.142173748476348782e+00
4.875751798371359413e+00 -9.205106829502399668e-01
4.888318168985717804e+00 -1.043049790063351523e+00
4.900884539600077083e+00 -8.661073013639840612e-01
4.913450910214436362e+00 -1.001609111917779682e+00
4.926017280828795641e+00 -9.922648948267958069e-01
4.938583651443154920e+00 -9.320723337033043343e-01
4.951150022057514200e+00 -1.008967744833994651e+00
4.963716392671873479e+00 -1.194865208791124012e+00
4.976282763286232758e+00 -8.310959648811042655e-01
4.988849133900592037e+00 -9.933852273840151348e-01
5.001415504514951316e+00 -9.147234396218608676e-01
5.013981875129309707e+00 -1.014969825613629695e+00
5.026548245743668986e+00 -9.881042982316398104e-01
5.039114616358028265e+00 -9.593662709468709915e-01
5.051680986972387544e+00 -8.733549455860437627e-01
5.064247357586746823e+00 -8.950233055922236503e-01
5.076813728201106102e+00 -1.090897379740207951e+00
5.089380098815465381e+00 -8.668413063151459985e-01
5.101946469429824660e+00 -9.100555190454810983e-01
5.114512840044183939e+00 -9.269808441398330601e-01
5.127079210658542330e+00 -8.226809148234592861e-01
5.139645581272901609e+00 -1.111658397158559630e+00
5.152211951887260888e+00 -8.794881224044804879e-01
5.164778322501620167e+00 -9.048756075965963541e-01
5.177344693115979446e+00 -8.156682084546493794e-01
5.189911063730338725e+00 -8.388723728702158766e-01
5.202477434344698004e+00 -7.888723229330574238e-01
5.215043804959057283e+00 -9.885890973387230218e-01
5.227610175573416562e+00 -7.719295511439736579e-01
5.240176546187774953e+00 -9.973706047994609358e-01
5.252742916802134232e+00 -8.675250811301123965e-01
5.265309287416492623e+00 -8.932731736154975177e-01
5.277875658030851902e+00 -7.830555001530539183e-01
5.290442028645211181e+00 -8.560999708040383238e-01
5.303008399259570460e+00 -7.847521521970427516e-01
5.315574769873929739e+00 -7.684661149260936241e-01
5.328141140488289018e+00 -8.445064077754389498e-01
5.340707511102648297e+00 -7.193530160831123066e-01
5.353273881717007576e+00 -7.780116566713206616e-01
5.365840252331366855e+00 -9.817235327560119851e-01
5.378406622945726134e+00 -8.874843422527900483e-01
5.390972993560084525e+00 -8.608943912612041505e-01
5.403539364174443804e+00 -7.883164528087266421e-01
5.416105734788803083e+00 -8.156582009513564380e-01
5.428672105403162362e+00 -7.075056569146739305e-01
5.441238476017521641e+00 -8.076508806712268118e-01
5.453804846631880920e+00 -6.544975326157357332e-01
5.466371217246240199e+00 -6.880804701708496118e-01
5.478937587860599479e+00 -8.825819657464313295e-01
5.491503958474958758e+00 -7.252720542558650507e-01
5.504070329089317148e+00 -7.731698784663152413e-01
5.516636699703676427e+00 -6.343575663642935236e-01
5.529203070318035707e+00 -5.341126297843066251e-01
5.541769440932394986e+00 -8.188429677278881158e-01
5.554335811546754265e+00 -6.965014278261072445e-01
5.566902182161113544e+00 -4.304433252394377352e-01
5.579468552775472823e+00 -7.679949273128503506e-01
5.592034923389832102e+00 -5.803520440805799430e-01
5.604601294004191381e+00 -8.255786982326221990e-01
5.617167664618549772e+00 -6.381972060543978920e-01
5.629734035232909051e+00 -6.490096755107475079e-01
5.642300405847268330e+00 -7.291987250276541488e-01
5.654866776461627609e+00 -7.098668007407824554e-01
5.667433147075986888e+00 -4.922417944000770929e-01
5.679999517690346167e+00 -5.816772437562177656e-01
5.692565888304705446e+00 -4.169353707459774183e-01
5.705132258919064725e+00 -6.291289775180580746e-01
5.717698629533424004e+00 -5.778799132876177858e-01
5.730265000147783283e+00 -3.842848335194494203e-01
5.742831370762141674e+00 -3.207876422896627222e-01
5.755397741376500953e+00 -4.205371200918515684e-01
5.767964111990860232e+00 -4.487855182980505786e-01
5.780530482605219511e+00 -4.174119215004384875e-01
5.793096853219578790e+00 -4.762899676342171595e-01
5.805663223833938069e+00 -2.365268763038001210e-01
5.818229594448297348e+00 -3.435374771380497183e-01
5.830795965062656627e+00 -5.089867654141259079e-01
5.843362335677015906e+00 -2.883892292370361377e-01
5.855928706291374297e+00 -4.463311523505533174e-01
5.868495076905733576e+00 -3.971319961949736910e-01
5.881061447520092855e+00 -3.468495030503521148e-01
5.893627818134452134e+00 -4.735271892635241620e-01
5.906194188748811413e+00 -3.104323378390265176e-01
5.918760559363170692e+00 -1.384069510098071554e-01
5.931326929977529971e+00 -4.386560314119818393e-01
5.943893300591889250e+00 -4.936518203265635729e-01
5.956459671206248530e+00 -3.510400951844240280e-01
5.969026041820606920e+00 -3.556124424414611740e-01
5.981592412434966199e+00 -1.784044535427073419e-01
5.994158783049325478e+00 -3.947598094072657382e-01
6.006725153663684758e+00 -7.881406410346625258e-02
6.019291524278044037e+00 -3.713266159212044171e-01
6.031857894892402427e+00 -2.063041966494954804e-01
6.044424265506761706e+00 -2.498690286019131235e-02
6.056990636121120986e+00 -8.170316827279297534e-02
6.069557006735480265e+00 -1.114261637775739305e-01
6.082123377349839544e+00 -2.019069364855350934e-01
6.094689747964198823e+00 -1.571989246417953567e-01
6.107256118578558102e+00 -2.517603548204417896e-01
6.119822489192916493e+00 1.318743979120570731e-02
6.132388859807275772e+00 -1.953183148043303174e-01
6.144955230421635051e+00 -1.740327328235077020e-01
6.157521601035994330e+00 -1.371763783379772450e-01
6.170087971650353609e+00 -1.303647738112031496e-01
6.182654342264712888e+00 -1.618842227500290887e-01
6.195220712879072167e+00 -9.953593961099609089e-02
6.207787083493431446e+00 -1.082644634163785480e-01
6.220353454107790725e+00 1.516151455823316896e-04
6.232919824722149116e+00 2.085359666426672698e-02
6.245486195336508395e+00 -5.437905913289478588e-02
6.258052565950867674e+00 -4.908076528078317291e-02
6.270618936565226953e+00 -2.643213197492498834e-01
