0.000000000000000000e+00 -8.810522189929591297e-02
1.256637061435917323e-02 -2.767700614864249120e-02
2.513274122871834645e-02 1.975743938311109657e-02
3.769911184307751795e-02 1.353381434455109833e-01
5.026548245743669291e-02 1.729945417487091519e-01
6.283185307179586787e-02 1.537480776633461804e-02
7.539822368615503589e-02 -4.140810972633271470e-02
8.796459430051420392e-02 3.239954435322821569e-01
1.005309649148733858e-01 -5.408454182954711142e-02
1.130973355292325677e-01 1.034429533199902884e-01
1.256637061435917357e-01 9.457926505213608281e-02
1.382300767579508760e-01 1.018484658097633666e-01
1.507964473723100718e-01 2.090100407893695778e-01
1.633628179866692676e-01 2.255608807234653623e-01
1.759291886010284078e-01 1.755771163109461630e-01
1.884955592153875759e-01 2.027106976340255773e-01
2.010619298297467716e-01 4.013803028593799782e-01
2.136283004441059397e-01 1.374784171125231214e-01
2.261946710584651354e-01 1.971160667251456722e-01
2.387610416728242757e-01 4.241975356196863167e-01
2.513274122871834715e-01 3.836119566133568970e-01
2.638937829015426395e-01 2.238845783387253818e-01
2.764601535159017520e-01 1.289903823447437758e-01
2.890265241302609756e-01 2.072694021113180574e-01
3.015928947446201436e-01 2.357548146653440646e-01
3.141592653589793116e-01 2.121541000495153484e-01
3.267256359733385351e-01 1.464069342585062883e-01
3.392920065876976476e-01 2.543460725948925583e-01
3.518583772020568157e-01 2.893692110901767700e-01
3.644247478164160392e-01 2.888312629816016108e-01
3.769911184307751517e-01 3.453121196255573011e-01
3.895574890451343197e-01 4.312913124736733606e-01
4.021238596594935433e-01 4.855499488175692990e-01
4.146902302738527113e-01 4.681417632278624397e-01
4.272566008882118793e-01 4.362521106699548401e-01
4.398229715025711029e-01 4.470849617318136682e-01
4.523893421169302709e-01 4.800018144276377852e-01
4.649557127312893834e-01 7.106695114306816885e-01
4.775220833456485514e-01 4.081960118536834270e-01
4.900884539600077194e-01 4.819085123829276451e-01
5.026548245743669430e-01 4.146639944395452693e-01
5.152211951887261110e-01 3.963638098563942447e-01
5.277875658030852790e-01 5.226172257877628180e-01
5.403539364174444470e-01 5.908478883548563543e-01
5.529203070318035040e-01 5.854016267214287028e-01
5.654866776461627831e-01 5.563757053690063792e-01
5.780530482605219511e-01 5.365145961914694617e-01
5.906194188748811191e-01 5.653064034381232172e-01
6.031857894892402872e-01 4.918137807945185402e-01
6.157521601035994552e-01 4.637508483672961868e-01
6.283185307179586232e-01 5.766167625856971624e-01
6.408849013323177912e-01 7.034329203730299573e-01
6.534512719466770703e-01 7.826804355628608212e-01
6.660176425610361273e-01 5.462648747200411492e-01
6.785840131753952953e-01 7.285093850505892643e-01
6.911503837897544633e-01 5.805958843638532318e-01
7.037167544041136313e-01 8.303333308504184940e-01
7.162831250184729104e-01 6.463208878987566353e-01
7.288494956328320784e-01 6.202084614915918115e-01
7.414158662471912464e-01 4.923433237724694211e-01
7.539822368615503034e-01 7.991231926537213370e-01
7.665486074759094715e-01 6.717585083682355851e-01
7.791149780902686395e-01 6.928874678775722717e-01
7.916813487046279185e-01 8.796013257186677814e-01
8.042477193189870865e-01 9.410169650054960311e-01
8.168140899333462546e-01 5.675774617687140422e-01
8.293804605477054226e-01 7.547998452865083419e-01
8.419468311620645906e-01 8.021999148068316154e-01
8.545132017764237586e-01 6.325111737363483533e-01
8.670795723907829267e-01 8.189641306398187659e-01
8.796459430051422057e-01 6.183332799767206067e-01
8.922123136195013737e-01 6.479241328601718086e-01
9.047786842338605418e-01 7.285350374704914200e-01
9.173450548482194877e-01 8.317365544893308149e-01
9.299114254625787668e-01 6.786648489982971544e-01
9.424777960769379348e-01 7.815375780582201060e-01
9.550441666912971028e-01 7.130181437426551527e-01
9.676105373056562708e-01 8.599448616987217520e-01
9.801769079200154389e-01 8.970350031281610903e-01
9.927432785343746069e-01 7.768801435135979094e-01
1.005309649148733886e+00 8.563805637598639331e-01
1.017876019763092943e+00 9.547968391997156967e-01
1.030442390377452222e+00 9.615353143393885471e-01
1.043008760991811279e+00 1.008613068552475678e+00
1.055575131606170558e+00 8.055414871906095842e-01
1.068141502220529837e+00 1.000346775675602373e+00
1.080707872834888894e+00 8.791127537851529672e-01
1.093274243449248173e+00 7.276740997152504331e-01
1.105840614063607008e+00 7.395500550667026829e-01
1.118406984677966287e+00 9.269108621528686642e-01
1.130973355292325566e+00 1.030438320602934166e+00
1.143539725906684623e+00 9.835307034788602909e-01
1.156106096521043902e+00 8.222592813023227309e-01
1.168672467135402959e+00 8.074478538053005972e-01
1.181238837749762238e+00 1.074380944078134448e+00
1.193805208364121295e+00 1.000455412090867302e+00
1.206371578978480574e+00 7.473689933887467385e-01
1.218937949592839853e+00 1.012458562354219715e+00
1.231504320207198910e+00 9.942061892515760002e-01
1.244070690821558189e+00 1.043999793966117196e+00
1.256637061435917246e+00 9.780771482100208969e-01
1.269203432050276525e+00 8.512100751356390660e-01
1.281769802664635582e+00 1.039267772157896230e+00
1.294336173278994861e+00 1.032818364827852387e+00
1.306902543893354141e+00 9.793173924892324411e-01
1.319468914507712975e+00 1.012735003481082474e+00
1.332035285122072255e+00 1.089998239169053251e+00
1.344601655736431534e+00 9.215465510613228828e-01
1.357168026350790591e+00 9.928868491185056655e-01
1.369734396965149870e+00 9.875712349627345787e-01
1.382300767579508927e+00 1.115950094646135815e+00
1.394867138193868206e+00 9.805859873329024756e-01
1.407433508808227263e+00 1.162400994287759781e+00
1.419999879422586542e+00 1.170063836967585313e+00
1.432566250036945821e+00 1.197831153672921367e+00
1.445132620651304878e+00 1.004320275717705657e+00
1.457698991265664157e+00 1.003385218099856147e+00
1.470265361880023214e+00 9.868167438468429253e-01
1.482831732494382493e+00 1.009533541118287969e+00
1.495398103108741550e+00 1.019448839072626622e+00
1.507964473723100607e+00 9.290393004240201646e-01
1.520530844337459886e+00 1.016573542880822245e+00
1.533097214951818943e+00 1.091282176134058091e+00
1.545663585566178222e+00 1.081245081417266052e+00
1.558229956180537279e+00 1.071888478562987412e+00
1.570796326794896558e+00 7.804835951458934939e-01
1.583362697409255837e+00 9.990651371192658114e-01
1.595929068023614894e+00 1.025500021314517340e+00
1.608495438637974173e+00 8.377459875524067012e-01
1.621061809252333230e+00 9.728526656801342876e-01
1.633628179866692509e+00 9.020513905954800071e-01
1.646194550481051566e+00 1.201724136169046275e+00
1.658760921095410845e+00 7.630766241208195577e-01
1.671327291709770124e+00 9.383258165810791640e-01
1.683893662324129181e+00 1.116175512166141637e+00
1.696460032938488460e+00 1.087541351987333371e+00
1.709026403552847517e+00 1.062229418303373807e+00
1.721592774167206796e+00 1.019503789169295960e+00
1.734159144781565853e+00 1.157670956222752512e+00
1.746725515395925132e+00 8.566073086739242060e-01
1.759291886010284411e+00 8.338367414707900105e-01
1.771858256624643468e+00 1.034842638899479361e+00
1.784424627239002747e+00 1.094495077508317094e+00
1.796990997853361804e+00 1.093225136372703465e+00
1.809557368467721084e+00 9.724994032293255986e-01
1.822123739082079918e+00 1.152879215753131792e+00
1.834690109696438975e+00 9.868578793806044303e-01
1.847256480310798255e+00 9.655837184657786176e-01
1.859822850925157534e+00 8.841109797770754231e-01
1.872389221539516591e+00 7.154840185321803547e-01
1.884955592153875870e+00 1.067474945814352427e+00
1.897521962768234927e+00 9.658197726496038360e-01
1.910088333382594206e+00 7.495700454972338278e-01
1.922654703996953263e+00 1.025813466196817902e+00
1.935221074611312542e+00 8.056122691189528950e-01
1.947787445225671821e+00 9.886309814005317387e-01
1.960353815840030878e+00 9.230393010932860243e-01
1.972920186454390157e+00 7.486873320978065793e-01
1.985486557068749214e+00 1.103393388808751929e+00
1.998052927683108493e+00 8.379156792834119294e-01
2.010619298297467772e+00 9.227259761828129347e-01
2.023185668911826607e+00 1.036595217757477982e+00
2.035752039526185886e+00 9.757639844578956945e-01
2.048318410140545165e+00 9.060251952280500287e-01
2.060884780754904444e+00 9.508390649897509039e-01
2.073451151369263723e+00 9.485190851816986957e-01
2.086017521983622558e+00 7.399176963222140468e-01
2.098583892597981837e+00 8.297815287455575506e-01
2.111150263212341116e+00 8.924639790836607078e-01
2.123716633826700395e+00 9.728929647789276158e-01
2.136283004441059674e+00 9.213616082971882726e-01
2.148849375055418509e+00 7.828419495952715357e-01
2.161415745669777788e+00 9.442752461233445693e-01
2.173982116284137067e+00 9.098625935532864695e-01
2.186548486898496346e+00 8.408258445611399567e-01
2.199114857512855181e+00 8.318222729171432794e-01
2.211681228127214016e+00 7.220529900845371607e-01
2.224247598741573295e+00 7.821087496630206859e-01
2.236813969355932574e+00 9.220736494049831533e-01
2.249380339970291853e+00 6.926642026945759589e-01
2.261946710584651132e+00 7.844631199899596563e-01
2.274513081199009967e+00 9.045172982296779685e-01
2.287079451813369246e+00 8.165355252488568638e-01
2.299645822427728525e+00 9.874312885699316755e-01
2.312212193042087804e+00 7.091415039816165722e-01
2.324778563656447083e+00 8.855462299493402911e-01
2.337344934270805918e+00 6.771828555352794599e-01
2.349911304885165197e+00 7.848216266335968916e-01
2.362477675499524477e+00 7.101591622158383021e-01
2.375044046113883756e+00 5.363970712714732914e-01
2.387610416728242591e+00 6.804369045348127587e-01
2.400176787342601870e+00 8.330160221550683142e-01
2.412743157956961149e+00 4.104575307673906104e-01
2.425309528571320428e+00 7.630317107458833847e-01
2.437875899185679707e+00 6.873543982691443510e-01
2.450442269800038542e+00 6.353321258764637047e-01
2.463008640414397821e+00 5.852858878778033347e-01
2.475575011028757100e+00 7.685258202957143681e-01
2.488141381643116379e+00 4.642936677245766974e-01
2.500707752257475658e+00 4.671710404559091812e-01
2.513274122871834493e+00 5.827233838267028565e-01
2.525840493486193772e+00 4.494297602455013529e-01
2.538406864100553051e+00 4.489490238938140254e-01
2.550973234714912330e+00 4.193161421372709752e-01
2.563539605329271165e+00 6.397699261746278010e-01
2.576105975943630444e+00 4.247795406626770909e-01
2.588672346557989723e+00 6.010583228101580300e-01
2.601238717172349002e+00 6.654353340111640591e-01
2.613805087786708281e+00 4.497500001496869682e-01
2.626371458401067116e+00 3.683418931487086323e-01
2.638937829015425951e+00 3.996384439411745371e-01
2.651504199629785230e+00 4.391377205944082540e-01
2.664070570244144509e+00 6.412463575104567770e-01
2.676636940858503788e+00 6.532365391591455905e-01
2.689203311472863067e+00 5.516422353760243036e-01
2.701769682087221902e+00 4.609238638570243296e-01
2.714336052701581181e+00 5.015394700799031824e-01
2.726902423315940460e+00 6.402932180756216729e-01
2.739468793930299739e+00 3.690823437343530578e-01
2.752035164544658574e+00 2.662421322444881167e-01
2.764601535159017853e+00 4.887640767017258914e-01
2.777167905773377132e+00 2.885384041305426028e-01
2.789734276387736411e+00 2.790571094037135325e-01
2.802300647002095690e+00 5.525267876796364774e-01
2.814867017616454525e+00 2.422214149559976659e-01
2.827433388230813804e+00 2.833428744759142193e-01
2.839999758845173083e+00 5.200177551479262528e-01
2.852566129459532362e+00 2.519116775817432652e-01
2.865132500073891642e+00 1.286146906594584916e-01
2.877698870688250476e+00 3.848344382437376421e-01
2.890265241302609756e+00 1.986950173364805394e-01
2.902831611916969035e+00 2.211947029347035298e-01
2.915397982531328314e+00 2.184208665443729547e-01
2.927964353145687149e+00 2.121800617471235051e-01
2.940530723760046428e+00 2.713660298044677233e-01
2.953097094374405707e+00 -1.108378402584184186e-02
2.965663464988764986e+00 2.445729108252597817e-01
2.978229835603124265e+00 -3.426990294621742872e-02
2.990796206217483100e+00 1.994503427220712666e-01
3.003362576831842379e+00 3.502127575073982202e-01
3.015928947446201214e+00 1.411529540878916356e-01
3.028495318060560493e+00 9.751793108944986632e-02
3.041061688674919772e+00 4.943198453630780198e-02
3.053628059289279051e+00 4.080131300783682025e-01
3.066194429903637886e+00 1.999858072483491345e-01
3.078760800517997165e+00 2.427060884557158404e-02
3.091327171132356444e+00 8.560534929489932443e-02
3.103893541746715723e+00 6.520949499887331025e-02
3.116459912361074558e+00 -4.041715278369413522e-02
3.129026282975433837e+00 -2.001058597315525101e-01
3.141592653589793116e+00 -1.339033594124278415e-01
3.154159024204152395e+00 -1.941995367860744476e-02
3.166725394818511674e+00 7.263441235942916935e-03
3.179291765432870509e+00 1.110853393873795780e-01
3.191858136047229788e+00 -4.445153822320020709e-02
3.204424506661589067e+00 -6.072789566472078931e-02
3.216990877275948346e+00 -2.118985072940535730e-01
3.229557247890307181e+00 -9.211960389236381608e-02
3.242123618504666460e+00 6.482194373415070543e-02
3.254689989119025739e+00 -1.268609747351864825e-01
3.267256359733385018e+00 -1.902053279605604996e-01
3.279822730347744297e+00 -1.372967094684101330e-01
3.292389100962103132e+00 -2.279825789270249481e-01
3.304955471576462411e+00 -1.540895970415440408e-01
3.317521842190821690e+00 -9.426132939341626271e-02
3.330088212805180969e+00 -1.377858537865797595e-01
3.342654583419540248e+00 -3.175049774580143702e-01
3.355220954033899083e+00 -1.178044664331449332e-01
3.367787324648258362e+00 -1.174677496190227183e-01
3.380353695262617642e+00 -2.595456624949755708e-01
3.392920065876976921e+00 -2.074226798839922392e-01
3.405486436491335756e+00 -2.906275326960446326e-01
3.418052807105695035e+00 -3.221770999738089447e-01
3.430619177720054314e+00 -3.817326181510873329e-01
3.443185548334413593e+00 -3.685834952353175820e-01
3.455751918948772872e+00 -2.952973135082608280e-01
3.468318289563131707e+00 -3.515291071066233841e-01
3.480884660177490986e+00 -3.131915054080529615e-01
3.493451030791850265e+00 -2.971071700244811709e-01
3.506017401406209544e+00 -3.878208777477934466e-01
3.518583772020568823e+00 -3.085793525189703956e-01
3.531150142634927658e+00 -4.896381636573208240e-01
3.543716513249286937e+00 -2.586848232149222548e-01
3.556282883863646216e+00 -3.649909509130187524e-01
3.568849254478005495e+00 -4.205546950621477098e-01
3.581415625092364330e+00 -3.435826255705756171e-01
3.593981995706723609e+00 -3.833795809231527185e-01
3.606548366321082888e+00 -4.681673284127461643e-01
3.619114736935442167e+00 -6.659777617380328030e-01
3.631681107549800558e+00 -6.006862883817427612e-01
3.644247478164159837e+00 -4.215699995173954884e-01
3.656813848778519116e+00 -5.741904216339845934e-01
3.669380219392877951e+00 -4.147414461047052026e-01
3.681946590007237230e+00 -4.490636015773669665e-01
3.694512960621596509e+00 -3.922594415013413993e-01
3.707079331235955788e+00 -6.921782436674170924e-01
3.719645701850315067e+00 -5.078938598746773891e-01
3.732212072464673902e+00 -4.961378200438782970e-01
3.744778443079033181e+00 -6.414790177847531361e-01
3.757344813693392460e+00 -5.312082645967833860e-01
3.769911184307751739e+00 -6.252489135642407270e-01
3.782477554922110574e+00 -4.753754308798492367e-01
3.795043925536469853e+00 -7.807785800743364257e-01
3.807610296150829132e+00 -7.100517937089678711e-01
3.820176666765188411e+00 -5.547845252656710135e-01
3.832743037379547690e+00 -6.176341633927113772e-01
3.845309407993906525e+00 -6.052108231963693186e-01
3.857875778608265804e+00 -7.784762690067261737e-01
3.870442149222625083e+00 -7.842704147441410534e-01
3.883008519836984362e+00 -8.128733725641564822e-01
3.895574890451343641e+00 -6.341512623626297529e-01
3.908141261065702476e+00 -6.860384586409817853e-01
3.920707631680061755e+00 -7.932720276283674599e-01
3.933274002294421035e+00 -7.645170370016544092e-01
3.945840372908780314e+00 -8.400410120825833049e-01
3.958406743523139149e+00 -7.415998122838181050e-01
3.970973114137498428e+00 -7.994987758069971306e-01
3.983539484751857707e+00 -8.985461921882782477e-01
3.996105855366216986e+00 -8.170537483534781042e-01
4.008672225980576265e+00 -7.360424889024126394e-01
4.021238596594935544e+00 -8.162035858346706751e-01
4.033804967209294823e+00 -7.157715332072955849e-01
4.046371337823653214e+00 -7.585096241432718323e-01
4.058937708438012493e+00 -8.159154348159715076e-01
4.071504079052371772e+00 -6.882057447737611744e-01
4.084070449666731051e+00 -8.540670211717875659e-01
4.096636820281090330e+00 -7.795239737499690680e-01
4.109203190895449609e+00 -8.927226249009517778e-01
4.121769561509808888e+00 -8.162547057916106352e-01
4.134335932124168167e+00 -8.671942470103474188e-01
4.146902302738527446e+00 -8.112062314794372675e-01
4.159468673352886725e+00 -6.283628261918658975e-01
4.172035043967245116e+00 -8.493683422806638239e-01
4.184601414581604395e+00 -9.166415170601722728e-01
4.197167785195963674e+00 -8.138598770233153035e-01
4.209734155810322953e+00 -8.889368367284967709e-01
4.222300526424682232e+00 -8.984089775382911869e-01
4.234866897039041511e+00 -8.569716169683457840e-01
4.247433267653400790e+00 -9.538096332797102450e-01
4.259999638267760069e+00 -9.546156716896699868e-01
4.272566008882119348e+00 -8.070215213466104265e-01
4.285132379496477739e+00 -9.037909643721490083e-01
4.297698750110837018e+00 -1.005720989740105376e+00
4.310265120725196297e+00 -8.436763759847772937e-01
4.322831491339555576e+00 -8.602582448008871951e-01
4.335397861953914855e+00 -7.606463184064133909e-01
4.347964232568274134e+00 -9.536251705571089365e-01
4.360530603182633413e+00 -8.953231334169502453e-01
4.373096973796992692e+00 -1.009382385414311134e+00
4.385663344411351972e+00 -9.841745240483659174e-01
4.398229715025710362e+00 -9.223841625658990573e-01
4.410796085640069641e+00 -8.652573686857223390e-01
4.423362456254428032e+00 -1.026416407258782248e+00
4.435928826868787311e+00 -9.156860398717809879e-01
4.448495197483146590e+00 -8.381614577950164957e-01
4.461061568097505869e+00 -9.645503070824181790e-01
4.473627938711865148e+00 -1.105743272224625429e+00
4.486194309326224428e+00 -9.917215001495799376e-01
4.498760679940583707e+00 -1.018154850347181561e+00
4.511327050554942986e+00 -9.193781964629963444e-01
4.523893421169302265e+00 -9.770740913964863772e-01
4.536459791783661544e+00 -9.324795157918951416e-01
4.549026162398019935e+00 -9.501836909991524527e-01
4.561592533012379214e+00 -9.763620967235097092e-01
4.574158903626738493e+00 -1.043816181209175964e+00
4.586725274241097772e+00 -1.094722974410053284e+00
4.599291644855457051e+00 -9.014407884707068552e-01
4.611858015469816330e+00 -9.852998984906671254e-01
4.624424386084175609e+00 -9.563793940409277550e-01
4.636990756698534888e+00 -1.023408304932138524e+00
4.649557127312894167e+00 -9.271895614818950193e-01
4.662123497927252558e+00 -9.707368565259071325e-01
4.674689868541611837e+00 -1.152741868801921976e+00
4.687256239155971116e+00 -1.157778946751483407e+00
4.699822609770330395e+00 -8.187223256133355775e-01
4.712388980384689674e+00 -1.054076122322932907e+00
4.724955350999048953e+00 -1.131749166823804442e+00
4.737521721613408232e+00 -1.031953368757051903e+00
4.750088092227767511e+00 -9.673647490212451405e-01
4.762654462842126790e+00 -9.897592610042331707e-01
4.775220833456485181e+00 -9.397581548138700391e-01
4.787787204070844460e+00 -1.137811880575646750e+00
4.800353574685203739e+00 -9.986239238170946386e-01
4.812919945299563018e+00 -9.670086319110439144e-01
4.825486315913922297e+00 -8.253258034529367126e-01
4.838052686528281576e+00 -1.023724192594803073e+00
4.850619057142640855e+00 -9.364718075038508394e-01
4.863185427757000134e+00 -9.189957720047554623e-01
4.875751798371359413e+00 -9.891841959216636226e-01
4.888318168985717804e+00 -8.655645339015749506e-01
4.900884539600077083e+00 -8.674661785834336669e-01
4.913450910214436362e+00 -9.422855039514438369e-01
4.926017280828795641e+00 -1.050701053550922692e+00
4.938583651443154920e+00 -9.776898092924540817e-01
4.951150022057514200e+00 -8.643865362959235465e-01
4.963716392671873479e+00 -9.687263011028055537e-01
4.976282763286232758e+00 -9.728832574492048968e-01
4.988849133900592037e+00 -8.652691249184678579e-01
5.001415504514951316e+00 -9.368010383286540232e-01
5.013981875129309707e+00 -1.081256556628004795e+00
5.026548245743668986e+00 -9.111328292578317889e-01
5.039114616358028265e+00 -9.896039727453120882e-01
5.051680986972387544e+00 -8.703697733833173356e-01
5.064247357586746823e+00 -8.423949610736070071e-01
5.076813728201106102e+00 -1.195246952243810057e+00
5.089380098815465381e+00 -8.306368033471738244e-01
5.101946469429824660e+00 -8.871690245748086179e-01
5.114512840044183939e+00 -9.398205245628137305e-01
5.127079210658542330e+00 -9.307647159872006748e-01
5.139645581272901609e+00 -8.246478371031397137e-01
5.152211951887260888e+00 -8.988866843410044938e-01
5.164778322501620167e+00 -9.172854775381312775e-01
5.177344693115979446e+00 -8.729180890527512560e-01
5.189911063730338725e+00 -8.545083356510290162e-01
5.202477434344698004e+00 -8.177851796176784926e-01
5.215043804959057283e+00 -7.215954261999028008e-01
5.227610175573416562e+00 -8.002567717791616575e-01
5.240176546187774953e+00 -9.107785790373402746e-01
5.252742916802134232e+00 -8.158343279755827515e-01
5.265309287416492623e+00 -8.775078120010127991e-01
5.277875658030851902e+00 -9.182590247578403808e-01
5.290442028645211181e+00 -7.612259468574997801e-01
5.303008399259570460e+00 -1.015590323937751283e+00
5.315574769873929739e+00 -7.309535547053597204e-01
5.328141140488289018e+00 -6.918243953424504378e-01
5.340707511102648297e+00 -6.364535643488034022e-01
5.353273881717007576e+00 -6.100523535855195689e-01
5.365840252331366855e+00 -1.089242537082661944e+00
5.378406622945726134e+00 -7.714147999327206628e-01
5.390972993560084525e+00 -8.834864427037977253e-01
5.403539364174443804e+00 -8.170142855469875176e-01
5.416105734788803083e+00 -7.844002990382462626e-01
5.428672105403162362e+00 -8.091178788464387095e-01
5.441238476017521641e+00 -7.710834240744458556e-01
5.453804846631880920e+00 -8.537897225590896921e-01
5.466371217246240199e+00 -7.223018931510675200e-01
5.478937587860599479e+00 -7.379917135943595552e-01
5.491503958474958758e+00 -7.094293656627481681e-01
5.504070329089317148e+00 -5.900890593340845092e-01
5.516636699703676427e+00 -4.907877556885338333e-01
5.529203070318035707e+00 -6.611780884041325024e-01
5.541769440932394986e+00 -7.193678077641905144e-01
5.554335811546754265e+00 -6.591184258219104919e-01
5.566902182161113544e+00 -6.086741417015228972e-01
5.579468552775472823e+00 -6.604477619449549142e-01
5.592034923389832102e+00 -6.120917594749757384e-01
5.604601294004191381e+00 -4.585110507983619632e-01
5.617167664618549772e+00 -6.905181590954145854e-01
5.629734035232909051e+00 -6.578813321256422597e-01
5.642300405847268330e+00 -4.839506094022820726e-01
5.654866776461627609e+00 -5.955904932381513861e-01
5.667433147075986888e+00 -7.159818310094419047e-01
5.679999517690346167e+00 -6.532356562325164484e-01
5.692565888304705446e+00 -6.295276573934294184e-01
5.705132258919064725e+00 -7.420124787868640492e-01
5.717698629533424004e+00 -5.668238570851374947e-01
5.730265000147783283e+00 -6.221298209488975717e-01
5.742831370762141674e+00 -2.202480535829045571e-01
5.755397741376500953e+00 -4.316388972863256512e-01
5.767964111990860232e+00 -3.375255387333967461e-01
5.780530482605219511e+00 -3.934782530878501716e-01
5.793096853219578790e+00 -4.559738581116302703e-01
5.805663223833938069e+00 -4.136370274136971781e-01
5.818229594448297348e+00 -3.138359596481060665e-01
5.830795965062656627e+00 -2.589974096568535833e-01
5.843362335677015906e+00 -4.758848588177845285e-01
5.855928706291374297e+00 -4.456430131230680325e-01
5.868495076905733576e+00 -4.464656532716707038e-01
5.881061447520092855e+00 -5.156667549654647686e-01
5.893627818134452134e+00 -5.632853372046416895e-01
5.906194188748811413e+00 -3.751864938481788148e-01
5.918760559363170692e+00 -2.783243370428139518e-01
5.931326929977529971e+00 -4.173414033451078309e-01
5.943893300591889250e+00 -3.468325546875438703e-01
5.956459671206248530e+00 -2.955211560661730186e-01
5.969026041820606920e+00 -3.869926706718662124e-01
5.981592412434966199e+00 -2.772825998653426494e-01
5.994158783049325478e+00 -2.150742253117624014e-01
6.006725153663684758e+00 -3.077393925887710324e-01
6.019291524278044037e+00 -2.448174398499999016e-01
6.031857894892402427e+00 -2.616730622787721838e-01
6.044424265506761706e+00 -3.114266565761969474e-02
6.056990636121120986e+00 -3.677197335623072494e-01
6.069557006735480265e+00 -2.727055097514047843e-01
6.082123377349839544e+00 -2.565466479389566512e-01
6.094689747964198823e+00 -1.672168050566400777e-01
6.107256118578558102e+00 -2.246891207758421605e-01
6.119822489192916493e+00 4.602013935722601423e-02
6.132388859807275772e+00 -3.170898710239289375e-03
6.144955230421635051e+00 -2.278998374046253272e-01
6.157521601035994330e+00 -2.741968432857952997e-01
6.170087971650353609e+00 -2.034528740263047419e-01
6.182654342264712888e+00 -4.281544723823686727e-02
6.195220712879072167e+00 -2.032142877925640911e-01
6.207787083493431446e+00 2.412870195973246257e-02
6.220353454107790725e+00 5.272146311628353454e-03
6.232919824722149116e+00 -1.745538747625555165e-01
6.245486195336508395e+00 1.662128426960129690e-01
6.258052565950867674e+00 3.832871349427999230e-02
6.270618936565226953e+00 4.055121488913017436e-02
