0.000000000000000000e+00 4.939919387087027269e-02
1.256637061435917323e-02 -5.283173742885906993e-02
2.513274122871834645e-02 -1.223676653847783208e-01
3.769911184307751795e-02 7.172884091809572649e-02
5.026548245743669291e-02 -4.411961754513474276e-02
6.283185307179586787e-02 1.968610343014237651e-02
7.539822368615503589e-02 4.089990432682750338e-02
8.796459430051420392e-02 7.622279883246273202e-02
1.005309649148733858e-01 1.579542498554408203e-01
1.130973355292325677e-01 -3.264170406197984542e-02
1.256637061435917357e-01 3.814740246123848877e-02
1.382300767579508760e-01 2.012082277863981306e-01
1.507964473723100718e-01 2.927704205378828251e-03
1.633628179866692676e-01 1.605091298540732847e-01
1.759291886010284078e-01 2.322763641447299632e-01
1.884955592153875759e-01 2.394718002297355208e-01
2.010619298297467716e-01 2.101081562392501656e-01
2.136283004441059397e-01 1.254516354299459735e-01
2.261946710584651354e-01 2.164282274646808779e-01
2.387610416728242757e-01 1.534584343406605322e-01
2.513274122871834715e-01 2.249467948821386454e-01
2.638937829015426395e-01 1.993716858403701830e-02
2.764601535159017520e-01 1.042485493038066424e-01
2.890265241302609756e-01 2.668410653237499597e-01
3.015928947446201436e-01 3.781508458518467730e-01
3.141592653589793116e-01 2.954925432487310877e-01
3.267256359733385351e-01 4.158906902629871949e-01
3.392920065876976476e-01 3.388438706491485042e-01
3.518583772020568157e-01 5.825689130602362820e-01
3.644247478164160392e-01 4.275054218136915551e-01
3.769911184307751517e-01 4.888833991081721342e-01
3.895574890451343197e-01 2.685866456432126625e-01
4.021238596594935433e-01 5.764455420098593130e-01
4.146902302738527113e-01 4.448650396906857485e-01
4.272566008882118793e-01 4.640846697312931424e-01
4.398229715025711029e-01 3.974560460299319531e-01
4.523893421169302709e-01 4.907321588148357283e-01
4.649557127312893834e-01 4.313830290010816082e-01
4.775220833456485514e-01 6.132919169990020958e-01
4.900884539600077194e-01 5.750059255050526952e-01
5.026548245743669430e-01 5.068396768424766607e-01
5.152211951887261110e-01 4.454485495176773724e-01
5.277875658030852790e-01 4.218211964597625707e-01
5.403539364174444470e-01 4.843471231529135612e-01
5.529203070318035040e-01 6.636567720140222892e-01
5.654866776461627831e-01 5.059027891649661157e-01
5.780530482605219511e-01 3.846126459789246388e-01
5.906194188748811191e-01 5.797953289379035313e-01
6.031857894892402872e-01 4.363890232878507858e-01
6.157521601035994552e-01 4.215641653168356040e-01
6.283185307179586232e-01 5.449089223369654178e-01
6.408849013323177912e-01 4.961284291436962035e-01
6.534512719466770703e-01 6.032324433629023819e-01
6.660176425610361273e-01 5.480220762755783070e-01
6.785840131753952953e-01 5.143421382617149318e-01
6.911503837897544633e-01 6.788127166603410423e-01
7.037167544041136313e-01 5.858455354614872101e-01
7.162831250184729104e-01 6.388775366496372010e-01
7.288494956328320784e-01 8.082273537173207956e-01
7.414158662471912464e-01 6.838930579813911059e-01
7.539822368615503034e-01 7.733314205885231107e-01
7.665486074759094715e-01 6.332470447253328860e-01
7.791149780902686395e-01 7.471599495500627075e-01
7.916813487046279185e-01 7.363685214819930547e-01
8.042477193189870865e-01 8.517881524224131251e-01
8.168140899333462546e-01 6.511109518843785082e-01
8.293804605477054226e-01 7.856015901988009364e-01
8.419468311620645906e-01 5.269602599174988411e-01
8.545132017764237586e-01 6.633725203160637518e-01
8.670795723907829267e-01 6.578933042617522986e-01
8.796459430051422057e-01 8.063470059267829892e-01
8.922123136195013737e-01 6.783216070336766101e-01
9.047786842338605418e-01 8.359216404372933340e-01
9.173450548482194877e-01 9.330303205705711145e-01
9.299114254625787668e-01 6.784295121889081237e-01
9.424777960769379348e-01 6.782788680756490773e-01
9.550441666912971028e-01 9.872350860230947323e-01
9.676105373056562708e-01 7.860231956836648548e-01
9.801769079200154389e-01 8.262208300497995150e-01
9.927432785343746069e-01 7.796395704063829868e-01
1.005309649148733886e+00 8.195763994212375003e-01
1.017876019763092943e+00 8.736466023899908118e-01
1.030442390377452222e+00 7.476069931461517548e-01
1.043008760991811279e+00 8.376651712111338188e-01
1.055575131606170558e+00 7.478704173548575973e-01
1.068141502220529837e+00 1.131894328426310770e+00
1.080707872834888894e+00 1.028971133605579347e+00
1.093274243449248173e+00 8.017394209025632268e-01
1.105840614063607008e+00 7.158079669017367586e-01
1.118406984677966287e+00 9.767213731765387319e-01
1.130973355292325566e+00 9.728246267866116348e-01
1.143539725906684623e+00 8.816129932595646590e-01
1.156106096521043902e+00 9.356513624163529386e-01
1.168672467135402959e+00 9.876073586693062678e-01
1.181238837749762238e+00 9.714561298188842953e-01
1.193805208364121295e+00 1.089067069217409145e+00
1.206371578978480574e+00 1.069841116850654750e+00
1.218937949592839853e+00 8.456882216622819692e-01
1.231504320207198910e+00 9.538980499698147542e-01
1.244070690821558189e+00 1.098517925015917607e+00
1.256637061435917246e+00 8.431031904449486358e-01
1.269203432050276525e+00 9.943264883816302913e-01
1.281769802664635582e+00 9.943652263847717609e-01
1.294336173278994861e+00 9.903698645685108382e-01
1.306902543893354141e+00 8.784771773337324285e-01
1.319468914507712975e+00 1.142807822930243189e+00
1.332035285122072255e+00 8.646706929672132169e-01
1.344601655736431534e+00 9.415714119312678099e-01
1.357168026350790591e+00 9.014787629256986179e-01
1.369734396965149870e+00 8.929357991696732499e-01
1.382300767579508927e+00 1.046076212084466883e+00
1.394867138193868206e+00 9.789849271326347413e-01
1.407433508808227263e+00 1.023095690511228062e+00
1.419999879422586542e+00 9.628653840540375430e-01
1.432566250036945821e+00 1.182496191420504994e+00
1.445132620651304878e+00 8.367585890165499807e-01
1.457698991265664157e+00 1.157188130727055286e+00
1.470265361880023214e+00 8.024829010739087387e-01
1.482831732494382493e+00 8.131406458796726078e-01
1.495398103108741550e+00 1.004395562966040156e+00
1.507964473723100607e+00 1.000282567238873765e+00
1.520530844337459886e+00 1.175795771985835625e+00
1.533097214951818943e+00 7.563957739468774033e-01
1.545663585566178222e+00 1.051171651847841337e+00
1.558229956180537279e+00 8.635481661337278680e-01
1.570796326794896558e+00 9.580145633335823696e-01
1.583362697409255837e+00 1.026999895535085416e+00
1.595929068023614894e+00 1.082794081678388309e+00
1.608495438637974173e+00 1.008544000933227602e+00
1.621061809252333230e+00 1.155039297623390526e+00
1.633628179866692509e+00 8.437049665723094227e-01
1.646194550481051566e+00 1.072293368851964024e+00
1.658760921095410845e+00 1.024194669321248918e+00
1.671327291709770124e+00 1.001410774954607286e+00
1.683893662324129181e+00 9.757960008890206316e-01
1.696460032938488460e+00 1.091097283818917685e+00
1.709026403552847517e+00 9.988126077861180230e-01
1.721592774167206796e+00 1.125082650507302384e+00
1.734159144781565853e+00 1.081651330912684728e+00
1.746725515395925132e+00 8.241799080541699629e-01
1.759291886010284411e+00 9.632592408721213362e-01
1.771858256624643468e+00 9.797101802011206617e-01
1.784424627239002747e+00 8.788909338064880838e-01
1.796990997853361804e+00 1.001775261774846770e+00
1.809557368467721084e+00 9.376912606038702025e-01
1.822123739082079918e+00 9.478661887240027450e-01
1.834690109696438975e+00 7.276496557230079931e-01
1.847256480310798255e+00 9.419231798682650147e-01
1.859822850925157534e+00 9.110443851450445996e-01
1.872389221539516591e+00 9.516903096562634445e-01
1.884955592153875870e+00 1.055418789715329098e+00
1.897521962768234927e+00 9.218209389855210878e-01
1.910088333382594206e+00 7.968882913171633220e-01
1.922654703996953263e+00 1.004714047376396469e+00
1.935221074611312542e+00 9.901251648537376937e-01
1.947787445225671821e+00 8.930735335863678737e-01
1.960353815840030878e+00 8.482207792315459294e-01
1.972920186454390157e+00 8.002960513006068810e-01
1.985486557068749214e+00 9.795278711785980752e-01
1.998052927683108493e+00 9.059592642220498648e-01
2.010619298297467772e+00 8.288527292893121956e-01
2.023185668911826607e+00 1.067677589912364056e+00
2.035752039526185886e+00 9.212556264601421407e-01
2.048318410140545165e+00 8.735977460893783464e-01
2.060884780754904444e+00 8.791890924276273278e-01
2.073451151369263723e+00 8.895660453657227018e-01
2.086017521983622558e+00 7.359727388625409983e-01
2.098583892597981837e+00 6.734118152091719267e-01
2.111150263212341116e+00 5.769325646661065399e-01
2.123716633826700395e+00 9.201610515478508834e-01
2.136283004441059674e+00 9.972766282814162775e-01
2.148849375055418509e+00 8.781144664796296517e-01
2.161415745669777788e+00 8.811476423712385486e-01
2.173982116284137067e+00 9.181591824418946501e-01
2.186548486898496346e+00 1.004074782383465481e+00
2.199114857512855181e+00 7.841637573371422754e-01
2.211681228127214016e+00 7.820555411463031570e-01
2.224247598741573295e+00 7.943538683852077176e-01
2.236813969355932574e+00 9.331711800722629624e-01
2.249380339970291853e+00 7.655792035447213095e-01
2.261946710584651132e+00 7.447004645201461548e-01
2.274513081199009967e+00 7.645793994460909904e-01
2.287079451813369246e+00 7.202605560433728016e-01
2.299645822427728525e+00 7.146743262135715202e-01
2.312212193042087804e+00 7.246671459406819338e-01
2.324778563656447083e+00 8.244613897469763586e-01
2.337344934270805918e+00 8.035252456368482399e-01
2.349911304885165197e+00 5.813745697802865653e-01
2.362477675499524477e+00 7.278302286361848505e-01
2.375044046113883756e+00 7.785808314808888575e-01
2.387610416728242591e+00 7.787720006209705170e-01
2.400176787342601870e+00 7.518431304041489627e-01
2.412743157956961149e+00 7.215806619786618858e-01
2.425309528571320428e+00 6.242316726846521835e-01
2.437875899185679707e+00 8.783876903908003353e-01
2.450442269800038542e+00 6.172633280124010247e-01
2.463008640414397821e+00 5.514016224125662946e-01
2.475575011028757100e+00 7.414139916382137541e-01
2.488141381643116379e+00 6.594392633653110014e-01
2.500707752257475658e+00 6.567899409396025234e-01
2.513274122871834493e+00 4.969393182322034419e-01
2.525840493486193772e+00 4.540576694640386934e-01
2.538406864100553051e+00 5.651289102934826669e-01
2.550973234714912330e+00 4.902344655285316710e-01
2.563539605329271165e+00 4.015437250974347450e-01
2.576105975943630444e+00 4.791273457208297670e-01
2.588672346557989723e+00 5.641173106649124414e-01
2.601238717172349002e+00 4.817902420342151104e-01
2.613805087786708281e+00 5.481696918157664689e-01
2.626371458401067116e+00 4.940011883387805947e-01
2.638937829015425951e+00 4.369412822686525311e-01
2.651504199629785230e+00 5.108134822690769683e-01
2.664070570244144509e+00 4.029478823143296529e-01
2.676636940858503788e+00 3.603352592649841091e-01
2.689203311472863067e+00 1.619235573069297551e-01
2.701769682087221902e+00 5.145992102214701491e-01
2.714336052701581181e+00 3.087434529580171949e-01
2.726902423315940460e+00 2.908989061152496003e-01
2.739468793930299739e+00 4.442025487720728250e-01
2.752035164544658574e+00 4.613224930864268658e-01
2.764601535159017853e+00 2.540835088708912615e-01
2.777167905773377132e+00 3.802494229924746616e-01
2.789734276387736411e+00 1.485634269108508654e-01
2.802300647002095690e+00 5.827460925563563432e-01
2.814867017616454525e+00 4.806092849362182395e-01
2.827433388230813804e+00 4.506029041594071249e-01
2.839999758845173083e+00 3.786062750714186409e-01
2.852566129459532362e+00 1.927324129854325330e-01
2.865132500073891642e+00 4.581117221746754953e-01
2.877698870688250476e+00 2.163350152643324087e-01
2.890265241302609756e+00 3.273028782560376548e-01
2.902831611916969035e+00 1.567400660617794816e-01
2.915397982531328314e+00 1.094909746020608643e-01
2.927964353145687149e+00 2.690307006581483251e-01
2.940530723760046428e+00 1.908813667913563661e-01
2.953097094374405707e+00 -1.214559279001356518e-02
2.965663464988764986e+00 2.436448689486186980e-01
2.978229835603124265e+00 7.057243953026923200e-02
2.990796206217483100e+00 1.752538613035265480e-01
3.003362576831842379e+00 1.644050807472527964e-01
3.015928947446201214e+00 1.321457882414872886e-01
3.028495318060560493e+00 2.499744283195186600e-01
3.041061688674919772e+00 1.021615680167410334e-01
3.053628059289279051e+00 5.125769681804724642e-02
3.066194429903637886e+00 1.144966255803535338e-01
3.078760800517997165e+00 7.840216145164886907e-02
3.091327171132356444e+00 1.638412908094877551e-01
3.103893541746715723e+00 1.013001881140210628e-02
3.116459912361074558e+00 7.517138917190309411e-02
3.129026282975433837e+00 -1.344726999840801795e-01
3.141592653589793116e+00 1.269713701823924623e-01
3.154159024204152395e+00 1.022342258325303066e-01
3.166725394818511674e+00 -7.220776664897231301e-02
3.179291765432870509e+00 1.079649675214565674e-01
3.191858136047229788e+00 -2.941872175971973480e-01
3.204424506661589067e+00 -1.581046821472839037e-01
3.216990877275948346e+00 7.703750512587924371e-02
3.229557247890307181e+00 -1.868159506443186624e-01
3.242123618504666460e+00 -1.602277945104882972e-01
3.254689989119025739e+00 -2.549573034603934418e-02
3.267256359733385018e+00 -2.153820709288747359e-01
3.279822730347744297e+00 -2.527435121898378712e-01
3.292389100962103132e+00 -1.390047586979810401e-01
3.304955471576462411e+00 -1.750247491296114677e-01
3.317521842190821690e+00 -3.360867767393702077e-01
3.330088212805180969e+00 -3.970432959544305529e-01
3.342654583419540248e+00 -2.716072306892359789e-01
3.355220954033899083e+00 -8.399817668110801105e-02
3.367787324648258362e+00 -2.303616758470752590e-01
3.380353695262617642e+00 -1.752848959841388221e-01
3.392920065876976921e+00 -3.011503793016377384e-01
3.405486436491335756e+00 -2.243345316819598256e-01
3.418052807105695035e+00 -2.026936315203006211e-01
3.430619177720054314e+00 -3.571638471297525763e-01
3.443185548334413593e+00 -2.064005925166335353e-01
3.455751918948772872e+00 -2.939084738136124031e-01
3.468318289563131707e+00 -2.625604095759975776e-01
3.480884660177490986e+00 -4.334015638404035142e-01
3.493451030791850265e+00 -2.087983682808302877e-01
3.506017401406209544e+00 -2.385364806760566503e-01
3.518583772020568823e+00 -5.125467000255315986e-01
3.531150142634927658e+00 -2.866258281505849048e-01
3.543716513249286937e+00 -3.944203496436410328e-01
3.556282883863646216e+00 -1.946017979094114836e-01
3.568849254478005495e+00 -2.783099371168072933e-01
3.581415625092364330e+00 -4.245278888221083458e-01
3.593981995706723609e+00 -4.777886762586962544e-01
3.606548366321082888e+00 -5.792274290308486728e-01
3.619114736935442167e+00 -4.089031358464885191e-01
3.631681107549800558e+00 -3.802010870606908344e-01
3.644247478164159837e+00 -5.595269622480636418e-01
3.656813848778519116e+00 -4.061857440644950912e-01
3.669380219392877951e+00 -4.632986083769054519e-01
3.681946590007237230e+00 -5.395972428751116823e-01
3.694512960621596509e+00 -5.326236244105141404e-01
3.707079331235955788e+00 -5.479314308977037973e-01
3.719645701850315067e+00 -4.969807866662191431e-01
3.732212072464673902e+00 -4.468537287437771566e-01
3.744778443079033181e+00 -3.505850198975765664e-01
3.757344813693392460e+00 -3.415653548606568668e-01
3.769911184307751739e+00 -7.602094311364255841e-01
3.782477554922110574e+00 -6.943497680500814173e-01
3.795043925536469853e+00 -6.426775016000743079e-01
3.807610296150829132e+00 -5.895318887607292613e-01
3.820176666765188411e+00 -5.343313848646907838e-01
3.832743037379547690e+00 -6.518410477529497093e-01
3.845309407993906525e+00 -4.410185739741667166e-01
3.857875778608265804e+00 -7.673701911457321279e-01
3.870442149222625083e+00 -5.592411067780662659e-01
3.883008519836984362e+00 -6.410104992862768469e-01
3.895574890451343641e+00 -5.950642324094410629e-01
3.908141261065702476e+00 -7.121225306224426843e-01
3.920707631680061755e+00 -7.036180018089924770e-01
3.933274002294421035e+00 -8.057096912368973962e-01
3.945840372908780314e+00 -8.470569112420472946e-01
3.958406743523139149e+00 -6.720445423051861766e-01
3.970973114137498428e+00 -6.404267241967928070e-01
3.983539484751857707e+00 -5.009495338677900644e-01
3.996105855366216986e+00 -8.184469810924445143e-01
4.008672225980576265e+00 -7.208499256433481550e-01
4.021238596594935544e+00 -6.142681541340614393e-01
4.033804967209294823e+00 -6.800524706574906375e-01
4.046371337823653214e+00 -7.081466412025825274e-01
4.058937708438012493e+00 -9.156312830460038299e-01
4.071504079052371772e+00 -7.011584421100888198e-01
4.084070449666731051e+00 -7.327003021302023189e-01
4.096636820281090330e+00 -8.102772827364004282e-01
4.109203190895449609e+00 -9.075063878139615348e-01
4.121769561509808888e+00 -7.965653327383247495e-01
4.134335932124168167e+00 -8.179282736483797223e-01
4.146902302738527446e+00 -9.874294396949414576e-01
4.159468673352886725e+00 -7.650981506392444675e-01
4.172035043967245116e+00 -8.636365251643741692e-01
4.184601414581604395e+00 -9.206934258565961926e-01
4.197167785195963674e+00 -8.065163473468937028e-01
4.209734155810322953e+00 -7.970520388645419008e-01
4.222300526424682232e+00 -9.616532019788547325e-01
4.234866897039041511e+00 -8.579550034276355319e-01
4.247433267653400790e+00 -1.038176113006179957e+00
4.259999638267760069e+00 -8.680892957464005910e-01
4.272566008882119348e+00 -1.003047173365001488e+00
4.285132379496477739e+00 -8.840750254842234535e-01
4.297698750110837018e+00 -9.770082771645595132e-01
4.310265120725196297e+00 -1.068145929104459046e+00
4.322831491339555576e+00 -9.697069603893452294e-01
4.335397861953914855e+00 -8.964384925635864310e-01
4.347964232568274134e+00 -7.212671917010375910e-01
4.360530603182633413e+00 -1.048391812650225186e+00
4.373096973796992692e+00 -8.476663843393922315e-01
4.385663344411351972e+00 -8.013714405225569326e-01
4.398229715025710362e+00 -9.335624562131119575e-01
4.410796085640069641e+00 -9.474524622053597245e-01
4.423362456254428032e+00 -1.189960467936877375e+00
4.435928826868787311e+00 -8.722141538793471982e-01
4.448495197483146590e+00 -1.083254186004104502e+00
4.461061568097505869e+00 -9.278629367628445923e-01
4.473627938711865148e+00 -9.141388463272638321e-01
4.486194309326224428e+00 -9.857330153328440758e-01
4.498760679940583707e+00 -8.410531154437148604e-01
4.511327050554942986e+00 -9.339384504036032375e-01
4.523893421169302265e+00 -1.110040562969420552e+00
4.536459791783661544e+00 -9.161768397426184318e-01
4.549026162398019935e+00 -1.114227687539700362e+00
4.561592533012379214e+00 -7.327649600281607167e-01
4.574158903626738493e+00 -1.034126757528553320e+00
4.586725274241097772e+00 -8.588739797413127430e-01
4.599291644855457051e+00 -1.062122858962629701e+00
4.611858015469816330e+00 -9.031453523709760400e-01
4.624424386084175609e+00 -1.115026773536516913e+00
4.636990756698534888e+00 -1.041966598884086270e+00
4.649557127312894167e+00 -1.001168333794836940e+00
4.662123497927252558e+00 -9.702215848417290456e-01
4.674689868541611837e+00 -8.871895535414364709e-01
4.687256239155971116e+00 -7.372229200066423571e-01
4.699822609770330395e+00 -1.034469600840487669e+00
4.712388980384689674e+00 -1.175649246999626252e+00
4.724955350999048953e+00 -1.021625572805556992e+00
4.737521721613408232e+00 -1.043068775129013082e+00
4.750088092227767511e+00 -1.076961353162563695e+00
4.762654462842126790e+00 -1.041798165204556259e+00
4.775220833456485181e+00 -9.739838543332401954e-01
4.787787204070844460e+00 -8.038708600902395585e-01
4.800353574685203739e+00 -1.210267636367425848e+00
4.812919945299563018e+00 -1.178612957847876119e+00
4.825486315913922297e+00 -9.792309291827007156e-01
4.838052686528281576e+00 -1.109001269061937300e+00
4.850619057142640855e+00 -1.002521113357498272e+00
4.863185427757000134e+00 -9.474406992397896854e-01
4.875751798371359413e+00 -9.943102574185296305e-01
4.888318168985717804e+00 -1.072212067939448898e+00
4.900884539600077083e+00 -9.072119195112215984e-01
4.913450910214436362e+00 -1.087184555312063150e+00
4.926017280828795641e+00 -1.031012702378544255e+00
4.938583651443154920e+00 -1.025127137210765094e+00
4.951150022057514200e+00 -9.268420088468588558e-01
4.963716392671873479e+00 -9.830048380821426734e-01
4.976282763286232758e+00 -9.154669816033389473e-01
4.988849133900592037e+00 -9.810859431149261400e-01
5.001415504514951316e+00 -8.410702205819162725e-01
5.013981875129309707e+00 -1.121622172819531027e+00
5.026548245743668986e+00 -7.543826678865579449e-01
5.039114616358028265e+00 -9.453641092235335330e-01
5.051680986972387544e+00 -8.553621180773860466e-01
5.064247357586746823e+00 -9.179266122549543105e-01
5.076813728201106102e+00 -9.086586455446120647e-01
5.089380098815465381e+00 -9.652090475496843958e-01
5.101946469429824660e+00 -9.281461055020354678e-01
5.114512840044183939e+00 -9.616305476841520150e-01
5.127079210658542330e+00 -1.073437067739854811e+00
5.139645581272901609e+00 -1.020568367129436105e+00
5.152211951887260888e+00 -9.452433075400038520e-01
5.164778322501620167e+00 -8.197651324349540802e-01
5.177344693115979446e+00 -6.459848684373215022e-01
5.189911063730338725e+00 -8.697346190109145336e-01
5.202477434344698004e+00 -5.732779899514288680e-01
5.215043804959057283e+00 -9.423954639423168800e-01
5.227610175573416562e+00 -1.004794941918915940e+00
5.240176546187774953e+00 -6.661865089891011449e-01
5.252742916802134232e+00 -9.132254330406404108e-01
5.265309287416492623e+00 -8.271865409088217103e-01
5.277875658030851902e+00 -1.179049931862648615e+00
5.290442028645211181e+00 -7.744550886298955383e-01
5.303008399259570460e+00 -8.050175735501150509e-01
5.315574769873929739e+00 -6.955581012589644452e-01
5.328141140488289018e+00 -9.312658219866153386e-01
5.340707511102648297e+00 -7.264736685898072199e-01
5.353273881717007576e+00 -8.371270223964115686e-01
5.365840252331366855e+00 -8.828910665422904369e-01
5.378406622945726134e+00 -6.244335099735432992e-01
5.390972993560084525e+00 -7.926348474055480153e-01
5.403539364174443804e+00 -8.731273962809300571e-01
5.416105734788803083e+00 -5.969405488051124919e-01
5.428672105403162362e+00 -6.376394991735389040e-01
5.441238476017521641e+00 -8.400895028117312258e-01
5.453804846631880920e+00 -7.276879533554265755e-01
5.466371217246240199e+00 -6.972986714231326211e-01
5.478937587860599479e+00 -7.138374244121966639e-01
5.491503958474958758e+00 -8.000882888723892528e-01
5.504070329089317148e+00 -5.063101503549986004e-01
5.516636699703676427e+00 -6.693205970978856056e-01
5.529203070318035707e+00 -6.298104818227717727e-01
5.541769440932394986e+00 -7.855739295589105886e-01
5.554335811546754265e+00 -6.679722800086017598e-01
5.566902182161113544e+00 -7.931964806110355370e-01
5.579468552775472823e+00 -6.130754338391417591e-01
5.592034923389832102e+00 -5.468985958228316235e-01
5.604601294004191381e+00 -7.845824378163934743e-01
5.617167664618549772e+00 -6.648216618504159126e-01
5.629734035232909051e+00 -5.540864889632064472e-01
5.642300405847268330e+00 -4.971097122447354910e-01
5.654866776461627609e+00 -5.831984720187057825e-01
5.667433147075986888e+00 -5.561024931623642642e-01
5.679999517690346167e+00 -4.589546811047598429e-01
5.692565888304705446e+00 -6.027980492131000956e-01
5.705132258919064725e+00 -6.332576178652062904e-01
5.717698629533424004e+00 -7.124876185801298778e-01
5.730265000147783283e+00 -6.388486377407820438e-01
5.742831370762141674e+00 -5.134943399912613726e-01
5.755397741376500953e+00 -4.947822902456534555e-01
5.767964111990860232e+00 -6.614308563545975295e-01
5.780530482605219511e+00 -6.005295760668313276e-01
5.793096853219578790e+00 -4.723420163988065745e-01
5.805663223833938069e+00 -4.261286636283598828e-01
5.818229594448297348e+00 -5.323373579570951364e-01
5.830795965062656627e+00 -3.905224464549675312e-01
5.843362335677015906e+00 -3.521118949628883610e-01
5.855928706291374297e+00 -3.698506706962330082e-01
5.868495076905733576e+00 -3.774812331999292114e-01
5.881061447520092855e+00 -5.258423897257402668e-01
5.893627818134452134e+00 -3.275372271010446590e-01
5.906194188748811413e+00 -5.424586011889518389e-01
5.918760559363170692e+00 -3.792429690732604386e-01
5.931326929977529971e+00 -4.496514080910863354e-01
5.943893300591889250e+00 -2.017573175563312504e-01
5.956459671206248530e+00 -3.871501642490721151e-01
5.969026041820606920e+00 -2.758300915930552710e-01
5.981592412434966199e+00 -3.982881481409850100e-01
5.994158783049325478e+00 -4.326324028076713457e-01
6.006725153663684758e+00 -3.999388465700235984e-01
6.019291524278044037e+00 -2.219016599935104417e-01
6.031857894892402427e+00 -4.549089824251042469e-01
6.044424265506761706e+00 -2.484407221420089906e-01
6.056990636121120986e+00 -3.655174217456491625e-01
6.069557006735480265e+00 -1.012224497060565664e-01
6.082123377349839544e+00 -2.532802492437331021e-01
6.094689747964198823e+00 -1.144349730029814854e-01
6.107256118578558102e+00 -1.720278100923047782e-01
6.119822489192916493e+00 -2.840705858412905793e-01
6.132388859807275772e+00 -1.118353911895342279e-01
6.144955230421635051e+00 -1.447331403642153902e-01
6.157521601035994330e+00 -2.939535845798451064e-01
6.170087971650353609e+00 8.538049150762287709e-02
6.182654342264712888e+00 -4.667264960043851496e-02
6.195220712879072167e+00 -1.060354761286739222e-01
6.207787083493431446e+00 -2.629668070619317066e-01
6.220353454107790725e+00 4.615816733350640300e-02
6.232919824722149116e+00 -7.630428846553304056e-02
6.245486195336508395e+00 1.266330036960642003e-01
6.258052565950867674e+00 -1.753581051461002849e-01
6.270618936565226953e+00 1.465495046670649559e-01
