0.000000000000000000e+00 1.124590060694783955e-01
1.256637061435917323e-02 -6.614264054371257751e-02
2.513274122871834645e-02 6.194904381981790331e-02
3.769911184307751795e-02 1.097145149178496565e-01
5.026548245743669291e-02 5.985380108221792506e-02
6.283185307179586787e-02 6.948097353240327567e-02
7.539822368615503589e-02 -1.774808630657892516e-02
8.796459430051420392e-02 1.922387636647048814e-01
1.005309649148733858e-01 1.955004695018807415e-01
1.130973355292325677e-01 1.202194978241569179e-02
1.256637061435917357e-01 2.384235820652761406e-01
1.382300767579508760e-01 2.017568523574245209e-02
1.507964473723100718e-01 1.536609825551517872e-01
1.633628179866692676e-01 9.314399617636037743e-02
1.759291886010284078e-01 2.702249803686141427e-01
1.884955592153875759e-01 1.551874189690315431e-01
2.010619298297467716e-01 3.160023322528557332e-01
2.136283004441059397e-01 4.409423821559749213e-01
2.261946710584651354e-01 2.272129532351884473e-01
2.387610416728242757e-01 3.204480910971660990e-01
2.513274122871834715e-01 2.904867152400535391e-01
2.638937829015426395e-01 1.113444842430809378e-01
2.764601535159017520e-01 2.225461738885898266e-01
2.890265241302609756e-01 4.756591856908849447e-01
3.015928947446201436e-01 3.524581223931579355e-01
3.141592653589793116e-01 1.664950251712726259e-01
3.267256359733385351e-01 3.496442381525960430e-02
3.392920065876976476e-01 3.120582470896478000e-01
3.518583772020568157e-01 2.000056355035912947e-01
3.644247478164160392e-01 2.221989682325309634e-01
3.769911184307751517e-01 5.250576459222690007e-01
3.895574890451343197e-01 1.835959543089101254e-01
4.021238596594935433e-01 4.272767314958605955e-01
4.146902302738527113e-01 4.761659331588006805e-01
4.272566008882118793e-01 3.339647026626960669e-01
4.398229715025711029e-01 3.848465629517823228e-01
4.523893421169302709e-01 5.022797534809848585e-01
4.649557127312893834e-01 3.863225328840440009e-01
4.775220833456485514e-01 4.268132900462529022e-01
4.900884539600077194e-01 4.802773442376110924e-01
5.026548245743669430e-01 6.696928107411627140e-01
5.152211951887261110e-01 5.363609051325959332e-01
5.277875658030852790e-01 3.036718745295858835e-01
5.403539364174444470e-01 5.183495158522605228e-01
5.529203070318035040e-01 4.329729557907998627e-01
5.654866776461627831e-01 3.835282674448580176e-01
5.780530482605219511e-01 4.477529118245989204e-01
5.906194188748811191e-01 5.120489449932326131e-01
6.031857894892402872e-01 7.308989465206369163e-01
6.157521601035994552e-01 4.438220508583892165e-01
6.283185307179586232e-01 6.199933665253816173e-01
6.408849013323177912e-01 5.858000051770980710e-01
6.534512719466770703e-01 7.426429216613344986e-01
6.660176425610361273e-01 6.371506830932830434e-01
6.785840131753952953e-01 4.855733742596692881e-01
6.911503837897544633e-01 8.472637209349549448e-01
7.037167544041136313e-01 5.403862552199198976e-01
7.162831250184729104e-01 8.152388699634992575e-01
7.288494956328320784e-01 6.706200141062284015e-01
7.414158662471912464e-01 6.956603167051813585e-01
7.539822368615503034e-01 5.601991113437646552e-01
7.665486074759094715e-01 5.773987654196628405e-01
7.791149780902686395e-01 7.549995675781170368e-01
7.916813487046279185e-01 7.085012360093300154e-01
8.042477193189870865e-01 8.537313393240928416e-01
8.168140899333462546e-01 7.351387770306044844e-01
8.293804605477054226e-01 5.125983931912536651e-01
8.419468311620645906e-01 7.549171014013014158e-01
8.545132017764237586e-01 7.228070443469150064e-01
8.670795723907829267e-01 8.024891949574787242e-01
8.796459430051422057e-01 8.344835312212297573e-01
8.922123136195013737e-01 9.535368436565229144e-01
9.047786842338605418e-01 9.033638217392372383e-01
9.173450548482194877e-01 8.523473197149344927e-01
9.299114254625787668e-01 7.722525695718778227e-01
9.424777960769379348e-01 8.086497921959948654e-01
9.550441666912971028e-01 9.444131386319606358e-01
9.676105373056562708e-01 6.954894767360148000e-01
9.801769079200154389e-01 8.063700906558287640e-01
9.927432785343746069e-01 9.005116277674296565e-01
1.005309649148733886e+00 7.633945759769774630e-01
1.017876019763092943e+00 7.857851967248234981e-01
1.030442390377452222e+00 1.079540298013848876e+00
1.043008760991811279e+00 6.671696289063833163e-01
1.055575131606170558e+00 8.241363317333996186e-01
1.068141502220529837e+00 9.022338861775300867e-01
1.080707872834888894e+00 9.185804695588939417e-01
1.093274243449248173e+00 1.005957922044669273e+00
1.105840614063607008e+00 9.243005000692089412e-01
1.118406984677966287e+00 8.288559157349810746e-01
1.130973355292325566e+00 8.543745181170827596e-01
1.143539725906684623e+00 1.031059651460416005e+00
1.156106096521043902e+00 8.483779996576417126e-01
1.168672467135402959e+00 9.413490250426523875e-01
1.181238837749762238e+00 7.703329457494204613e-01
1.193805208364121295e+00 8.336586404176928866e-01
1.206371578978480574e+00 9.296221218453515345e-01
1.218937949592839853e+00 1.049685713293403655e+00
1.231504320207198910e+00 8.833467786112967346e-01
1.244070690821558189e+00 1.022047310033781464e+00
1.256637061435917246e+00 1.005360579589448466e+00
1.269203432050276525e+00 1.075880505414580357e+00
1.281769802664635582e+00 1.018046165321331298e+00
1.294336173278994861e+00 9.678156272319917708e-01
1.306902543893354141e+00 9.894645287646107734e-01
1.319468914507712975e+00 9.363157451669891218e-01
1.332035285122072255e+00 1.026926220754041719e+00
1.344601655736431534e+00 1.018928315124000505e+00
1.357168026350790591e+00 1.066911731149920328e+00
1.369734396965149870e+00 9.150566170275500344e-01
1.382300767579508927e+00 1.063852878501222898e+00
1.394867138193868206e+00 8.623547989612077025e-01
1.407433508808227263e+00 1.017779953458911368e+00
1.419999879422586542e+00 9.881463145178673857e-01
1.432566250036945821e+00 9.600457204099959174e-01
1.445132620651304878e+00 9.716324698810607785e-01
1.457698991265664157e+00 1.011071991208270626e+00
1.470265361880023214e+00 1.109220541061014975e+00
1.482831732494382493e+00 9.579997102799686637e-01
1.495398103108741550e+00 9.726913296083101734e-01
1.507964473723100607e+00 8.728072533287742907e-01
1.520530844337459886e+00 1.131525320985343974e+00
1.533097214951818943e+00 1.006732113050478716e+00
1.545663585566178222e+00 9.324704769162740492e-01
1.558229956180537279e+00 9.139086472653139559e-01
1.570796326794896558e+00 9.188426147271225863e-01
1.583362697409255837e+00 1.017718795252561703e+00
1.595929068023614894e+00 1.070753765923198042e+00
1.608495438637974173e+00 9.701049827164165418e-01
1.621061809252333230e+00 8.711685156120362317e-01
1.633628179866692509e+00 1.043919603321039613e+00
1.646194550481051566e+00 8.792653123196040310e-01
1.658760921095410845e+00 1.088273634694354453e+00
1.671327291709770124e+00 1.207400437798673343e+00
1.683893662324129181e+00 1.010388512941353012e+00
1.696460032938488460e+00 1.029823119566840806e+00
1.709026403552847517e+00 9.749515524713254777e-01
1.721592774167206796e+00 1.035924767622736553e+00
1.734159144781565853e+00 9.655144216653416267e-01
1.746725515395925132e+00 7.475217694368231358e-01
1.759291886010284411e+00 1.018824610845570078e+00
1.771858256624643468e+00 7.895705282762233157e-01
1.784424627239002747e+00 1.039473044565108806e+00
1.796990997853361804e+00 9.588035216708591379e-01
1.809557368467721084e+00 9.494514785398472378e-01
1.822123739082079918e+00 9.862227269969481291e-01
1.834690109696438975e+00 8.364630260333101308e-01
1.847256480310798255e+00 9.624075636938498324e-01
1.859822850925157534e+00 9.758895001722551754e-01
1.872389221539516591e+00 1.076238817754006094e+00
1.884955592153875870e+00 9.855074404763295437e-01
1.897521962768234927e+00 1.112879941483935209e+00
1.910088333382594206e+00 9.145729056601260565e-01
1.922654703996953263e+00 8.591673616486549259e-01
1.935221074611312542e+00 8.810052887180832570e-01
1.947787445225671821e+00 7.484651703890597974e-01
1.960353815840030878e+00 1.074158529752443192e+00
1.972920186454390157e+00 8.187979996662750892e-01
1.985486557068749214e+00 9.504431766956388250e-01
1.998052927683108493e+00 8.644573045708722203e-01
2.010619298297467772e+00 7.940597850359494281e-01
2.023185668911826607e+00 8.443823339400786665e-01
2.035752039526185886e+00 8.021803608611105529e-01
2.048318410140545165e+00 9.760063921577563084e-01
2.060884780754904444e+00 9.374665594207680641e-01
2.073451151369263723e+00 7.325668214726058780e-01
2.086017521983622558e+00 9.797562698985986529e-01
2.098583892597981837e+00 7.483424487558539839e-01
2.111150263212341116e+00 8.090190947386313169e-01
2.123716633826700395e+00 9.220183751347664769e-01
2.136283004441059674e+00 1.005420237487352209e+00
2.148849375055418509e+00 6.924304106144696380e-01
2.161415745669777788e+00 9.138233699162364720e-01
2.173982116284137067e+00 8.713008590704679479e-01
2.186548486898496346e+00 9.217768995166480961e-01
2.199114857512855181e+00 8.443330277301676068e-01
2.211681228127214016e+00 8.615923989386498061e-01
2.224247598741573295e+00 7.080399646758506194e-01
2.236813969355932574e+00 6.593187919637077954e-01
2.249380339970291853e+00 7.328196104741059314e-01
2.261946710584651132e+00 8.517504843564080996e-01
2.274513081199009967e+00 8.385772800156949813e-01
2.287079451813369246e+00 8.570878233902903265e-01
2.299645822427728525e+00 6.041721734464944316e-01
2.312212193042087804e+00 8.264185563789039346e-01
2.324778563656447083e+00 7.025814111117636429e-01
2.337344934270805918e+00 8.784824464847323933e-01
2.349911304885165197e+00 7.707923368772251482e-01
2.362477675499524477e+00 8.331982659373412536e-01
2.375044046113883756e+00 5.236166531554058423e-01
2.387610416728242591e+00 5.997726336340648556e-01
2.400176787342601870e+00 7.959571800369724670e-01
2.412743157956961149e+00 6.664098497056050174e-01
2.425309528571320428e+00 6.804415554175464731e-01
2.437875899185679707e+00 7.540499865203540431e-01
2.450442269800038542e+00 6.163796206813471068e-01
2.463008640414397821e+00 6.152420765479462705e-01
2.475575011028757100e+00 7.875406368506039367e-01
2.488141381643116379e+00 5.883777097916630394e-01
2.500707752257475658e+00 4.230108677729356170e-01
2.513274122871834493e+00 7.228646507402064492e-01
2.525840493486193772e+00 6.067543361760754372e-01
2.538406864100553051e+00 6.121232017805418035e-01
2.550973234714912330e+00 7.161582819379870291e-01
2.563539605329271165e+00 4.687395638951561416e-01
2.576105975943630444e+00 5.487170506123194569e-01
2.588672346557989723e+00 4.486406631651476129e-01
2.601238717172349002e+00 5.266449013645455590e-01
2.613805087786708281e+00 6.159632397071341803e-01
2.626371458401067116e+00 5.968831065503397149e-01
2.638937829015425951e+00 4.924140582622476559e-01
2.651504199629785230e+00 5.459125808839221383e-01
2.664070570244144509e+00 5.766550594513120132e-01
2.676636940858503788e+00 5.148551069595714846e-01
2.689203311472863067e+00 3.800912720086635499e-01
2.701769682087221902e+00 6.363501458462360594e-01
2.714336052701581181e+00 3.364384045984810667e-01
2.726902423315940460e+00 3.079537857452037120e-01
2.739468793930299739e+00 5.926350166153419030e-01
2.752035164544658574e+00 3.625740275682448055e-01
2.764601535159017853e+00 3.620123962514260607e-01
2.777167905773377132e+00 2.339544055318718008e-01
2.789734276387736411e+00 3.536065420673316084e-01
2.802300647002095690e+00 3.747523793102162104e-01
2.814867017616454525e+00 2.891615024765134545e-01
2.827433388230813804e+00 4.860854323939772792e-01
2.839999758845173083e+00 2.861831800825802574e-01
2.852566129459532362e+00 2.088394438525146557e-01
2.865132500073891642e+00 2.483320953614028270e-01
2.877698870688250476e+00 2.983853538350030310e-01
2.890265241302609756e+00 2.230462470578397083e-01
2.902831611916969035e+00 3.208448683947462410e-02
2.915397982531328314e+00 1.382482845318538378e-01
2.927964353145687149e+00 2.698144909261340763e-01
2.940530723760046428e+00 3.094928136515692763e-01
2.953097094374405707e+00 1.215209003275358607e-01
2.965663464988764986e+00 1.989727302351800564e-01
2.978229835603124265e+00 1.504125881398740705e-01
2.990796206217483100e+00 1.095459934152432646e-01
3.003362576831842379e+00 2.074954475052014913e-01
3.015928947446201214e+00 3.576041350571799171e-01
3.028495318060560493e+00 1.078700068056589051e-01
3.041061688674919772e+00 -3.243128829676758529e-02
3.053628059289279051e+00 1.718262922562852069e-01
3.066194429903637886e+00 -8.616180257901816242e-02
3.078760800517997165e+00 2.509651866336342074e-01
3.091327171132356444e+00 7.395577498007085970e-02
3.103893541746715723e+00 2.162324560288278186e-01
3.116459912361074558e+00 -8.208654406198363784e-02
3.129026282975433837e+00 1.174069568083857262e-01
3.141592653589793116e+00 -3.280612737018854391e-02
3.154159024204152395e+00 5.156458118343149738e-02
3.166725394818511674e+00 -2.581538264293651436e-02
3.179291765432870509e+00 -7.448394509013762932e-02
3.191858136047229788e+00 -2.207168183283536589e-03
3.204424506661589067e+00 -1.131165766714299636e-01
3.216990877275948346e+00 -5.112429103047494428e-02
3.229557247890307181e+00 -1.501531734947747221e-01
3.242123618504666460e+00 -8.933540473686256422e-02
3.254689989119025739e+00 -1.886712365067524377e-01
3.267256359733385018e+00 -1.212258008633369383e-01
3.279822730347744297e+00 -9.376529151490811675e-02
3.292389100962103132e+00 -1.058045766288040895e-01
3.304955471576462411e+00 -3.056223530376847020e-01
3.317521842190821690e+00 -1.159285500288635279e-01
3.330088212805180969e+00 -1.398528985901086319e-01
3.342654583419540248e+00 -3.122309104063190621e-01
3.355220954033899083e+00 -1.363482649091947996e-01
3.367787324648258362e+00 -2.857825656974201101e-01
3.380353695262617642e+00 -4.495491659642190108e-01
3.392920065876976921e+00 -2.219715873340543655e-01
3.405486436491335756e+00 -4.286709856466489055e-01
3.418052807105695035e+00 -3.167589714914637034e-01
3.430619177720054314e+00 -2.958563213716444706e-01
3.443185548334413593e+00 -3.907335977974879526e-01
3.455751918948772872e+00 -2.389939044048056127e-01
3.468318289563131707e+00 -1.515389603628789217e-01
3.480884660177490986e+00 -2.206036812365249067e-01
3.493451030791850265e+00 -4.150550785570251699e-01
3.506017401406209544e+00 -5.112635979217150517e-01
3.518583772020568823e+00 -4.887527253200887323e-01
3.531150142634927658e+00 -2.943305714963661557e-01
3.543716513249286937e+00 -3.614068286744265834e-01
3.556282883863646216e+00 -5.067871005683950436e-01
3.568849254478005495e+00 -4.517469151959395690e-01
3.581415625092364330e+00 -4.275271609133997064e-01
3.593981995706723609e+00 -4.974019166178990092e-01
3.606548366321082888e+00 -4.668233319887287736e-01
3.619114736935442167e+00 -6.014586670237712651e-01
3.631681107549800558e+00 -4.298047508106571657e-01
3.644247478164159837e+00 -4.450460045891015959e-01
3.656813848778519116e+00 -5.067056630999594580e-01
3.669380219392877951e+00 -4.604564459684644673e-01
3.681946590007237230e+00 -5.700634439152905131e-01
3.694512960621596509e+00 -3.899810195872892571e-01
3.707079331235955788e+00 -6.370326146756928321e-01
3.719645701850315067e+00 -5.050837070848088750e-01
3.732212072464673902e+00 -4.927448350600256433e-01
3.744778443079033181e+00 -4.411513860169714030e-01
3.757344813693392460e+00 -5.008826299335057408e-01
3.769911184307751739e+00 -6.429967369586208070e-01
3.782477554922110574e+00 -6.654034104226296265e-01
3.795043925536469853e+00 -5.671335346461108262e-01
3.807610296150829132e+00 -4.832390371739071488e-01
3.820176666765188411e+00 -4.711869448046888120e-01
3.832743037379547690e+00 -6.346916542711419362e-01
3.845309407993906525e+00 -5.282444937635916160e-01
3.857875778608265804e+00 -7.174938292447702315e-01
3.870442149222625083e+00 -7.793993704691075664e-01
3.883008519836984362e+00 -8.517158153648591856e-01
3.895574890451343641e+00 -7.202436085238148600e-01
3.908141261065702476e+00 -5.337780774263142236e-01
3.920707631680061755e+00 -6.280808137717405204e-01
3.933274002294421035e+00 -7.825011087735223025e-01
3.945840372908780314e+00 -7.344287117973348211e-01
3.958406743523139149e+00 -6.509518675756535977e-01
3.970973114137498428e+00 -6.904195008628903896e-01
3.983539484751857707e+00 -7.288591404499138449e-01
3.996105855366216986e+00 -8.598481754570105329e-01
4.008672225980576265e+00 -8.141762054999250875e-01
4.021238596594935544e+00 -9.215684484990528391e-01
4.033804967209294823e+00 -7.133564782156207595e-01
4.046371337823653214e+00 -7.770418305938184833e-01
4.058937708438012493e+00 -8.035493238371967939e-01
4.071504079052371772e+00 -7.848229004623101801e-01
4.084070449666731051e+00 -7.327361068611194517e-01
4.096636820281090330e+00 -8.260692050027522715e-01
4.109203190895449609e+00 -9.122623148300909035e-01
4.121769561509808888e+00 -8.340387650534273334e-01
4.134335932124168167e+00 -8.686787642558885247e-01
4.146902302738527446e+00 -7.730072610261176091e-01
4.159468673352886725e+00 -9.254036851258257146e-01
4.172035043967245116e+00 -7.806409999189340976e-01
4.184601414581604395e+00 -8.272052643596325971e-01
4.197167785195963674e+00 -8.927326917768272363e-01
4.209734155810322953e+00 -8.504697666462798233e-01
4.222300526424682232e+00 -5.639946010922849418e-01
4.234866897039041511e+00 -9.434488593054182193e-01
4.247433267653400790e+00 -8.844588188502022774e-01
4.259999638267760069e+00 -8.789675057709614991e-01
4.272566008882119348e+00 -8.361857354169354162e-01
4.285132379496477739e+00 -8.097673546950285850e-01
4.297698750110837018e+00 -9.709240609897485941e-01
4.310265120725196297e+00 -9.669978933821852252e-01
4.322831491339555576e+00 -9.977811981671109720e-01
4.335397861953914855e+00 -8.843372552858954627e-01
4.347964232568274134e+00 -8.946449843037800331e-01
4.360530603182633413e+00 -1.048750636983261986e+00
4.373096973796992692e+00 -1.026745109203444084e+00
4.385663344411351972e+00 -9.645622421376239819e-01
4.398229715025710362e+00 -9.891570582061751660e-01
4.410796085640069641e+00 -8.705931856831887750e-01
4.423362456254428032e+00 -8.736485087496456137e-01
4.435928826868787311e+00 -1.244451622823159909e+00
4.448495197483146590e+00 -8.802127379582402877e-01
4.461061568097505869e+00 -8.824458258496645779e-01
4.473627938711865148e+00 -9.085629835708857183e-01
4.486194309326224428e+00 -9.279317134996326599e-01
4.498760679940583707e+00 -8.496861511102778985e-01
4.511327050554942986e+00 -1.039499537437783339e+00
4.523893421169302265e+00 -1.049381485523510404e+00
4.536459791783661544e+00 -8.306733199968872050e-01
4.549026162398019935e+00 -9.859985836797978687e-01
4.561592533012379214e+00 -9.783646234188714264e-01
4.574158903626738493e+00 -9.298604554985839821e-01
4.586725274241097772e+00 -8.283592568969904146e-01
4.599291644855457051e+00 -9.239029657618259561e-01
4.611858015469816330e+00 -9.930981732095219838e-01
4.624424386084175609e+00 -9.617098705713298390e-01
4.636990756698534888e+00 -9.401907783740247604e-01
4.649557127312894167e+00 -1.026417997845538777e+00
4.662123497927252558e+00 -8.104418126830041924e-01
4.674689868541611837e+00 -8.643117220611084006e-01
4.687256239155971116e+00 -9.695701114587484959e-01
4.699822609770330395e+00 -9.848376795510563886e-01
4.712388980384689674e+00 -8.482925331935868840e-01
4.724955350999048953e+00 -1.091438978055023323e+00
4.737521721613408232e+00 -1.113807290027764463e+00
4.750088092227767511e+00 -1.044119185152466933e+00
4.762654462842126790e+00 -1.218759012427302224e+00
4.775220833456485181e+00 -9.268000248868251134e-01
4.787787204070844460e+00 -1.189469586102825271e+00
4.800353574685203739e+00 -1.011713561028022568e+00
4.812919945299563018e+00 -1.162325993077949260e+00
4.825486315913922297e+00 -1.066440869137656344e+00
4.838052686528281576e+00 -1.090023483956864991e+00
4.850619057142640855e+00 -9.468630379601976621e-01
4.863185427757000134e+00 -1.124390033369693009e+00
4.875751798371359413e+00 -9.052739789223785971e-01
4.888318168985717804e+00 -1.038718495163705846e+00
4.900884539600077083e+00 -1.046765145721281653e+00
4.913450910214436362e+00 -1.150959578632048119e+00
4.926017280828795641e+00 -7.669905676854560372e-01
4.938583651443154920e+00 -6.716826681574963320e-01
4.951150022057514200e+00 -9.683477974133433142e-01
4.963716392671873479e+00 -1.094228387573483063e+00
4.976282763286232758e+00 -1.247079636482637977e+00
4.988849133900592037e+00 -9.199246747054915518e-01
5.001415504514951316e+00 -9.781868017081366551e-01
5.013981875129309707e+00 -6.684740938489996953e-01
5.026548245743668986e+00 -9.685223507425657630e-01
5.039114616358028265e+00 -8.341289346077138678e-01
5.051680986972387544e+00 -8.447764150288801233e-01
5.064247357586746823e+00 -7.873436282810839515e-01
5.076813728201106102e+00 -9.773928643312509434e-01
5.089380098815465381e+00 -9.188176286885664235e-01
5.101946469429824660e+00 -8.132995751310130306e-01
5.114512840044183939e+00 -9.084404623759581021e-01
5.127079210658542330e+00 -8.223189297300890210e-01
5.139645581272901609e+00 -1.028518773941331732e+00
5.152211951887260888e+00 -7.866182949356240739e-01
5.164778322501620167e+00 -8.960029071744143314e-01
5.177344693115979446e+00 -9.406647739436295730e-01
5.189911063730338725e+00 -8.439562760410370679e-01
5.202477434344698004e+00 -8.876359853257922428e-01
5.215043804959057283e+00 -7.480444814934501530e-01
5.227610175573416562e+00 -8.606127380972882213e-01
5.240176546187774953e+00 -7.600192581247604551e-01
5.252742916802134232e+00 -9.305059841109801777e-01
5.265309287416492623e+00 -9.279640228447783024e-01
5.277875658030851902e+00 -8.974172624284006972e-01
5.290442028645211181e+00 -8.152816674960869925e-01
5.303008399259570460e+00 -8.892069128456071558e-01
5.315574769873929739e+00 -1.041135221603691319e+00
5.328141140488289018e+00 -7.337018087259949972e-01
5.340707511102648297e+00 -7.328765764964041418e-01
5.353273881717007576e+00 -8.224321415138605706e-01
5.365840252331366855e+00 -8.869594300798230302e-01
5.378406622945726134e+00 -8.186013223246160209e-01
5.390972993560084525e+00 -7.560686978698587524e-01
5.403539364174443804e+00 -6.228002905900120734e-01
5.416105734788803083e+00 -7.302400422685054737e-01
5.428672105403162362e+00 -6.243199351503094796e-01
5.441238476017521641e+00 -6.388072994838859264e-01
5.453804846631880920e+00 -5.812783908198253524e-01
5.466371217246240199e+00 -5.651544321004449145e-01
5.478937587860599479e+00 -6.854990370118900778e-01
5.491503958474958758e+00 -6.749890641422652271e-01
5.504070329089317148e+00 -6.220990904355467865e-01
5.516636699703676427e+00 -6.588831261382619431e-01
5.529203070318035707e+00 -6.832928655440106969e-01
5.541769440932394986e+00 -5.763388940285688600e-01
5.554335811546754265e+00 -5.817168217723082124e-01
5.566902182161113544e+00 -6.159779221869509103e-01
5.579468552775472823e+00 -6.016283123141841216e-01
5.592034923389832102e+00 -7.488681962020347083e-01
5.604601294004191381e+00 -6.070528576466753812e-01
5.617167664618549772e+00 -6.078695553964318377e-01
5.629734035232909051e+00 -6.130623605646167151e-01
5.642300405847268330e+00 -7.088859387131489775e-01
5.654866776461627609e+00 -5.008609015347789128e-01
5.667433147075986888e+00 -5.280165617040343262e-01
5.679999517690346167e+00 -6.391549264547105036e-01
5.692565888304705446e+00 -5.090854701056821696e-01
5.705132258919064725e+00 -5.649736113758596634e-01
5.717698629533424004e+00 -6.089967337854359508e-01
5.730265000147783283e+00 -5.785659379268317526e-01
5.742831370762141674e+00 -5.343738230998424932e-01
5.755397741376500953e+00 -4.609263190974639546e-01
5.767964111990860232e+00 -5.759923863805822553e-01
5.780530482605219511e+00 -4.928371826540451917e-01
5.793096853219578790e+00 -5.827868954246143707e-01
5.805663223833938069e+00 -3.908666502400229836e-01
5.818229594448297348e+00 -5.336984925402817881e-01
5.830795965062656627e+00 -5.841365230580867207e-01
5.843362335677015906e+00 -4.407621985996450498e-01
5.855928706291374297e+00 -5.340467877855450407e-01
5.868495076905733576e+00 -4.182861381947818868e-01
5.881061447520092855e+00 -5.573563990117111899e-01
5.893627818134452134e+00 -3.107668455892613757e-01
5.906194188748811413e+00 -4.453769718854223014e-01
5.918760559363170692e+00 -2.121709483828433940e-01
5.931326929977529971e+00 -2.120692683535833345e-01
5.943893300591889250e+00 -3.099790324854733714e-01
5.956459671206248530e+00 -2.724934714580545259e-01
5.969026041820606920e+00 -3.048327038772532527e-01
5.981592412434966199e+00 -2.983899744688083833e-01
5.994158783049325478e+00 -3.772027525518400481e-01
6.006725153663684758e+00 -2.357155030312284849e-01
6.019291524278044037e+00 -2.322689136323602965e-01
6.031857894892402427e+00 -2.526374355864279275e-01
6.044424265506761706e+00 -1.767829467745619387e-01
6.056990636121120986e+00 -3.786928526552160168e-01
6.069557006735480265e+00 -2.573307049195913132e-01
6.082123377349839544e+00 -2.133814718039712677e-01
6.094689747964198823e+00 -1.334131148940411182e-01
6.107256118578558102e+00 -1.988284565691538497e-01
6.119822489192916493e+00 -9.519979803905623261e-02
6.132388859807275772e+00 -1.815603388196092849e-01
6.144955230421635051e+00 -8.786149063554829497e-02
6.157521601035994330e+00 -9.997080488664536468e-02
6.170087971650353609e+00 -6.439936235546542265e-02
6.182654342264712888e+00 -1.443133311442812705e-01
6.195220712879072167e+00 3.947200878691506376e-03
6.207787083493431446e+00 9.351600544721422326e-02
6.220353454107790725e+00 -6.655249941090769783e-03
6.232919824722149116e+00 6.835485359468011779e-02
6.245486195336508395e+00 -7.278773431138602090e-02
6.258052565950867674e+00 -1.041830193328270038e-01
6.270618936565226953e+00 -1.179956085119106407e-01
