0.000000000000000000e+00 -4.010502469896386202e-02
1.256637061435917323e-02 -1.272095239506997877e-01
2.513274122871834645e-02 -9.476522196835145129e-02
3.769911184307751795e-02 6.521210741957654544e-03
5.026548245743669291e-02 8.216753813242208548e-02
6.283185307179586787e-02 1.596482097564952407e-01
7.539822368615503589e-02 2.585869878476911854e-01
8.796459430051420392e-02 2.438699709751573907e-02
1.005309649148733858e-01 1.339936454998995607e-01
1.130973355292325677e-01 3.388394062436972387e-02
1.256637061435917357e-01 2.179768644257125687e-01
1.382300767579508760e-01 1.103706320493705317e-01
1.507964473723100718e-01 2.274317534405419505e-01
1.633628179866692676e-01 -3.457427463246787180e-03
1.759291886010284078e-01 3.170199994308943170e-01
1.884955592153875759e-01 2.571864823968136871e-01
2.010619298297467716e-01 2.257496595649688131e-01
2.136283004441059397e-01 1.534683046691511787e-01
2.261946710584651354e-01 2.902552049417039814e-01
2.387610416728242757e-01 1.335732127367301181e-01
2.513274122871834715e-01 3.188189583663286197e-01
2.638937829015426395e-01 9.969663798433456292e-02
2.764601535159017520e-01 2.195538550571688174e-01
2.890265241302609756e-01 2.707955787526358793e-01
3.015928947446201436e-01 1.731674061000704756e-01
3.141592653589793116e-01 2.661460046080998953e-01
3.267256359733385351e-01 2.818485597905169282e-01
3.392920065876976476e-01 3.188065049798889938e-01
3.518583772020568157e-01 5.102012668813424856e-01
3.644247478164160392e-01 3.476336007397346495e-01
3.769911184307751517e-01 4.106411420249799216e-01
3.895574890451343197e-01 3.992133263879994454e-01
4.021238596594935433e-01 5.317998026664148004e-01
4.146902302738527113e-01 3.714175613803906151e-01
4.272566008882118793e-01 3.868021456194501995e-01
4.398229715025711029e-01 4.774872233896554907e-01
4.523893421169302709e-01 2.312051933902159462e-01
4.649557127312893834e-01 2.304218979143663470e-01
4.775220833456485514e-01 5.733421060199525021e-01
4.900884539600077194e-01 4.496185477778459338e-01
5.026548245743669430e-01 6.744545834891209068e-01
5.152211951887261110e-01 3.687651604144859818e-01
5.277875658030852790e-01 5.761333030654921528e-01
5.403539364174444470e-01 4.837734945504316153e-01
5.529203070318035040e-01 5.913975811519752712e-01
5.654866776461627831e-01 4.785143280040973224e-01
5.780530482605219511e-01 4.404584220027838448e-01
5.906194188748811191e-01 4.503343496928436940e-01
6.031857894892402872e-01 5.711488897545802246e-01
6.157521601035994552e-01 5.010626811744608444e-01
6.283185307179586232e-01 7.255092099702910025e-01
6.408849013323177912e-01 5.832743492432439503e-01
6.534512719466770703e-01 5.937811473448708632e-01
6.660176425610361273e-01 3.949422631195518285e-01
6.785840131753952953e-01 7.115720814924531012e-01
6.911503837897544633e-01 6.711079630778706839e-01
7.037167544041136313e-01 6.681418832931378393e-01
7.162831250184729104e-01 6.413950997139616916e-01
7.288494956328320784e-01 5.534101045298417398e-01
7.414158662471912464e-01 7.337364162888054819e-01
7.539822368615503034e-01 7.366088937752012233e-01
7.665486074759094715e-01 7.485434169459588283e-01
7.791149780902686395e-01 7.797548188954805948e-01
7.916813487046279185e-01 8.244900043849637816e-01
8.042477193189870865e-01 6.529274123014561226e-01
8.168140899333462546e-01 7.321199802266563639e-01
8.293804605477054226e-01 9.680165827648209431e-01
8.419468311620645906e-01 6.898261765053367300e-01
8.545132017764237586e-01 9.275840117993213729e-01
8.670795723907829267e-01 7.716982052562179062e-01
8.796459430051422057e-01 7.602485566758503399e-01
8.922123136195013737e-01 7.827251011102522860e-01
9.047786842338605418e-01 7.585137423401298040e-01
9.173450548482194877e-01 7.724166930921985141e-01
9.299114254625787668e-01 7.818015646008577013e-01
9.424777960769379348e-01 8.170740023430583809e-01
9.550441666912971028e-01 9.445423834568160704e-01
9.676105373056562708e-01 8.307283340901894242e-01
9.801769079200154389e-01 1.008847091832755449e+00
9.927432785343746069e-01 7.578538584035816594e-01
1.005309649148733886e+00 9.872302979058964478e-01
1.017876019763092943e+00 9.157274799372162599e-01
1.030442390377452222e+00 8.725929036492993118e-01
1.043008760991811279e+00 9.216129131477871494e-01
1.055575131606170558e+00 9.316209128905846848e-01
1.068141502220529837e+00 1.050108451174173396e+00
1.080707872834888894e+00 9.887014436443224419e-01
1.093274243449248173e+00 8.426355662049679340e-01
1.105840614063607008e+00 7.709310254453786149e-01
1.118406984677966287e+00 9.420573370224063492e-01
1.130973355292325566e+00 9.726214972082373178e-01
1.143539725906684623e+00 1.024774632991356071e+00
1.156106096521043902e+00 9.285342623250223415e-01
1.168672467135402959e+00 9.817793991172796275e-01
1.181238837749762238e+00 1.020167017334337345e+00
1.193805208364121295e+00 1.092504471400903565e+00
1.206371578978480574e+00 9.727065765268031461e-01
1.218937949592839853e+00 1.143545833007671320e+00
1.231504320207198910e+00 8.485059608981655455e-01
1.244070690821558189e+00 9.512112063265835138e-01
1.256637061435917246e+00 1.054707810950375579e+00
1.269203432050276525e+00 1.013788933178098262e+00
1.281769802664635582e+00 1.050559313956177299e+00
1.294336173278994861e+00 9.242446072307879401e-01
1.306902543893354141e+00 1.136431696630441746e+00
1.319468914507712975e+00 1.019764646993880364e+00
1.332035285122072255e+00 9.904906394177854789e-01
1.344601655736431534e+00 1.048866285270095400e+00
1.357168026350790591e+00 9.243333044964376910e-01
1.369734396965149870e+00 1.237761405402968418e+00
1.382300767579508927e+00 8.890111644677896052e-01
1.394867138193868206e+00 1.046466430211278720e+00
1.407433508808227263e+00 1.066686700579655867e+00
1.419999879422586542e+00 8.758781966771375105e-01
1.432566250036945821e+00 9.411673488234774121e-01
1.445132620651304878e+00 9.752732787206284115e-01
1.457698991265664157e+00 8.390524149424639644e-01
1.470265361880023214e+00 9.132980400857333425e-01
1.482831732494382493e+00 1.084206532905849896e+00
1.495398103108741550e+00 1.113600937718376427e+00
1.507964473723100607e+00 1.031532369140684358e+00
1.520530844337459886e+00 1.116037790686130071e+00
1.533097214951818943e+00 9.998558855863295403e-01
1.545663585566178222e+00 1.089317188247229895e+00
1.558229956180537279e+00 9.339416004030359764e-01
1.570796326794896558e+00 1.096229086932088093e+00
1.583362697409255837e+00 9.560854274455194979e-01
1.595929068023614894e+00 9.887855045589213354e-01
1.608495438637974173e+00 1.095079281147619987e+00
1.621061809252333230e+00 8.307119291618776380e-01
1.633628179866692509e+00 9.209844663194637349e-01
1.646194550481051566e+00 1.056062636569185198e+00
1.658760921095410845e+00 1.014972939628089765e+00
1.671327291709770124e+00 9.924865326563807599e-01
1.683893662324129181e+00 1.004316647596645407e+00
1.696460032938488460e+00 1.160841992305849946e+00
1.709026403552847517e+00 9.731112814319710091e-01
1.721592774167206796e+00 9.896656482744182748e-01
1.734159144781565853e+00 8.402972923684293161e-01
1.746725515395925132e+00 8.805799606469655316e-01
1.759291886010284411e+00 8.668945054738412814e-01
1.771858256624643468e+00 9.292349316692711803e-01
1.784424627239002747e+00 9.997918529758955675e-01
1.796990997853361804e+00 9.434035339561045452e-01
1.809557368467721084e+00 9.957439147593221129e-01
1.822123739082079918e+00 1.072368360823974465e+00
1.834690109696438975e+00 9.603450451091257722e-01
1.847256480310798255e+00 8.899280311566609702e-01
1.859822850925157534e+00 1.073038437564448166e+00
1.872389221539516591e+00 8.365372455926860518e-01
1.884955592153875870e+00 9.738963669727241923e-01
1.897521962768234927e+00 9.583285059555480823e-01
1.910088333382594206e+00 1.003247279436767281e+00
1.922654703996953263e+00 9.336879416691149514e-01
1.935221074611312542e+00 8.456522302163571592e-01
1.947787445225671821e+00 9.989988824397482148e-01
1.960353815840030878e+00 8.808566475092084458e-01
1.972920186454390157e+00 1.003446564735653412e+00
1.985486557068749214e+00 9.212127375193921441e-01
1.998052927683108493e+00 8.329058305093213210e-01
2.010619298297467772e+00 9.431353150960017917e-01
2.023185668911826607e+00 8.268744881005926084e-01
2.035752039526185886e+00 9.984925704628033749e-01
2.048318410140545165e+00 8.533118681439291198e-01
2.060884780754904444e+00 9.387057200861478323e-01
2.073451151369263723e+00 1.119229000647648853e+00
2.086017521983622558e+00 7.102216548369970628e-01
2.098583892597981837e+00 8.355441527986424699e-01
2.111150263212341116e+00 7.855416282292440044e-01
2.123716633826700395e+00 8.288565205120288493e-01
2.136283004441059674e+00 9.931702247411137163e-01
2.148849375055418509e+00 7.323591323423637167e-01
2.161415745669777788e+00 7.219328118632974967e-01
2.173982116284137067e+00 7.878443285582372724e-01
2.186548486898496346e+00 8.400601705809342956e-01
2.199114857512855181e+00 7.274754176274436102e-01
2.211681228127214016e+00 9.514505002068629480e-01
2.224247598741573295e+00 9.472411613185460766e-01
2.236813969355932574e+00 8.937964269796506711e-01
2.249380339970291853e+00 7.895564138122335152e-01
2.261946710584651132e+00 9.035251247716581391e-01
2.274513081199009967e+00 7.826067034252973675e-01
2.287079451813369246e+00 6.794587808474268353e-01
2.299645822427728525e+00 7.176863863449850500e-01
2.312212193042087804e+00 6.695703399320118709e-01
2.324778563656447083e+00 8.646150882938714588e-01
2.337344934270805918e+00 6.604032053170932892e-01
2.349911304885165197e+00 7.833628823177762879e-01
2.362477675499524477e+00 6.878437733689817257e-01
2.375044046113883756e+00 7.001298870435691546e-01
2.387610416728242591e+00 6.931252190056828022e-01
2.400176787342601870e+00 6.019361641023067699e-01
2.412743157956961149e+00 7.145008934437772075e-01
2.425309528571320428e+00 6.337551793515725507e-01
2.437875899185679707e+00 8.074653986920334869e-01
2.450442269800038542e+00 6.263736336542435890e-01
2.463008640414397821e+00 6.461398334364678586e-01
2.475575011028757100e+00 5.774705287342594140e-01
2.488141381643116379e+00 6.070743732370375012e-01
2.500707752257475658e+00 7.139042198400407102e-01
2.513274122871834493e+00 6.327846045756356785e-01
2.525840493486193772e+00 5.896804413284875146e-01
2.538406864100553051e+00 3.438865526743397627e-01
2.550973234714912330e+00 5.398516165398771216e-01
2.563539605329271165e+00 5.928311644549977277e-01
2.576105975943630444e+00 5.724588409573994063e-01
2.588672346557989723e+00 3.566528373507358296e-01
2.601238717172349002e+00 5.980808384830157420e-01
2.613805087786708281e+00 4.991162439122315830e-01
2.626371458401067116e+00 3.598333347377126734e-01
2.638937829015425951e+00 4.774229052530871709e-01
2.651504199629785230e+00 6.430055014488511578e-01
2.664070570244144509e+00 5.799640068894301725e-01
2.676636940858503788e+00 5.667063707179397225e-01
2.689203311472863067e+00 3.987134321135653026e-01
2.701769682087221902e+00 5.742946495729340795e-01
2.714336052701581181e+00 3.257637541158314165e-01
2.726902423315940460e+00 4.879028737355841083e-01
2.739468793930299739e+00 4.396028342880760609e-01
2.752035164544658574e+00 3.213949115003855717e-01
2.764601535159017853e+00 3.337591577225743622e-01
2.777167905773377132e+00 5.231381907782917118e-01
2.789734276387736411e+00 2.974554152680983776e-01
2.802300647002095690e+00 2.679667029604855255e-01
2.814867017616454525e+00 2.481331396455024318e-01
2.827433388230813804e+00 3.104035643280994017e-01
2.839999758845173083e+00 3.784624857081271831e-01
2.852566129459532362e+00 2.700389222820848700e-01
2.865132500073891642e+00 2.653788679518011562e-01
2.877698870688250476e+00 2.387709842301149465e-01
2.890265241302609756e+00 2.242281482845382146e-01
2.902831611916969035e+00 3.246869797322035067e-01
2.915397982531328314e+00 2.781758933585686822e-01
2.927964353145687149e+00 3.898422930807393660e-01
2.940530723760046428e+00 2.777566194097092489e-01
2.953097094374405707e+00 3.056234028471063735e-01
2.965663464988764986e+00 1.307011938496486225e-01
2.978229835603124265e+00 1.192848312752254059e-01
2.990796206217483100e+00 2.341700413442438788e-01
3.003362576831842379e+00 1.999057667880497768e-01
3.015928947446201214e+00 2.047103146551658148e-01
3.028495318060560493e+00 9.539995848455423699e-02
3.041061688674919772e+00 3.929025596493208178e-02
3.053628059289279051e+00 1.317978795688816152e-01
3.066194429903637886e+00 1.154873756677365915e-02
3.078760800517997165e+00 -3.527885270126671080e-02
3.091327171132356444e+00 1.160440892056242151e-02
3.103893541746715723e+00 4.964993080417649807e-02
3.116459912361074558e+00 1.102501036952262953e-01
3.129026282975433837e+00 -7.896372574948505585e-02
3.141592653589793116e+00 -8.476421947010474855e-02
3.154159024204152395e+00 -5.776752649187494315e-02
3.166725394818511674e+00 -5.233560316627447473e-02
3.179291765432870509e+00 6.803736686015948720e-02
3.191858136047229788e+00 -7.224221141877490426e-02
3.204424506661589067e+00 -1.832491129505871563e-01
3.216990877275948346e+00 -2.765648033147580787e-01
3.229557247890307181e+00 -1.045748464364625180e-01
3.242123618504666460e+00 -3.780343675356426791e-01
3.254689989119025739e+00 -3.451422901709673419e-02
3.267256359733385018e+00 -1.819666319173491864e-01
3.279822730347744297e+00 -2.445617497264124252e-02
3.292389100962103132e+00 -3.423894498459461033e-01
3.304955471576462411e+00 -9.795145986243071479e-02
3.317521842190821690e+00 -2.044059585417972724e-01
3.330088212805180969e+00 -4.460446175863985729e-01
3.342654583419540248e+00 -1.945070396567901150e-01
3.355220954033899083e+00 -2.461337344951091688e-01
3.367787324648258362e+00 -1.851374026941484674e-01
3.380353695262617642e+00 -3.303198625190124083e-01
3.392920065876976921e+00 -2.344195881922619129e-01
3.405486436491335756e+00 -3.587686832960960692e-01
3.418052807105695035e+00 -3.124414854227732796e-01
3.430619177720054314e+00 -2.184863807086914744e-01
3.443185548334413593e+00 -2.899318610496544046e-01
3.455751918948772872e+00 -4.677938572567229558e-01
3.468318289563131707e+00 -3.484775016402171799e-01
3.480884660177490986e+00 -3.922146227198584634e-01
3.493451030791850265e+00 -2.247467961344560838e-01
3.506017401406209544e+00 -3.436044016789291944e-01
3.518583772020568823e+00 -5.477865177849752243e-01
3.531150142634927658e+00 -4.169232432525077914e-01
3.543716513249286937e+00 -4.314233855808400353e-01
3.556282883863646216e+00 -3.536451698887548845e-01
3.568849254478005495e+00 -5.051317100495150703e-01
3.581415625092364330e+00 -6.315996024157649602e-01
3.593981995706723609e+00 -4.282991694166525809e-01
3.606548366321082888e+00 -4.554011280038121057e-01
3.619114736935442167e+00 -6.394855782962447499e-01
3.631681107549800558e+00 -3.379101436865374897e-01
3.644247478164159837e+00 -3.876092520144780451e-01
3.656813848778519116e+00 -5.476611404484831302e-01
3.669380219392877951e+00 -5.513131015140994018e-01
3.681946590007237230e+00 -4.936691878278351431e-01
3.694512960621596509e+00 -6.498477690920971828e-01
3.707079331235955788e+00 -5.362524423244348082e-01
3.719645701850315067e+00 -6.398105552404012020e-01
3.732212072464673902e+00 -5.784407198790181281e-01
3.744778443079033181e+00 -5.334155911656310867e-01
3.757344813693392460e+00 -4.437371256650211038e-01
3.769911184307751739e+00 -6.722593831544071419e-01
3.782477554922110574e+00 -4.718871989531671085e-01
3.795043925536469853e+00 -6.716886157782446798e-01
3.807610296150829132e+00 -6.047460468644766385e-01
3.820176666765188411e+00 -6.358214528292385204e-01
3.832743037379547690e+00 -7.029076067277876261e-01
3.845309407993906525e+00 -7.316888997189588961e-01
3.857875778608265804e+00 -7.476598154440542432e-01
3.870442149222625083e+00 -6.668823054270150985e-01
3.883008519836984362e+00 -6.148393490384741478e-01
3.895574890451343641e+00 -6.044830217416033991e-01
3.908141261065702476e+00 -6.615026738167876230e-01
3.920707631680061755e+00 -7.848410366252629444e-01
3.933274002294421035e+00 -1.025193450109762150e+00
3.945840372908780314e+00 -7.718060347558726164e-01
3.958406743523139149e+00 -7.634393112091785172e-01
3.970973114137498428e+00 -6.357880413124956664e-01
3.983539484751857707e+00 -7.198682568305199148e-01
3.996105855366216986e+00 -6.826384211187439544e-01
4.008672225980576265e+00 -6.787617488611265015e-01
4.021238596594935544e+00 -5.941507618628703025e-01
4.033804967209294823e+00 -5.438810787783090461e-01
4.046371337823653214e+00 -6.410005305771275808e-01
4.058937708438012493e+00 -8.010053243454389182e-01
4.071504079052371772e+00 -8.909022268744688500e-01
4.084070449666731051e+00 -9.071970213676360251e-01
4.096636820281090330e+00 -7.568985906566020327e-01
4.109203190895449609e+00 -9.636518793678598982e-01
4.121769561509808888e+00 -7.668926115923507814e-01
4.134335932124168167e+00 -8.656024763765366448e-01
4.146902302738527446e+00 -6.896531959718228411e-01
4.159468673352886725e+00 -8.696390190089537953e-01
4.172035043967245116e+00 -7.827492039325983919e-01
4.184601414581604395e+00 -1.009745883860546645e+00
4.197167785195963674e+00 -9.325975664343785221e-01
4.209734155810322953e+00 -9.005404073603729964e-01
4.222300526424682232e+00 -1.093016776428848980e+00
4.234866897039041511e+00 -8.286384838206353187e-01
4.247433267653400790e+00 -8.627042423756862144e-01
4.259999638267760069e+00 -9.290581411194477335e-01
4.272566008882119348e+00 -8.822291244363169582e-01
4.285132379496477739e+00 -9.736853959029189154e-01
4.297698750110837018e+00 -9.296342001518415055e-01
4.310265120725196297e+00 -9.421669223194917286e-01
4.322831491339555576e+00 -9.861725989194801700e-01
4.335397861953914855e+00 -8.322084989925372378e-01
4.347964232568274134e+00 -7.566254791585973472e-01
4.360530603182633413e+00 -1.089644793852569071e+00
4.373096973796992692e+00 -1.019921591352893619e+00
4.385663344411351972e+00 -8.797430144554609921e-01
4.398229715025710362e+00 -1.057785647391601191e+00
4.410796085640069641e+00 -9.964992428365619936e-01
4.423362456254428032e+00 -9.188022546083477460e-01
4.435928826868787311e+00 -9.565284486530803987e-01
4.448495197483146590e+00 -9.221087567099298665e-01
4.461061568097505869e+00 -1.052049021238161242e+00
4.473627938711865148e+00 -1.089570786011740955e+00
4.486194309326224428e+00 -8.443768598970291528e-01
4.498760679940583707e+00 -9.892325701551581973e-01
4.511327050554942986e+00 -1.014287376279235042e+00
4.523893421169302265e+00 -9.358530766859181060e-01
4.536459791783661544e+00 -1.000332030866240673e+00
4.549026162398019935e+00 -9.162128503209462371e-01
4.561592533012379214e+00 -9.291449602329046042e-01
4.574158903626738493e+00 -1.054038064463374447e+00
4.586725274241097772e+00 -7.644315101940255541e-01
4.599291644855457051e+00 -1.085048363293547924e+00
4.611858015469816330e+00 -1.033370596143241116e+00
4.624424386084175609e+00 -9.492486452472260750e-01
4.636990756698534888e+00 -9.880041733656542702e-01
4.649557127312894167e+00 -1.088185946427946194e+00
4.662123497927252558e+00 -1.013324544009938988e+00
4.674689868541611837e+00 -9.920464513496298764e-01
4.687256239155971116e+00 -8.902996380841603496e-01
4.699822609770330395e+00 -1.048463034824572482e+00
4.712388980384689674e+00 -1.230732979137415306e+00
4.724955350999048953e+00 -9.966806478783180046e-01
4.737521721613408232e+00 -8.768139202247992037e-01
4.750088092227767511e+00 -1.069833566501645850e+00
4.762654462842126790e+00 -9.366432974736493833e-01
4.775220833456485181e+00 -1.006577556246254890e+00
4.787787204070844460e+00 -8.590893902639662461e-01
4.800353574685203739e+00 -9.715286969215918278e-01
4.812919945299563018e+00 -1.053032303203153219e+00
4.825486315913922297e+00 -8.604042545755644644e-01
4.838052686528281576e+00 -9.965020597099344402e-01
4.850619057142640855e+00 -1.016204280377620783e+00
4.863185427757000134e+00 -9.791007126155619744e-01
4.875751798371359413e+00 -1.080446956814329118e+00
4.888318168985717804e+00 -1.057507793182448141e+00
4.900884539600077083e+00 -1.025010189302620667e+00
4.913450910214436362e+00 -9.676447523842288678e-01
4.926017280828795641e+00 -9.678424798472844426e-01
4.938583651443154920e+00 -9.247212788237416659e-01
4.951150022057514200e+00 -9.105258975369889818e-01
4.963716392671873479e+00 -8.897986899914236414e-01
4.976282763286232758e+00 -9.202705511267121885e-01
4.988849133900592037e+00 -1.067501679117984104e+00
5.001415504514951316e+00 -9.618950974999226355e-01
5.013981875129309707e+00 -9.762537279416995117e-01
5.026548245743668986e+00 -9.059954259795311993e-01
5.039114616358028265e+00 -1.095820853382143634e+00
5.051680986972387544e+00 -9.263417917143746960e-01
5.064247357586746823e+00 -9.055636766620318578e-01
5.076813728201106102e+00 -7.974007608092703592e-01
5.089380098815465381e+00 -9.035823610538933348e-01
5.101946469429824660e+00 -7.959534712693676628e-01
5.114512840044183939e+00 -8.574902215472566258e-01
5.127079210658542330e+00 -8.047851536951649010e-01
5.139645581272901609e+00 -1.141872018296310243e+00
5.152211951887260888e+00 -8.681986907528309594e-01
5.164778322501620167e+00 -1.088997452088293905e+00
5.177344693115979446e+00 -9.209089749048203766e-01
5.189911063730338725e+00 -9.384084138710395706e-01
5.202477434344698004e+00 -7.498851641874207941e-01
5.215043804959057283e+00 -9.130221950808092846e-01
5.227610175573416562e+00 -9.253031782123881666e-01
5.240176546187774953e+00 -7.463831117655455039e-01
5.252742916802134232e+00 -7.177967933326195871e-01
5.265309287416492623e+00 -9.260466056643199551e-01
5.277875658030851902e+00 -8.719031939113028873e-01
5.290442028645211181e+00 -9.677451390090722194e-01
5.303008399259570460e+00 -7.838083504617088249e-01
5.315574769873929739e+00 -7.343652629632342332e-01
5.328141140488289018e+00 -9.903455377130826465e-01
5.340707511102648297e+00 -9.678140829350493357e-01
5.353273881717007576e+00 -7.732309180667814585e-01
5.365840252331366855e+00 -6.426359656747424598e-01
5.378406622945726134e+00 -8.718974841810627208e-01
5.390972993560084525e+00 -8.007675802144580413e-01
5.403539364174443804e+00 -5.992043918229749133e-01
5.416105734788803083e+00 -7.062567172230163060e-01
5.428672105403162362e+00 -6.562104088293325699e-01
5.441238476017521641e+00 -7.123923805630906214e-01
5.453804846631880920e+00 -8.854447473351703124e-01
5.466371217246240199e+00 -7.258635741512738937e-01
5.478937587860599479e+00 -8.336514338173885985e-01
5.491503958474958758e+00 -5.928579312040164195e-01
5.504070329089317148e+00 -8.275444717800587435e-01
5.516636699703676427e+00 -6.475146801744297020e-01
5.529203070318035707e+00 -6.584445926008170025e-01
5.541769440932394986e+00 -7.619073786444116037e-01
5.554335811546754265e+00 -6.995721981595780514e-01
5.566902182161113544e+00 -7.286055702222177244e-01
5.579468552775472823e+00 -7.715790932575185002e-01
5.592034923389832102e+00 -5.104000212496394573e-01
5.604601294004191381e+00 -7.586808763467365324e-01
5.617167664618549772e+00 -5.989544173151722939e-01
5.629734035232909051e+00 -6.634583547659324010e-01
5.642300405847268330e+00 -4.692735243663773703e-01
5.654866776461627609e+00 -5.650142409737598514e-01
5.667433147075986888e+00 -4.815800732683058749e-01
5.679999517690346167e+00 -4.991523327597812143e-01
5.692565888304705446e+00 -4.601504735137330604e-01
5.705132258919064725e+00 -5.125567429938524544e-01
5.717698629533424004e+00 -5.306209392571158423e-01
5.730265000147783283e+00 -6.728954835066579543e-01
5.742831370762141674e+00 -5.533425808461860385e-01
5.755397741376500953e+00 -4.629005828129916233e-01
5.767964111990860232e+00 -4.783037434775473939e-01
5.780530482605219511e+00 -4.619895395543788252e-01
5.793096853219578790e+00 -3.404707006262541746e-01
5.805663223833938069e+00 -6.613024323949641126e-01
5.818229594448297348e+00 -4.466865686929819002e-01
5.830795965062656627e+00 -5.037812165335961989e-01
5.843362335677015906e+00 -3.777638763958737211e-01
5.855928706291374297e+00 -3.368458828944831396e-01
5.868495076905733576e+00 -4.699842176026779450e-01
5.881061447520092855e+00 -5.299091386027169337e-01
5.893627818134452134e+00 -3.465193662516679596e-01
5.906194188748811413e+00 -3.524129691904578365e-01
5.918760559363170692e+00 -2.936797612524767453e-01
5.931326929977529971e+00 -3.804733942212942255e-01
5.943893300591889250e+00 -3.787735378582116064e-01
5.956459671206248530e+00 -2.389808690210771802e-01
5.969026041820606920e+00 -4.455140939932867306e-01
5.981592412434966199e+00 -2.605372125773963710e-01
5.994158783049325478e+00 -2.754430288463244336e-01
6.006725153663684758e+00 -2.943284306134797967e-01
6.019291524278044037e+00 -3.016397598096427490e-01
6.031857894892402427e+00 -2.784843409678404158e-01
6.044424265506761706e+00 -1.350841582617005598e-01
6.056990636121120986e+00 -8.902472802716457356e-02
6.069557006735480265e+00 -1.664570147052337190e-01
6.082123377349839544e+00 -3.327874598912246018e-01
6.094689747964198823e+00 -2.906412485606293949e-01
6.107256118578558102e+00 -3.044860963043499735e-01
6.119822489192916493e+00 -2.215079710128612933e-01
6.132388859807275772e+00 -1.616658314853809675e-01
6.144955230421635051e+00 -2.007543660084546433e-01
6.157521601035994330e+00 -1.909392244745845568e-01
6.170087971650353609e+00 -3.278040518208077958e-02
6.182654342264712888e+00 -6.316627278113537414e-02
6.195220712879072167e+00 -4.280111705308791564e-02
6.207787083493431446e+00 5.171338448288359535e-02
6.220353454107790725e+00 -7.032225620675752742e-02
6.232919824722149116e+00 -1.486969322671419236e-01
6.245486195336508395e+00 -1.077007673435689816e-01
6.258052565950867674e+00 6.988969653146406835e-02
6.270618936565226953e+00 -6.931840556677477949e-02
