0.000000000000000000e+00 3.012461693906295403e-03
1.256637061435917323e-02 1.379854555435205792e-02
2.513274122871834645e-02 -1.338441441883380933e-01
3.769911184307751795e-02 -9.787509024353605036e-02
5.026548245743669291e-02 7.718534333768467537e-02
6.283185307179586787e-02 1.138670461251729271e-01
7.539822368615503589e-02 6.247165478563709157e-02
8.796459430051420392e-02 5.734890602544694127e-02
1.005309649148733858e-01 5.427762521724891626e-02
1.130973355292325677e-01 7.405841496671237978e-02
1.256637061435917357e-01 2.133336502750465269e-01
1.382300767579508760e-01 1.775282557721901411e-01
1.507964473723100718e-01 4.283008627800620471e-02
1.633628179866692676e-01 3.552737552073943483e-01
1.759291886010284078e-01 2.911665782937353786e-01
1.884955592153875759e-01 3.254794748091323076e-01
2.010619298297467716e-01 1.372772523948923851e-01
2.136283004441059397e-01 3.150398154651263827e-01
2.261946710584651354e-01 3.167311734209226071e-01
2.387610416728242757e-01 1.691755586394420030e-01
2.513274122871834715e-01 1.622841508945375710e-01
2.638937829015426395e-01 3.907842070620166641e-01
2.764601535159017520e-01 2.715531160546302836e-01
2.890265241302609756e-01 1.096011494630692862e-01
3.015928947446201436e-01 3.525465569371024621e-01
3.141592653589793116e-01 2.763400359323952005e-01
3.267256359733385351e-01 3.402066646992379373e-01
3.392920065876976476e-01 3.313685526482870181e-01
3.518583772020568157e-01 3.702720013105676999e-01
3.644247478164160392e-01 3.657964526156456397e-01
3.769911184307751517e-01 3.691645130236953509e-01
3.895574890451343197e-01 4.241982623921738416e-01
4.021238596594935433e-01 2.599269475461849499e-01
4.146902302738527113e-01 4.709324323460018502e-01
4.272566008882118793e-01 5.242317007184886801e-01
4.398229715025711029e-01 4.113656436873052713e-01
4.523893421169302709e-01 7.243870750018496230e-01
4.649557127312893834e-01 6.725554869184896534e-01
4.775220833456485514e-01 2.587605113169772486e-01
4.900884539600077194e-01 5.832348882120006461e-01
5.026548245743669430e-01 2.611566145629355962e-01
5.152211951887261110e-01 4.041053042601088774e-01
5.277875658030852790e-01 4.770048646612490284e-01
5.403539364174444470e-01 6.552834853276285898e-01
5.529203070318035040e-01 5.726665052497439401e-01
5.654866776461627831e-01 5.001072606731776782e-01
5.780530482605219511e-01 4.702614034063080095e-01
5.906194188748811191e-01 4.826258316097892798e-01
6.031857894892402872e-01 6.194984814353839964e-01
6.157521601035994552e-01 6.026573071226882794e-01
6.283185307179586232e-01 7.388155934417499626e-01
6.408849013323177912e-01 7.647722083990331488e-01
6.534512719466770703e-01 5.281686228885899004e-01
6.660176425610361273e-01 5.263550924539185383e-01
6.785840131753952953e-01 5.979553975116376208e-01
6.911503837897544633e-01 5.728589290281503876e-01
7.037167544041136313e-01 7.432469775118587529e-01
7.162831250184729104e-01 6.183250518836516108e-01
7.288494956328320784e-01 7.608246937143069433e-01
7.414158662471912464e-01 6.838481942407363956e-01
7.539822368615503034e-01 8.040711676262686236e-01
7.665486074759094715e-01 9.545662001632773119e-01
7.791149780902686395e-01 8.304387321211225137e-01
7.916813487046279185e-01 7.397288509605671747e-01
8.042477193189870865e-01 7.668493820958148799e-01
8.168140899333462546e-01 7.836075306290510856e-01
8.293804605477054226e-01 6.553947846008916223e-01
8.419468311620645906e-01 7.280191454605287049e-01
8.545132017764237586e-01 7.575399099143037551e-01
8.670795723907829267e-01 8.463866374891686473e-01
8.796459430051422057e-01 7.085409700451569259e-01
8.922123136195013737e-01 8.066726864079130088e-01
9.047786842338605418e-01 6.611812064870868921e-01
9.173450548482194877e-01 8.267434096811610011e-01
9.299114254625787668e-01 8.323745213977131741e-01
9.424777960769379348e-01 6.841242375516802809e-01
9.550441666912971028e-01 8.428897925937713920e-01
9.676105373056562708e-01 7.657288651757625519e-01
9.801769079200154389e-01 8.133163917926164999e-01
9.927432785343746069e-01 9.590910118579978327e-01
1.005309649148733886e+00 6.286966892469061374e-01
1.017876019763092943e+00 9.259653132448899537e-01
1.030442390377452222e+00 7.237575779937754916e-01
1.043008760991811279e+00 9.012935984690843005e-01
1.055575131606170558e+00 7.005894569745849676e-01
1.068141502220529837e+00 9.952913087375951928e-01
1.080707872834888894e+00 1.099244880220236587e+00
1.093274243449248173e+00 1.008498832415717139e+00
1.105840614063607008e+00 1.060768107910720737e+00
1.118406984677966287e+00 7.909525437865870812e-01
1.130973355292325566e+00 8.148642046998024746e-01
1.143539725906684623e+00 8.223681861406052507e-01
1.156106096521043902e+00 9.812982953480867687e-01
1.168672467135402959e+00 1.040651022543875204e+00
1.181238837749762238e+00 9.192713520445283670e-01
1.193805208364121295e+00 9.178757053699242441e-01
1.206371578978480574e+00 1.061569876635112042e+00
1.218937949592839853e+00 1.033368583290538822e+00
1.231504320207198910e+00 1.094270805806778268e+00
1.244070690821558189e+00 8.740140756102282582e-01
1.256637061435917246e+00 1.005281307082392050e+00
1.269203432050276525e+00 8.854074076948534877e-01
1.281769802664635582e+00 1.040921883479218213e+00
1.294336173278994861e+00 1.015516882033472568e+00
1.306902543893354141e+00 9.625918219441390589e-01
1.319468914507712975e+00 8.316950387696161462e-01
1.332035285122072255e+00 9.969097725913325103e-01
1.344601655736431534e+00 1.133702522418819747e+00
1.357168026350790591e+00 1.039924295045870695e+00
1.369734396965149870e+00 1.098083454414201965e+00
1.382300767579508927e+00 9.567665174315977961e-01
1.394867138193868206e+00 1.191141107007496647e+00
1.407433508808227263e+00 9.981104689238170513e-01
1.419999879422586542e+00 1.083843049487269061e+00
1.432566250036945821e+00 9.601828558754686993e-01
1.445132620651304878e+00 1.047349035649516535e+00
1.457698991265664157e+00 1.188982301303942668e+00
1.470265361880023214e+00 1.113906484523037532e+00
1.482831732494382493e+00 9.302674313850834986e-01
1.495398103108741550e+00 9.639047170724616143e-01
1.507964473723100607e+00 9.710724277622315714e-01
1.520530844337459886e+00 1.113078732893366007e+00
1.533097214951818943e+00 1.143082217558382130e+00
1.545663585566178222e+00 9.317776377826221257e-01
1.558229956180537279e+00 1.128042702423604160e+00
1.570796326794896558e+00 1.079282000638215999e+00
1.583362697409255837e+00 9.322786103971607563e-01
1.595929068023614894e+00 9.517457182726306586e-01
1.608495438637974173e+00 1.032459285970336094e+00
1.621061809252333230e+00 9.293642484600209697e-01
1.633628179866692509e+00 7.897674927431788117e-01
1.646194550481051566e+00 1.086385040339300279e+00
1.658760921095410845e+00 1.011008384147977113e+00
1.671327291709770124e+00 1.008009859948158615e+00
1.683893662324129181e+00 7.952310957237811451e-01
1.696460032938488460e+00 8.338936687247653357e-01
1.709026403552847517e+00 9.089412513850408937e-01
1.721592774167206796e+00 9.507469162405878249e-01
1.734159144781565853e+00 1.216870118732637618e+00
1.746725515395925132e+00 1.138306681782716545e+00
1.759291886010284411e+00 9.967227062821435446e-01
1.771858256624643468e+00 1.067766135514838677e+00
1.784424627239002747e+00 8.587664490543798212e-01
1.796990997853361804e+00 1.058450309090575026e+00
1.809557368467721084e+00 8.860317548296293699e-01
1.822123739082079918e+00 8.940075405994201141e-01
1.834690109696438975e+00 9.469269752070172963e-01
1.847256480310798255e+00 9.972441143232885219e-01
1.859822850925157534e+00 8.801216456996235893e-01
1.872389221539516591e+00 7.162756120650655145e-01
1.884955592153875870e+00 9.292197363261732734e-01
1.897521962768234927e+00 8.749049982665869640e-01
1.910088333382594206e+00 8.657186934797249656e-01
1.922654703996953263e+00 7.663742500510799527e-01
1.935221074611312542e+00 1.004205902157507602e+00
1.947787445225671821e+00 7.236241353515387997e-01
1.960353815840030878e+00 8.481211444349200379e-01
1.972920186454390157e+00 1.041252159103711605e+00
1.985486557068749214e+00 7.915618985234833538e-01
1.998052927683108493e+00 9.740260351153124940e-01
2.010619298297467772e+00 9.663250462598507173e-01
2.023185668911826607e+00 1.038996428342490175e+00
2.035752039526185886e+00 7.540343995556808565e-01
2.048318410140545165e+00 8.189215811847171400e-01
2.060884780754904444e+00 6.478080376000300289e-01
2.073451151369263723e+00 7.449415235564180726e-01
2.086017521983622558e+00 8.898587531970133524e-01
2.098583892597981837e+00 8.895170487741423937e-01
2.111150263212341116e+00 8.742759135922409941e-01
2.123716633826700395e+00 8.330243667275034625e-01
2.136283004441059674e+00 7.710031210280750003e-01
2.148849375055418509e+00 8.114984641608570248e-01
2.161415745669777788e+00 8.420639082378610363e-01
2.173982116284137067e+00 8.973897256108096521e-01
2.186548486898496346e+00 8.482758586606018447e-01
2.199114857512855181e+00 7.383864777521906841e-01
2.211681228127214016e+00 1.146632202326559158e+00
2.224247598741573295e+00 9.061278157846107684e-01
2.236813969355932574e+00 9.950994194115270197e-01
2.249380339970291853e+00 8.317872002648860619e-01
2.261946710584651132e+00 6.499263834859850819e-01
2.274513081199009967e+00 7.655074400413849345e-01
2.287079451813369246e+00 7.423582347756177979e-01
2.299645822427728525e+00 7.297820273001446312e-01
2.312212193042087804e+00 8.446247316805721717e-01
2.324778563656447083e+00 7.065108677629547973e-01
2.337344934270805918e+00 6.761745432249861576e-01
2.349911304885165197e+00 6.750780738021577854e-01
2.362477675499524477e+00 6.169691585648444665e-01
2.375044046113883756e+00 7.157958225961553733e-01
2.387610416728242591e+00 6.487290260693776567e-01
2.400176787342601870e+00 6.324210687411596643e-01
2.412743157956961149e+00 6.876857365630906216e-01
2.425309528571320428e+00 5.796509580398815364e-01
2.437875899185679707e+00 4.716846976870963659e-01
2.450442269800038542e+00 6.650947070102797287e-01
2.463008640414397821e+00 8.769751859085905821e-01
2.475575011028757100e+00 6.796934667870327962e-01
2.488141381643116379e+00 6.425651140706418740e-01
2.500707752257475658e+00 6.364635885541954918e-01
2.513274122871834493e+00 6.146144615083292129e-01
2.525840493486193772e+00 5.357109130306760836e-01
2.538406864100553051e+00 6.750661673478151048e-01
2.550973234714912330e+00 4.749596838680384403e-01
2.563539605329271165e+00 5.154266459254236432e-01
2.576105975943630444e+00 5.447328343143024165e-01
2.588672346557989723e+00 5.747772161430888538e-01
2.601238717172349002e+00 5.544973066959434371e-01
2.613805087786708281e+00 6.021725684351665331e-01
2.626371458401067116e+00 4.456073791928619743e-01
2.638937829015425951e+00 5.124476502420798329e-01
2.651504199629785230e+00 6.588484442929321006e-01
2.664070570244144509e+00 4.686124348548190710e-01
2.676636940858503788e+00 4.538792714861462074e-01
2.689203311472863067e+00 4.942725407636076596e-01
2.701769682087221902e+00 3.670810371320354926e-01
2.714336052701581181e+00 3.970342227568102178e-01
2.726902423315940460e+00 3.757927665255700878e-01
2.739468793930299739e+00 4.240072444610119007e-01
2.752035164544658574e+00 4.400370962421560339e-01
2.764601535159017853e+00 3.343317841245174726e-01
2.777167905773377132e+00 2.760680644635269410e-01
2.789734276387736411e+00 3.682671191032839686e-01
2.802300647002095690e+00 3.276326504493418112e-01
2.814867017616454525e+00 4.069137020056762255e-01
2.827433388230813804e+00 3.694174046993775051e-01
2.839999758845173083e+00 4.451891492603658462e-01
2.852566129459532362e+00 2.180637256672248170e-01
2.865132500073891642e+00 2.642966000028184048e-01
2.877698870688250476e+00 2.708513724298932668e-01
2.890265241302609756e+00 3.083443578730842294e-01
2.902831611916969035e+00 1.323402151033677698e-01
2.915397982531328314e+00 2.099008951733037365e-01
2.927964353145687149e+00 1.281195704968927096e-01
2.940530723760046428e+00 3.471118326792748121e-01
2.953097094374405707e+00 2.190505792349515812e-01
2.965663464988764986e+00 2.211638661870334865e-01
2.978229835603124265e+00 2.376806147021723326e-01
2.990796206217483100e+00 1.327625046357384653e-01
3.003362576831842379e+00 2.519490170687209707e-01
3.015928947446201214e+00 5.708030772301056488e-02
3.028495318060560493e+00 2.192583341756925708e-01
3.041061688674919772e+00 -6.698094308413021780e-02
3.053628059289279051e+00 -1.086788205905652033e-01
3.066194429903637886e+00 9.879712511047200607e-02
3.078760800517997165e+00 -6.460824419164176713e-02
3.091327171132356444e+00 3.154021470076143197e-02
3.103893541746715723e+00 -1.451882162441500701e-02
3.116459912361074558e+00 4.879655930567641797e-02
3.129026282975433837e+00 -1.840383320496870659e-02
3.141592653589793116e+00 -1.888015946323944594e-01
3.154159024204152395e+00 -1.024233087450851232e-01
3.166725394818511674e+00 5.634037032415394053e-02
3.179291765432870509e+00 1.912027399650684245e-02
3.191858136047229788e+00 -5.992680990082935311e-02
3.204424506661589067e+00 -1.170633963754690449e-01
3.216990877275948346e+00 -1.654262988661812928e-01
3.229557247890307181e+00 9.154223501441534350e-02
3.242123618504666460e+00 -9.937085503621512217e-02
3.254689989119025739e+00 -1.928392512934992142e-01
3.267256359733385018e+00 -1.174722274175874354e-01
3.279822730347744297e+00 -4.054323739977033769e-02
3.292389100962103132e+00 -1.825150525468332563e-01
3.304955471576462411e+00 -3.135423780773771707e-01
3.317521842190821690e+00 -7.443160487224859123e-02
3.330088212805180969e+00 -1.959812756270025158e-01
3.342654583419540248e+00 -1.574992137943710679e-01
3.355220954033899083e+00 -1.002922438556231449e-01
3.367787324648258362e+00 -1.093545453492801994e-01
3.380353695262617642e+00 -1.385512945886885616e-01
3.392920065876976921e+00 -3.577565314910752803e-01
3.405486436491335756e+00 -4.282197702019061025e-01
3.418052807105695035e+00 -2.094574443473215530e-01
3.430619177720054314e+00 -2.663079533356000339e-01
3.443185548334413593e+00 -3.187189051332496859e-01
3.455751918948772872e+00 -3.846174421334286886e-01
3.468318289563131707e+00 -2.113878115221448639e-01
3.480884660177490986e+00 -4.700871594266179399e-01
3.493451030791850265e+00 -3.526280155732772204e-01
3.506017401406209544e+00 -3.004526220461616881e-01
3.518583772020568823e+00 -3.319741522380417198e-01
3.531150142634927658e+00 -3.508846161369685857e-01
3.543716513249286937e+00 -3.174260657754190973e-01
3.556282883863646216e+00 -3.312630551943748225e-01
3.568849254478005495e+00 -3.859310642460839769e-01
3.581415625092364330e+00 -6.616432779520842189e-01
3.593981995706723609e+00 -4.470383466695048158e-01
3.606548366321082888e+00 -5.511873750877515077e-01
3.619114736935442167e+00 -3.899143811117654068e-01
3.631681107549800558e+00 -6.362847208606476901e-01
3.644247478164159837e+00 -5.914756949505565187e-01
3.656813848778519116e+00 -4.770471806309320439e-01
3.669380219392877951e+00 -4.322918422217781331e-01
3.681946590007237230e+00 -4.346486412448966608e-01
3.694512960621596509e+00 -5.329545506099452323e-01
3.707079331235955788e+00 -5.745648193306140961e-01
3.719645701850315067e+00 -5.738245750365493780e-01
3.732212072464673902e+00 -6.490061945644938213e-01
3.744778443079033181e+00 -7.218868640838846940e-01
3.757344813693392460e+00 -6.133956154770252578e-01
3.769911184307751739e+00 -4.347244842086815941e-01
3.782477554922110574e+00 -5.375629424956533953e-01
3.795043925536469853e+00 -5.458802504033729575e-01
3.807610296150829132e+00 -6.204470001535709045e-01
3.820176666765188411e+00 -4.559170465067882150e-01
3.832743037379547690e+00 -5.681425194521180222e-01
3.845309407993906525e+00 -8.643989003831947793e-01
3.857875778608265804e+00 -6.782287071170036707e-01
3.870442149222625083e+00 -6.097072489453397859e-01
3.883008519836984362e+00 -5.850210800880852879e-01
3.895574890451343641e+00 -8.130184753186100455e-01
3.908141261065702476e+00 -7.050470415627275722e-01
3.920707631680061755e+00 -7.814185949701774048e-01
3.933274002294421035e+00 -8.238857836976748450e-01
3.945840372908780314e+00 -6.711548915403933169e-01
3.958406743523139149e+00 -5.506867318781840659e-01
3.970973114137498428e+00 -6.555688123015592783e-01
3.983539484751857707e+00 -6.930930097441365678e-01
3.996105855366216986e+00 -9.511276077807100382e-01
4.008672225980576265e+00 -7.062783021294928298e-01
4.021238596594935544e+00 -7.663674988116776499e-01
4.033804967209294823e+00 -1.009515917085067827e+00
4.046371337823653214e+00 -6.858003924184961075e-01
4.058937708438012493e+00 -7.431707842247087248e-01
4.071504079052371772e+00 -9.053775548033533571e-01
4.084070449666731051e+00 -7.257528652622430299e-01
4.096636820281090330e+00 -7.997494024696334414e-01
4.109203190895449609e+00 -8.293948045767910449e-01
4.121769561509808888e+00 -7.813963030883301908e-01
4.134335932124168167e+00 -9.258493433307872778e-01
4.146902302738527446e+00 -8.079816847375451694e-01
4.159468673352886725e+00 -9.585289514875663386e-01
4.172035043967245116e+00 -1.032007609221925915e+00
4.184601414581604395e+00 -9.041483392527310814e-01
4.197167785195963674e+00 -7.057973086026698706e-01
4.209734155810322953e+00 -7.732805495859541578e-01
4.222300526424682232e+00 -9.988373435121257193e-01
4.234866897039041511e+00 -7.690652727392722765e-01
4.247433267653400790e+00 -9.256878761786996312e-01
4.259999638267760069e+00 -8.570509021064492972e-01
4.272566008882119348e+00 -9.426760648594088021e-01
4.285132379496477739e+00 -9.274327450591374200e-01
4.297698750110837018e+00 -9.001107742437393089e-01
4.310265120725196297e+00 -9.857330020148772354e-01
4.322831491339555576e+00 -9.040551620640978614e-01
4.335397861953914855e+00 -9.628087227378693269e-01
4.347964232568274134e+00 -8.601025298056436119e-01
4.360530603182633413e+00 -1.053805676549187886e+00
4.373096973796992692e+00 -8.986235660964883021e-01
4.385663344411351972e+00 -9.251286086583399015e-01
4.398229715025710362e+00 -9.950032854322358178e-01
4.410796085640069641e+00 -8.399600422249392517e-01
4.423362456254428032e+00 -9.699382549404793608e-01
4.435928826868787311e+00 -9.469015069682038543e-01
4.448495197483146590e+00 -7.071815768490916643e-01
4.461061568097505869e+00 -9.934494077767106468e-01
4.473627938711865148e+00 -9.373784758911529735e-01
4.486194309326224428e+00 -8.684715417403483517e-01
4.498760679940583707e+00 -8.075967399524002222e-01
4.511327050554942986e+00 -8.281344893116426853e-01
4.523893421169302265e+00 -1.044021675031963081e+00
4.536459791783661544e+00 -1.143094202340195986e+00
4.549026162398019935e+00 -1.029853034866528239e+00
4.561592533012379214e+00 -9.909365084466416063e-01
4.574158903626738493e+00 -9.402982518130840184e-01
4.586725274241097772e+00 -9.675730054158464544e-01
4.599291644855457051e+00 -1.073948449791201964e+00
4.611858015469816330e+00 -1.043154883249812759e+00
4.624424386084175609e+00 -1.013388751255754006e+00
4.636990756698534888e+00 -1.082987262924934635e+00
4.649557127312894167e+00 -9.897735555706682620e-01
4.662123497927252558e+00 -1.059712127098439094e+00
4.674689868541611837e+00 -9.493607461426786243e-01
4.687256239155971116e+00 -9.428926514464179842e-01
4.699822609770330395e+00 -1.085034111422913838e+00
4.712388980384689674e+00 -8.860068399083788071e-01
4.724955350999048953e+00 -1.037937089294109549e+00
4.737521721613408232e+00 -8.027434109677005214e-01
4.750088092227767511e+00 -1.023523995675263309e+00
4.762654462842126790e+00 -9.062114369887707133e-01
4.775220833456485181e+00 -9.797071909056523920e-01
4.787787204070844460e+00 -1.109645703848159304e+00
4.800353574685203739e+00 -9.567712467585391956e-01
4.812919945299563018e+00 -9.165644254057137008e-01
4.825486315913922297e+00 -1.079620822009928371e+00
4.838052686528281576e+00 -1.058589003025286690e+00
4.850619057142640855e+00 -9.257115503425075165e-01
4.863185427757000134e+00 -1.176022054849585219e+00
4.875751798371359413e+00 -8.538025195350551488e-01
4.888318168985717804e+00 -9.779161646668056429e-01
4.900884539600077083e+00 -9.229542758868274355e-01
4.913450910214436362e+00 -1.160634244733826925e+00
4.926017280828795641e+00 -8.646558976285679821e-01
4.938583651443154920e+00 -1.024787358910308033e+00
4.951150022057514200e+00 -1.150639194933738452e+00
4.963716392671873479e+00 -7.953958036981125801e-01
4.976282763286232758e+00 -1.067818735578797806e+00
4.988849133900592037e+00 -9.337200545730637291e-01
5.001415504514951316e+00 -1.014976175881687315e+00
5.013981875129309707e+00 -1.086518279438695611e+00
5.026548245743668986e+00 -9.393879523453182445e-01
5.039114616358028265e+00 -8.617301158209949019e-01
5.051680986972387544e+00 -9.797330057549730187e-01
5.064247357586746823e+00 -7.878150238986394438e-01
5.076813728201106102e+00 -8.717784313284804298e-01
5.089380098815465381e+00 -8.688486016541192569e-01
5.101946469429824660e+00 -9.725300857829860535e-01
5.114512840044183939e+00 -8.748699534318401527e-01
5.127079210658542330e+00 -7.097470273397903373e-01
5.139645581272901609e+00 -8.345683573706850211e-01
5.152211951887260888e+00 -8.553568234131433412e-01
5.164778322501620167e+00 -1.007930393777600075e+00
5.177344693115979446e+00 -9.374733294366421887e-01
5.189911063730338725e+00 -8.505658278181056353e-01
5.202477434344698004e+00 -8.969602380245886852e-01
5.215043804959057283e+00 -9.641879798672109425e-01
5.227610175573416562e+00 -9.140645760320208479e-01
5.240176546187774953e+00 -9.711178557193050898e-01
5.252742916802134232e+00 -8.006975518976473527e-01
5.265309287416492623e+00 -8.201248654660256987e-01
5.277875658030851902e+00 -6.900253668496112436e-01
5.290442028645211181e+00 -7.989059209063612554e-01
5.303008399259570460e+00 -7.053470858429187196e-01
5.315574769873929739e+00 -7.333979413677966797e-01
5.328141140488289018e+00 -8.381131913343025097e-01
5.340707511102648297e+00 -8.719351527775661692e-01
5.353273881717007576e+00 -8.242878432233162744e-01
5.365840252331366855e+00 -8.893364145749840244e-01
5.378406622945726134e+00 -8.211895778959853454e-01
5.390972993560084525e+00 -7.684840989729504468e-01
5.403539364174443804e+00 -6.928031883302816496e-01
5.416105734788803083e+00 -8.445416800244585076e-01
5.428672105403162362e+00 -7.439634041826558297e-01
5.441238476017521641e+00 -6.608594132152567635e-01
5.453804846631880920e+00 -7.883245925338011606e-01
5.466371217246240199e+00 -7.458814759832258501e-01
5.478937587860599479e+00 -6.691621864925603180e-01
5.491503958474958758e+00 -7.500750686595667460e-01
5.504070329089317148e+00 -7.191875871884810811e-01
5.516636699703676427e+00 -8.336150289856609774e-01
5.529203070318035707e+00 -7.353111106629578453e-01
5.541769440932394986e+00 -6.195343613130741556e-01
5.554335811546754265e+00 -6.664715372561103024e-01
5.566902182161113544e+00 -5.645291704716947079e-01
5.579468552775472823e+00 -5.296297306601209787e-01
5.592034923389832102e+00 -8.237938750063666937e-01
5.604601294004191381e+00 -7.132723595425095597e-01
5.617167664618549772e+00 -5.941804958482324039e-01
5.629734035232909051e+00 -6.132417110333567845e-01
5.642300405847268330e+00 -6.777342276135738253e-01
5.654866776461627609e+00 -5.518414636428525810e-01
5.667433147075986888e+00 -5.537660434452220670e-01
5.679999517690346167e+00 -5.497962985194156937e-01
5.692565888304705446e+00 -4.587823418923375751e-01
5.705132258919064725e+00 -4.962302526959979643e-01
5.717698629533424004e+00 -5.992492799483465360e-01
5.730265000147783283e+00 -3.733617118922512024e-01
5.742831370762141674e+00 -5.602520464127805910e-01
5.755397741376500953e+00 -6.662149238228614045e-01
5.767964111990860232e+00 -5.434397570747948603e-01
5.780530482605219511e+00 -5.210624438946667158e-01
5.793096853219578790e+00 -3.735542695534514457e-01
5.805663223833938069e+00 -1.814315789607057194e-01
5.818229594448297348e+00 -6.060709837257328703e-01
5.830795965062656627e+00 -5.049641389081188647e-01
5.843362335677015906e+00 -3.820829421789273539e-01
5.855928706291374297e+00 -3.178120662152558173e-01
5.868495076905733576e+00 -1.859831550833804248e-01
5.881061447520092855e+00 -5.323893067555846015e-01
5.893627818134452134e+00 -2.563021085565325707e-01
5.906194188748811413e+00 -2.494625905524178455e-01
5.918760559363170692e+00 -2.569762110078294692e-01
5.931326929977529971e+00 -3.660944633937865400e-01
5.943893300591889250e+00 -4.145671781004487966e-01
5.956459671206248530e+00 -2.795045920935665951e-01
5.969026041820606920e+00 -2.140941329804816051e-01
5.981592412434966199e+00 -3.523676708030141769e-01
5.994158783049325478e+00 -2.304518760054839466e-01
6.006725153663684758e+00 -2.854667092949901841e-01
6.019291524278044037e+00 -4.450363018787262259e-01
6.031857894892402427e+00 -2.674848148241594226e-01
6.044424265506761706e+00 -1.018916780933685484e-01
6.056990636121120986e+00 -2.413444721707158624e-01
6.069557006735480265e+00 -7.356601876142410124e-02
6.082123377349839544e+00 -2.423981732960643065e-01
6.094689747964198823e+00 -1.954335591528702787e-01
6.107256118578558102e+00 -1.067708848273648536e-01
6.119822489192916493e+00 -5.946707772188951358e-02
6.132388859807275772e+00 -3.638690663541863102e-02
6.144955230421635051e+00 -1.891746698204684884e-01
6.157521601035994330e+00 1.207774045063392254e-03
6.170087971650353609e+00 -1.065209532060552300e-01
6.182654342264712888e+00 -2.290557970281958955e-01
6.195220712879072167e+00 -2.232407908317158018e-01
6.207787083493431446e+00 -2.480446286054319993e-01
6.220353454107790725e+00 -3.488258634586120094e-02
6.232919824722149116e+00 -1.413063445330440815e-01
6.245486195336508395e+00 3.235378858766369686e-02
6.258052565950867674e+00 3.694551292589787206e-02
6.270618936565226953e+00 1.149904669308598505e-02
