0.000000000000000000e+00 6.896896204126209962e-02
1.256637061435917323e-02 -2.625903218348452778e-02
2.513274122871834645e-02 -5.133589672567850926e-02
3.769911184307751795e-02 -1.263980830703570202e-01
5.026548245743669291e-02 5.361236738522767720e-02
6.283185307179586787e-02 5.336228651110330040e-02
7.539822368615503589e-02 1.406948050658798355e-01
8.796459430051420392e-02 6.518794733666949393e-02
1.005309649148733858e-01 1.641699265291929888e-01
1.130973355292325677e-01 1.078009426833987372e-01
1.256637061435917357e-01 1.243682256203153952e-01
1.382300767579508760e-01 1.482188094387701660e-01
1.507964473723100718e-01 1.136893760463965064e-01
1.633628179866692676e-01 -5.942234655189740367e-02
1.759291886010284078e-01 2.377574345121540866e-01
1.884955592153875759e-01 -7.694294035264009901e-02
2.010619298297467716e-01 3.222225191587497206e-01
2.136283004441059397e-01 3.375884060108341744e-01
2.261946710584651354e-01 1.634245035665428669e-01
2.387610416728242757e-01 3.280041230081411352e-01
2.513274122871834715e-01 3.178176469855242270e-01
2.638937829015426395e-01 7.824392187360990070e-02
2.764601535159017520e-01 2.051339833943899293e-01
2.890265241302609756e-01 1.736726868356870956e-01
3.015928947446201436e-01 3.307733763243649316e-01
3.141592653589793116e-01 2.291728026480591707e-01
3.267256359733385351e-01 3.188420407577379767e-01
3.392920065876976476e-01 4.037583962252176417e-01
3.518583772020568157e-01 3.211363468103664021e-01
3.644247478164160392e-01 3.406667600587550138e-01
3.769911184307751517e-01 4.555169227618751093e-01
3.895574890451343197e-01 3.842286907536999752e-01
4.021238596594935433e-01 3.625228013292668972e-01
4.146902302738527113e-01 4.080355228140519208e-01
4.272566008882118793e-01 4.906753779310435437e-01
4.398229715025711029e-01 4.271370091370330635e-01
4.523893421169302709e-01 3.579345578904950531e-01
4.649557127312893834e-01 4.475805261775447907e-01
4.775220833456485514e-01 3.774614899605734930e-01
4.900884539600077194e-01 3.311800651596869538e-01
5.026548245743669430e-01 5.706126558846985608e-01
5.152211951887261110e-01 5.113470103886456064e-01
5.277875658030852790e-01 5.027083231163841370e-01
5.403539364174444470e-01 5.819242920631907401e-01
5.529203070318035040e-01 3.033827357996254359e-01
5.654866776461627831e-01 3.965591522394955604e-01
5.780530482605219511e-01 7.176836913928841266e-01
5.906194188748811191e-01 4.185512316817929790e-01
6.031857894892402872e-01 5.463884083705558004e-01
6.157521601035994552e-01 6.835144536691165618e-01
6.283185307179586232e-01 4.486986285729622770e-01
6.408849013323177912e-01 6.565739610793885905e-01
6.534512719466770703e-01 5.212287958287522560e-01
6.660176425610361273e-01 5.796818292532088801e-01
6.785840131753952953e-01 5.623608348261304180e-01
6.911503837897544633e-01 5.985917877507906937e-01
7.037167544041136313e-01 6.427564430725188904e-01
7.162831250184729104e-01 5.308917452488856048e-01
7.288494956328320784e-01 6.867091281372499356e-01
7.414158662471912464e-01 6.398795705647715160e-01
7.539822368615503034e-01 6.043873372425330182e-01
7.665486074759094715e-01 7.163828133739394977e-01
7.791149780902686395e-01 6.370962983392797208e-01
7.916813487046279185e-01 5.413688321807745840e-01
8.042477193189870865e-01 7.138865871422080955e-01
8.168140899333462546e-01 8.697803183533002747e-01
8.293804605477054226e-01 8.566265425832824132e-01
8.419468311620645906e-01 8.047502703616848940e-01
8.545132017764237586e-01 4.332216414130756754e-01
8.670795723907829267e-01 7.446309229226564241e-01
8.796459430051422057e-01 6.501347413846756407e-01
8.922123136195013737e-01 6.300553115127612847e-01
9.047786842338605418e-01 7.642092683158396849e-01
9.173450548482194877e-01 8.644230917898483302e-01
9.299114254625787668e-01 7.791515966112355640e-01
9.424777960769379348e-01 8.102983845847043787e-01
9.550441666912971028e-01 8.121521138531647699e-01
9.676105373056562708e-01 7.467866692028516384e-01
9.801769079200154389e-01 9.117943909703158933e-01
9.927432785343746069e-01 7.504073218334941231e-01
1.005309649148733886e+00 9.174155415423520532e-01
1.017876019763092943e+00 8.371178926012518007e-01
1.030442390377452222e+00 7.233130780154765072e-01
1.043008760991811279e+00 7.725073565175817336e-01
1.055575131606170558e+00 7.482137289465701224e-01
1.068141502220529837e+00 8.906088005400517593e-01
1.080707872834888894e+00 8.110549069291613788e-01
1.093274243449248173e+00 9.672842053394956618e-01
1.105840614063607008e+00 1.010126313768133333e+00
1.118406984677966287e+00 8.718673002995067645e-01
1.130973355292325566e+00 7.112065484597740461e-01
1.143539725906684623e+00 9.487817680076031657e-01
1.156106096521043902e+00 1.052720078826138606e+00
1.168672467135402959e+00 8.939763623438905515e-01
1.181238837749762238e+00 7.780478082489403757e-01
1.193805208364121295e+00 1.137824497212100550e+00
1.206371578978480574e+00 7.955922355314402061e-01
1.218937949592839853e+00 9.798539354029829340e-01
1.231504320207198910e+00 9.551017982675995555e-01
1.244070690821558189e+00 8.973567551867355219e-01
1.256637061435917246e+00 9.387037238317244014e-01
1.269203432050276525e+00 9.418889015579464674e-01
1.281769802664635582e+00 1.110474544112751483e+00
1.294336173278994861e+00 9.965027369424104275e-01
1.306902543893354141e+00 9.415119442919326342e-01
1.319468914507712975e+00 9.567088421725565839e-01
1.332035285122072255e+00 9.188701337910152311e-01
1.344601655736431534e+00 9.161660477722379792e-01
1.357168026350790591e+00 1.045709489831304628e+00
1.369734396965149870e+00 9.380140847620289657e-01
1.382300767579508927e+00 9.877065223985085352e-01
1.394867138193868206e+00 9.534975084256770428e-01
1.407433508808227263e+00 7.442345954892919391e-01
1.419999879422586542e+00 9.916891658327385839e-01
1.432566250036945821e+00 9.859770820105654421e-01
1.445132620651304878e+00 1.021638195915956837e+00
1.457698991265664157e+00 9.273532482147198719e-01
1.470265361880023214e+00 1.010148378695200799e+00
1.482831732494382493e+00 1.036331572459583406e+00
1.495398103108741550e+00 1.045188510999325526e+00
1.507964473723100607e+00 9.224718086239438453e-01
1.520530844337459886e+00 1.056508133861080667e+00
1.533097214951818943e+00 1.243986613544668662e+00
1.545663585566178222e+00 9.610799152693341174e-01
1.558229956180537279e+00 1.010157204116665319e+00
1.570796326794896558e+00 9.229380186199641622e-01
1.583362697409255837e+00 1.004171818038687380e+00
1.595929068023614894e+00 1.013748200400275579e+00
1.608495438637974173e+00 1.057545343068530430e+00
1.621061809252333230e+00 1.112357704408423631e+00
1.633628179866692509e+00 1.024277042892818734e+00
1.646194550481051566e+00 9.670086096821318700e-01
1.658760921095410845e+00 8.317699188484797279e-01
1.671327291709770124e+00 1.038526689086142429e+00
1.683893662324129181e+00 9.594262335384344809e-01
1.696460032938488460e+00 1.153994778634397367e+00
1.709026403552847517e+00 9.769389992410525414e-01
1.721592774167206796e+00 1.083834670185073179e+00
1.734159144781565853e+00 9.588572973994574644e-01
1.746725515395925132e+00 9.829593662301582269e-01
1.759291886010284411e+00 1.000384150359246327e+00
1.771858256624643468e+00 9.707111964167994822e-01
1.784424627239002747e+00 9.726395405343396527e-01
1.796990997853361804e+00 9.467266656093573651e-01
1.809557368467721084e+00 1.033772081452036362e+00
1.822123739082079918e+00 9.433909162970118834e-01
1.834690109696438975e+00 9.935153084274322977e-01
1.847256480310798255e+00 7.865188828347912109e-01
1.859822850925157534e+00 8.627201925818499539e-01
1.872389221539516591e+00 8.868452769478125663e-01
1.884955592153875870e+00 9.078084163801881656e-01
1.897521962768234927e+00 9.861836227544680256e-01
1.910088333382594206e+00 9.469747208835809227e-01
1.922654703996953263e+00 8.172845556315424531e-01
1.935221074611312542e+00 8.824328117397733928e-01
1.947787445225671821e+00 9.508955534723456671e-01
1.960353815840030878e+00 1.047867305388282988e+00
1.972920186454390157e+00 9.233134458449125948e-01
1.985486557068749214e+00 1.048567864021646034e+00
1.998052927683108493e+00 8.827124261107256453e-01
2.010619298297467772e+00 9.360957250462691448e-01
2.023185668911826607e+00 9.530093329103151989e-01
2.035752039526185886e+00 8.913064478461091289e-01
2.048318410140545165e+00 9.002118318168051969e-01
2.060884780754904444e+00 7.391468213430263390e-01
2.073451151369263723e+00 9.911083129132669534e-01
2.086017521983622558e+00 9.728562592810374721e-01
2.098583892597981837e+00 7.795983238785422209e-01
2.111150263212341116e+00 7.144826232852339309e-01
2.123716633826700395e+00 8.567718501273817733e-01
2.136283004441059674e+00 6.941594980902074941e-01
2.148849375055418509e+00 9.634102410204070654e-01
2.161415745669777788e+00 7.345763142253834976e-01
2.173982116284137067e+00 6.552044267809546962e-01
2.186548486898496346e+00 7.554540741155083561e-01
2.199114857512855181e+00 9.491693523826323364e-01
2.211681228127214016e+00 9.197675052278249108e-01
2.224247598741573295e+00 7.314497480630995918e-01
2.236813969355932574e+00 9.356967098910775604e-01
2.249380339970291853e+00 7.335969719205227557e-01
2.261946710584651132e+00 6.447757733418228998e-01
2.274513081199009967e+00 7.867878475812888350e-01
2.287079451813369246e+00 8.816785626787009278e-01
2.299645822427728525e+00 6.262168758304772487e-01
2.312212193042087804e+00 8.388209692426009667e-01
2.324778563656447083e+00 6.733091859049151751e-01
2.337344934270805918e+00 7.587484054392797939e-01
2.349911304885165197e+00 7.787987252182693165e-01
2.362477675499524477e+00 8.292094905440718922e-01
2.375044046113883756e+00 6.169499753898094463e-01
2.387610416728242591e+00 7.335589691806858603e-01
2.400176787342601870e+00 8.116973055161725847e-01
2.412743157956961149e+00 6.504755095841358026e-01
2.425309528571320428e+00 7.559634204426232129e-01
2.437875899185679707e+00 4.775618788865634290e-01
2.450442269800038542e+00 4.194009357872839905e-01
2.463008640414397821e+00 6.234512168324454207e-01
2.475575011028757100e+00 8.270785295609573984e-01
2.488141381643116379e+00 7.617161549123563358e-01
2.500707752257475658e+00 7.364375672487244451e-01
2.513274122871834493e+00 4.553804757524756996e-01
2.525840493486193772e+00 5.675257294057265423e-01
2.538406864100553051e+00 7.289481446611314475e-01
2.550973234714912330e+00 4.990283028613563543e-01
2.563539605329271165e+00 4.769341820728275061e-01
2.576105975943630444e+00 6.852448058449303048e-01
2.588672346557989723e+00 5.712857232822425857e-01
2.601238717172349002e+00 4.610893736271154397e-01
2.613805087786708281e+00 5.246089175496915225e-01
2.626371458401067116e+00 3.516127914707470326e-01
2.638937829015425951e+00 6.255431692489974438e-01
2.651504199629785230e+00 4.482657040062840714e-01
2.664070570244144509e+00 5.703134898114037288e-01
2.676636940858503788e+00 5.551640979530814146e-01
2.689203311472863067e+00 3.381086113622699396e-01
2.701769682087221902e+00 4.440866654980955563e-01
2.714336052701581181e+00 3.649270330435619436e-01
2.726902423315940460e+00 3.668554308214448390e-01
2.739468793930299739e+00 4.527890546201011612e-01
2.752035164544658574e+00 4.412424871648218394e-01
2.764601535159017853e+00 4.892243253705672590e-01
2.777167905773377132e+00 1.206441369657858531e-01
2.789734276387736411e+00 3.641291129164245244e-01
2.802300647002095690e+00 3.929747580625281844e-01
2.814867017616454525e+00 4.666787127721128137e-01
2.827433388230813804e+00 2.943660427437486682e-01
2.839999758845173083e+00 3.049289932794849722e-01
2.852566129459532362e+00 2.240805705450995278e-01
2.865132500073891642e+00 2.313567100230880802e-01
2.877698870688250476e+00 3.099034920504171176e-01
2.890265241302609756e+00 3.618406077936145993e-01
2.902831611916969035e+00 2.406536929580632145e-01
2.915397982531328314e+00 1.255876802908176271e-01
2.927964353145687149e+00 3.084629982864698361e-01
2.940530723760046428e+00 2.316418713892167969e-01
2.953097094374405707e+00 2.974881266040829697e-01
2.965663464988764986e+00 2.477998814679719386e-01
2.978229835603124265e+00 1.259133812934477292e-01
2.990796206217483100e+00 2.677842417254591156e-01
3.003362576831842379e+00 1.388925685662185383e-01
3.015928947446201214e+00 8.169052323390578463e-02
3.028495318060560493e+00 2.693668854386471745e-01
3.041061688674919772e+00 -6.126709677600480908e-02
3.053628059289279051e+00 9.630549336280602724e-02
3.066194429903637886e+00 -4.951005699084520817e-04
3.078760800517997165e+00 1.200843960311549774e-01
3.091327171132356444e+00 9.212984545857873242e-03
3.103893541746715723e+00 -9.756188707914587033e-02
3.116459912361074558e+00 9.830395882452178102e-02
3.129026282975433837e+00 1.876275694151157691e-01
3.141592653589793116e+00 3.728816174391320210e-02
3.154159024204152395e+00 -7.486262225057813136e-03
3.166725394818511674e+00 1.049256352156988509e-01
3.179291765432870509e+00 8.172307903718041555e-03
3.191858136047229788e+00 -1.467180460382076085e-02
3.204424506661589067e+00 -5.584308260929594231e-02
3.216990877275948346e+00 -7.353207952591969687e-02
3.229557247890307181e+00 -2.152372166401543274e-01
3.242123618504666460e+00 -4.997060017324828074e-02
3.254689989119025739e+00 -2.959392923650096263e-02
3.267256359733385018e+00 -1.784790215279467851e-02
3.279822730347744297e+00 -2.897313281903477478e-01
3.292389100962103132e+00 -2.139625131224859311e-01
3.304955471576462411e+00 -2.350149832736775912e-01
3.317521842190821690e+00 -1.754142176741744219e-01
3.330088212805180969e+00 -3.130948386741572165e-01
3.342654583419540248e+00 -1.394654891748647041e-01
3.355220954033899083e+00 -1.859301013316689843e-01
3.367787324648258362e+00 -2.208887267262507892e-01
3.380353695262617642e+00 -1.774059208082323091e-01
3.392920065876976921e+00 -3.602705953459889865e-01
3.405486436491335756e+00 -1.581279982042501087e-01
3.418052807105695035e+00 -9.254052759123210237e-02
3.430619177720054314e+00 -3.106251497294419406e-01
3.443185548334413593e+00 -3.434557056357327998e-01
3.455751918948772872e+00 -4.136067262481393780e-01
3.468318289563131707e+00 -2.389973508153016013e-01
3.480884660177490986e+00 -3.963828964482069561e-01
3.493451030791850265e+00 -4.889347235674041947e-01
3.506017401406209544e+00 -3.193821866597135184e-01
3.518583772020568823e+00 -2.599125133844034652e-01
3.531150142634927658e+00 -5.100671879704210543e-01
3.543716513249286937e+00 -4.966603163335180371e-01
3.556282883863646216e+00 -6.728598457014234313e-01
3.568849254478005495e+00 -4.734426715102001970e-01
3.581415625092364330e+00 -4.760521772007140218e-01
3.593981995706723609e+00 -2.927206832393509650e-01
3.606548366321082888e+00 -4.069687852432413155e-01
3.619114736935442167e+00 -7.063428908529983952e-01
3.631681107549800558e+00 -4.849561036078886000e-01
3.644247478164159837e+00 -5.209166236778375314e-01
3.656813848778519116e+00 -4.240517283341646571e-01
3.669380219392877951e+00 -4.288695372426955532e-01
3.681946590007237230e+00 -5.133067748449907652e-01
3.694512960621596509e+00 -5.335722357659664628e-01
3.707079331235955788e+00 -7.748643125510172869e-01
3.719645701850315067e+00 -4.631924235353751529e-01
3.732212072464673902e+00 -4.141863418327899060e-01
3.744778443079033181e+00 -6.213591684922715741e-01
3.757344813693392460e+00 -6.359844795838595077e-01
3.769911184307751739e+00 -5.552951615863921386e-01
3.782477554922110574e+00 -5.599269184838345792e-01
3.795043925536469853e+00 -6.840474323519429856e-01
3.807610296150829132e+00 -6.173357192843800245e-01
3.820176666765188411e+00 -6.172660807640326652e-01
3.832743037379547690e+00 -5.755435546917713197e-01
3.845309407993906525e+00 -7.082423409756155586e-01
3.857875778608265804e+00 -7.489140294548046750e-01
3.870442149222625083e+00 -6.755793558654431541e-01
3.883008519836984362e+00 -5.913732206563764304e-01
3.895574890451343641e+00 -7.826401335126187409e-01
3.908141261065702476e+00 -6.423563308272172145e-01
3.920707631680061755e+00 -7.024671896181362563e-01
3.933274002294421035e+00 -5.242574511946316296e-01
3.945840372908780314e+00 -6.304666541959214054e-01
3.958406743523139149e+00 -5.866467163136717122e-01
3.970973114137498428e+00 -7.776578482000593429e-01
3.983539484751857707e+00 -6.954512841148726698e-01
3.996105855366216986e+00 -6.315153411364748948e-01
4.008672225980576265e+00 -8.200013627687436912e-01
4.021238596594935544e+00 -5.994260695332342959e-01
4.033804967209294823e+00 -7.540117995149976382e-01
4.046371337823653214e+00 -8.253199768684885695e-01
4.058937708438012493e+00 -7.298005526152151479e-01
4.071504079052371772e+00 -8.843726503923764470e-01
4.084070449666731051e+00 -8.831446718787451244e-01
4.096636820281090330e+00 -7.460693825885855723e-01
4.109203190895449609e+00 -7.157689469839905172e-01
4.121769561509808888e+00 -8.011596256536013261e-01
4.134335932124168167e+00 -8.213350406602227816e-01
4.146902302738527446e+00 -8.806690228484160832e-01
4.159468673352886725e+00 -9.586848813540506109e-01
4.172035043967245116e+00 -7.928834492386837018e-01
4.184601414581604395e+00 -7.617744478374044448e-01
4.197167785195963674e+00 -8.838735166480518046e-01
4.209734155810322953e+00 -9.259093013244116266e-01
4.222300526424682232e+00 -8.832588808969991101e-01
4.234866897039041511e+00 -7.750110084947338107e-01
4.247433267653400790e+00 -9.282859057571903882e-01
4.259999638267760069e+00 -8.764920484606111284e-01
4.272566008882119348e+00 -8.437758929515938311e-01
4.285132379496477739e+00 -1.005841115400573971e+00
4.297698750110837018e+00 -9.481061445192531245e-01
4.310265120725196297e+00 -1.058589733201690475e+00
4.322831491339555576e+00 -8.467935049851335050e-01
4.335397861953914855e+00 -1.288487863499681918e+00
4.347964232568274134e+00 -9.935671307354908555e-01
4.360530603182633413e+00 -1.071633730810349183e+00
4.373096973796992692e+00 -9.529118771215477901e-01
4.385663344411351972e+00 -1.042833405118796408e+00
4.398229715025710362e+00 -8.474175586048293685e-01
4.410796085640069641e+00 -1.093989253720360377e+00
4.423362456254428032e+00 -1.091677558259918746e+00
4.435928826868787311e+00 -8.218918425868282363e-01
4.448495197483146590e+00 -9.556714020089497330e-01
4.461061568097505869e+00 -1.046001625036227178e+00
4.473627938711865148e+00 -1.002612556233874797e+00
4.486194309326224428e+00 -1.095377346648392924e+00
4.498760679940583707e+00 -1.000288747176779180e+00
4.511327050554942986e+00 -8.654321292432654023e-01
4.523893421169302265e+00 -1.202298935185323936e+00
4.536459791783661544e+00 -9.524985426910334008e-01
4.549026162398019935e+00 -9.437392095076655441e-01
4.561592533012379214e+00 -7.851199424403310090e-01
4.574158903626738493e+00 -1.113218056540462131e+00
4.586725274241097772e+00 -9.126937276422859568e-01
4.599291644855457051e+00 -9.982133444526318788e-01
4.611858015469816330e+00 -1.065408493149113234e+00
4.624424386084175609e+00 -1.054481998567638801e+00
4.636990756698534888e+00 -9.049624387201677944e-01
4.649557127312894167e+00 -9.953730492251571249e-01
4.662123497927252558e+00 -8.251155450025817739e-01
4.674689868541611837e+00 -1.032811092096501016e+00
4.687256239155971116e+00 -9.893796941115184929e-01
4.699822609770330395e+00 -8.499699912839945304e-01
4.712388980384689674e+00 -1.099772845660940357e+00
4.724955350999048953e+00 -1.113862437361073709e+00
4.737521721613408232e+00 -9.727954378487301268e-01
4.750088092227767511e+00 -1.000465217498726744e+00
4.762654462842126790e+00 -1.032967319675405227e+00
4.775220833456485181e+00 -1.012914554402456035e+00
4.787787204070844460e+00 -1.017846579286576736e+00
4.800353574685203739e+00 -9.483502382492547955e-01
4.812919945299563018e+00 -1.176648109819923294e+00
4.825486315913922297e+00 -9.509648535425645477e-01
4.838052686528281576e+00 -1.056913757685901789e+00
4.850619057142640855e+00 -1.035086037776112411e+00
4.863185427757000134e+00 -9.504033511321071659e-01
4.875751798371359413e+00 -1.000475560440491352e+00
4.888318168985717804e+00 -9.244145061804520669e-01
4.900884539600077083e+00 -9.487182887632013006e-01
4.913450910214436362e+00 -1.008896552594421125e+00
4.926017280828795641e+00 -1.123157929349112960e+00
4.938583651443154920e+00 -7.998604896619914140e-01
4.951150022057514200e+00 -9.231269042727305862e-01
4.963716392671873479e+00 -1.088050912492626754e+00
4.976282763286232758e+00 -9.605406592776218888e-01
4.988849133900592037e+00 -1.099855351872777165e+00
5.001415504514951316e+00 -8.163068759994347445e-01
5.013981875129309707e+00 -1.052478654530645041e+00
5.026548245743668986e+00 -1.100738959810673601e+00
5.039114616358028265e+00 -9.017096422015603574e-01
5.051680986972387544e+00 -9.141769443775619175e-01
5.064247357586746823e+00 -8.025382779586549553e-01
5.076813728201106102e+00 -9.366846226703403611e-01
5.089380098815465381e+00 -1.027518465929665892e+00
5.101946469429824660e+00 -1.049535792060206196e+00
5.114512840044183939e+00 -9.437614620250496245e-01
5.127079210658542330e+00 -8.578308138348684775e-01
5.139645581272901609e+00 -7.730044531223335680e-01
5.152211951887260888e+00 -8.901570108806575732e-01
5.164778322501620167e+00 -7.670291737275917177e-01
5.177344693115979446e+00 -8.485257862359619763e-01
5.189911063730338725e+00 -9.191282816104929809e-01
5.202477434344698004e+00 -9.181002930357866632e-01
5.215043804959057283e+00 -9.056731302678255879e-01
5.227610175573416562e+00 -8.694463840500610274e-01
5.240176546187774953e+00 -6.886749744355288305e-01
5.252742916802134232e+00 -8.595249601624338487e-01
5.265309287416492623e+00 -8.201205202413474060e-01
5.277875658030851902e+00 -9.055116224067505382e-01
5.290442028645211181e+00 -9.997497442542768731e-01
5.303008399259570460e+00 -8.357169170339689979e-01
5.315574769873929739e+00 -7.972329801918929260e-01
5.328141140488289018e+00 -9.077055343167351742e-01
5.340707511102648297e+00 -8.112996520751072360e-01
5.353273881717007576e+00 -8.658388898620361651e-01
5.365840252331366855e+00 -7.263141762782029387e-01
5.378406622945726134e+00 -8.537039265483880035e-01
5.390972993560084525e+00 -7.405385736562547505e-01
5.403539364174443804e+00 -4.278784753670714092e-01
5.416105734788803083e+00 -9.360018847052209434e-01
5.428672105403162362e+00 -7.811486905686759741e-01
5.441238476017521641e+00 -7.427772317693867032e-01
5.453804846631880920e+00 -6.985702931899236967e-01
5.466371217246240199e+00 -6.628567001238575562e-01
5.478937587860599479e+00 -6.885906376468915457e-01
5.491503958474958758e+00 -8.843887536982473208e-01
5.504070329089317148e+00 -5.851909758334703504e-01
5.516636699703676427e+00 -4.983071713674460668e-01
5.529203070318035707e+00 -7.913726087192385350e-01
5.541769440932394986e+00 -7.109731402040407877e-01
5.554335811546754265e+00 -7.113743635959929312e-01
5.566902182161113544e+00 -7.255370324950438654e-01
5.579468552775472823e+00 -6.024273973346767619e-01
5.592034923389832102e+00 -5.833576467080207051e-01
5.604601294004191381e+00 -6.066277658482727153e-01
5.617167664618549772e+00 -7.176432653185444988e-01
5.629734035232909051e+00 -7.790520636005358046e-01
5.642300405847268330e+00 -5.644834130315189435e-01
5.654866776461627609e+00 -5.097123832437935320e-01
5.667433147075986888e+00 -6.354308273306543686e-01
5.679999517690346167e+00 -4.331331182096721522e-01
5.692565888304705446e+00 -4.551659120431231220e-01
5.705132258919064725e+00 -7.203212452893006379e-01
5.717698629533424004e+00 -5.166344816927092021e-01
5.730265000147783283e+00 -6.333723652819214234e-01
5.742831370762141674e+00 -7.329888359593592639e-01
5.755397741376500953e+00 -5.194840285573708583e-01
5.767964111990860232e+00 -6.364878218387932662e-01
5.780530482605219511e+00 -3.710890410155712749e-01
5.793096853219578790e+00 -3.498251400497695007e-01
5.805663223833938069e+00 -5.221017288880263063e-01
5.818229594448297348e+00 -5.280164387835251105e-01
5.830795965062656627e+00 -4.617277300676039808e-01
5.843362335677015906e+00 -5.023382609110337294e-01
5.855928706291374297e+00 -4.823094730067122304e-01
5.868495076905733576e+00 -3.276512072871090586e-01
5.881061447520092855e+00 -2.012312623843902082e-01
5.893627818134452134e+00 -2.859671978402438253e-01
5.906194188748811413e+00 -3.189376117794609500e-01
5.918760559363170692e+00 -2.297208914592174800e-01
5.931326929977529971e+00 -3.385905570426404609e-01
5.943893300591889250e+00 -4.412554433711411983e-01
5.956459671206248530e+00 -2.277936900022636546e-01
5.969026041820606920e+00 -3.165082088381872549e-01
5.981592412434966199e+00 -4.127742282944535379e-01
5.994158783049325478e+00 -2.174696587489686750e-01
6.006725153663684758e+00 -1.860144469492207020e-01
6.019291524278044037e+00 -1.093585675134342017e-01
6.031857894892402427e+00 -4.192875894758692490e-01
6.044424265506761706e+00 -2.488267729795407557e-01
6.056990636121120986e+00 -3.112167933244316953e-01
6.069557006735480265e+00 -2.317588395532579337e-01
6.082123377349839544e+00 -3.789854050872336066e-01
6.094689747964198823e+00 -1.621243445818243423e-01
6.107256118578558102e+00 -4.457851013629732240e-02
6.119822489192916493e+00 -1.665930139033905411e-03
6.132388859807275772e+00 -1.309265635704283115e-01
6.144955230421635051e+00 -1.854879945168238786e-01
6.157521601035994330e+00 -8.551712189708347844e-02
6.170087971650353609e+00 -1.710691606797731801e-01
6.182654342264712888e+00 -3.057329409116454344e-01
6.195220712879072167e+00 2.852746304695980006e-03
6.207787083493431446e+00 1.360331674020465731e-01
6.220353454107790725e+00 5.715096526898372220e-02
6.232919824722149116e+00 -1.759312781019972127e-01
6.245486195336508395e+00 -9.959639628276659162e-02
6.258052565950867674e+00 6.132003440073668932e-02
6.270618936565226953e+00 8.641002982412421263e-02
