0.000000000000000000e+00 -1.061957762641675407e-01
1.256637061435917323e-02 4.440999867780493632e-02
2.513274122871834645e-02 2.762665327797437023e-02
3.769911184307751795e-02 -5.140553658276771076e-02
5.026548245743669291e-02 7.176565066090613565e-02
6.283185307179586787e-02 7.192754597413547613e-02
7.539822368615503589e-02 4.153227635887710156e-02
8.796459430051420392e-02 1.580830231937243313e-01
1.005309649148733858e-01 6.904347031783825139e-02
1.130973355292325677e-01 1.438606927359232790e-01
1.256637061435917357e-01 1.991728148810840149e-01
1.382300767579508760e-01 2.743331728407442660e-01
1.507964473723100718e-01 3.102324959584612518e-02
1.633628179866692676e-01 1.541594706107938806e-01
1.759291886010284078e-01 1.292885709368530311e-01
1.884955592153875759e-01 2.969937581993681297e-01
2.010619298297467716e-01 3.098628534147377933e-01
2.136283004441059397e-01 3.493284970505347031e-01
2.261946710584651354e-01 2.358266666187890381e-01
2.387610416728242757e-01 3.889985845581639401e-01
2.513274122871834715e-01 1.765726499143643047e-01
2.638937829015426395e-01 1.672552083390017874e-01
2.764601535159017520e-01 4.425753080994925814e-01
2.890265241302609756e-01 2.522307089956771220e-01
3.015928947446201436e-01 2.831994193905774115e-01
3.141592653589793116e-01 3.068771518409649790e-01
3.267256359733385351e-01 4.411217434252857617e-01
3.392920065876976476e-01 3.089059939115931241e-01
3.518583772020568157e-01 1.268847165827825807e-01
3.644247478164160392e-01 2.617572076191513331e-01
3.769911184307751517e-01 5.212090067784185266e-01
3.895574890451343197e-01 4.833842954882040521e-01
4.021238596594935433e-01 4.510368727184148607e-01
4.146902302738527113e-01 3.927095017392376874e-01
4.272566008882118793e-01 4.135147824449066922e-01
4.398229715025711029e-01 4.591260787782885933e-01
4.523893421169302709e-01 3.588341585824798008e-01
4.649557127312893834e-01 4.579475063475362262e-01
4.775220833456485514e-01 6.563772705061134971e-01
4.900884539600077194e-01 5.486709155483211475e-01
5.026548245743669430e-01 4.578080609753928942e-01
5.152211951887261110e-01 6.065003825497370382e-01
5.277875658030852790e-01 4.796196601455168240e-01
5.403539364174444470e-01 4.439275795224837395e-01
5.529203070318035040e-01 4.718836910380754812e-01
5.654866776461627831e-01 6.903361118819030251e-01
5.780530482605219511e-01 5.450786701083693009e-01
5.906194188748811191e-01 6.375045535700550881e-01
6.031857894892402872e-01 5.295859460130472041e-01
6.157521601035994552e-01 6.266179812969174812e-01
6.283185307179586232e-01 4.811505441081436740e-01
6.408849013323177912e-01 6.803065219930266583e-01
6.534512719466770703e-01 6.533613203524151203e-01
6.660176425610361273e-01 5.831555774196872655e-01
6.785840131753952953e-01 6.240272018064284554e-01
6.911503837897544633e-01 4.980520500068200684e-01
7.037167544041136313e-01 5.555146488108912983e-01
7.162831250184729104e-01 6.826399827483700111e-01
7.288494956328320784e-01 8.381818339592403966e-01
7.414158662471912464e-01 7.544530173535838324e-01
7.539822368615503034e-01 6.947081600504022569e-01
7.665486074759094715e-01 9.553333356048170355e-01
7.791149780902686395e-01 7.505981892889727058e-01
7.916813487046279185e-01 6.603056449814351803e-01
8.042477193189870865e-01 6.645743662494579818e-01
8.168140899333462546e-01 7.780959997600171985e-01
8.293804605477054226e-01 7.884294463764052185e-01
8.419468311620645906e-01 8.866547930536778921e-01
8.545132017764237586e-01 7.046121864929759671e-01
8.670795723907829267e-01 7.107329525011332194e-01
8.796459430051422057e-01 8.041818749988238757e-01
8.922123136195013737e-01 9.050597513606333244e-01
9.047786842338605418e-01 8.370247292076089529e-01
9.173450548482194877e-01 7.112745604969278324e-01
9.299114254625787668e-01 7.666724139585153752e-01
9.424777960769379348e-01 7.542618475599187633e-01
9.550441666912971028e-01 8.637381432433228756e-01
9.676105373056562708e-01 9.305984385896557409e-01
9.801769079200154389e-01 7.249855766223263220e-01
9.927432785343746069e-01 7.928049158845869027e-01
1.005309649148733886e+00 7.542409601979682687e-01
1.017876019763092943e+00 7.949163008621867865e-01
1.030442390377452222e+00 9.240339784786743005e-01
1.043008760991811279e+00 9.535945150090761047e-01
1.055575131606170558e+00 8.967964681368333357e-01
1.068141502220529837e+00 8.632917250261753495e-01
1.080707872834888894e+00 8.692761543998527296e-01
1.093274243449248173e+00 5.757263353420642993e-01
1.105840614063607008e+00 8.340099840839413359e-01
1.118406984677966287e+00 8.634195584892245812e-01
1.130973355292325566e+00 9.788274243958160481e-01
1.143539725906684623e+00 9.521623473765238321e-01
1.156106096521043902e+00 9.266257644981742425e-01
1.168672467135402959e+00 7.953459107490021829e-01
1.181238837749762238e+00 9.063346426821470292e-01
1.193805208364121295e+00 8.706602387398072462e-01
1.206371578978480574e+00 9.842128099560778498e-01
1.218937949592839853e+00 9.133065290482170751e-01
1.231504320207198910e+00 1.034828239714264075e+00
1.244070690821558189e+00 1.154480501322245445e+00
1.256637061435917246e+00 1.022211065557746990e+00
1.269203432050276525e+00 1.167144765076528978e+00
1.281769802664635582e+00 8.616957693900360038e-01
1.294336173278994861e+00 1.000520792833161421e+00
1.306902543893354141e+00 1.101554121944795517e+00
1.319468914507712975e+00 8.733612419712697417e-01
1.332035285122072255e+00 8.230013759110706983e-01
1.344601655736431534e+00 1.011937203579965416e+00
1.357168026350790591e+00 8.363813247134834761e-01
1.369734396965149870e+00 8.629246409179536226e-01
1.382300767579508927e+00 1.016926800860905589e+00
1.394867138193868206e+00 1.121632058197235882e+00
1.407433508808227263e+00 1.122039692193810279e+00
1.419999879422586542e+00 1.063045786794851955e+00
1.432566250036945821e+00 9.126200793941353639e-01
1.445132620651304878e+00 8.243900051896340120e-01
1.457698991265664157e+00 1.078518850592594669e+00
1.470265361880023214e+00 8.361986352400568867e-01
1.482831732494382493e+00 1.009833655095255800e+00
1.495398103108741550e+00 1.118961074715435711e+00
1.507964473723100607e+00 9.143725606762169722e-01
1.520530844337459886e+00 8.097406693273137002e-01
1.533097214951818943e+00 9.207183867822198442e-01
1.545663585566178222e+00 9.422067549098892547e-01
1.558229956180537279e+00 1.090194215169241865e+00
1.570796326794896558e+00 1.060414674286351389e+00
1.583362697409255837e+00 1.087867610534488216e+00
1.595929068023614894e+00 1.099893684633812763e+00
1.608495438637974173e+00 1.128384094472254073e+00
1.621061809252333230e+00 9.915172056487013830e-01
1.633628179866692509e+00 9.532329456905794807e-01
1.646194550481051566e+00 9.495751633200603115e-01
1.658760921095410845e+00 9.341344571583993783e-01
1.671327291709770124e+00 1.049909411999552011e+00
1.683893662324129181e+00 9.848634016540324110e-01
1.696460032938488460e+00 1.023342632576014433e+00
1.709026403552847517e+00 9.881739859723375208e-01
1.721592774167206796e+00 9.014633272499011918e-01
1.734159144781565853e+00 8.745970263617902640e-01
1.746725515395925132e+00 1.036061220704369568e+00
1.759291886010284411e+00 1.095536533981251726e+00
1.771858256624643468e+00 9.515312235325885659e-01
1.784424627239002747e+00 1.084449580333126217e+00
1.796990997853361804e+00 1.164309877131577631e+00
1.809557368467721084e+00 9.217086237590007558e-01
1.822123739082079918e+00 1.064115599605436113e+00
1.834690109696438975e+00 9.117961494045756510e-01
1.847256480310798255e+00 9.267227160246160889e-01
1.859822850925157534e+00 9.787160946016884022e-01
1.872389221539516591e+00 8.158158270774437115e-01
1.884955592153875870e+00 8.321007872105791181e-01
1.897521962768234927e+00 1.028271243663982482e+00
1.910088333382594206e+00 1.016811624313822104e+00
1.922654703996953263e+00 9.469167209955632325e-01
1.935221074611312542e+00 1.002861032644653649e+00
1.947787445225671821e+00 8.029290826661314995e-01
1.960353815840030878e+00 8.745421195928017033e-01
1.972920186454390157e+00 8.785532398217371641e-01
1.985486557068749214e+00 9.483351696624978677e-01
1.998052927683108493e+00 8.444644098737849047e-01
2.010619298297467772e+00 9.005537585878139462e-01
2.023185668911826607e+00 9.480095755214011932e-01
2.035752039526185886e+00 7.644955930169613501e-01
2.048318410140545165e+00 8.915447318689365686e-01
2.060884780754904444e+00 9.807030936329601545e-01
2.073451151369263723e+00 8.148369961322645683e-01
2.086017521983622558e+00 9.255252717832689324e-01
2.098583892597981837e+00 8.555987947908511027e-01
2.111150263212341116e+00 8.990938219329064340e-01
2.123716633826700395e+00 8.224303205135633510e-01
2.136283004441059674e+00 8.192960961315080004e-01
2.148849375055418509e+00 9.325703978386321591e-01
2.161415745669777788e+00 7.973499234599356056e-01
2.173982116284137067e+00 8.923099706562671596e-01
2.186548486898496346e+00 7.929449679892863756e-01
2.199114857512855181e+00 1.048740298742217636e+00
2.211681228127214016e+00 9.015014176551408021e-01
2.224247598741573295e+00 8.127646433442173857e-01
2.236813969355932574e+00 7.948539441456770049e-01
2.249380339970291853e+00 6.184772365567301478e-01
2.261946710584651132e+00 6.411481512019547857e-01
2.274513081199009967e+00 7.387329005871803300e-01
2.287079451813369246e+00 7.589863387494582003e-01
2.299645822427728525e+00 8.271987659429274053e-01
2.312212193042087804e+00 7.414929449898417513e-01
2.324778563656447083e+00 9.161369255164832914e-01
2.337344934270805918e+00 8.429356302069412887e-01
2.349911304885165197e+00 6.846297613301073337e-01
2.362477675499524477e+00 6.980645637134642589e-01
2.375044046113883756e+00 6.449493866388769092e-01
2.387610416728242591e+00 6.384603561245018044e-01
2.400176787342601870e+00 6.632562133775151691e-01
2.412743157956961149e+00 7.008279642748577176e-01
2.425309528571320428e+00 7.254352424441364855e-01
2.437875899185679707e+00 6.063999748362720599e-01
2.450442269800038542e+00 5.384625764023964756e-01
2.463008640414397821e+00 7.099784562648328023e-01
2.475575011028757100e+00 5.893739966553099840e-01
2.488141381643116379e+00 5.421762394878291147e-01
2.500707752257475658e+00 7.852639903447862224e-01
2.513274122871834493e+00 5.017177901251844707e-01
2.525840493486193772e+00 5.734420088147539341e-01
2.538406864100553051e+00 4.199725131989231475e-01
2.550973234714912330e+00 5.018794340424670430e-01
2.563539605329271165e+00 5.562020442188989611e-01
2.576105975943630444e+00 4.991821554636263203e-01
2.588672346557989723e+00 4.192201791310544157e-01
2.601238717172349002e+00 4.319945167962582766e-01
2.613805087786708281e+00 4.971960663509824019e-01
2.626371458401067116e+00 6.147254232844170385e-01
2.638937829015425951e+00 2.824533878115031427e-01
2.651504199629785230e+00 4.183311520968803210e-01
2.664070570244144509e+00 4.152060493440169475e-01
2.676636940858503788e+00 3.329775500996752235e-01
2.689203311472863067e+00 5.806277711943353959e-01
2.701769682087221902e+00 4.508066409809701747e-01
2.714336052701581181e+00 5.231863651636856627e-01
2.726902423315940460e+00 4.388582279097348327e-01
2.739468793930299739e+00 3.940457506385663389e-01
2.752035164544658574e+00 3.587227768934259653e-01
2.764601535159017853e+00 2.726260723374091532e-01
2.777167905773377132e+00 3.922451236356934712e-01
2.789734276387736411e+00 5.181940881858122516e-01
2.802300647002095690e+00 1.954510417687747859e-01
2.814867017616454525e+00 5.255900736271312823e-01
2.827433388230813804e+00 2.448695091521415901e-01
2.839999758845173083e+00 2.772700593638717237e-01
2.852566129459532362e+00 3.088814460954013574e-01
2.865132500073891642e+00 3.859237030808427837e-01
2.877698870688250476e+00 2.833442035754261679e-01
2.890265241302609756e+00 2.200324456712011156e-01
2.902831611916969035e+00 2.178320397157507138e-01
2.915397982531328314e+00 2.384510263748967074e-01
2.927964353145687149e+00 2.837943855699851525e-01
2.940530723760046428e+00 3.211040058983476442e-01
2.953097094374405707e+00 2.666036032059702632e-01
2.965663464988764986e+00 9.916576991270201202e-02
2.978229835603124265e+00 1.029024823291210811e-02
2.990796206217483100e+00 2.640010124596253172e-01
3.003362576831842379e+00 1.317725879409128720e-01
3.015928947446201214e+00 2.015709796725153602e-01
3.028495318060560493e+00 3.258729527474306664e-01
3.041061688674919772e+00 1.884637238830401407e-02
3.053628059289279051e+00 1.601480071349055678e-01
3.066194429903637886e+00 6.212117007787384959e-02
3.078760800517997165e+00 7.645136642995603582e-02
3.091327171132356444e+00 1.085926628479475659e-02
3.103893541746715723e+00 7.284138564316523790e-02
3.116459912361074558e+00 -8.819663980186404073e-02
3.129026282975433837e+00 -1.025691432362723088e-01
3.141592653589793116e+00 2.827454439997722797e-03
3.154159024204152395e+00 -1.715541634302840124e-01
3.166725394818511674e+00 -2.041822710249209527e-01
3.179291765432870509e+00 6.272739375035685239e-02
3.191858136047229788e+00 4.992673585141761683e-02
3.204424506661589067e+00 -7.173592268217893198e-02
3.216990877275948346e+00 -1.104678294998170524e-01
3.229557247890307181e+00 -1.791072393410919616e-02
3.242123618504666460e+00 -1.107159924388673999e-01
3.254689989119025739e+00 -1.480827362246560364e-01
3.267256359733385018e+00 -4.735407725720972016e-02
3.279822730347744297e+00 -7.036799512119910893e-02
3.292389100962103132e+00 -2.257667186103340107e-01
3.304955471576462411e+00 -3.985498568466200875e-01
3.317521842190821690e+00 -1.600690223481129881e-02
3.330088212805180969e+00 -3.307517760740920632e-01
3.342654583419540248e+00 -4.244277224503816281e-01
3.355220954033899083e+00 -1.961328848863871377e-01
3.367787324648258362e+00 -2.512670231496777484e-01
3.380353695262617642e+00 -2.200333558289975788e-01
3.392920065876976921e+00 -2.012761416132894943e-01
3.405486436491335756e+00 -3.411532804121484297e-01
3.418052807105695035e+00 -1.900013604204438544e-01
3.430619177720054314e+00 -2.343599285452447334e-01
3.443185548334413593e+00 -2.984715624053875804e-01
3.455751918948772872e+00 -4.157533245144441891e-01
3.468318289563131707e+00 -3.505062291279374964e-01
3.480884660177490986e+00 -3.055623932561967737e-01
3.493451030791850265e+00 -4.982607707659100216e-01
3.506017401406209544e+00 -2.932414196542938445e-01
3.518583772020568823e+00 -2.372913862725681555e-01
3.531150142634927658e+00 -3.516623585500983085e-01
3.543716513249286937e+00 -2.219151338140245289e-01
3.556282883863646216e+00 -4.795752810094599528e-01
3.568849254478005495e+00 -5.328664341678354122e-01
3.581415625092364330e+00 -6.017232855099775568e-01
3.593981995706723609e+00 -4.408720674793523697e-01
3.606548366321082888e+00 -3.667211294930198262e-01
3.619114736935442167e+00 -4.554012176481366247e-01
3.631681107549800558e+00 -5.482649323023132126e-01
3.644247478164159837e+00 -5.251283955701553374e-01
3.656813848778519116e+00 -3.597772903816459644e-01
3.669380219392877951e+00 -5.271872506442945028e-01
3.681946590007237230e+00 -5.770607108222397530e-01
3.694512960621596509e+00 -6.143659671512384790e-01
3.707079331235955788e+00 -4.768361782457192777e-01
3.719645701850315067e+00 -6.408893181095712821e-01
3.732212072464673902e+00 -7.169040946627662780e-01
3.744778443079033181e+00 -7.737393480898243636e-01
3.757344813693392460e+00 -4.995074100266480577e-01
3.769911184307751739e+00 -6.852242080748467412e-01
3.782477554922110574e+00 -3.967189821953620577e-01
3.795043925536469853e+00 -4.980770686831887950e-01
3.807610296150829132e+00 -5.803354994016949320e-01
3.820176666765188411e+00 -6.899534691189487257e-01
3.832743037379547690e+00 -4.496613425754982796e-01
3.845309407993906525e+00 -5.163999201443983944e-01
3.857875778608265804e+00 -7.484729003716175111e-01
3.870442149222625083e+00 -5.345931954244893536e-01
3.883008519836984362e+00 -6.878353986415640664e-01
3.895574890451343641e+00 -7.220591291844355997e-01
3.908141261065702476e+00 -8.698142788045410967e-01
3.920707631680061755e+00 -7.649482349016654137e-01
3.933274002294421035e+00 -6.309857851679528951e-01
3.945840372908780314e+00 -6.112495897524330424e-01
3.958406743523139149e+00 -8.464263854980885737e-01
3.970973114137498428e+00 -8.310276880991844806e-01
3.983539484751857707e+00 -5.516596867006515748e-01
3.996105855366216986e+00 -7.394554015073151465e-01
4.008672225980576265e+00 -8.443485756384943031e-01
4.021238596594935544e+00 -7.547103338219991464e-01
4.033804967209294823e+00 -6.594408530710653693e-01
4.046371337823653214e+00 -7.331374616946948475e-01
4.058937708438012493e+00 -7.089485153982902910e-01
4.071504079052371772e+00 -9.064113298024610854e-01
4.084070449666731051e+00 -8.282281173882379832e-01
4.096636820281090330e+00 -7.753096156102352587e-01
4.109203190895449609e+00 -8.193131222746079523e-01
4.121769561509808888e+00 -7.542182759668549785e-01
4.134335932124168167e+00 -9.379395593200416936e-01
4.146902302738527446e+00 -9.194135541330404893e-01
4.159468673352886725e+00 -7.856734416542164867e-01
4.172035043967245116e+00 -8.916908800299988558e-01
4.184601414581604395e+00 -1.125379967878953558e+00
4.197167785195963674e+00 -8.063542514507944237e-01
4.209734155810322953e+00 -9.487375031311647833e-01
4.222300526424682232e+00 -9.138497570360314404e-01
4.234866897039041511e+00 -8.436911664141910627e-01
4.247433267653400790e+00 -9.800270710931597851e-01
4.259999638267760069e+00 -1.007052717956386623e+00
4.272566008882119348e+00 -9.473546620991137868e-01
4.285132379496477739e+00 -7.694690649547772932e-01
4.297698750110837018e+00 -8.325256407340013709e-01
4.310265120725196297e+00 -9.562040723021870692e-01
4.322831491339555576e+00 -9.214817138368344152e-01
4.335397861953914855e+00 -1.000144815650100494e+00
4.347964232568274134e+00 -1.047956834942885607e+00
4.360530603182633413e+00 -7.150859003268189573e-01
4.373096973796992692e+00 -8.590917748032054213e-01
4.385663344411351972e+00 -1.110673883365044690e+00
4.398229715025710362e+00 -1.008199806267362053e+00
4.410796085640069641e+00 -1.002022929348898916e+00
4.423362456254428032e+00 -1.125236107884231451e+00
4.435928826868787311e+00 -9.967501264738588551e-01
4.448495197483146590e+00 -9.464569448323054690e-01
4.461061568097505869e+00 -9.859891134630524023e-01
4.473627938711865148e+00 -8.712777909246501862e-01
4.486194309326224428e+00 -1.000281230902073437e+00
4.498760679940583707e+00 -1.078263119816554427e+00
4.511327050554942986e+00 -8.221034282031403073e-01
4.523893421169302265e+00 -1.017716403784992618e+00
4.536459791783661544e+00 -9.047663852868340628e-01
4.549026162398019935e+00 -9.164002152465883233e-01
4.561592533012379214e+00 -1.063203177061542881e+00
4.574158903626738493e+00 -1.014659335417678721e+00
4.586725274241097772e+00 -9.587630234748225622e-01
4.599291644855457051e+00 -9.506299399663264982e-01
4.611858015469816330e+00 -9.961713114518193635e-01
4.624424386084175609e+00 -1.055736070969738538e+00
4.636990756698534888e+00 -1.093335343646104185e+00
4.649557127312894167e+00 -9.682402003145549330e-01
4.662123497927252558e+00 -9.538767838355286521e-01
4.674689868541611837e+00 -1.022058946756395859e+00
4.687256239155971116e+00 -9.995814858322635832e-01
4.699822609770330395e+00 -9.407601993642027427e-01
4.712388980384689674e+00 -9.470783123526278491e-01
4.724955350999048953e+00 -9.873228035174759221e-01
4.737521721613408232e+00 -9.012923524558513755e-01
4.750088092227767511e+00 -9.230502615888556139e-01
4.762654462842126790e+00 -9.087226973910421668e-01
4.775220833456485181e+00 -9.785111974081931452e-01
4.787787204070844460e+00 -9.666327128771754484e-01
4.800353574685203739e+00 -1.088606756074621984e+00
4.812919945299563018e+00 -9.993512929291464841e-01
4.825486315913922297e+00 -7.912308430936183523e-01
4.838052686528281576e+00 -9.898974074907642695e-01
4.850619057142640855e+00 -9.275162724116556845e-01
4.863185427757000134e+00 -1.036321473329517850e+00
4.875751798371359413e+00 -9.480266603078492116e-01
4.888318168985717804e+00 -9.459138548225449750e-01
4.900884539600077083e+00 -9.967168228361985571e-01
4.913450910214436362e+00 -8.471283238468112486e-01
4.926017280828795641e+00 -1.020400433597723922e+00
4.938583651443154920e+00 -9.870879876432665512e-01
4.951150022057514200e+00 -1.031215252113561354e+00
4.963716392671873479e+00 -9.581112564285684252e-01
4.976282763286232758e+00 -6.477240286875288744e-01
4.988849133900592037e+00 -9.066609464620470904e-01
5.001415504514951316e+00 -9.045327381049014237e-01
5.013981875129309707e+00 -9.829040664345682909e-01
5.026548245743668986e+00 -1.045050276174325443e+00
5.039114616358028265e+00 -1.008247133936326367e+00
5.051680986972387544e+00 -8.402662556256031978e-01
5.064247357586746823e+00 -9.702005098311696774e-01
5.076813728201106102e+00 -9.801970889977377199e-01
5.089380098815465381e+00 -7.637519206515106518e-01
5.101946469429824660e+00 -9.591462615177368534e-01
5.114512840044183939e+00 -9.823676207561827800e-01
5.127079210658542330e+00 -7.334645087713880240e-01
5.139645581272901609e+00 -8.717193164934405880e-01
5.152211951887260888e+00 -1.027688328439029908e+00
5.164778322501620167e+00 -9.954622322316967198e-01
5.177344693115979446e+00 -9.947628839605006101e-01
5.189911063730338725e+00 -8.224200317326578746e-01
5.202477434344698004e+00 -1.035213366946095004e+00
5.215043804959057283e+00 -8.477976790296607446e-01
5.227610175573416562e+00 -9.071746629339497714e-01
5.240176546187774953e+00 -9.209693734240371743e-01
5.252742916802134232e+00 -8.953037330414942430e-01
5.265309287416492623e+00 -6.710451882791576006e-01
5.277875658030851902e+00 -1.087966508881963890e+00
5.290442028645211181e+00 -5.826013561665779328e-01
5.303008399259570460e+00 -8.235106893964733166e-01
5.315574769873929739e+00 -7.969692693006276141e-01
5.328141140488289018e+00 -7.623409120993968058e-01
5.340707511102648297e+00 -8.814391495728048920e-01
5.353273881717007576e+00 -7.810341895275415558e-01
5.365840252331366855e+00 -7.950104233269189580e-01
5.378406622945726134e+00 -7.348828520342427506e-01
5.390972993560084525e+00 -9.322365244494225101e-01
5.403539364174443804e+00 -7.097203818206941905e-01
5.416105734788803083e+00 -9.113231900306434374e-01
5.428672105403162362e+00 -7.498930267854363452e-01
5.441238476017521641e+00 -7.583265319336205401e-01
5.453804846631880920e+00 -6.389724483599270588e-01
5.466371217246240199e+00 -7.246374615309244538e-01
5.478937587860599479e+00 -7.448300687060138703e-01
5.491503958474958758e+00 -6.935328193673093722e-01
5.504070329089317148e+00 -6.278698640982772750e-01
5.516636699703676427e+00 -6.347405032634195754e-01
5.529203070318035707e+00 -7.274218340267476490e-01
5.541769440932394986e+00 -6.248827663715573744e-01
5.554335811546754265e+00 -6.097025498036175994e-01
5.566902182161113544e+00 -7.472068154274571494e-01
5.579468552775472823e+00 -5.766203231012251296e-01
5.592034923389832102e+00 -3.427765207535681813e-01
5.604601294004191381e+00 -4.666098593971040875e-01
5.617167664618549772e+00 -6.498608316661188544e-01
5.629734035232909051e+00 -5.447572951946728637e-01
5.642300405847268330e+00 -6.909343870555963996e-01
5.654866776461627609e+00 -5.018177444989133651e-01
5.667433147075986888e+00 -5.681676218912590226e-01
5.679999517690346167e+00 -4.323298286393606471e-01
5.692565888304705446e+00 -6.233970075897741214e-01
5.705132258919064725e+00 -5.371520836537999610e-01
5.717698629533424004e+00 -6.087457279770793761e-01
5.730265000147783283e+00 -3.934895064179154689e-01
5.742831370762141674e+00 -6.287497818055315379e-01
5.755397741376500953e+00 -4.710940018896609405e-01
5.767964111990860232e+00 -5.194540831609301135e-01
5.780530482605219511e+00 -5.891618962731309805e-01
5.793096853219578790e+00 -4.668427023645312923e-01
5.805663223833938069e+00 -3.693435580817859276e-01
5.818229594448297348e+00 -3.959785096294657358e-01
5.830795965062656627e+00 -3.980772405428651406e-01
5.843362335677015906e+00 -5.111438745679151019e-01
5.855928706291374297e+00 -3.533206690935620786e-01
5.868495076905733576e+00 -2.149750029677313379e-01
5.881061447520092855e+00 -2.084905360772678906e-01
5.893627818134452134e+00 -3.423046783921733227e-01
5.906194188748811413e+00 -5.076059411083326811e-01
5.918760559363170692e+00 -4.202514153477799330e-01
5.931326929977529971e+00 -2.567013225619474426e-01
5.943893300591889250e+00 -4.015065139684700912e-01
5.956459671206248530e+00 -4.681713341591680067e-01
5.969026041820606920e+00 -3.623279886459908616e-01
5.981592412434966199e+00 -3.650338432032603775e-01
5.994158783049325478e+00 -2.426182854035112413e-01
6.006725153663684758e+00 -3.131257683024409322e-01
6.019291524278044037e+00 -3.238387925562912217e-01
6.031857894892402427e+00 -1.149262521744712495e-01
6.044424265506761706e+00 -2.604280084232734049e-01
6.056990636121120986e+00 -4.675675272008450456e-01
6.069557006735480265e+00 -3.453859006233711559e-01
6.082123377349839544e+00 -3.050163367308402762e-01
6.094689747964198823e+00 -1.659106520905795634e-01
6.107256118578558102e+00 -2.136791146213603554e-01
6.119822489192916493e+00 -2.786781734344725980e-02
6.132388859807275772e+00 -2.661937089912410070e-01
6.144955230421635051e+00 -2.133771288650039566e-01
6.157521601035994330e+00 -5.373950847117826835e-02
6.170087971650353609e+00 -1.581871350243181373e-01
6.182654342264712888e+00 -2.890338067775859443e-01
6.195220712879072167e+00 -2.792419477038643461e-01
6.207787083493431446e+00 -2.964932071402096025e-03
6.220353454107790725e+00 -7.921205584553776824e-02
6.232919824722149116e+00 -1.265286030343194812e-01
6.245486195336508395e+00 1.465588327609977926e-01
6.258052565950867674e+00 6.120811902497816370e-02
6.270618936565226953e+00 -4.263947382939033831e-02
