0.000000000000000000e+00 2.244192797769561099e-01
1.256637061435917323e-02 3.188472995845072211e-02
2.513274122871834645e-02 1.740992547949237607e-02
3.769911184307751795e-02 -8.595570412514219605e-02
5.026548245743669291e-02 2.256477658502212269e-01
6.283185307179586787e-02 -1.760374049244223249e-02
7.539822368615503589e-02 -3.551563914778177455e-04
8.796459430051420392e-02 1.539308371046703150e-01
1.005309649148733858e-01 1.680714670965886004e-01
1.130973355292325677e-01 6.578342876163460751e-02
1.256637061435917357e-01 6.942574551505917291e-02
1.382300767579508760e-01 2.274499995628314619e-01
1.507964473723100718e-01 1.710771194786453175e-01
1.633628179866692676e-01 6.716526233728231654e-03
1.759291886010284078e-01 3.057192732294743420e-01
1.884955592153875759e-01 2.970899147813867991e-01
2.010619298297467716e-01 2.826532759746829271e-01
2.136283004441059397e-01 2.029522396109039728e-01
2.261946710584651354e-01 5.370602919317183366e-01
2.387610416728242757e-01 2.287923723132339049e-01
2.513274122871834715e-01 3.364606552899019332e-01
2.638937829015426395e-01 1.567585037617839627e-01
2.764601535159017520e-01 2.174347813221460257e-01
2.890265241302609756e-01 2.799701221916683358e-01
3.015928947446201436e-01 3.990253673148678182e-01
3.141592653589793116e-01 2.649086504827000144e-01
3.267256359733385351e-01 4.535750694331090460e-01
3.392920065876976476e-01 3.487948159664975289e-01
3.518583772020568157e-01 2.844524125977884732e-01
3.644247478164160392e-01 3.438634113221626931e-01
3.769911184307751517e-01 3.320315375056392404e-01
3.895574890451343197e-01 4.797119012587275910e-01
4.021238596594935433e-01 4.098565992690502147e-01
4.146902302738527113e-01 3.541096002819194566e-01
4.272566008882118793e-01 3.480135624581816578e-01
4.398229715025711029e-01 3.502863003007269382e-01
4.523893421169302709e-01 4.413850233316978788e-01
4.649557127312893834e-01 5.550506631447955641e-01
4.775220833456485514e-01 3.530899853146263201e-01
4.900884539600077194e-01 6.050983894358332726e-01
5.026548245743669430e-01 2.968022599405667483e-01
5.152211951887261110e-01 4.763974688492421117e-01
5.277875658030852790e-01 6.616731772660499056e-01
5.403539364174444470e-01 4.326686077445497935e-01
5.529203070318035040e-01 4.521996323559476227e-01
5.654866776461627831e-01 4.500728174569761930e-01
5.780530482605219511e-01 6.965546272205219713e-01
5.906194188748811191e-01 5.884853099404141474e-01
6.031857894892402872e-01 4.976590270458927656e-01
6.157521601035994552e-01 5.317496139136549393e-01
6.283185307179586232e-01 6.248935351087770984e-01
6.408849013323177912e-01 5.276966748184870326e-01
6.534512719466770703e-01 6.257737428079831465e-01
6.660176425610361273e-01 4.768207762371031166e-01
6.785840131753952953e-01 6.451261937196355323e-01
6.911503837897544633e-01 6.099292395456868965e-01
7.037167544041136313e-01 7.419433907825976338e-01
7.162831250184729104e-01 5.371228331869097872e-01
7.288494956328320784e-01 8.161754901416075070e-01
7.414158662471912464e-01 6.811346387535247571e-01
7.539822368615503034e-01 8.215973853358321533e-01
7.665486074759094715e-01 7.084233238071944161e-01
7.791149780902686395e-01 7.862012677056023913e-01
7.916813487046279185e-01 6.394094460317387707e-01
8.042477193189870865e-01 6.872616080200955047e-01
8.168140899333462546e-01 8.241821556999247012e-01
8.293804605477054226e-01 9.077712416834975429e-01
8.419468311620645906e-01 8.084646902638209509e-01
8.545132017764237586e-01 6.968734428468691400e-01
8.670795723907829267e-01 5.605286629402763676e-01
8.796459430051422057e-01 8.275600056556814410e-01
8.922123136195013737e-01 8.256527325063307554e-01
9.047786842338605418e-01 8.374247864157787768e-01
9.173450548482194877e-01 7.392247246573169228e-01
9.299114254625787668e-01 6.230793653808189836e-01
9.424777960769379348e-01 8.070369038305672538e-01
9.550441666912971028e-01 7.441950153842181725e-01
9.676105373056562708e-01 7.687066603311676349e-01
9.801769079200154389e-01 6.771662705805215898e-01
9.927432785343746069e-01 9.489796818730743544e-01
1.005309649148733886e+00 7.247158468479919513e-01
1.017876019763092943e+00 8.291063841905661480e-01
1.030442390377452222e+00 9.143496902753573963e-01
1.043008760991811279e+00 8.703359345100396549e-01
1.055575131606170558e+00 1.021069642016695145e+00
1.068141502220529837e+00 7.957342663324257215e-01
1.080707872834888894e+00 8.615714553063917869e-01
1.093274243449248173e+00 1.000459227378812432e+00
1.105840614063607008e+00 9.606996707805997016e-01
1.118406984677966287e+00 8.244925633900314077e-01
1.130973355292325566e+00 8.687217967518816586e-01
1.143539725906684623e+00 1.010676319061198480e+00
1.156106096521043902e+00 9.180292179579139233e-01
1.168672467135402959e+00 8.117868465211397488e-01
1.181238837749762238e+00 8.460774309093832546e-01
1.193805208364121295e+00 9.548081466402562612e-01
1.206371578978480574e+00 9.133727300308073227e-01
1.218937949592839853e+00 1.018678550188710341e+00
1.231504320207198910e+00 8.600241886045544293e-01
1.244070690821558189e+00 1.029635354079680543e+00
1.256637061435917246e+00 7.954930834593426647e-01
1.269203432050276525e+00 1.032712271113869873e+00
1.281769802664635582e+00 9.730334010084451535e-01
1.294336173278994861e+00 9.695388391559770502e-01
1.306902543893354141e+00 1.025070605170002480e+00
1.319468914507712975e+00 8.937036970163090288e-01
1.332035285122072255e+00 8.866495064745667509e-01
1.344601655736431534e+00 1.169481059534244860e+00
1.357168026350790591e+00 1.191390545409920509e+00
1.369734396965149870e+00 1.046087280057005575e+00
1.382300767579508927e+00 1.114433185370147905e+00
1.394867138193868206e+00 1.070908854883883654e+00
1.407433508808227263e+00 1.034098837903283830e+00
1.419999879422586542e+00 9.822286034215669259e-01
1.432566250036945821e+00 1.085238299165192100e+00
1.445132620651304878e+00 9.643512674270999785e-01
1.457698991265664157e+00 9.239290174859833282e-01
1.470265361880023214e+00 9.963282551893730687e-01
1.482831732494382493e+00 7.932792729096858064e-01
1.495398103108741550e+00 8.899872187563300230e-01
1.507964473723100607e+00 1.077439972849926875e+00
1.520530844337459886e+00 8.707460905026097597e-01
1.533097214951818943e+00 1.109402476979248542e+00
1.545663585566178222e+00 9.594551850242031277e-01
1.558229956180537279e+00 1.135454920164596482e+00
1.570796326794896558e+00 1.155785651007446679e+00
1.583362697409255837e+00 1.031579064607862195e+00
1.595929068023614894e+00 1.186876932045471733e+00
1.608495438637974173e+00 9.034027037700866902e-01
1.621061809252333230e+00 9.907831154483874858e-01
1.633628179866692509e+00 9.573886433093180548e-01
1.646194550481051566e+00 1.194428733597359127e+00
1.658760921095410845e+00 1.013537627925858553e+00
1.671327291709770124e+00 1.121921147208961855e+00
1.683893662324129181e+00 1.271034079568700070e+00
1.696460032938488460e+00 8.562361205112252183e-01
1.709026403552847517e+00 9.001308554586009425e-01
1.721592774167206796e+00 9.724389765531585850e-01
1.734159144781565853e+00 9.876844653538037200e-01
1.746725515395925132e+00 1.043243499558359266e+00
1.759291886010284411e+00 1.058982533957453676e+00
1.771858256624643468e+00 7.823730570314577637e-01
1.784424627239002747e+00 9.863526663121320315e-01
1.796990997853361804e+00 1.068322697499159979e+00
1.809557368467721084e+00 1.099439374247390910e+00
1.822123739082079918e+00 1.060306044677808535e+00
1.834690109696438975e+00 1.082747374685777642e+00
1.847256480310798255e+00 8.453406684465427645e-01
1.859822850925157534e+00 9.078980998289071236e-01
1.872389221539516591e+00 7.793710197002433615e-01
1.884955592153875870e+00 1.049711226085061178e+00
1.897521962768234927e+00 8.898168021758057211e-01
1.910088333382594206e+00 7.883389650418247685e-01
1.922654703996953263e+00 9.443542531881427005e-01
1.935221074611312542e+00 9.212564758471050164e-01
1.947787445225671821e+00 7.969444400203965495e-01
1.960353815840030878e+00 8.258982395751822692e-01
1.972920186454390157e+00 8.285007011174035929e-01
1.985486557068749214e+00 9.142238465148148086e-01
1.998052927683108493e+00 1.101177021276340540e+00
2.010619298297467772e+00 9.368066924826456976e-01
2.023185668911826607e+00 9.734759277304018132e-01
2.035752039526185886e+00 7.556161058444508249e-01
2.048318410140545165e+00 7.353854677992014421e-01
2.060884780754904444e+00 7.395894427591639397e-01
2.073451151369263723e+00 8.493852686731949708e-01
2.086017521983622558e+00 9.213644939599785477e-01
2.098583892597981837e+00 9.501711090869897625e-01
2.111150263212341116e+00 9.164519548384301162e-01
2.123716633826700395e+00 7.860589176452211779e-01
2.136283004441059674e+00 8.451090011580563166e-01
2.148849375055418509e+00 7.819252243984313733e-01
2.161415745669777788e+00 9.134951030393422267e-01
2.173982116284137067e+00 1.032647837587027162e+00
2.186548486898496346e+00 7.879298997579150532e-01
2.199114857512855181e+00 5.980805522333232371e-01
2.211681228127214016e+00 8.410630231415499036e-01
2.224247598741573295e+00 7.772532240794705061e-01
2.236813969355932574e+00 7.915894079137663075e-01
2.249380339970291853e+00 6.579023751769474959e-01
2.261946710584651132e+00 8.492975390368893152e-01
2.274513081199009967e+00 8.040975161005448069e-01
2.287079451813369246e+00 7.964113407686903567e-01
2.299645822427728525e+00 7.339196235058472739e-01
2.312212193042087804e+00 7.779419225792510995e-01
2.324778563656447083e+00 7.407658382514290540e-01
2.337344934270805918e+00 7.792256427583829081e-01
2.349911304885165197e+00 6.190745252745533111e-01
2.362477675499524477e+00 6.920793037895196509e-01
2.375044046113883756e+00 7.920699094277702246e-01
2.387610416728242591e+00 6.747709736521662061e-01
2.400176787342601870e+00 8.331729330025187119e-01
2.412743157956961149e+00 5.639603750437297558e-01
2.425309528571320428e+00 5.301511820606497061e-01
2.437875899185679707e+00 7.255682026522576322e-01
2.450442269800038542e+00 6.291251541088010990e-01
2.463008640414397821e+00 5.881495029820434928e-01
2.475575011028757100e+00 6.960490078768651889e-01
2.488141381643116379e+00 5.639665369254218685e-01
2.500707752257475658e+00 6.793919910831279774e-01
2.513274122871834493e+00 7.489481300896390081e-01
2.525840493486193772e+00 4.340615762605350425e-01
2.538406864100553051e+00 5.126755304626701149e-01
2.550973234714912330e+00 5.483977402437416604e-01
2.563539605329271165e+00 4.936825525943088766e-01
2.576105975943630444e+00 5.249336094404752906e-01
2.588672346557989723e+00 4.603711909529836221e-01
2.601238717172349002e+00 4.156674354906358948e-01
2.613805087786708281e+00 4.292369206854178554e-01
2.626371458401067116e+00 3.994002856249881384e-01
2.638937829015425951e+00 6.280136079705239682e-01
2.651504199629785230e+00 4.879674382455552184e-01
2.664070570244144509e+00 3.847810975245508636e-01
2.676636940858503788e+00 4.338101254055314326e-01
2.689203311472863067e+00 3.512679406251859038e-01
2.701769682087221902e+00 4.078224372855357438e-01
2.714336052701581181e+00 3.452394991482358733e-01
2.726902423315940460e+00 4.755947182878030310e-01
2.739468793930299739e+00 4.442649509481171877e-01
2.752035164544658574e+00 3.661477431119850023e-01
2.764601535159017853e+00 3.083140358684206550e-01
2.777167905773377132e+00 3.342770073461089897e-01
2.789734276387736411e+00 1.828492342443681085e-01
2.802300647002095690e+00 2.492307846970979734e-01
2.814867017616454525e+00 4.814153268145013875e-01
2.827433388230813804e+00 2.704589706205969835e-01
2.839999758845173083e+00 3.298720950737948909e-01
2.852566129459532362e+00 2.550555196242859646e-01
2.865132500073891642e+00 3.065844019009462684e-01
2.877698870688250476e+00 2.307679453104229672e-01
2.890265241302609756e+00 2.118077335366973513e-01
2.902831611916969035e+00 3.578070509614870165e-01
2.915397982531328314e+00 1.823510099784413918e-01
2.927964353145687149e+00 1.587956146175707739e-01
2.940530723760046428e+00 1.858518274069730913e-01
2.953097094374405707e+00 1.865037704189535517e-01
2.965663464988764986e+00 2.556579993660367256e-01
2.978229835603124265e+00 1.348034498433221540e-01
2.990796206217483100e+00 2.296641127686607220e-01
3.003362576831842379e+00 2.178922326987010605e-01
3.015928947446201214e+00 2.275853005727084266e-01
3.028495318060560493e+00 2.228183155221976630e-01
3.041061688674919772e+00 1.355162385407221171e-01
3.053628059289279051e+00 1.333361522225470219e-01
3.066194429903637886e+00 1.644204472943416873e-01
3.078760800517997165e+00 1.567465983173060295e-01
3.091327171132356444e+00 3.634628688102222588e-02
3.103893541746715723e+00 3.843289010572066566e-02
3.116459912361074558e+00 5.875463591481072667e-02
3.129026282975433837e+00 -1.260126545060074876e-01
3.141592653589793116e+00 1.547300021113093005e-01
3.154159024204152395e+00 3.278657565204540214e-02
3.166725394818511674e+00 -3.567994332852111872e-04
3.179291765432870509e+00 -2.031575945274480266e-01
3.191858136047229788e+00 -2.019103934294163571e-01
3.204424506661589067e+00 -5.661474841211534825e-02
3.216990877275948346e+00 6.823814450418158595e-03
3.229557247890307181e+00 -5.859090786270735457e-02
3.242123618504666460e+00 -9.625532821271413908e-02
3.254689989119025739e+00 -1.193057250269647096e-01
3.267256359733385018e+00 -1.823658322456972736e-01
3.279822730347744297e+00 -3.340040756960421242e-01
3.292389100962103132e+00 -1.499395428727258173e-01
3.304955471576462411e+00 -9.707344461016724491e-02
3.317521842190821690e+00 -2.132188534300003546e-01
3.330088212805180969e+00 -3.231266173388346874e-01
3.342654583419540248e+00 3.518250969880853951e-02
3.355220954033899083e+00 -1.562731141241807953e-01
3.367787324648258362e+00 -3.193127147246790365e-01
3.380353695262617642e+00 -2.356390853135658936e-01
3.392920065876976921e+00 -2.407914962019229443e-01
3.405486436491335756e+00 -2.916074287205714932e-01
3.418052807105695035e+00 -3.737083255451448260e-01
3.430619177720054314e+00 -1.875997627425822212e-01
3.443185548334413593e+00 -1.870356058353774276e-01
3.455751918948772872e+00 -4.282635009483236055e-01
3.468318289563131707e+00 -2.944625840688774310e-01
3.480884660177490986e+00 -2.494591201094241706e-01
3.493451030791850265e+00 -4.412575203806541335e-01
3.506017401406209544e+00 -3.738483462710449623e-01
3.518583772020568823e+00 -2.622575322317108326e-01
3.531150142634927658e+00 -4.649293609029092611e-01
3.543716513249286937e+00 -4.740844588445157770e-01
3.556282883863646216e+00 -4.673800617509895616e-01
3.568849254478005495e+00 -4.098564106969983523e-01
3.581415625092364330e+00 -5.100128466946511896e-01
3.593981995706723609e+00 -4.836907182938549044e-01
3.606548366321082888e+00 -6.532755630354514231e-01
3.619114736935442167e+00 -4.937475291363837560e-01
3.631681107549800558e+00 -4.103911433637890682e-01
3.644247478164159837e+00 -3.410800534935906070e-01
3.656813848778519116e+00 -4.833099317003821116e-01
3.669380219392877951e+00 -4.935622147487631617e-01
3.681946590007237230e+00 -5.424861945761239035e-01
3.694512960621596509e+00 -6.651885440143306960e-01
3.707079331235955788e+00 -4.315360826495240332e-01
3.719645701850315067e+00 -5.025918242450455597e-01
3.732212072464673902e+00 -5.574543694573212971e-01
3.744778443079033181e+00 -5.045117100515441599e-01
3.757344813693392460e+00 -5.371118253587201519e-01
3.769911184307751739e+00 -5.635130929745774120e-01
3.782477554922110574e+00 -5.662214614449592176e-01
3.795043925536469853e+00 -4.916555024866573476e-01
3.807610296150829132e+00 -5.901228973088732399e-01
3.820176666765188411e+00 -4.670789503827166289e-01
3.832743037379547690e+00 -5.106727456267236009e-01
3.845309407993906525e+00 -5.645113077355528031e-01
3.857875778608265804e+00 -5.940471608753783439e-01
3.870442149222625083e+00 -6.587664886851427593e-01
3.883008519836984362e+00 -4.843469082618828692e-01
3.895574890451343641e+00 -6.072974484587581046e-01
3.908141261065702476e+00 -7.828087559408406504e-01
3.920707631680061755e+00 -6.621335417899582021e-01
3.933274002294421035e+00 -8.090573416490615122e-01
3.945840372908780314e+00 -5.883454987491237853e-01
3.958406743523139149e+00 -5.807986863307229575e-01
3.970973114137498428e+00 -8.363817535991930896e-01
3.983539484751857707e+00 -7.965735196956910125e-01
3.996105855366216986e+00 -7.034979861389150102e-01
4.008672225980576265e+00 -9.070263369138242826e-01
4.021238596594935544e+00 -4.403937991130448260e-01
4.033804967209294823e+00 -4.942097462684787446e-01
4.046371337823653214e+00 -8.152063840037736542e-01
4.058937708438012493e+00 -7.651225839610057422e-01
4.071504079052371772e+00 -7.648410040944766397e-01
4.084070449666731051e+00 -8.464193714706699234e-01
4.096636820281090330e+00 -6.744827185408782677e-01
4.109203190895449609e+00 -1.043447444619981290e+00
4.121769561509808888e+00 -7.054589109698802263e-01
4.134335932124168167e+00 -8.871359065101827035e-01
4.146902302738527446e+00 -8.486865328841531886e-01
4.159468673352886725e+00 -8.633279059774503494e-01
4.172035043967245116e+00 -7.172981154396810277e-01
4.184601414581604395e+00 -7.258314008546121743e-01
4.197167785195963674e+00 -9.083697482603539930e-01
4.209734155810322953e+00 -8.754345651235647674e-01
4.222300526424682232e+00 -9.753740495961328305e-01
4.234866897039041511e+00 -8.914510846902004015e-01
4.247433267653400790e+00 -1.092690363250576002e+00
4.259999638267760069e+00 -9.386023838816091036e-01
4.272566008882119348e+00 -7.735792934740555182e-01
4.285132379496477739e+00 -8.657586015480088770e-01
4.297698750110837018e+00 -8.155590904712959333e-01
4.310265120725196297e+00 -9.193554369300130924e-01
4.322831491339555576e+00 -8.768559976022530789e-01
4.335397861953914855e+00 -9.449756715502800608e-01
4.347964232568274134e+00 -8.355723261469668595e-01
4.360530603182633413e+00 -8.897115724657583824e-01
4.373096973796992692e+00 -1.081226426449388267e+00
4.385663344411351972e+00 -9.392628597542235225e-01
4.398229715025710362e+00 -9.509335807980456856e-01
4.410796085640069641e+00 -9.563219375843654557e-01
4.423362456254428032e+00 -8.334688095166957744e-01
4.435928826868787311e+00 -9.090702187023584901e-01
4.448495197483146590e+00 -9.136420616236122783e-01
4.461061568097505869e+00 -1.072370023549609863e+00
4.473627938711865148e+00 -1.088246399101782114e+00
4.486194309326224428e+00 -7.776348784162542271e-01
4.498760679940583707e+00 -1.071230576577170357e+00
4.511327050554942986e+00 -9.594700689791043624e-01
4.523893421169302265e+00 -1.022301852628150431e+00
4.536459791783661544e+00 -8.824866000682792810e-01
4.549026162398019935e+00 -1.015692765051246393e+00
4.561592533012379214e+00 -1.045776953371192253e+00
4.574158903626738493e+00 -8.435623195155719234e-01
4.586725274241097772e+00 -1.163080289533899192e+00
4.599291644855457051e+00 -1.022912634070232807e+00
4.611858015469816330e+00 -1.102272289110816095e+00
4.624424386084175609e+00 -8.662553885935264653e-01
4.636990756698534888e+00 -1.035275494517545525e+00
4.649557127312894167e+00 -8.515831316485147351e-01
4.662123497927252558e+00 -1.022498874597640439e+00
4.674689868541611837e+00 -9.821608333714285655e-01
4.687256239155971116e+00 -9.701843136859903405e-01
4.699822609770330395e+00 -8.899020707674316633e-01
4.712388980384689674e+00 -9.803811634885497561e-01
4.724955350999048953e+00 -7.961924421009352049e-01
4.737521721613408232e+00 -1.041895458875789826e+00
4.750088092227767511e+00 -9.874776489503548360e-01
4.762654462842126790e+00 -1.023371857639450822e+00
4.775220833456485181e+00 -8.928484183546344655e-01
4.787787204070844460e+00 -1.169144458702912948e+00
4.800353574685203739e+00 -1.292485793114246828e+00
4.812919945299563018e+00 -8.368933451482356567e-01
4.825486315913922297e+00 -9.257869493953757578e-01
4.838052686528281576e+00 -9.484172073807476400e-01
4.850619057142640855e+00 -8.423165135242959289e-01
4.863185427757000134e+00 -8.163786404924008311e-01
4.875751798371359413e+00 -1.101672077040755093e+00
4.888318168985717804e+00 -1.077164081928831063e+00
4.900884539600077083e+00 -9.592069197494472732e-01
4.913450910214436362e+00 -8.966096388379685145e-01
4.926017280828795641e+00 -9.263431145963427760e-01
4.938583651443154920e+00 -1.134816807411478390e+00
4.951150022057514200e+00 -1.003840359981536645e+00
4.963716392671873479e+00 -1.116107324250762867e+00
4.976282763286232758e+00 -9.324156089490190924e-01
4.988849133900592037e+00 -1.099817607684328014e+00
5.001415504514951316e+00 -8.372882959937270053e-01
5.013981875129309707e+00 -1.063712894692480315e+00
5.026548245743668986e+00 -1.009789977856354826e+00
5.039114616358028265e+00 -9.579132411069083419e-01
5.051680986972387544e+00 -9.376715679665844627e-01
5.064247357586746823e+00 -8.400792077623778775e-01
5.076813728201106102e+00 -7.963652958103509816e-01
5.089380098815465381e+00 -1.041549824511838862e+00
5.101946469429824660e+00 -9.584513287355211908e-01
5.114512840044183939e+00 -9.289433974888089418e-01
5.127079210658542330e+00 -8.988197073615901145e-01
5.139645581272901609e+00 -8.486838620948795597e-01
5.152211951887260888e+00 -7.544601047197179167e-01
5.164778322501620167e+00 -9.475624508153245307e-01
5.177344693115979446e+00 -9.083306080716121444e-01
5.189911063730338725e+00 -1.069191741243059601e+00
5.202477434344698004e+00 -7.004393362490192176e-01
5.215043804959057283e+00 -1.074380143139616273e+00
5.227610175573416562e+00 -7.708805294436144040e-01
5.240176546187774953e+00 -7.855199517783960639e-01
5.252742916802134232e+00 -7.031013068506520858e-01
5.265309287416492623e+00 -8.809441112864621060e-01
5.277875658030851902e+00 -1.053388556664131670e+00
5.290442028645211181e+00 -6.915872183608808843e-01
5.303008399259570460e+00 -7.338718830331130150e-01
5.315574769873929739e+00 -1.034460250059195729e+00
5.328141140488289018e+00 -8.668949237993986978e-01
5.340707511102648297e+00 -7.320246726022553441e-01
5.353273881717007576e+00 -7.951063624392132878e-01
5.365840252331366855e+00 -8.429231419004138415e-01
5.378406622945726134e+00 -7.284081099426306105e-01
5.390972993560084525e+00 -6.816233666660099777e-01
5.403539364174443804e+00 -7.999606806210048937e-01
5.416105734788803083e+00 -5.646887225955063982e-01
5.428672105403162362e+00 -8.408505858006345424e-01
5.441238476017521641e+00 -6.400779847229767228e-01
5.453804846631880920e+00 -8.134144478128441103e-01
5.466371217246240199e+00 -7.228556797420975233e-01
5.478937587860599479e+00 -6.219195990747607983e-01
5.491503958474958758e+00 -8.726433942931790533e-01
5.504070329089317148e+00 -6.461701853430836806e-01
5.516636699703676427e+00 -8.093970265990630963e-01
5.529203070318035707e+00 -7.206418868790072096e-01
5.541769440932394986e+00 -5.343862931636054192e-01
5.554335811546754265e+00 -7.349663493507690992e-01
5.566902182161113544e+00 -7.489051344263473187e-01
5.579468552775472823e+00 -7.424197350500622017e-01
5.592034923389832102e+00 -5.982202237357151509e-01
5.604601294004191381e+00 -5.382102074076478004e-01
5.617167664618549772e+00 -4.763547677010737669e-01
5.629734035232909051e+00 -4.395241759199245424e-01
5.642300405847268330e+00 -8.298350810949850498e-01
5.654866776461627609e+00 -4.282543796887715026e-01
5.667433147075986888e+00 -4.037950484079761981e-01
5.679999517690346167e+00 -6.629141841799880419e-01
5.692565888304705446e+00 -5.400776834995624220e-01
5.705132258919064725e+00 -6.125235210130445251e-01
5.717698629533424004e+00 -4.888345052470299823e-01
5.730265000147783283e+00 -5.907192419296221075e-01
5.742831370762141674e+00 -6.934699224271372309e-01
5.755397741376500953e+00 -6.240766885361304084e-01
5.767964111990860232e+00 -3.115343952105764092e-01
5.780530482605219511e+00 -4.088008494184587338e-01
5.793096853219578790e+00 -5.190157062566149726e-01
5.805663223833938069e+00 -4.705375094904574729e-01
5.818229594448297348e+00 -4.472224373583664758e-01
5.830795965062656627e+00 -3.653600204972294874e-01
5.843362335677015906e+00 -4.127732536847704692e-01
5.855928706291374297e+00 -3.841720190316989525e-01
5.868495076905733576e+00 -3.136477600943080035e-01
5.881061447520092855e+00 -4.664084853291522448e-01
5.893627818134452134e+00 -5.164960967042027118e-01
5.906194188748811413e+00 -1.631283399549225688e-01
5.918760559363170692e+00 -4.916782407310402170e-01
5.931326929977529971e+00 -4.500738977186802825e-01
5.943893300591889250e+00 -1.162870615490454729e-01
5.956459671206248530e+00 -3.245972860403404381e-01
5.969026041820606920e+00 -4.052105617766428303e-01
5.981592412434966199e+00 -2.381302139183954503e-01
5.994158783049325478e+00 -3.338929055836250548e-01
6.006725153663684758e+00 -4.226791603779804785e-01
6.019291524278044037e+00 -4.417233008488278267e-01
6.031857894892402427e+00 -1.626051432992693946e-01
6.044424265506761706e+00 -2.108497014472338893e-01
6.056990636121120986e+00 -6.623528147586651982e-02
6.069557006735480265e+00 -3.707243720977245749e-01
6.082123377349839544e+00 -1.408099498537011551e-01
6.094689747964198823e+00 -3.454767010450381370e-01
6.107256118578558102e+00 6.587802673564763234e-03
6.119822489192916493e+00 -2.750680966050836895e-01
6.132388859807275772e+00 -8.846536250707084936e-02
6.144955230421635051e+00 -1.125224489207084094e-01
6.157521601035994330e+00 -2.514232393184405723e-01
6.170087971650353609e+00 -1.177291725549818868e-01
6.182654342264712888e+00 1.258106926967653139e-01
6.195220712879072167e+00 4.050687916606612871e-02
6.207787083493431446e+00 -6.188714560405018938e-02
6.220353454107790725e+00 1.496028832393220265e-02
6.232919824722149116e+00 -1.389691821863777571e-02
6.245486195336508395e+00 -1.258606109631041914e-01
6.258052565950867674e+00 -1.175489032355706287e-01
6.270618936565226953e+00 -1.916748660273804028e-01
