0.000000000000000000e+00 1.726195664501711108e-02
1.256637061435917323e-02 1.169228185963827049e-01
2.513274122871834645e-02 -7.592870453015817395e-03
3.769911184307751795e-02 1.570017725383910170e-02
5.026548245743669291e-02 2.823369260710285530e-02
6.283185307179586787e-02 9.158695092336038845e-02
7.539822368615503589e-02 1.073836485165437643e-01
8.796459430051420392e-02 2.709607291459845135e-03
1.005309649148733858e-01 8.982776616872215070e-02
1.130973355292325677e-01 6.186009732096357794e-02
1.256637061435917357e-01 1.508080142448048611e-01
1.382300767579508760e-01 3.031870930323176117e-01
1.507964473723100718e-01 1.016469020150102681e-01
1.633628179866692676e-01 -1.017292669042131614e-01
1.759291886010284078e-01 2.831729457497093039e-01
1.884955592153875759e-01 1.155311265781709534e-01
2.010619298297467716e-01 2.643177058371736221e-01
2.136283004441059397e-01 1.795721552994332948e-01
2.261946710584651354e-01 3.069014486222547688e-01
2.387610416728242757e-01 3.791903514337555681e-01
2.513274122871834715e-01 2.249189247896520583e-01
2.638937829015426395e-01 2.862462197849299228e-01
2.764601535159017520e-01 3.483615207414930137e-01
2.890265241302609756e-01 2.221379135791804182e-01
3.015928947446201436e-01 3.751697881948549140e-01
3.141592653589793116e-01 3.496905249747824795e-01
3.267256359733385351e-01 4.743508297385152783e-01
3.392920065876976476e-01 4.290517945539216171e-01
3.518583772020568157e-01 3.745164105333548266e-01
3.644247478164160392e-01 3.760860292706692531e-01
3.769911184307751517e-01 4.162293525138047734e-01
3.895574890451343197e-01 3.360996894294953630e-01
4.021238596594935433e-01 4.119230431041170926e-01
4.146902302738527113e-01 4.137044849388470391e-01
4.272566008882118793e-01 3.223040913483422032e-01
4.398229715025711029e-01 4.087502620162806743e-01
4.523893421169302709e-01 4.440171039428832955e-01
4.649557127312893834e-01 4.370170305798609656e-01
4.775220833456485514e-01 5.535995361904011425e-01
4.900884539600077194e-01 4.496715135639716698e-01
5.026548245743669430e-01 5.143804034575719664e-01
5.152211951887261110e-01 3.785556311052354350e-01
5.277875658030852790e-01 5.534421228930550551e-01
5.403539364174444470e-01 6.351032085699408469e-01
5.529203070318035040e-01 6.316340839027480003e-01
5.654866776461627831e-01 6.781114525546863003e-01
5.780530482605219511e-01 3.977961306611019210e-01
5.906194188748811191e-01 6.243692970925818209e-01
6.031857894892402872e-01 6.665976053026710924e-01
6.157521601035994552e-01 6.657856766006235993e-01
6.283185307179586232e-01 6.283124949522923552e-01
6.408849013323177912e-01 5.975648343094795978e-01
6.534512719466770703e-01 6.028541195800752872e-01
6.660176425610361273e-01 7.979528561379140017e-01
6.785840131753952953e-01 4.290655979638006157e-01
6.911503837897544633e-01 6.319827505216960573e-01
7.037167544041136313e-01 5.666854006102776120e-01
7.162831250184729104e-01 5.916040795260834040e-01
7.288494956328320784e-01 6.811820662714377361e-01
7.414158662471912464e-01 6.749639605653325880e-01
7.539822368615503034e-01 5.563514037930543665e-01
7.665486074759094715e-01 7.080897048512037051e-01
7.791149780902686395e-01 7.760491901253478986e-01
7.916813487046279185e-01 7.683282277981240416e-01
8.042477193189870865e-01 7.171668723548318969e-01
8.168140899333462546e-01 6.650016138250185449e-01
8.293804605477054226e-01 7.076686191732388664e-01
8.419468311620645906e-01 7.648801261827821163e-01
8.545132017764237586e-01 6.621401563640187948e-01
8.670795723907829267e-01 7.288598456955782678e-01
8.796459430051422057e-01 8.301573146187155583e-01
8.922123136195013737e-01 8.742360574071124102e-01
9.047786842338605418e-01 5.915545471996968008e-01
9.173450548482194877e-01 7.763581293170614961e-01
9.299114254625787668e-01 8.505877501696841314e-01
9.424777960769379348e-01 6.853403790795550288e-01
9.550441666912971028e-01 7.531032238892430009e-01
9.676105373056562708e-01 8.430960173749592057e-01
9.801769079200154389e-01 8.096169764858676121e-01
9.927432785343746069e-01 8.750345303564402988e-01
1.005309649148733886e+00 8.345781871935328278e-01
1.017876019763092943e+00 6.917659812606469227e-01
1.030442390377452222e+00 8.836680824044669258e-01
1.043008760991811279e+00 7.711013780611468693e-01
1.055575131606170558e+00 8.341323593128603386e-01
1.068141502220529837e+00 9.227679814301495975e-01
1.080707872834888894e+00 8.442276117830951332e-01
1.093274243449248173e+00 8.667998826519757172e-01
1.105840614063607008e+00 8.671180979887316287e-01
1.118406984677966287e+00 8.422728987632588371e-01
1.130973355292325566e+00 1.008821287562222446e+00
1.143539725906684623e+00 7.662765875846409003e-01
1.156106096521043902e+00 8.009745397017430379e-01
1.168672467135402959e+00 9.846399375168269907e-01
1.181238837749762238e+00 9.763400291776636042e-01
1.193805208364121295e+00 8.707017224168531744e-01
1.206371578978480574e+00 9.097551053778670793e-01
1.218937949592839853e+00 8.828294156353206912e-01
1.231504320207198910e+00 9.218776483652139087e-01
1.244070690821558189e+00 1.003718851819269453e+00
1.256637061435917246e+00 1.068840809056732066e+00
1.269203432050276525e+00 9.417652316797523460e-01
1.281769802664635582e+00 1.040440372724556140e+00
1.294336173278994861e+00 7.655026514153817629e-01
1.306902543893354141e+00 8.453293931625013302e-01
1.319468914507712975e+00 1.044205312788735185e+00
1.332035285122072255e+00 1.124968173731993426e+00
1.344601655736431534e+00 1.102652775273270658e+00
1.357168026350790591e+00 9.950393421591076093e-01
1.369734396965149870e+00 1.116372000240404949e+00
1.382300767579508927e+00 8.755649734517468863e-01
1.394867138193868206e+00 1.017122431635793189e+00
1.407433508808227263e+00 1.002714205284575888e+00
1.419999879422586542e+00 7.612927156418531904e-01
1.432566250036945821e+00 9.858895466910042593e-01
1.445132620651304878e+00 1.098572781967905199e+00
1.457698991265664157e+00 9.740578245401768642e-01
1.470265361880023214e+00 8.677753531909562223e-01
1.482831732494382493e+00 1.050301165387597102e+00
1.495398103108741550e+00 9.848286974160548324e-01
1.507964473723100607e+00 9.924729634436190162e-01
1.520530844337459886e+00 1.109938821262924424e+00
1.533097214951818943e+00 8.861333507536899301e-01
1.545663585566178222e+00 9.435824824043430592e-01
1.558229956180537279e+00 9.292022124294505581e-01
1.570796326794896558e+00 1.018576661281028972e+00
1.583362697409255837e+00 1.043125835250930944e+00
1.595929068023614894e+00 1.046755573507310855e+00
1.608495438637974173e+00 1.082530272034253116e+00
1.621061809252333230e+00 9.187106366397898016e-01
1.633628179866692509e+00 1.228854689038190839e+00
1.646194550481051566e+00 8.419560017270084629e-01
1.658760921095410845e+00 1.051051873258871838e+00
1.671327291709770124e+00 9.787235443252210176e-01
1.683893662324129181e+00 8.699922116602096800e-01
1.696460032938488460e+00 9.149121655035366008e-01
1.709026403552847517e+00 8.367760020656027642e-01
1.721592774167206796e+00 1.045487971067071697e+00
1.734159144781565853e+00 1.076119820730273346e+00
1.746725515395925132e+00 8.330881623843602313e-01
1.759291886010284411e+00 1.015598132806449616e+00
1.771858256624643468e+00 1.073646488423693590e+00
1.784424627239002747e+00 9.796186000234990976e-01
1.796990997853361804e+00 1.007911703804623249e+00
1.809557368467721084e+00 9.555984655540838979e-01
1.822123739082079918e+00 9.223848566138725946e-01
1.834690109696438975e+00 9.405928152238665074e-01
1.847256480310798255e+00 1.055567214394611986e+00
1.859822850925157534e+00 9.785824407827183880e-01
1.872389221539516591e+00 1.010831771813131885e+00
1.884955592153875870e+00 9.088657133704622915e-01
1.897521962768234927e+00 8.461368866961802571e-01
1.910088333382594206e+00 1.114280543370672616e+00
1.922654703996953263e+00 8.965787113099584760e-01
1.935221074611312542e+00 8.511612417175602463e-01
1.947787445225671821e+00 8.709928803971869193e-01
1.960353815840030878e+00 8.746750575156517771e-01
1.972920186454390157e+00 9.138630812998458364e-01
1.985486557068749214e+00 1.136570073128630343e+00
1.998052927683108493e+00 9.496307025838004456e-01
2.010619298297467772e+00 8.917862982215846168e-01
2.023185668911826607e+00 7.135220857620815371e-01
2.035752039526185886e+00 9.866994305531331388e-01
2.048318410140545165e+00 9.959037560637156172e-01
2.060884780754904444e+00 6.944975154814285734e-01
2.073451151369263723e+00 8.657695219096870343e-01
2.086017521983622558e+00 8.252096449892114549e-01
2.098583892597981837e+00 7.928819820685681918e-01
2.111150263212341116e+00 1.008472851911674351e+00
2.123716633826700395e+00 9.869440622474328073e-01
2.136283004441059674e+00 9.140000651772182128e-01
2.148849375055418509e+00 8.011909819509376307e-01
2.161415745669777788e+00 9.277759801722946786e-01
2.173982116284137067e+00 7.389906446444760579e-01
2.186548486898496346e+00 9.360487073715211270e-01
2.199114857512855181e+00 9.451496132547900775e-01
2.211681228127214016e+00 7.608840312217517443e-01
2.224247598741573295e+00 8.196705321595970650e-01
2.236813969355932574e+00 7.492468276687385131e-01
2.249380339970291853e+00 7.641537508236962983e-01
2.261946710584651132e+00 8.835814918013701336e-01
2.274513081199009967e+00 7.204159380849427530e-01
2.287079451813369246e+00 8.073525535473679016e-01
2.299645822427728525e+00 7.986806313077906561e-01
2.312212193042087804e+00 7.325597521361097986e-01
2.324778563656447083e+00 7.200303267941065011e-01
2.337344934270805918e+00 8.632121504900506226e-01
2.349911304885165197e+00 6.949545954831042316e-01
2.362477675499524477e+00 8.432112022785496208e-01
2.375044046113883756e+00 7.339117692221991396e-01
2.387610416728242591e+00 6.944221677877872034e-01
2.400176787342601870e+00 8.879472055926110885e-01
2.412743157956961149e+00 6.077533148278633224e-01
2.425309528571320428e+00 6.636584964163918521e-01
2.437875899185679707e+00 4.566882901269132544e-01
2.450442269800038542e+00 7.176029257586316046e-01
2.463008640414397821e+00 6.341652160742817790e-01
2.475575011028757100e+00 5.761283577647621224e-01
2.488141381643116379e+00 5.577380160272173981e-01
2.500707752257475658e+00 5.344247118132259278e-01
2.513274122871834493e+00 6.626589518215912911e-01
2.525840493486193772e+00 4.915558125118589805e-01
2.538406864100553051e+00 4.884788141815286644e-01
2.550973234714912330e+00 6.348513160721918069e-01
2.563539605329271165e+00 5.814693638291997813e-01
2.576105975943630444e+00 6.261704134205616779e-01
2.588672346557989723e+00 6.196172530057096894e-01
2.601238717172349002e+00 6.517397948411307596e-01
2.613805087786708281e+00 3.199980520823918484e-01
2.626371458401067116e+00 4.881184027813402770e-01
2.638937829015425951e+00 5.586940297119666887e-01
2.651504199629785230e+00 3.900327052775546255e-01
2.664070570244144509e+00 4.514566049575607365e-01
2.676636940858503788e+00 5.762931643792579273e-01
2.689203311472863067e+00 4.506009807145451851e-01
2.701769682087221902e+00 5.123683209915437242e-01
2.714336052701581181e+00 4.683130667661782320e-01
2.726902423315940460e+00 3.677718139496160554e-01
2.739468793930299739e+00 5.247669440138691410e-01
2.752035164544658574e+00 4.295547074139403620e-01
2.764601535159017853e+00 3.090191354482044739e-01
2.777167905773377132e+00 2.506321895176431003e-01
2.789734276387736411e+00 5.999920948452170943e-01
2.802300647002095690e+00 4.146823023499336403e-01
2.814867017616454525e+00 1.462095444706701386e-02
2.827433388230813804e+00 2.829459732574536313e-01
2.839999758845173083e+00 2.404486946011345772e-01
2.852566129459532362e+00 3.002356985573374493e-01
2.865132500073891642e+00 2.221283071373683915e-01
2.877698870688250476e+00 3.100937503020382846e-01
2.890265241302609756e+00 3.657676959473354916e-01
2.902831611916969035e+00 2.008223524275845329e-01
2.915397982531328314e+00 1.774952112134328130e-01
2.927964353145687149e+00 1.250804508923252234e-01
2.940530723760046428e+00 4.106846224516936261e-01
2.953097094374405707e+00 9.265730804426472456e-02
2.965663464988764986e+00 1.044827242318275007e-01
2.978229835603124265e+00 1.853547776621518595e-01
2.990796206217483100e+00 7.829454085311284006e-02
3.003362576831842379e+00 9.810099688749376878e-02
3.015928947446201214e+00 3.022792526579148320e-01
3.028495318060560493e+00 1.301746823134542486e-01
3.041061688674919772e+00 5.410802380024905267e-02
3.053628059289279051e+00 4.026496928359831612e-02
3.066194429903637886e+00 1.966408487093303237e-02
3.078760800517997165e+00 1.721183939196444801e-01
3.091327171132356444e+00 3.487245315171012133e-02
3.103893541746715723e+00 -1.395853295813416495e-02
3.116459912361074558e+00 1.266275226220109074e-01
3.129026282975433837e+00 -1.606467728418861929e-01
3.141592653589793116e+00 1.047394667356377901e-01
3.154159024204152395e+00 -2.191560683995749104e-01
3.166725394818511674e+00 -8.790528608954839562e-02
3.179291765432870509e+00 3.228046601123990555e-02
3.191858136047229788e+00 6.953275459290859939e-02
3.204424506661589067e+00 -1.016313522605157005e-02
3.216990877275948346e+00 3.710770441894453708e-03
3.229557247890307181e+00 -1.212864365538477984e-01
3.242123618504666460e+00 -2.193030255673085460e-02
3.254689989119025739e+00 -1.640494797964359985e-01
3.267256359733385018e+00 -8.458401359822989574e-02
3.279822730347744297e+00 -4.684347041822155278e-02
3.292389100962103132e+00 -2.770393694701891452e-01
3.304955471576462411e+00 -2.827706057968279452e-02
3.317521842190821690e+00 -9.415055621845003220e-02
3.330088212805180969e+00 -1.713757415116124727e-01
3.342654583419540248e+00 -1.449471446564757904e-01
3.355220954033899083e+00 -2.028741134998643669e-01
3.367787324648258362e+00 -1.107482211189285276e-01
3.380353695262617642e+00 -2.604314581245145699e-01
3.392920065876976921e+00 -1.654774943080380978e-01
3.405486436491335756e+00 -1.152959586213068988e-01
3.418052807105695035e+00 -4.552395744251577780e-01
3.430619177720054314e+00 -1.815430230444018411e-01
3.443185548334413593e+00 -2.390957658350670867e-01
3.455751918948772872e+00 -2.682280160542679370e-01
3.468318289563131707e+00 -2.686421992010654680e-01
3.480884660177490986e+00 -3.519978901122409187e-01
3.493451030791850265e+00 -3.808106298452600957e-01
3.506017401406209544e+00 -3.696494092996092662e-01
3.518583772020568823e+00 -3.781102210208496239e-01
3.531150142634927658e+00 -3.162792184502619119e-01
3.543716513249286937e+00 -4.324871353430338461e-01
3.556282883863646216e+00 -4.748459843395294033e-01
3.568849254478005495e+00 -5.100905759284533048e-01
3.581415625092364330e+00 -4.499862397974061512e-01
3.593981995706723609e+00 -5.088080831343062549e-01
3.606548366321082888e+00 -6.300483829708602990e-01
3.619114736935442167e+00 -5.859171748466954766e-01
3.631681107549800558e+00 -3.810060712095083568e-01
3.644247478164159837e+00 -4.349581678726379685e-01
3.656813848778519116e+00 -3.523283897663017639e-01
3.669380219392877951e+00 -3.839549834089681091e-01
3.681946590007237230e+00 -5.009427313028183004e-01
3.694512960621596509e+00 -4.995689808771687779e-01
3.707079331235955788e+00 -5.950690788531136644e-01
3.719645701850315067e+00 -7.003666986309808884e-01
3.732212072464673902e+00 -5.923591220067697671e-01
3.744778443079033181e+00 -5.015255528342476010e-01
3.757344813693392460e+00 -5.500265005244397987e-01
3.769911184307751739e+00 -4.805022375611954777e-01
3.782477554922110574e+00 -6.803214237556747257e-01
3.795043925536469853e+00 -6.502819452459105420e-01
3.807610296150829132e+00 -6.516041393604923293e-01
3.820176666765188411e+00 -6.345549011323760036e-01
3.832743037379547690e+00 -5.566244677041440880e-01
3.845309407993906525e+00 -4.385944098757885157e-01
3.857875778608265804e+00 -6.303717307997481756e-01
3.870442149222625083e+00 -5.414257986432908787e-01
3.883008519836984362e+00 -7.229570158080702580e-01
3.895574890451343641e+00 -8.028103471859550089e-01
3.908141261065702476e+00 -6.898005692474951100e-01
3.920707631680061755e+00 -7.122145809080038248e-01
3.933274002294421035e+00 -7.997685790668542793e-01
3.945840372908780314e+00 -6.334983623904042460e-01
3.958406743523139149e+00 -7.612391039400173698e-01
3.970973114137498428e+00 -7.645594966928324077e-01
3.983539484751857707e+00 -7.826519298307281769e-01
3.996105855366216986e+00 -6.265052650010820567e-01
4.008672225980576265e+00 -9.159469585346564635e-01
4.021238596594935544e+00 -6.966663721938555209e-01
4.033804967209294823e+00 -7.141793600274226606e-01
4.046371337823653214e+00 -7.335973645465123649e-01
4.058937708438012493e+00 -8.057813859547213742e-01
4.071504079052371772e+00 -8.120263089170512982e-01
4.084070449666731051e+00 -9.214017339463874690e-01
4.096636820281090330e+00 -9.450393376723653649e-01
4.109203190895449609e+00 -6.550866588330699347e-01
4.121769561509808888e+00 -8.279783082330616217e-01
4.134335932124168167e+00 -7.754428344797308359e-01
4.146902302738527446e+00 -8.554249444504433697e-01
4.159468673352886725e+00 -9.807924500218300201e-01
4.172035043967245116e+00 -9.446032191663209510e-01
4.184601414581604395e+00 -7.502926353044372387e-01
4.197167785195963674e+00 -8.212827371650499586e-01
4.209734155810322953e+00 -9.895154508643980718e-01
4.222300526424682232e+00 -1.118386144381280589e+00
4.234866897039041511e+00 -8.686188628842592685e-01
4.247433267653400790e+00 -8.129138828296191832e-01
4.259999638267760069e+00 -6.759721926667408010e-01
4.272566008882119348e+00 -7.618123096481956846e-01
4.285132379496477739e+00 -1.021804711093751372e+00
4.297698750110837018e+00 -8.346410049794801278e-01
4.310265120725196297e+00 -8.953103987212753800e-01
4.322831491339555576e+00 -1.018705108097533341e+00
4.335397861953914855e+00 -9.198120466274875007e-01
4.347964232568274134e+00 -8.722435177922052141e-01
4.360530603182633413e+00 -8.863838026388745073e-01
4.373096973796992692e+00 -1.071167456227440029e+00
4.385663344411351972e+00 -8.952115135857883210e-01
4.398229715025710362e+00 -7.669004843823941098e-01
4.410796085640069641e+00 -1.099166628299458992e+00
4.423362456254428032e+00 -7.256650081526599960e-01
4.435928826868787311e+00 -9.064895833359158939e-01
4.448495197483146590e+00 -1.008534159116075690e+00
4.461061568097505869e+00 -1.066244980537261577e+00
4.473627938711865148e+00 -9.301403995650465717e-01
4.486194309326224428e+00 -1.040446199544773798e+00
4.498760679940583707e+00 -1.070526926342086904e+00
4.511327050554942986e+00 -1.058100742571971509e+00
4.523893421169302265e+00 -9.954192973311268844e-01
4.536459791783661544e+00 -8.493772039359828163e-01
4.549026162398019935e+00 -9.508575844956733691e-01
4.561592533012379214e+00 -9.998012697901252910e-01
4.574158903626738493e+00 -9.311435486318594412e-01
4.586725274241097772e+00 -1.134233435065850726e+00
4.599291644855457051e+00 -9.695929754690340019e-01
4.611858015469816330e+00 -1.239255679979379687e+00
4.624424386084175609e+00 -1.011417144486515873e+00
4.636990756698534888e+00 -1.184670111782398561e+00
4.649557127312894167e+00 -1.061411673150772783e+00
4.662123497927252558e+00 -9.674652115345429015e-01
4.674689868541611837e+00 -1.023470567776646245e+00
4.687256239155971116e+00 -1.035599252139597803e+00
4.699822609770330395e+00 -9.087601282597610464e-01
4.712388980384689674e+00 -9.957207076084476638e-01
4.724955350999048953e+00 -1.137887754324263589e+00
4.737521721613408232e+00 -1.082881845323911740e+00
4.750088092227767511e+00 -9.961454161535454599e-01
4.762654462842126790e+00 -1.055069168741761043e+00
4.775220833456485181e+00 -9.838853409184118437e-01
4.787787204070844460e+00 -1.041254773575169823e+00
4.800353574685203739e+00 -9.860860453889249699e-01
4.812919945299563018e+00 -1.085704957036090601e+00
4.825486315913922297e+00 -8.402713070457039635e-01
4.838052686528281576e+00 -1.019352547567555112e+00
4.850619057142640855e+00 -1.122084497783750301e+00
4.863185427757000134e+00 -9.350972015111932434e-01
4.875751798371359413e+00 -9.221674008081354179e-01
4.888318168985717804e+00 -8.442201187444560162e-01
4.900884539600077083e+00 -8.113624662531644383e-01
4.913450910214436362e+00 -9.348341200231641279e-01
4.926017280828795641e+00 -1.043710026893451381e+00
4.938583651443154920e+00 -1.023884538755753137e+00
4.951150022057514200e+00 -9.010675701267055748e-01
4.963716392671873479e+00 -1.062079389166685317e+00
4.976282763286232758e+00 -8.235809517139582869e-01
4.988849133900592037e+00 -1.047206445936054831e+00
5.001415504514951316e+00 -8.506634327872150125e-01
5.013981875129309707e+00 -9.866487819890396027e-01
5.026548245743668986e+00 -7.904233983698425448e-01
5.039114616358028265e+00 -1.111158557995631568e+00
5.051680986972387544e+00 -9.339108763487909970e-01
5.064247357586746823e+00 -1.051456198857965152e+00
5.076813728201106102e+00 -9.177947338814267386e-01
5.089380098815465381e+00 -7.616219350302418922e-01
5.101946469429824660e+00 -8.595953079575688882e-01
5.114512840044183939e+00 -7.928440100537021973e-01
5.127079210658542330e+00 -7.976764396496432985e-01
5.139645581272901609e+00 -8.292571149870231473e-01
5.152211951887260888e+00 -7.249152713634392509e-01
5.164778322501620167e+00 -7.690036653953817858e-01
5.177344693115979446e+00 -9.100390404945425393e-01
5.189911063730338725e+00 -9.759333469390208959e-01
5.202477434344698004e+00 -8.928412312757755265e-01
5.215043804959057283e+00 -9.488902309362268195e-01
5.227610175573416562e+00 -8.083813222350653138e-01
5.240176546187774953e+00 -1.015063566164176700e+00
5.252742916802134232e+00 -9.124936459693645530e-01
5.265309287416492623e+00 -8.464055354431635481e-01
5.277875658030851902e+00 -7.218984335064487778e-01
5.290442028645211181e+00 -8.228177176982367502e-01
5.303008399259570460e+00 -6.907882900291512085e-01
5.315574769873929739e+00 -9.133541221944593280e-01
5.328141140488289018e+00 -6.709418353871275942e-01
5.340707511102648297e+00 -7.559637758651996942e-01
5.353273881717007576e+00 -8.247689455960270921e-01
5.365840252331366855e+00 -8.502284555140510180e-01
5.378406622945726134e+00 -7.645416787998929875e-01
5.390972993560084525e+00 -8.015593740139685952e-01
5.403539364174443804e+00 -8.004358667553799211e-01
5.416105734788803083e+00 -6.983111377092632299e-01
5.428672105403162362e+00 -6.706533981675285583e-01
5.441238476017521641e+00 -7.081663010946654957e-01
5.453804846631880920e+00 -8.221801334694368579e-01
5.466371217246240199e+00 -8.963372949116321653e-01
5.478937587860599479e+00 -6.748076743532114286e-01
5.491503958474958758e+00 -7.556422857798468229e-01
5.504070329089317148e+00 -8.480351749259965599e-01
5.516636699703676427e+00 -6.481677820503797260e-01
5.529203070318035707e+00 -5.899943072196236482e-01
5.541769440932394986e+00 -5.622132666779462440e-01
5.554335811546754265e+00 -8.258614034975004792e-01
5.566902182161113544e+00 -6.885353593259411209e-01
5.579468552775472823e+00 -7.962736769886014088e-01
5.592034923389832102e+00 -7.573354982130290347e-01
5.604601294004191381e+00 -5.751921743074370763e-01
5.617167664618549772e+00 -6.447593644143871927e-01
5.629734035232909051e+00 -6.645528930043388405e-01
5.642300405847268330e+00 -6.642066763794108875e-01
5.654866776461627609e+00 -4.869112294142092234e-01
5.667433147075986888e+00 -5.838474761778726929e-01
5.679999517690346167e+00 -4.966432265164170690e-01
5.692565888304705446e+00 -4.509236418226593157e-01
5.705132258919064725e+00 -7.127169822958465684e-01
5.717698629533424004e+00 -5.356042241036395035e-01
5.730265000147783283e+00 -4.177384123096329338e-01
5.742831370762141674e+00 -5.912829757843653944e-01
5.755397741376500953e+00 -4.875337875189276193e-01
5.767964111990860232e+00 -4.723061789516669884e-01
5.780530482605219511e+00 -3.786357632627836423e-01
5.793096853219578790e+00 -5.752253480631985827e-01
5.805663223833938069e+00 -5.785213747987580923e-01
5.818229594448297348e+00 -4.128842781584699528e-01
5.830795965062656627e+00 -5.300918662909658297e-01
5.843362335677015906e+00 -3.971544166904417694e-01
5.855928706291374297e+00 -2.897397669608612891e-01
5.868495076905733576e+00 -4.679404772007086377e-01
5.881061447520092855e+00 -3.283100496081882702e-01
5.893627818134452134e+00 -5.547582210757123766e-01
5.906194188748811413e+00 -3.474520628396119415e-01
5.918760559363170692e+00 -4.072506625624680576e-01
5.931326929977529971e+00 -3.060173097738074777e-01
5.943893300591889250e+00 -7.626912093630672240e-02
5.956459671206248530e+00 -2.280264916573580825e-01
5.969026041820606920e+00 -3.420781747045523735e-01
5.981592412434966199e+00 -3.003133003229572773e-01
5.994158783049325478e+00 -1.929911560870840592e-01
6.006725153663684758e+00 -3.510062536914999032e-01
6.019291524278044037e+00 -2.627007605210838759e-01
6.031857894892402427e+00 -2.340744891599243482e-01
6.044424265506761706e+00 -2.694055282757096825e-01
6.056990636121120986e+00 -2.364141608053481614e-01
6.069557006735480265e+00 -2.645416504696032622e-01
6.082123377349839544e+00 -1.436378004806013187e-01
6.094689747964198823e+00 -1.198520293533168191e-01
6.107256118578558102e+00 -2.735236290264581038e-01
6.119822489192916493e+00 -2.332017227545880311e-01
6.132388859807275772e+00 -2.595591640672205158e-01
6.144955230421635051e+00 -2.310081736997716406e-01
6.157521601035994330e+00 -1.328325523708310529e-01
6.170087971650353609e+00 -9.925517638107944629e-02
6.182654342264712888e+00 2.797416253078355286e-02
6.195220712879072167e+00 -1.047174523650653694e-01
6.207787083493431446e+00 -1.274872370109320086e-01
6.220353454107790725e+00 -5.194376898524503960e-02
6.232919824722149116e+00 -1.962997878630641790e-01
6.245486195336508395e+00 6.874239456565717221e-02
6.258052565950867674e+00 1.839256358053067697e-01
6.270618936565226953e+00 2.765254925787199308e-02
