0.000000000000000000e+00 1.068843041517663142e-02
1.256637061435917323e-02 2.331475640973517671e-01
2.513274122871834645e-02 1.207863647843989419e-01
3.769911184307751795e-02 4.453129272377440856e-02
5.026548245743669291e-02 1.570956996914066872e-01
6.283185307179586787e-02 1.625087836887069703e-01
7.539822368615503589e-02 -1.782798601732468735e-02
8.796459430051420392e-02 1.608942458136920495e-01
1.005309649148733858e-01 8.324034566956819980e-02
1.130973355292325677e-01 -1.601273315184793822e-02
1.256637061435917357e-01 2.314768272076249134e-01
1.382300767579508760e-01 1.337401624210877160e-01
1.507964473723100718e-01 5.985344773594158951e-02
1.633628179866692676e-01 7.223862229897765053e-03
1.759291886010284078e-01 7.990977520496843345e-02
1.884955592153875759e-01 2.074339032380228820e-01
2.010619298297467716e-01 1.249770831761905648e-01
2.136283004441059397e-01 3.188151949056931000e-01
2.261946710584651354e-01 1.965683825894882220e-01
2.387610416728242757e-01 2.451547377178361353e-01
2.513274122871834715e-01 2.233678060313342706e-01
2.638937829015426395e-01 1.396374057882772690e-01
2.764601535159017520e-01 3.006792159445736412e-01
2.890265241302609756e-01 3.402411711489805035e-01
3.015928947446201436e-01 2.502673106182944363e-01
3.141592653589793116e-01 1.662677279378855233e-01
3.267256359733385351e-01 4.095240607502824148e-01
3.392920065876976476e-01 5.688829201251450751e-01
3.518583772020568157e-01 1.924422953595472663e-01
3.644247478164160392e-01 3.348173758391519428e-01
3.769911184307751517e-01 3.871572264037287381e-01
3.895574890451343197e-01 4.520047058296055575e-01
4.021238596594935433e-01 3.043020571615866476e-01
4.146902302738527113e-01 4.130813685287210157e-01
4.272566008882118793e-01 4.699114290948251393e-01
4.398229715025711029e-01 5.220054286726933945e-01
4.523893421169302709e-01 5.804657074189103483e-01
4.649557127312893834e-01 3.782014385077842045e-01
4.775220833456485514e-01 3.738846583327151141e-01
4.900884539600077194e-01 3.848881248434145030e-01
5.026548245743669430e-01 4.419020006667943590e-01
5.152211951887261110e-01 4.662861135895987053e-01
5.277875658030852790e-01 4.135506464874496024e-01
5.403539364174444470e-01 6.388435748830295635e-01
5.529203070318035040e-01 3.746022795973033004e-01
5.654866776461627831e-01 3.568495692034362454e-01
5.780530482605219511e-01 5.147191229797742906e-01
5.906194188748811191e-01 5.667658500948090650e-01
6.031857894892402872e-01 6.018834841620342990e-01
6.157521601035994552e-01 4.837470263966007766e-01
6.283185307179586232e-01 4.458329820677404687e-01
6.408849013323177912e-01 6.291278588300537322e-01
6.534512719466770703e-01 4.796453821829776420e-01
6.660176425610361273e-01 6.339300630259514513e-01
6.785840131753952953e-01 6.731438906639746200e-01
6.911503837897544633e-01 5.666848751206955415e-01
7.037167544041136313e-01 6.964370148757981216e-01
7.162831250184729104e-01 6.703804007247181618e-01
7.288494956328320784e-01 6.387531844610871978e-01
7.414158662471912464e-01 7.573987908965936766e-01
7.539822368615503034e-01 6.872635169449626824e-01
7.665486074759094715e-01 7.719081961480569465e-01
7.791149780902686395e-01 7.127851415156610804e-01
7.916813487046279185e-01 7.762687758189710241e-01
8.042477193189870865e-01 6.866591293540459384e-01
8.168140899333462546e-01 6.484486033805680893e-01
8.293804605477054226e-01 8.789835617618773078e-01
8.419468311620645906e-01 6.216175268406992638e-01
8.545132017764237586e-01 6.484919620456111033e-01
8.670795723907829267e-01 8.006340558904259108e-01
8.796459430051422057e-01 7.947794617656595006e-01
8.922123136195013737e-01 7.260034198632814295e-01
9.047786842338605418e-01 7.209405093085722305e-01
9.173450548482194877e-01 6.384589297166767263e-01
9.299114254625787668e-01 8.016910959427704375e-01
9.424777960769379348e-01 8.240259718789103571e-01
9.550441666912971028e-01 7.985920076401399337e-01
9.676105373056562708e-01 8.778223092132142469e-01
9.801769079200154389e-01 7.641408817412034260e-01
9.927432785343746069e-01 8.026106718563219555e-01
1.005309649148733886e+00 8.841883956936388289e-01
1.017876019763092943e+00 8.469911671689571708e-01
1.030442390377452222e+00 8.068188995511417216e-01
1.043008760991811279e+00 8.603452916547942309e-01
1.055575131606170558e+00 8.543268309335158017e-01
1.068141502220529837e+00 8.815472298946717133e-01
1.080707872834888894e+00 8.599402482571046891e-01
1.093274243449248173e+00 8.275371261706733206e-01
1.105840614063607008e+00 8.144111508653791853e-01
1.118406984677966287e+00 8.920567107374236526e-01
1.130973355292325566e+00 9.568500100984629331e-01
1.143539725906684623e+00 1.026019872319373194e+00
1.156106096521043902e+00 1.045869439009380564e+00
1.168672467135402959e+00 1.032969190993820119e+00
1.181238837749762238e+00 1.033983458648105813e+00
1.193805208364121295e+00 8.692271293571198765e-01
1.206371578978480574e+00 9.300641024540529100e-01
1.218937949592839853e+00 1.049320913421572188e+00
1.231504320207198910e+00 9.619131483276135430e-01
1.244070690821558189e+00 1.021012217157233781e+00
1.256637061435917246e+00 9.353284618629951197e-01
1.269203432050276525e+00 1.017692585138172845e+00
1.281769802664635582e+00 8.500720535424453050e-01
1.294336173278994861e+00 1.105588054100251183e+00
1.306902543893354141e+00 8.715925863089464265e-01
1.319468914507712975e+00 9.192769562592704169e-01
1.332035285122072255e+00 9.751031770381448638e-01
1.344601655736431534e+00 8.798477893238751957e-01
1.357168026350790591e+00 9.711293583472948576e-01
1.369734396965149870e+00 1.026251230984200014e+00
1.382300767579508927e+00 1.103553145615049358e+00
1.394867138193868206e+00 7.715085211534419285e-01
1.407433508808227263e+00 1.204256503091972075e+00
1.419999879422586542e+00 8.834687297663054162e-01
1.432566250036945821e+00 8.622492281309679374e-01
1.445132620651304878e+00 9.846372822030508010e-01
1.457698991265664157e+00 1.064956869324293454e+00
1.470265361880023214e+00 9.056450557214204000e-01
1.482831732494382493e+00 1.004536378416217346e+00
1.495398103108741550e+00 9.658177555137500425e-01
1.507964473723100607e+00 1.136172480332722445e+00
1.520530844337459886e+00 8.502553543757723764e-01
1.533097214951818943e+00 9.978304837186896536e-01
1.545663585566178222e+00 7.595041545929284155e-01
1.558229956180537279e+00 1.115293217426789552e+00
1.570796326794896558e+00 1.072252665088747392e+00
1.583362697409255837e+00 1.087816364364283306e+00
1.595929068023614894e+00 9.228548388789824530e-01
1.608495438637974173e+00 9.281074001517317651e-01
1.621061809252333230e+00 9.831172987989515999e-01
1.633628179866692509e+00 9.828643350620303032e-01
1.646194550481051566e+00 8.618959269244588217e-01
1.658760921095410845e+00 1.016421857998506040e+00
1.671327291709770124e+00 1.161165209298000711e+00
1.683893662324129181e+00 9.301529459722066573e-01
1.696460032938488460e+00 8.794517031798821938e-01
1.709026403552847517e+00 1.219309191102182055e+00
1.721592774167206796e+00 9.809354277158989222e-01
1.734159144781565853e+00 9.000582370721522674e-01
1.746725515395925132e+00 8.864775539163749496e-01
1.759291886010284411e+00 1.088929092141201815e+00
1.771858256624643468e+00 1.063641436537815288e+00
1.784424627239002747e+00 9.763476254687936118e-01
1.796990997853361804e+00 9.124991523061158905e-01
1.809557368467721084e+00 9.367400464322496179e-01
1.822123739082079918e+00 8.264457923982008181e-01
1.834690109696438975e+00 9.457432297222982953e-01
1.847256480310798255e+00 8.660741815397700050e-01
1.859822850925157534e+00 8.347832966638774055e-01
1.872389221539516591e+00 1.030316752609841791e+00
1.884955592153875870e+00 8.594569306841259859e-01
1.897521962768234927e+00 1.074530815134213890e+00
1.910088333382594206e+00 6.886089953443030875e-01
1.922654703996953263e+00 8.977932084812715319e-01
1.935221074611312542e+00 9.984565894710162315e-01
1.947787445225671821e+00 9.254778594352478516e-01
1.960353815840030878e+00 8.427422001195968848e-01
1.972920186454390157e+00 9.334864256695568629e-01
1.985486557068749214e+00 9.606194339779537961e-01
1.998052927683108493e+00 8.579944553007510244e-01
2.010619298297467772e+00 1.095275930269664855e+00
2.023185668911826607e+00 6.497261637742532958e-01
2.035752039526185886e+00 6.762419164346029632e-01
2.048318410140545165e+00 9.510171133553934064e-01
2.060884780754904444e+00 9.709973915402433375e-01
2.073451151369263723e+00 9.837537279060893924e-01
2.086017521983622558e+00 9.367970910778052884e-01
2.098583892597981837e+00 9.050561990792848066e-01
2.111150263212341116e+00 8.794952357024774514e-01
2.123716633826700395e+00 8.652426463487118413e-01
2.136283004441059674e+00 9.355090241764416614e-01
2.148849375055418509e+00 8.531971860483185122e-01
2.161415745669777788e+00 6.610773485815355510e-01
2.173982116284137067e+00 9.372056772708857730e-01
2.186548486898496346e+00 8.049870087690175202e-01
2.199114857512855181e+00 8.276771380370502307e-01
2.211681228127214016e+00 8.580306229474217172e-01
2.224247598741573295e+00 8.187835297509848953e-01
2.236813969355932574e+00 7.045945608541697158e-01
2.249380339970291853e+00 7.875530425296294323e-01
2.261946710584651132e+00 8.679918321450728058e-01
2.274513081199009967e+00 7.158530972673949888e-01
2.287079451813369246e+00 7.762236229076064919e-01
2.299645822427728525e+00 7.891856607007290414e-01
2.312212193042087804e+00 7.362160174954247571e-01
2.324778563656447083e+00 5.884574407389442374e-01
2.337344934270805918e+00 7.478267315708878593e-01
2.349911304885165197e+00 6.502390317908540718e-01
2.362477675499524477e+00 6.922401408036497061e-01
2.375044046113883756e+00 6.443715191995555980e-01
2.387610416728242591e+00 7.923927644843690166e-01
2.400176787342601870e+00 6.766644308121164686e-01
2.412743157956961149e+00 6.339084412508749766e-01
2.425309528571320428e+00 6.668002517826802089e-01
2.437875899185679707e+00 6.329609353735422550e-01
2.450442269800038542e+00 5.429914897918132199e-01
2.463008640414397821e+00 7.885561902456981187e-01
2.475575011028757100e+00 3.729248498613570995e-01
2.488141381643116379e+00 6.602749185635585771e-01
2.500707752257475658e+00 6.623653336842960648e-01
2.513274122871834493e+00 5.460748967026529677e-01
2.525840493486193772e+00 5.798827291385708627e-01
2.538406864100553051e+00 5.508025685798623172e-01
2.550973234714912330e+00 5.823059228621503269e-01
2.563539605329271165e+00 5.769301986594174148e-01
2.576105975943630444e+00 5.170773674378191798e-01
2.588672346557989723e+00 6.229753725543408782e-01
2.601238717172349002e+00 7.034403367373449623e-01
2.613805087786708281e+00 6.363680478722527623e-01
2.626371458401067116e+00 4.923265441239513263e-01
2.638937829015425951e+00 1.977438494786467604e-01
2.651504199629785230e+00 4.190881606079139843e-01
2.664070570244144509e+00 3.672637449873621951e-01
2.676636940858503788e+00 4.911986094272177694e-01
2.689203311472863067e+00 6.092025131976510632e-01
2.701769682087221902e+00 2.816567585879938829e-01
2.714336052701581181e+00 2.926777734733105873e-01
2.726902423315940460e+00 3.454007544034292110e-01
2.739468793930299739e+00 1.338876808368510973e-01
2.752035164544658574e+00 2.447706988318414378e-01
2.764601535159017853e+00 5.395772486799004231e-01
2.777167905773377132e+00 4.724836039938318799e-01
2.789734276387736411e+00 2.902570783863395731e-01
2.802300647002095690e+00 4.099166942619332232e-01
2.814867017616454525e+00 3.538318777552145189e-01
2.827433388230813804e+00 2.385517303112900667e-01
2.839999758845173083e+00 1.847860859687776025e-01
2.852566129459532362e+00 2.730936331546561791e-01
2.865132500073891642e+00 2.996979156963675561e-01
2.877698870688250476e+00 2.879639323595821754e-01
2.890265241302609756e+00 2.387323556472485397e-01
2.902831611916969035e+00 3.890284905182350705e-01
2.915397982531328314e+00 1.396758696317340898e-01
2.927964353145687149e+00 4.205196679336616894e-01
2.940530723760046428e+00 1.760180022191336346e-01
2.953097094374405707e+00 1.028443546614275644e-01
2.965663464988764986e+00 1.827610560101760873e-01
2.978229835603124265e+00 1.883676824883190604e-01
2.990796206217483100e+00 1.355897177313089563e-01
3.003362576831842379e+00 7.724345050988207229e-02
3.015928947446201214e+00 1.878061943670736311e-01
3.028495318060560493e+00 1.080693872652080806e-01
3.041061688674919772e+00 1.503561392750864256e-02
3.053628059289279051e+00 1.528708271377523242e-01
3.066194429903637886e+00 1.277160352098498097e-01
3.078760800517997165e+00 -1.373071899320474354e-02
3.091327171132356444e+00 5.633050098152820456e-02
3.103893541746715723e+00 7.650814621071144739e-02
3.116459912361074558e+00 3.414011773518454279e-02
3.129026282975433837e+00 -3.290055659400811794e-03
3.141592653589793116e+00 -1.007714498323893232e-01
3.154159024204152395e+00 2.611031916617238130e-02
3.166725394818511674e+00 -7.825577187194542039e-02
3.179291765432870509e+00 2.024881955701399172e-01
3.191858136047229788e+00 -4.730816880703599125e-02
3.204424506661589067e+00 -8.382943919438429203e-02
3.216990877275948346e+00 7.406697835390931017e-02
3.229557247890307181e+00 1.590559966644089496e-01
3.242123618504666460e+00 -1.182752313228442598e-02
3.254689989119025739e+00 -6.263070669173548266e-02
3.267256359733385018e+00 -1.684620694390306650e-01
3.279822730347744297e+00 -3.045665020535372192e-02
3.292389100962103132e+00 -4.011286184372696295e-02
3.304955471576462411e+00 -2.159164761214492911e-01
3.317521842190821690e+00 -2.280709569762529032e-01
3.330088212805180969e+00 -4.549593393777059958e-02
3.342654583419540248e+00 -1.263801187617568100e-01
3.355220954033899083e+00 -1.600103474613360777e-01
3.367787324648258362e+00 -8.836942970823655208e-02
3.380353695262617642e+00 -6.823609729609109165e-02
3.392920065876976921e+00 -1.688004200853049364e-01
3.405486436491335756e+00 -3.198212461769438519e-01
3.418052807105695035e+00 -2.978467530166161170e-01
3.430619177720054314e+00 -1.157356822835009513e-01
3.443185548334413593e+00 -3.140443124406300801e-01
3.455751918948772872e+00 -3.055155950070057580e-01
3.468318289563131707e+00 -2.270923475087103238e-01
3.480884660177490986e+00 -2.576041246365737836e-01
3.493451030791850265e+00 -4.306745529214915935e-01
3.506017401406209544e+00 -5.798349172723475942e-01
3.518583772020568823e+00 -6.080576861956302759e-01
3.531150142634927658e+00 -1.785945840611870561e-01
3.543716513249286937e+00 -3.637827697016970951e-01
3.556282883863646216e+00 -4.318548567040280672e-01
3.568849254478005495e+00 -2.290351990995211640e-01
3.581415625092364330e+00 -3.776110396132237312e-01
3.593981995706723609e+00 -5.247922594981417888e-01
3.606548366321082888e+00 -4.416624958907587883e-01
3.619114736935442167e+00 -5.378285407071232704e-01
3.631681107549800558e+00 -5.909541307486514405e-01
3.644247478164159837e+00 -3.719465595328387830e-01
3.656813848778519116e+00 -4.324085756845377770e-01
3.669380219392877951e+00 -4.822688613922078149e-01
3.681946590007237230e+00 -4.372033861069059002e-01
3.694512960621596509e+00 -4.166885707059708732e-01
3.707079331235955788e+00 -5.322930134793717460e-01
3.719645701850315067e+00 -5.169615777835376846e-01
3.732212072464673902e+00 -7.864878491132081262e-01
3.744778443079033181e+00 -6.112643032445297386e-01
3.757344813693392460e+00 -7.000781980764889667e-01
3.769911184307751739e+00 -4.897459674514581529e-01
3.782477554922110574e+00 -5.253228898103793343e-01
3.795043925536469853e+00 -7.297449887068480079e-01
3.807610296150829132e+00 -7.133375327956710255e-01
3.820176666765188411e+00 -7.807113977732018650e-01
3.832743037379547690e+00 -7.839973338738362996e-01
3.845309407993906525e+00 -7.059032849870990889e-01
3.857875778608265804e+00 -5.409399462663276870e-01
3.870442149222625083e+00 -7.836269147557896053e-01
3.883008519836984362e+00 -7.512861793811402844e-01
3.895574890451343641e+00 -5.484112493521544618e-01
3.908141261065702476e+00 -8.198081133324212066e-01
3.920707631680061755e+00 -8.853943779336438391e-01
3.933274002294421035e+00 -7.912644088165803335e-01
3.945840372908780314e+00 -9.145725130762396571e-01
3.958406743523139149e+00 -7.657508989708171621e-01
3.970973114137498428e+00 -5.696132491968908251e-01
3.983539484751857707e+00 -6.447137126294736342e-01
3.996105855366216986e+00 -6.180065811938160181e-01
4.008672225980576265e+00 -9.294217873166908950e-01
4.021238596594935544e+00 -9.816690035430617467e-01
4.033804967209294823e+00 -9.124313525465868047e-01
4.046371337823653214e+00 -9.126108861547385098e-01
4.058937708438012493e+00 -8.561797851542256588e-01
4.071504079052371772e+00 -6.825907035702245551e-01
4.084070449666731051e+00 -8.317838722348466218e-01
4.096636820281090330e+00 -8.343418946630009048e-01
4.109203190895449609e+00 -7.771561167579350560e-01
4.121769561509808888e+00 -8.288972966952621313e-01
4.134335932124168167e+00 -8.353111700353936797e-01
4.146902302738527446e+00 -7.109632734644989460e-01
4.159468673352886725e+00 -9.615570902305697887e-01
4.172035043967245116e+00 -9.886105816973010940e-01
4.184601414581604395e+00 -8.509769760056893340e-01
4.197167785195963674e+00 -8.672497799066167801e-01
4.209734155810322953e+00 -1.007285588478695537e+00
4.222300526424682232e+00 -8.451029673787531227e-01
4.234866897039041511e+00 -9.071958197832151738e-01
4.247433267653400790e+00 -9.369940562860732403e-01
4.259999638267760069e+00 -9.447135337485296214e-01
4.272566008882119348e+00 -8.090421397605441767e-01
4.285132379496477739e+00 -7.698994572793093072e-01
4.297698750110837018e+00 -7.835543677686802599e-01
4.310265120725196297e+00 -8.893877870747314285e-01
4.322831491339555576e+00 -7.541282005380932629e-01
4.335397861953914855e+00 -1.028462860579680616e+00
4.347964232568274134e+00 -9.356406324759912740e-01
4.360530603182633413e+00 -8.039157747360161643e-01
4.373096973796992692e+00 -8.547916040507680391e-01
4.385663344411351972e+00 -8.058712458655583610e-01
4.398229715025710362e+00 -1.099239498581801033e+00
4.410796085640069641e+00 -9.459542502543055731e-01
4.423362456254428032e+00 -1.096426339664218208e+00
4.435928826868787311e+00 -8.885453322968064338e-01
4.448495197483146590e+00 -7.708197297408794224e-01
4.461061568097505869e+00 -9.415206253238951328e-01
4.473627938711865148e+00 -9.813404137216126255e-01
4.486194309326224428e+00 -9.197538867579999611e-01
4.498760679940583707e+00 -1.028707864614963441e+00
4.511327050554942986e+00 -8.531738890774338557e-01
4.523893421169302265e+00 -1.076124994326331796e+00
4.536459791783661544e+00 -1.076377201956198348e+00
4.549026162398019935e+00 -9.043136210471403036e-01
4.561592533012379214e+00 -7.744882388065759127e-01
4.574158903626738493e+00 -9.933805592300266607e-01
4.586725274241097772e+00 -1.082596488575141125e+00
4.599291644855457051e+00 -1.107788973430993140e+00
4.611858015469816330e+00 -1.004607863833825832e+00
4.624424386084175609e+00 -8.170145417295331391e-01
4.636990756698534888e+00 -9.740366013050244520e-01
4.649557127312894167e+00 -1.050960895452218935e+00
4.662123497927252558e+00 -8.487967538728394823e-01
4.674689868541611837e+00 -1.031141294520075746e+00
4.687256239155971116e+00 -1.022615423357317477e+00
4.699822609770330395e+00 -9.877564701337431252e-01
4.712388980384689674e+00 -9.652638878035825210e-01
4.724955350999048953e+00 -9.190561123020246637e-01
4.737521721613408232e+00 -9.627821954339200738e-01
4.750088092227767511e+00 -1.129067162534217905e+00
4.762654462842126790e+00 -1.084812148122336062e+00
4.775220833456485181e+00 -9.611147466441516407e-01
4.787787204070844460e+00 -1.045492401632603263e+00
4.800353574685203739e+00 -8.692761026652154888e-01
4.812919945299563018e+00 -1.028235016846941186e+00
4.825486315913922297e+00 -8.667221850774515790e-01
4.838052686528281576e+00 -8.582904059110437744e-01
4.850619057142640855e+00 -1.014358062928727211e+00
4.863185427757000134e+00 -1.093339328998953475e+00
4.875751798371359413e+00 -1.116473331983628636e+00
4.888318168985717804e+00 -9.745007751051847356e-01
4.900884539600077083e+00 -9.109281316875736945e-01
4.913450910214436362e+00 -1.069785556494752932e+00
4.926017280828795641e+00 -9.234905242390221147e-01
4.938583651443154920e+00 -1.042607629361069099e+00
4.951150022057514200e+00 -9.629893085625841342e-01
4.963716392671873479e+00 -9.281918694616455578e-01
4.976282763286232758e+00 -1.067173856429634915e+00
4.988849133900592037e+00 -9.049948860253573812e-01
5.001415504514951316e+00 -9.058223206979507669e-01
5.013981875129309707e+00 -8.971144976655945902e-01
5.026548245743668986e+00 -8.595966642345278519e-01
5.039114616358028265e+00 -9.999322959162603164e-01
5.051680986972387544e+00 -9.828804479271686656e-01
5.064247357586746823e+00 -7.522591931953153122e-01
5.076813728201106102e+00 -8.686313614414041817e-01
5.089380098815465381e+00 -1.040732713007929133e+00
5.101946469429824660e+00 -7.791437568227900234e-01
5.114512840044183939e+00 -9.689628245329831024e-01
5.127079210658542330e+00 -8.964529541358989828e-01
5.139645581272901609e+00 -8.060778089257443213e-01
5.152211951887260888e+00 -9.703535889856702568e-01
5.164778322501620167e+00 -7.773067478639248407e-01
5.177344693115979446e+00 -7.188281663717975833e-01
5.189911063730338725e+00 -9.982611827998179033e-01
5.202477434344698004e+00 -8.620206365104740032e-01
5.215043804959057283e+00 -9.624509813668122860e-01
5.227610175573416562e+00 -6.441588793794645884e-01
5.240176546187774953e+00 -6.836161845266339743e-01
5.252742916802134232e+00 -8.643791642267355524e-01
5.265309287416492623e+00 -9.817757343770916467e-01
5.277875658030851902e+00 -8.175935278757479052e-01
5.290442028645211181e+00 -8.783547730450043112e-01
5.303008399259570460e+00 -8.702986740448038772e-01
5.315574769873929739e+00 -7.901418268374515996e-01
5.328141140488289018e+00 -7.496218116219289795e-01
5.340707511102648297e+00 -6.952731108409082594e-01
5.353273881717007576e+00 -5.769833781018969265e-01
5.365840252331366855e+00 -8.680181959919007761e-01
5.378406622945726134e+00 -8.220123609815159771e-01
5.390972993560084525e+00 -6.141207037528557677e-01
5.403539364174443804e+00 -7.743977362504760320e-01
5.416105734788803083e+00 -7.627004488450919162e-01
5.428672105403162362e+00 -7.080680451914116436e-01
5.441238476017521641e+00 -8.898769937975675726e-01
5.453804846631880920e+00 -7.657959350497718365e-01
5.466371217246240199e+00 -6.037189362091914813e-01
5.478937587860599479e+00 -7.816936465263716327e-01
5.491503958474958758e+00 -5.721145835561629589e-01
5.504070329089317148e+00 -7.659392487515648273e-01
5.516636699703676427e+00 -7.014200882170369411e-01
5.529203070318035707e+00 -7.485280920089515400e-01
5.541769440932394986e+00 -8.024584522621033278e-01
5.554335811546754265e+00 -6.241944957671027305e-01
5.566902182161113544e+00 -7.108610093241991557e-01
5.579468552775472823e+00 -6.239320382098892948e-01
5.592034923389832102e+00 -4.507566292373499373e-01
5.604601294004191381e+00 -6.752506780787659313e-01
5.617167664618549772e+00 -6.802312434477856273e-01
5.629734035232909051e+00 -5.456491626441715148e-01
5.642300405847268330e+00 -6.342729019732026297e-01
5.654866776461627609e+00 -5.397731234599250083e-01
5.667433147075986888e+00 -6.645031244260046766e-01
5.679999517690346167e+00 -6.575282600420537804e-01
5.692565888304705446e+00 -5.135145569899733919e-01
5.705132258919064725e+00 -4.211314992229998611e-01
5.717698629533424004e+00 -3.129322197030671715e-01
5.730265000147783283e+00 -4.665563571163369727e-01
5.742831370762141674e+00 -5.563887104696723096e-01
5.755397741376500953e+00 -3.622996257992213698e-01
5.767964111990860232e+00 -5.505819295281547676e-01
5.780530482605219511e+00 -5.510341298986732861e-01
5.793096853219578790e+00 -3.695505862252912443e-01
5.805663223833938069e+00 -3.236538030763153051e-01
5.818229594448297348e+00 -6.168094821408287576e-01
5.830795965062656627e+00 -4.075278203342402872e-01
5.843362335677015906e+00 -4.839063835831241001e-01
5.855928706291374297e+00 -3.471163264424667605e-01
5.868495076905733576e+00 -4.942345052165194041e-01
5.881061447520092855e+00 -2.301612565509676411e-01
5.893627818134452134e+00 -2.921402899970858558e-01
5.906194188748811413e+00 -2.899878551263657123e-01
5.918760559363170692e+00 -2.729971953505131443e-01
5.931326929977529971e+00 -4.885921629022999535e-01
5.943893300591889250e+00 -4.207950589758248650e-01
5.956459671206248530e+00 -3.749011679702405342e-01
5.969026041820606920e+00 -2.653255060165762291e-01
5.981592412434966199e+00 -2.958112538107014466e-01
5.994158783049325478e+00 -4.352625074450835463e-01
6.006725153663684758e+00 -3.919274303154607897e-01
6.019291524278044037e+00 -1.001443781134964683e-01
6.031857894892402427e+00 -1.931398403674588760e-01
6.044424265506761706e+00 -1.758927411006253883e-01
6.056990636121120986e+00 -3.575473773523944465e-01
6.069557006735480265e+00 -2.005914360772446947e-01
6.082123377349839544e+00 -2.472337323469050163e-01
6.094689747964198823e+00 -2.691680705957120168e-01
6.107256118578558102e+00 -1.130284078643021967e-01
6.119822489192916493e+00 -1.082642856856669555e-01
6.132388859807275772e+00 -1.941745716562553181e-01
6.144955230421635051e+00 -1.518628855662850774e-01
6.157521601035994330e+00 -1.652906394064943829e-01
6.170087971650353609e+00 -4.252938653909144051e-02
6.182654342264712888e+00 6.460547741857841642e-02
6.195220712879072167e+00 -2.756413869575335962e-01
6.207787083493431446e+00 -5.366721324301133855e-02
6.220353454107790725e+00 -1.423829566982994232e-01
6.232919824722149116e+00 9.695792199756735064e-02
6.245486195336508395e+00 -1.064677035159918572e-01
6.258052565950867674e+00 -1.072232352633199076e-01
6.270618936565226953e+00 -2.444538390504100711e-01
