0.000000000000000000e+00 -7.123906620505880694e-02
1.256637061435917323e-02 8.794267774932290616e-02
2.513274122871834645e-02 2.067978760953213466e-02
3.769911184307751795e-02 8.287141654451352091e-02
5.026548245743669291e-02 1.847544890248705163e-01
6.283185307179586787e-02 1.160243083587680080e-01
7.539822368615503589e-02 2.103455955001853894e-01
8.796459430051420392e-02 1.739723339676752245e-01
1.005309649148733858e-01 2.482302885948045601e-01
1.130973355292325677e-01 8.318671819628267738e-03
1.256637061435917357e-01 4.643433106914936215e-02
1.382300767579508760e-01 1.162969615273112822e-02
1.507964473723100718e-01 2.065102676488602129e-01
1.633628179866692676e-01 1.383045400063273589e-01
1.759291886010284078e-01 2.663971294612437757e-01
1.884955592153875759e-01 2.191164068593582093e-01
2.010619298297467716e-01 2.124403085351050935e-01
2.136283004441059397e-01 4.270454066601658827e-01
2.261946710584651354e-01 2.848996266390110832e-01
2.387610416728242757e-01 2.338218320250806115e-01
2.513274122871834715e-01 1.502738089875966521e-01
2.638937829015426395e-01 3.799120335404951310e-01
2.764601535159017520e-01 3.682349966218446680e-01
2.890265241302609756e-01 1.763011033948842232e-01
3.015928947446201436e-01 2.825204483184329263e-01
3.141592653589793116e-01 3.328027782034484461e-01
3.267256359733385351e-01 1.570342686870180304e-01
3.392920065876976476e-01 3.050060928721091691e-01
3.518583772020568157e-01 4.845667651913361240e-01
3.644247478164160392e-01 1.949010823880341636e-01
3.769911184307751517e-01 4.172117359356295463e-01
3.895574890451343197e-01 5.690533173994730687e-01
4.021238596594935433e-01 3.292756966056515910e-01
4.146902302738527113e-01 3.575311975895006933e-01
4.272566008882118793e-01 4.361207469383034940e-01
4.398229715025711029e-01 4.772121770795513251e-01
4.523893421169302709e-01 4.768398992916862977e-01
4.649557127312893834e-01 2.970987045639550406e-01
4.775220833456485514e-01 3.831764636557015158e-01
4.900884539600077194e-01 4.808309107297080165e-01
5.026548245743669430e-01 4.500270770014442867e-01
5.152211951887261110e-01 6.065606462975067226e-01
5.277875658030852790e-01 4.714108359380199675e-01
5.403539364174444470e-01 4.774279259710309531e-01
5.529203070318035040e-01 7.101358865818749866e-01
5.654866776461627831e-01 5.276616393625722656e-01
5.780530482605219511e-01 4.483669148816823991e-01
5.906194188748811191e-01 5.566367139281365173e-01
6.031857894892402872e-01 5.440263619240103266e-01
6.157521601035994552e-01 6.486701829080822046e-01
6.283185307179586232e-01 6.331011136163546826e-01
6.408849013323177912e-01 5.646374055289292704e-01
6.534512719466770703e-01 5.694845291942478571e-01
6.660176425610361273e-01 5.648268723320617468e-01
6.785840131753952953e-01 7.627219608837874087e-01
6.911503837897544633e-01 8.389460722531280057e-01
7.037167544041136313e-01 6.413027227820903287e-01
7.162831250184729104e-01 7.130511845616562816e-01
7.288494956328320784e-01 7.019650969860490308e-01
7.414158662471912464e-01 6.241362987016023656e-01
7.539822368615503034e-01 6.322306844389595781e-01
7.665486074759094715e-01 6.455161642333300254e-01
7.791149780902686395e-01 5.102340248895502750e-01
7.916813487046279185e-01 6.357903546505316861e-01
8.042477193189870865e-01 7.656571289146530956e-01
8.168140899333462546e-01 8.212030422470986135e-01
8.293804605477054226e-01 7.167781475305212702e-01
8.419468311620645906e-01 7.083491493032669784e-01
8.545132017764237586e-01 8.182397780641241791e-01
8.670795723907829267e-01 9.678118346409860795e-01
8.796459430051422057e-01 6.776797201947852844e-01
8.922123136195013737e-01 7.009962982541426690e-01
9.047786842338605418e-01 7.425738665684697981e-01
9.173450548482194877e-01 8.487822296085690832e-01
9.299114254625787668e-01 7.161526895243929269e-01
9.424777960769379348e-01 8.555827915753506652e-01
9.550441666912971028e-01 7.442392833736457547e-01
9.676105373056562708e-01 8.797587682342407067e-01
9.801769079200154389e-01 7.991100915825549711e-01
9.927432785343746069e-01 7.945383318552612373e-01
1.005309649148733886e+00 9.258274698091374377e-01
1.017876019763092943e+00 7.324526008793512677e-01
1.030442390377452222e+00 7.806639541158073570e-01
1.043008760991811279e+00 9.368399642608996603e-01
1.055575131606170558e+00 9.467748595920525423e-01
1.068141502220529837e+00 8.970866853789776219e-01
1.080707872834888894e+00 6.635796991102199671e-01
1.093274243449248173e+00 9.603329545543074497e-01
1.105840614063607008e+00 9.287164835381659378e-01
1.118406984677966287e+00 8.655434261561700815e-01
1.130973355292325566e+00 7.102879843141370886e-01
1.143539725906684623e+00 9.931965364652097783e-01
1.156106096521043902e+00 1.090165351629018620e+00
1.168672467135402959e+00 9.703455768596169762e-01
1.181238837749762238e+00 1.058108899201709141e+00
1.193805208364121295e+00 8.640247591184623266e-01
1.206371578978480574e+00 9.528235374958339277e-01
1.218937949592839853e+00 8.736282097585060802e-01
1.231504320207198910e+00 8.309398487544643608e-01
1.244070690821558189e+00 9.124376262399822579e-01
1.256637061435917246e+00 8.599220381594180340e-01
1.269203432050276525e+00 8.802510194799730847e-01
1.281769802664635582e+00 8.814249361643715641e-01
1.294336173278994861e+00 9.206323002033576230e-01
1.306902543893354141e+00 9.362005000809512367e-01
1.319468914507712975e+00 9.812604356012289974e-01
1.332035285122072255e+00 8.468981172502345611e-01
1.344601655736431534e+00 1.006243968860732085e+00
1.357168026350790591e+00 7.954259815022924895e-01
1.369734396965149870e+00 9.854242717235416338e-01
1.382300767579508927e+00 9.903738695681230109e-01
1.394867138193868206e+00 7.525795790903084814e-01
1.407433508808227263e+00 9.525738270758361548e-01
1.419999879422586542e+00 1.097636355843241152e+00
1.432566250036945821e+00 1.035514543617578775e+00
1.445132620651304878e+00 9.426848365746910430e-01
1.457698991265664157e+00 9.389536363481211234e-01
1.470265361880023214e+00 1.024153665963100979e+00
1.482831732494382493e+00 1.011554068411756546e+00
1.495398103108741550e+00 1.078889452163721785e+00
1.507964473723100607e+00 1.012402306466718249e+00
1.520530844337459886e+00 1.089254109923884162e+00
1.533097214951818943e+00 1.039356839457193482e+00
1.545663585566178222e+00 9.232247994210047715e-01
1.558229956180537279e+00 8.982208416494030789e-01
1.570796326794896558e+00 9.473010746700896156e-01
1.583362697409255837e+00 1.040786908834281821e+00
1.595929068023614894e+00 9.129042077906842634e-01
1.608495438637974173e+00 1.088468889243827897e+00
1.621061809252333230e+00 8.448305446206101355e-01
1.633628179866692509e+00 9.716019873020688147e-01
1.646194550481051566e+00 9.039229738885891097e-01
1.658760921095410845e+00 1.027421481009778370e+00
1.671327291709770124e+00 1.008630049230822223e+00
1.683893662324129181e+00 9.784412913786389998e-01
1.696460032938488460e+00 8.684309312042981510e-01
1.709026403552847517e+00 9.022123865369690021e-01
1.721592774167206796e+00 9.225884948774021321e-01
1.734159144781565853e+00 1.085980856803336891e+00
1.746725515395925132e+00 9.201846288170032473e-01
1.759291886010284411e+00 1.032404019507048742e+00
1.771858256624643468e+00 1.071853565513447348e+00
1.784424627239002747e+00 8.928204821428084026e-01
1.796990997853361804e+00 9.228825878163585683e-01
1.809557368467721084e+00 7.509450233647246842e-01
1.822123739082079918e+00 9.282702614439376498e-01
1.834690109696438975e+00 1.036714180756481030e+00
1.847256480310798255e+00 8.673640254874959155e-01
1.859822850925157534e+00 9.936579419108643174e-01
1.872389221539516591e+00 1.033721592658335631e+00
1.884955592153875870e+00 9.870596950551276949e-01
1.897521962768234927e+00 9.032781612640750080e-01
1.910088333382594206e+00 9.658240563385297461e-01
1.922654703996953263e+00 8.711963518919936256e-01
1.935221074611312542e+00 8.924029102557338167e-01
1.947787445225671821e+00 1.168451065938154398e+00
1.960353815840030878e+00 8.742428835552072952e-01
1.972920186454390157e+00 8.516082035859502408e-01
1.985486557068749214e+00 9.307315322411235936e-01
1.998052927683108493e+00 9.378895863263152499e-01
2.010619298297467772e+00 9.802975533539224351e-01
2.023185668911826607e+00 8.234167736840571905e-01
2.035752039526185886e+00 7.883757064339725895e-01
2.048318410140545165e+00 7.903665482913454499e-01
2.060884780754904444e+00 9.570283859894357370e-01
2.073451151369263723e+00 9.838748334602931411e-01
2.086017521983622558e+00 7.944360441385936999e-01
2.098583892597981837e+00 8.128407937745900647e-01
2.111150263212341116e+00 8.549620816000395029e-01
2.123716633826700395e+00 7.550905017344343717e-01
2.136283004441059674e+00 7.945307899547769948e-01
2.148849375055418509e+00 9.313740869279015788e-01
2.161415745669777788e+00 7.082847243060763631e-01
2.173982116284137067e+00 8.603921058561385671e-01
2.186548486898496346e+00 9.342427250657044935e-01
2.199114857512855181e+00 7.014078477937317757e-01
2.211681228127214016e+00 9.109944947808917837e-01
2.224247598741573295e+00 7.944517887653791410e-01
2.236813969355932574e+00 7.327700923200948235e-01
2.249380339970291853e+00 8.653000525621098449e-01
2.261946710584651132e+00 7.778123575731963335e-01
2.274513081199009967e+00 7.384364395475827569e-01
2.287079451813369246e+00 6.964672150871699108e-01
2.299645822427728525e+00 6.617739917370322189e-01
2.312212193042087804e+00 6.821728556068187288e-01
2.324778563656447083e+00 7.048180961824940249e-01
2.337344934270805918e+00 7.965321071438112854e-01
2.349911304885165197e+00 6.862839183914046792e-01
2.362477675499524477e+00 7.318140208753129983e-01
2.375044046113883756e+00 6.546877533084739520e-01
2.387610416728242591e+00 7.320658757080737988e-01
2.400176787342601870e+00 6.680964922986321053e-01
2.412743157956961149e+00 7.929176772030074316e-01
2.425309528571320428e+00 6.823106562569516420e-01
2.437875899185679707e+00 4.806303179634194289e-01
2.450442269800038542e+00 6.252493464062365280e-01
2.463008640414397821e+00 5.835401381716757152e-01
2.475575011028757100e+00 7.133842823342998463e-01
2.488141381643116379e+00 6.099273899400198262e-01
2.500707752257475658e+00 6.841866724110531317e-01
2.513274122871834493e+00 6.621397769056489579e-01
2.525840493486193772e+00 5.113145869191236814e-01
2.538406864100553051e+00 5.367508463674088848e-01
2.550973234714912330e+00 5.610203567046889717e-01
2.563539605329271165e+00 4.396980626962048722e-01
2.576105975943630444e+00 8.759373668770622512e-01
2.588672346557989723e+00 5.777075899347337007e-01
2.601238717172349002e+00 3.867517491155413323e-01
2.613805087786708281e+00 3.622077550066096219e-01
2.626371458401067116e+00 5.054003444896822961e-01
2.638937829015425951e+00 4.432687690814355874e-01
2.651504199629785230e+00 3.156082400455665349e-01
2.664070570244144509e+00 2.875003151077293317e-01
2.676636940858503788e+00 4.501814299706762279e-01
2.689203311472863067e+00 3.905716183405741893e-01
2.701769682087221902e+00 4.658270299767574563e-01
2.714336052701581181e+00 4.026516310862210957e-01
2.726902423315940460e+00 5.129900621693229690e-01
2.739468793930299739e+00 2.083382645298024749e-01
2.752035164544658574e+00 4.399726524043001685e-01
2.764601535159017853e+00 2.867711765148583947e-01
2.777167905773377132e+00 2.628163565533845336e-01
2.789734276387736411e+00 4.409460610411248815e-01
2.802300647002095690e+00 1.400317709993433302e-01
2.814867017616454525e+00 3.121339828544626993e-01
2.827433388230813804e+00 2.728321980379877498e-01
2.839999758845173083e+00 4.165441190611440803e-01
2.852566129459532362e+00 1.388686815207386960e-01
2.865132500073891642e+00 3.079732489728673195e-01
2.877698870688250476e+00 3.081890698089104763e-01
2.890265241302609756e+00 2.468477062510971154e-01
2.902831611916969035e+00 2.472664614791159621e-01
2.915397982531328314e+00 2.086907901323811210e-01
2.927964353145687149e+00 6.565933426012024454e-02
2.940530723760046428e+00 1.463605302427308796e-01
2.953097094374405707e+00 -5.854285565194017327e-03
2.965663464988764986e+00 2.690209809327170354e-01
2.978229835603124265e+00 2.576978648054893961e-01
2.990796206217483100e+00 9.101325932040105204e-03
3.003362576831842379e+00 2.582646637812151535e-01
3.015928947446201214e+00 1.075026273488042666e-01
3.028495318060560493e+00 -3.946497466176615565e-02
3.041061688674919772e+00 2.715587631809723845e-02
3.053628059289279051e+00 1.453662931313738915e-01
3.066194429903637886e+00 6.500494280273846903e-02
3.078760800517997165e+00 -4.511075003100305236e-02
3.091327171132356444e+00 1.158304714121045909e-01
3.103893541746715723e+00 1.522227412655307449e-02
3.116459912361074558e+00 -2.623782502329143410e-02
3.129026282975433837e+00 -1.131593336139720685e-01
3.141592653589793116e+00 5.022857779517235499e-02
3.154159024204152395e+00 7.135331364870511894e-02
3.166725394818511674e+00 -1.306959852144940759e-01
3.179291765432870509e+00 -6.852778209858739755e-02
3.191858136047229788e+00 -7.865469869048598295e-02
3.204424506661589067e+00 -4.778715315544058984e-02
3.216990877275948346e+00 -1.847527567871020682e-01
3.229557247890307181e+00 1.104413217088524163e-01
3.242123618504666460e+00 -7.360072517799974567e-02
3.254689989119025739e+00 -2.501039577109608059e-02
3.267256359733385018e+00 -1.585741808217248916e-01
3.279822730347744297e+00 7.142656944465797242e-02
3.292389100962103132e+00 -1.061448503889147188e-01
3.304955471576462411e+00 -3.438396205122276061e-01
3.317521842190821690e+00 -7.540211227534071581e-02
3.330088212805180969e+00 -1.923765689254115785e-01
3.342654583419540248e+00 -3.064139609613292237e-01
3.355220954033899083e+00 -2.179331933056906367e-01
3.367787324648258362e+00 -3.146812540976633432e-01
3.380353695262617642e+00 -1.662236591018115828e-01
3.392920065876976921e+00 -1.878306561364390670e-01
3.405486436491335756e+00 -4.001940288647694022e-01
3.418052807105695035e+00 -2.070853288351526822e-01
3.430619177720054314e+00 -1.804028128262128439e-01
3.443185548334413593e+00 -5.466168698084548083e-01
3.455751918948772872e+00 -1.785812163953083564e-01
3.468318289563131707e+00 -2.548532806352432067e-01
3.480884660177490986e+00 -2.505723143594438818e-01
3.493451030791850265e+00 -2.019702781259806734e-01
3.506017401406209544e+00 -3.612816397772619093e-01
3.518583772020568823e+00 -4.548261037798993489e-01
3.531150142634927658e+00 -3.426631697738086735e-01
3.543716513249286937e+00 -4.075010625100354833e-01
3.556282883863646216e+00 -3.579547842773631028e-01
3.568849254478005495e+00 -6.470682021548364027e-01
3.581415625092364330e+00 -4.673604281685225792e-01
3.593981995706723609e+00 -1.779073599109037840e-01
3.606548366321082888e+00 -4.109064047531225117e-01
3.619114736935442167e+00 -3.596274743435409760e-01
3.631681107549800558e+00 -4.367917651739825491e-01
3.644247478164159837e+00 -5.166755879133098084e-01
3.656813848778519116e+00 -4.083431360437909108e-01
3.669380219392877951e+00 -4.294331337462333198e-01
3.681946590007237230e+00 -5.496392160164725871e-01
3.694512960621596509e+00 -5.442242082770359923e-01
3.707079331235955788e+00 -4.685995827335061592e-01
3.719645701850315067e+00 -6.263630666814220538e-01
3.732212072464673902e+00 -6.413448612013578076e-01
3.744778443079033181e+00 -4.500412064209715068e-01
3.757344813693392460e+00 -4.626663845807884035e-01
3.769911184307751739e+00 -6.071657445331787306e-01
3.782477554922110574e+00 -4.412409603200706520e-01
3.795043925536469853e+00 -5.221397795977626988e-01
3.807610296150829132e+00 -5.768830645898843645e-01
3.820176666765188411e+00 -6.785914510198937100e-01
3.832743037379547690e+00 -5.602352874000056104e-01
3.845309407993906525e+00 -7.004403176136565490e-01
3.857875778608265804e+00 -6.637008801753672138e-01
3.870442149222625083e+00 -7.279303404936779964e-01
3.883008519836984362e+00 -5.540733258557222207e-01
3.895574890451343641e+00 -6.704857213912096547e-01
3.908141261065702476e+00 -6.916640850549941044e-01
3.920707631680061755e+00 -6.347179310578627831e-01
3.933274002294421035e+00 -4.625649240404465790e-01
3.945840372908780314e+00 -6.150558433813854142e-01
3.958406743523139149e+00 -8.823782844442471518e-01
3.970973114137498428e+00 -7.359956253578838759e-01
3.983539484751857707e+00 -7.342358965451352137e-01
3.996105855366216986e+00 -8.100198430367516744e-01
4.008672225980576265e+00 -8.581490658931605342e-01
4.021238596594935544e+00 -5.987956468047375136e-01
4.033804967209294823e+00 -7.006774623118048329e-01
4.046371337823653214e+00 -6.916536313934538160e-01
4.058937708438012493e+00 -7.547356048742992485e-01
4.071504079052371772e+00 -7.153268440557505325e-01
4.084070449666731051e+00 -7.566924727498696157e-01
4.096636820281090330e+00 -7.961823047596570113e-01
4.109203190895449609e+00 -8.400361499490741624e-01
4.121769561509808888e+00 -9.268619820725100267e-01
4.134335932124168167e+00 -9.076648444606322252e-01
4.146902302738527446e+00 -8.473947242495827314e-01
4.159468673352886725e+00 -9.391407383478258541e-01
4.172035043967245116e+00 -8.222055781636251615e-01
4.184601414581604395e+00 -9.530527964205648406e-01
4.197167785195963674e+00 -7.910867725042374232e-01
4.209734155810322953e+00 -1.015483288473267187e+00
4.222300526424682232e+00 -8.492609994026920628e-01
4.234866897039041511e+00 -7.601855753758788303e-01
4.247433267653400790e+00 -8.071201576312823089e-01
4.259999638267760069e+00 -9.515011536375120871e-01
4.272566008882119348e+00 -7.727865717862688610e-01
4.285132379496477739e+00 -9.060394421692339328e-01
4.297698750110837018e+00 -8.787359928182166824e-01
4.310265120725196297e+00 -9.247524362261064779e-01
4.322831491339555576e+00 -1.098928993390184461e+00
4.335397861953914855e+00 -8.727271513561363214e-01
4.347964232568274134e+00 -8.908313402584471241e-01
4.360530603182633413e+00 -8.628444112247579678e-01
4.373096973796992692e+00 -1.040374348845585661e+00
4.385663344411351972e+00 -8.666097954429528016e-01
4.398229715025710362e+00 -1.015518434368203327e+00
4.410796085640069641e+00 -1.071888987239483004e+00
4.423362456254428032e+00 -1.061112876345811973e+00
4.435928826868787311e+00 -9.414460563354287714e-01
4.448495197483146590e+00 -1.005817406012987414e+00
4.461061568097505869e+00 -8.144023902817696392e-01
4.473627938711865148e+00 -8.916164473240858479e-01
4.486194309326224428e+00 -8.597959725853867585e-01
4.498760679940583707e+00 -9.934929788590152189e-01
4.511327050554942986e+00 -1.087329736443551242e+00
4.523893421169302265e+00 -1.142325662543971054e+00
4.536459791783661544e+00 -1.006770007288759761e+00
4.549026162398019935e+00 -8.591801851689352398e-01
4.561592533012379214e+00 -8.629774379042749466e-01
4.574158903626738493e+00 -1.155417378686605545e+00
4.586725274241097772e+00 -9.645675566198519402e-01
4.599291644855457051e+00 -9.227588587414488064e-01
4.611858015469816330e+00 -1.093197052235115985e+00
4.624424386084175609e+00 -9.943889175128639568e-01
4.636990756698534888e+00 -1.069164736088687340e+00
4.649557127312894167e+00 -9.823790537690830771e-01
4.662123497927252558e+00 -9.783114761485758315e-01
4.674689868541611837e+00 -1.031657375615615546e+00
4.687256239155971116e+00 -1.010830093495815429e+00
4.699822609770330395e+00 -1.067718769731620387e+00
4.712388980384689674e+00 -9.889381191445957286e-01
4.724955350999048953e+00 -1.320964123930658429e+00
4.737521721613408232e+00 -9.519075803255534485e-01
4.750088092227767511e+00 -8.955897918365955945e-01
4.762654462842126790e+00 -1.130633411966516233e+00
4.775220833456485181e+00 -1.017448861812735306e+00
4.787787204070844460e+00 -9.383800473304814149e-01
4.800353574685203739e+00 -1.066815517272369895e+00
4.812919945299563018e+00 -1.063565675492034845e+00
4.825486315913922297e+00 -1.000045625481596145e+00
4.838052686528281576e+00 -9.182432589610516338e-01
4.850619057142640855e+00 -1.128716174160310448e+00
4.863185427757000134e+00 -9.653974821955794150e-01
4.875751798371359413e+00 -9.334882885923330154e-01
4.888318168985717804e+00 -1.121600758809300435e+00
4.900884539600077083e+00 -9.674174379223983156e-01
4.913450910214436362e+00 -8.352527460435541506e-01
4.926017280828795641e+00 -9.777818653638162827e-01
4.938583651443154920e+00 -9.904831601932821972e-01
4.951150022057514200e+00 -8.279746659438241840e-01
4.963716392671873479e+00 -1.026533990061547996e+00
4.976282763286232758e+00 -9.816217118261660879e-01
4.988849133900592037e+00 -8.281145132235185891e-01
5.001415504514951316e+00 -7.822503593676590761e-01
5.013981875129309707e+00 -1.062272620202832973e+00
5.026548245743668986e+00 -9.702196847337019037e-01
5.039114616358028265e+00 -8.987154210497889650e-01
5.051680986972387544e+00 -8.154779521534168962e-01
5.064247357586746823e+00 -8.926343925978236227e-01
5.076813728201106102e+00 -9.938975029673400297e-01
5.089380098815465381e+00 -8.501887867723332270e-01
5.101946469429824660e+00 -1.148382491678269668e+00
5.114512840044183939e+00 -9.060291685710130105e-01
5.127079210658542330e+00 -8.410363899463692006e-01
5.139645581272901609e+00 -7.989618578811372718e-01
5.152211951887260888e+00 -8.598503317106240829e-01
5.164778322501620167e+00 -1.042444921724201556e+00
5.177344693115979446e+00 -7.995874469071504453e-01
5.189911063730338725e+00 -9.416511080774341291e-01
5.202477434344698004e+00 -9.281879432578854505e-01
5.215043804959057283e+00 -7.611538027262505501e-01
5.227610175573416562e+00 -1.067925525520605934e+00
5.240176546187774953e+00 -6.400585412745420921e-01
5.252742916802134232e+00 -7.675181564819226754e-01
5.265309287416492623e+00 -7.620912445422991510e-01
5.277875658030851902e+00 -8.595575829514625621e-01
5.290442028645211181e+00 -7.670653505795199667e-01
5.303008399259570460e+00 -7.693003924243528857e-01
5.315574769873929739e+00 -7.995662794457472078e-01
5.328141140488289018e+00 -9.675413981159626253e-01
5.340707511102648297e+00 -7.645472227646488150e-01
5.353273881717007576e+00 -7.762449323950187940e-01
5.365840252331366855e+00 -6.999116918088554851e-01
5.378406622945726134e+00 -7.445582001478798784e-01
5.390972993560084525e+00 -7.515064462361207287e-01
5.403539364174443804e+00 -7.536411365326498579e-01
5.416105734788803083e+00 -9.113375279402077256e-01
5.428672105403162362e+00 -9.397780467739338395e-01
5.441238476017521641e+00 -7.569733176358057758e-01
5.453804846631880920e+00 -8.079735935760360421e-01
5.466371217246240199e+00 -6.834367747188003772e-01
5.478937587860599479e+00 -8.423762152594512775e-01
5.491503958474958758e+00 -7.680403290402078031e-01
5.504070329089317148e+00 -6.320310886383951887e-01
5.516636699703676427e+00 -6.931489160058976751e-01
5.529203070318035707e+00 -7.718730238672063537e-01
5.541769440932394986e+00 -6.197309999915822099e-01
5.554335811546754265e+00 -6.392736698763760161e-01
5.566902182161113544e+00 -7.597792384680626121e-01
5.579468552775472823e+00 -7.106462805144843076e-01
5.592034923389832102e+00 -6.174460800355585643e-01
5.604601294004191381e+00 -6.473430255910781472e-01
5.617167664618549772e+00 -6.443487025047688332e-01
5.629734035232909051e+00 -6.615471683779425849e-01
5.642300405847268330e+00 -8.673006147815123246e-01
5.654866776461627609e+00 -5.396512570619931282e-01
5.667433147075986888e+00 -5.467636171747184415e-01
5.679999517690346167e+00 -5.810217759429084916e-01
5.692565888304705446e+00 -7.369121866579730895e-01
5.705132258919064725e+00 -5.883929277388120216e-01
5.717698629533424004e+00 -5.386801683923020390e-01
5.730265000147783283e+00 -5.483559478499031581e-01
5.742831370762141674e+00 -5.260970324903244677e-01
5.755397741376500953e+00 -7.272285793618968874e-01
5.767964111990860232e+00 -4.343945765331054809e-01
5.780530482605219511e+00 -4.274992714085995016e-01
5.793096853219578790e+00 -4.080872027857807560e-01
5.805663223833938069e+00 -3.338672874833396031e-01
5.818229594448297348e+00 -4.301350063770002508e-01
5.830795965062656627e+00 -3.059539619943684174e-01
5.843362335677015906e+00 -5.512653307128281277e-01
5.855928706291374297e+00 -3.508668909838121297e-01
5.868495076905733576e+00 -4.297942858731311766e-01
5.881061447520092855e+00 -2.552365703812898845e-01
5.893627818134452134e+00 -4.320425716338254229e-01
5.906194188748811413e+00 -4.248484953680952136e-01
5.918760559363170692e+00 -4.248908831320024060e-01
5.931326929977529971e+00 -3.006050321152299309e-01
5.943893300591889250e+00 -4.166675585478195054e-01
5.956459671206248530e+00 -2.409559424814806117e-01
5.969026041820606920e+00 -2.411143260713779490e-01
5.981592412434966199e+00 -2.971656376913304198e-01
5.994158783049325478e+00 -2.768848948309782787e-01
6.006725153663684758e+00 -3.416666567221812167e-01
6.019291524278044037e+00 -7.717408421752389169e-02
6.031857894892402427e+00 -1.729787597517879749e-01
6.044424265506761706e+00 -3.573562301318522483e-01
6.056990636121120986e+00 -1.304104139612143887e-01
6.069557006735480265e+00 -3.266759748737345093e-01
6.082123377349839544e+00 -1.766279632325842008e-01
6.094689747964198823e+00 -1.327055234811460316e-01
6.107256118578558102e+00 -2.157847222537392085e-01
6.119822489192916493e+00 -2.294679546370782530e-01
6.132388859807275772e+00 -1.240816298387075189e-01
6.144955230421635051e+00 -9.089682575746720061e-02
6.157521601035994330e+00 -1.141702064077404211e-01
6.170087971650353609e+00 -8.455733410672577888e-02
6.182654342264712888e+00 -2.473251773721717728e-01
6.195220712879072167e+00 -1.024881275253718138e-01
6.207787083493431446e+00 -1.836859521102421622e-01
6.220353454107790725e+00 -6.280545880479895815e-02
6.232919824722149116e+00 -1.655168932249462266e-01
6.245486195336508395e+00 -1.290348111903504014e-01
6.258052565950867674e+00 -1.303968752484178095e-01
6.270618936565226953e+00 -6.842709567435420470e-02
