0.000000000000000000e+00 3.399078197745467392e-03
1.256637061435917323e-02 1.166995818330099632e-01
2.513274122871834645e-02 4.390797218586860173e-02
3.769911184307751795e-02 2.344192572038873434e-01
5.026548245743669291e-02 -5.378901972472850679e-03
6.283185307179586787e-02 3.848207360357150386e-02
7.539822368615503589e-02 3.716638804997393630e-02
8.796459430051420392e-02 1.805634278975125073e-01
1.005309649148733858e-01 8.528024653890588225e-02
1.130973355292325677e-01 1.222259811065988244e-01
1.256637061435917357e-01 4.318716115461956884e-02
1.382300767579508760e-01 1.828575512968864669e-01
1.507964473723100718e-01 2.759638747807817705e-01
1.633628179866692676e-01 5.759737571096454345e-02
1.759291886010284078e-01 1.485240635021762567e-01
1.884955592153875759e-01 2.128402232404697503e-01
2.010619298297467716e-01 2.756569981630475064e-01
2.136283004441059397e-01 1.113804808910547339e-01
2.261946710584651354e-01 2.636959074047058316e-01
2.387610416728242757e-01 4.053196280868365808e-01
2.513274122871834715e-01 2.461221313316155623e-01
2.638937829015426395e-01 3.304502147504969622e-01
2.764601535159017520e-01 1.777591165765821102e-01
2.890265241302609756e-01 2.802655873404298892e-01
3.015928947446201436e-01 3.296608255960487566e-01
3.141592653589793116e-01 3.950986205590218403e-01
3.267256359733385351e-01 4.604102114158207248e-01
3.392920065876976476e-01 4.191387290763587403e-01
3.518583772020568157e-01 4.220923797079002004e-01
3.644247478164160392e-01 4.179096644335958954e-01
3.769911184307751517e-01 3.375662193337149453e-01
3.895574890451343197e-01 4.341823685628889429e-01
4.021238596594935433e-01 4.963317477468122685e-01
4.146902302738527113e-01 3.534510750664753287e-01
4.272566008882118793e-01 3.208146031744787408e-01
4.398229715025711029e-01 2.891355227003071238e-01
4.523893421169302709e-01 4.925325014405473323e-01
4.649557127312893834e-01 3.705787660007785478e-01
4.775220833456485514e-01 5.575065719290600574e-01
4.900884539600077194e-01 3.593680406542792971e-01
5.026548245743669430e-01 4.933940526625408829e-01
5.152211951887261110e-01 4.453038646473833628e-01
5.277875658030852790e-01 4.893344539957705241e-01
5.403539364174444470e-01 5.587196550990335409e-01
5.529203070318035040e-01 5.387615454910947843e-01
5.654866776461627831e-01 5.941282071212948823e-01
5.780530482605219511e-01 4.800539058924570557e-01
5.906194188748811191e-01 5.276135874523272262e-01
6.031857894892402872e-01 7.058448514953329367e-01
6.157521601035994552e-01 6.123193192659325268e-01
6.283185307179586232e-01 5.724694609987787119e-01
6.408849013323177912e-01 7.340469518120273928e-01
6.534512719466770703e-01 8.236059616730785349e-01
6.660176425610361273e-01 7.298766631630991819e-01
6.785840131753952953e-01 7.310557641884861679e-01
6.911503837897544633e-01 6.775495719633086722e-01
7.037167544041136313e-01 7.559031107110639747e-01
7.162831250184729104e-01 7.300997641420862161e-01
7.288494956328320784e-01 5.897154457517025383e-01
7.414158662471912464e-01 4.384892203805701438e-01
7.539822368615503034e-01 7.191966572741110841e-01
7.665486074759094715e-01 6.177540844500872819e-01
7.791149780902686395e-01 7.719063464324081858e-01
7.916813487046279185e-01 7.642749858368578231e-01
8.042477193189870865e-01 7.061578308024303308e-01
8.168140899333462546e-01 6.177663440682067408e-01
8.293804605477054226e-01 8.451426681768841043e-01
8.419468311620645906e-01 8.013790638219574491e-01
8.545132017764237586e-01 6.716085786813837943e-01
8.670795723907829267e-01 6.688341179605219455e-01
8.796459430051422057e-01 8.389091453718274805e-01
8.922123136195013737e-01 6.247037571067671768e-01
9.047786842338605418e-01 6.125767826297877638e-01
9.173450548482194877e-01 8.772042618379397583e-01
9.299114254625787668e-01 8.531419613836266347e-01
9.424777960769379348e-01 7.831585166928690667e-01
9.550441666912971028e-01 6.078835655456443776e-01
9.676105373056562708e-01 8.476196660207354627e-01
9.801769079200154389e-01 9.101637879455395375e-01
9.927432785343746069e-01 1.117829131351869121e+00
1.005309649148733886e+00 9.522545131177904132e-01
1.017876019763092943e+00 7.274381501342117584e-01
1.030442390377452222e+00 8.658288478155621304e-01
1.043008760991811279e+00 8.609481699616442496e-01
1.055575131606170558e+00 7.876601713984727748e-01
1.068141502220529837e+00 9.092328759896017853e-01
1.080707872834888894e+00 7.580263534232528633e-01
1.093274243449248173e+00 1.030806023078360889e+00
1.105840614063607008e+00 8.541893072722384073e-01
1.118406984677966287e+00 1.005809598454096010e+00
1.130973355292325566e+00 8.952734356006560867e-01
1.143539725906684623e+00 9.338509372570925615e-01
1.156106096521043902e+00 7.296254332387760444e-01
1.168672467135402959e+00 8.644687615231213540e-01
1.181238837749762238e+00 1.037643323637806869e+00
1.193805208364121295e+00 9.728318608742643203e-01
1.206371578978480574e+00 8.864096887905688060e-01
1.218937949592839853e+00 8.096131480124761914e-01
1.231504320207198910e+00 1.011023849856398815e+00
1.244070690821558189e+00 9.642953567330392328e-01
1.256637061435917246e+00 9.252952665906533092e-01
1.269203432050276525e+00 9.955809483335100740e-01
1.281769802664635582e+00 9.567973444131454563e-01
1.294336173278994861e+00 8.903653744002527626e-01
1.306902543893354141e+00 8.869257514286118527e-01
1.319468914507712975e+00 9.905515522352483782e-01
1.332035285122072255e+00 1.047571607653088988e+00
1.344601655736431534e+00 1.087248927329300452e+00
1.357168026350790591e+00 9.240892074507288667e-01
1.369734396965149870e+00 9.364877043610914109e-01
1.382300767579508927e+00 8.571478766739289989e-01
1.394867138193868206e+00 9.463914479365598265e-01
1.407433508808227263e+00 1.128369305967575675e+00
1.419999879422586542e+00 1.045075764652242389e+00
1.432566250036945821e+00 8.959497985733035907e-01
1.445132620651304878e+00 1.084605476070300778e+00
1.457698991265664157e+00 9.965199710157945923e-01
1.470265361880023214e+00 9.557190236034464048e-01
1.482831732494382493e+00 8.884094293309415802e-01
1.495398103108741550e+00 7.870351867782735544e-01
1.507964473723100607e+00 9.065923748161975881e-01
1.520530844337459886e+00 9.932905602255068800e-01
1.533097214951818943e+00 1.104877630438888536e+00
1.545663585566178222e+00 9.583005067641917618e-01
1.558229956180537279e+00 9.826152351294376031e-01
1.570796326794896558e+00 9.841255286225909504e-01
1.583362697409255837e+00 1.196196504546026995e+00
1.595929068023614894e+00 9.686268565840007172e-01
1.608495438637974173e+00 9.209494796113769643e-01
1.621061809252333230e+00 1.005154219814477834e+00
1.633628179866692509e+00 1.034087863762847892e+00
1.646194550481051566e+00 9.257827259597205538e-01
1.658760921095410845e+00 1.183733207673869581e+00
1.671327291709770124e+00 8.928530008537909346e-01
1.683893662324129181e+00 9.146350153592464061e-01
1.696460032938488460e+00 1.103245366596474764e+00
1.709026403552847517e+00 1.002063154527858879e+00
1.721592774167206796e+00 1.009290422113990893e+00
1.734159144781565853e+00 9.883833612451922157e-01
1.746725515395925132e+00 8.953538299640632081e-01
1.759291886010284411e+00 8.622030350757861061e-01
1.771858256624643468e+00 1.032250743237121515e+00
1.784424627239002747e+00 1.025146775728129844e+00
1.796990997853361804e+00 1.040247293926613414e+00
1.809557368467721084e+00 9.949634983732120741e-01
1.822123739082079918e+00 8.829796718920599474e-01
1.834690109696438975e+00 8.204800918131056608e-01
1.847256480310798255e+00 1.009780409382924793e+00
1.859822850925157534e+00 1.111464315581406570e+00
1.872389221539516591e+00 1.102140512941881312e+00
1.884955592153875870e+00 8.437698296817436328e-01
1.897521962768234927e+00 8.500141106002935265e-01
1.910088333382594206e+00 9.302804898758405550e-01
1.922654703996953263e+00 8.408459803452064119e-01
1.935221074611312542e+00 9.117389257601453689e-01
1.947787445225671821e+00 9.312864165197076716e-01
1.960353815840030878e+00 8.418664213094131377e-01
1.972920186454390157e+00 8.947712606613844599e-01
1.985486557068749214e+00 1.022504144653888503e+00
1.998052927683108493e+00 9.295344958215348008e-01
2.010619298297467772e+00 8.648898331453563904e-01
2.023185668911826607e+00 9.032780884510952513e-01
2.035752039526185886e+00 8.189069216611493118e-01
2.048318410140545165e+00 8.250787926757818802e-01
2.060884780754904444e+00 1.125407929711732535e+00
2.073451151369263723e+00 8.723543628146419593e-01
2.086017521983622558e+00 8.195296118277769493e-01
2.098583892597981837e+00 7.319827786899889555e-01
2.111150263212341116e+00 8.514997907078403205e-01
2.123716633826700395e+00 1.051945109616018392e+00
2.136283004441059674e+00 8.856574134002259679e-01
2.148849375055418509e+00 8.707227857131601967e-01
2.161415745669777788e+00 6.557750379002139640e-01
2.173982116284137067e+00 7.913383848099210249e-01
2.186548486898496346e+00 8.956051730549954293e-01
2.199114857512855181e+00 8.972873203432312206e-01
2.211681228127214016e+00 6.935885755656850948e-01
2.224247598741573295e+00 8.516515415402631239e-01
2.236813969355932574e+00 7.815620018235364119e-01
2.249380339970291853e+00 5.844492568343817585e-01
2.261946710584651132e+00 9.372778231564566909e-01
2.274513081199009967e+00 5.873904329335191132e-01
2.287079451813369246e+00 7.625866087054340436e-01
2.299645822427728525e+00 7.216055853881281346e-01
2.312212193042087804e+00 7.981999164057590468e-01
2.324778563656447083e+00 7.248819240808137554e-01
2.337344934270805918e+00 7.637460741670732967e-01
2.349911304885165197e+00 7.298743314807580873e-01
2.362477675499524477e+00 7.209104057654217579e-01
2.375044046113883756e+00 6.006401749258969414e-01
2.387610416728242591e+00 6.167694661057412375e-01
2.400176787342601870e+00 6.910268586516082889e-01
2.412743157956961149e+00 5.942161982783885632e-01
2.425309528571320428e+00 5.675109837407339430e-01
2.437875899185679707e+00 7.392812703815251352e-01
2.450442269800038542e+00 7.771900547698884498e-01
2.463008640414397821e+00 7.529471868461519168e-01
2.475575011028757100e+00 6.307579629083274186e-01
2.488141381643116379e+00 7.185413299337101156e-01
2.500707752257475658e+00 6.036978412908053926e-01
2.513274122871834493e+00 5.010371705325062930e-01
2.525840493486193772e+00 3.698026539101953447e-01
2.538406864100553051e+00 4.317359529799451590e-01
2.550973234714912330e+00 7.073329654655257093e-01
2.563539605329271165e+00 5.119554506732391097e-01
2.576105975943630444e+00 6.223543547264178688e-01
2.588672346557989723e+00 4.965587480860146341e-01
2.601238717172349002e+00 5.543698534398235900e-01
2.613805087786708281e+00 4.775376532628721193e-01
2.626371458401067116e+00 3.809784222683783028e-01
2.638937829015425951e+00 6.204898925423861789e-01
2.651504199629785230e+00 4.033889728621045667e-01
2.664070570244144509e+00 3.816597815706316288e-01
2.676636940858503788e+00 4.298632504736851767e-01
2.689203311472863067e+00 5.316126761518952248e-01
2.701769682087221902e+00 4.466108924565245220e-01
2.714336052701581181e+00 3.455048859843312115e-01
2.726902423315940460e+00 4.568073895205699286e-01
2.739468793930299739e+00 3.581427231351367868e-01
2.752035164544658574e+00 5.541629370648479824e-01
2.764601535159017853e+00 3.491196355891975078e-01
2.777167905773377132e+00 3.304832836612741076e-01
2.789734276387736411e+00 3.531871698126503034e-01
2.802300647002095690e+00 3.719377175941995239e-01
2.814867017616454525e+00 2.924604793099870315e-01
2.827433388230813804e+00 4.169387889814455406e-01
2.839999758845173083e+00 1.982768633295400873e-01
2.852566129459532362e+00 2.222649069332734983e-01
2.865132500073891642e+00 1.749068369110767240e-01
2.877698870688250476e+00 1.747942266495803587e-01
2.890265241302609756e+00 3.029188945582389492e-01
2.902831611916969035e+00 1.195002023228659838e-01
2.915397982531328314e+00 4.261534404707533197e-01
2.927964353145687149e+00 2.710781966089098605e-01
2.940530723760046428e+00 1.952301281482984874e-01
2.953097094374405707e+00 2.809687553862991183e-01
2.965663464988764986e+00 2.400344746331424806e-01
2.978229835603124265e+00 2.676775243638508384e-01
2.990796206217483100e+00 7.127784488833742438e-02
3.003362576831842379e+00 4.515662007144687073e-02
3.015928947446201214e+00 -6.199980810377256346e-02
3.028495318060560493e+00 4.250448408007843903e-02
3.041061688674919772e+00 1.740538099227082192e-01
3.053628059289279051e+00 -4.242461986758637449e-02
3.066194429903637886e+00 9.772279402723282882e-02
3.078760800517997165e+00 -1.015435378082912288e-01
3.091327171132356444e+00 6.638508336850532099e-02
3.103893541746715723e+00 1.275812233527645889e-01
3.116459912361074558e+00 -6.078748847011945788e-02
3.129026282975433837e+00 -5.649532161489968785e-02
3.141592653589793116e+00 5.566150549762925726e-02
3.154159024204152395e+00 -7.656361186309110223e-02
3.166725394818511674e+00 5.993023031839281312e-02
3.179291765432870509e+00 -1.067652506707713750e-01
3.191858136047229788e+00 -1.564728782702453636e-01
3.204424506661589067e+00 1.141566193440634452e-01
3.216990877275948346e+00 -2.654491790214720814e-01
3.229557247890307181e+00 -2.681368751750800583e-01
3.242123618504666460e+00 -1.056871967265925749e-01
3.254689989119025739e+00 -2.990595944538534390e-01
3.267256359733385018e+00 -2.673344312870957751e-01
3.279822730347744297e+00 -1.589916042548330244e-01
3.292389100962103132e+00 -2.822841980933019634e-01
3.304955471576462411e+00 -1.820976237265886089e-01
3.317521842190821690e+00 -4.901617002440508686e-02
3.330088212805180969e+00 -1.313236556657490506e-01
3.342654583419540248e+00 -1.100440557940269154e-01
3.355220954033899083e+00 -9.380110900397460594e-02
3.367787324648258362e+00 -3.253186017179103273e-01
3.380353695262617642e+00 -3.864572329206453771e-01
3.392920065876976921e+00 -3.185388823243475165e-01
3.405486436491335756e+00 -4.379540183184729707e-01
3.418052807105695035e+00 -2.833733799747871207e-01
3.430619177720054314e+00 -2.142214319625818653e-01
3.443185548334413593e+00 -1.929098827330075483e-01
3.455751918948772872e+00 -4.127574889886479470e-01
3.468318289563131707e+00 -1.287391450838030194e-01
3.480884660177490986e+00 -3.095820631167124914e-01
3.493451030791850265e+00 -2.501577575574394641e-01
3.506017401406209544e+00 -1.767212688674238974e-01
3.518583772020568823e+00 -3.304254339156702525e-01
3.531150142634927658e+00 -4.731814587643559111e-01
3.543716513249286937e+00 -6.459684059873511686e-01
3.556282883863646216e+00 -3.908809205969048794e-01
3.568849254478005495e+00 -3.410360629272058963e-01
3.581415625092364330e+00 -2.914138411180496879e-01
3.593981995706723609e+00 -4.704074615810898696e-01
3.606548366321082888e+00 -2.909436828447828916e-01
3.619114736935442167e+00 -4.836026771780168598e-01
3.631681107549800558e+00 -4.566461497574810791e-01
3.644247478164159837e+00 -4.920851287391854179e-01
3.656813848778519116e+00 -4.730410563119317735e-01
3.669380219392877951e+00 -4.214417421650949458e-01
3.681946590007237230e+00 -5.859798717248050348e-01
3.694512960621596509e+00 -4.082234555007248078e-01
3.707079331235955788e+00 -4.372876587661529979e-01
3.719645701850315067e+00 -7.516502020083263291e-01
3.732212072464673902e+00 -2.970805969676352798e-01
3.744778443079033181e+00 -5.350462143727919839e-01
3.757344813693392460e+00 -4.350716420957559394e-01
3.769911184307751739e+00 -5.715754424404401179e-01
3.782477554922110574e+00 -6.440557617492689291e-01
3.795043925536469853e+00 -6.274043406693983194e-01
3.807610296150829132e+00 -6.470905389592617185e-01
3.820176666765188411e+00 -6.573327579259863329e-01
3.832743037379547690e+00 -6.351969273885164080e-01
3.845309407993906525e+00 -5.215236990184518584e-01
3.857875778608265804e+00 -4.170944664824608461e-01
3.870442149222625083e+00 -5.756257803025744968e-01
3.883008519836984362e+00 -5.601234866665293355e-01
3.895574890451343641e+00 -7.018841591944714464e-01
3.908141261065702476e+00 -7.943300625247676772e-01
3.920707631680061755e+00 -7.357448007221759623e-01
3.933274002294421035e+00 -6.587581667618589432e-01
3.945840372908780314e+00 -7.395655767171028794e-01
3.958406743523139149e+00 -8.108236875570098423e-01
3.970973114137498428e+00 -7.228354688168469044e-01
3.983539484751857707e+00 -6.147628209331278404e-01
3.996105855366216986e+00 -7.961221190422419491e-01
4.008672225980576265e+00 -6.796652053558357442e-01
4.021238596594935544e+00 -8.319325141815132607e-01
4.033804967209294823e+00 -6.799742008964756446e-01
4.046371337823653214e+00 -9.389401828829628815e-01
4.058937708438012493e+00 -7.135579459157586069e-01
4.071504079052371772e+00 -8.023878066733834968e-01
4.084070449666731051e+00 -8.991212224671086828e-01
4.096636820281090330e+00 -7.006455473906785247e-01
4.109203190895449609e+00 -8.599567512657938506e-01
4.121769561509808888e+00 -7.704511162141275404e-01
4.134335932124168167e+00 -8.244252135844269969e-01
4.146902302738527446e+00 -8.957620898383740204e-01
4.159468673352886725e+00 -7.326179258469386335e-01
4.172035043967245116e+00 -7.075439030412550290e-01
4.184601414581604395e+00 -7.814296904688060597e-01
4.197167785195963674e+00 -9.123606695305782610e-01
4.209734155810322953e+00 -8.747660602107771854e-01
4.222300526424682232e+00 -8.206303035498732079e-01
4.234866897039041511e+00 -9.245020215613697356e-01
4.247433267653400790e+00 -8.346987393070818273e-01
4.259999638267760069e+00 -9.325020253263335279e-01
4.272566008882119348e+00 -8.939486780251365561e-01
4.285132379496477739e+00 -9.087512561738326777e-01
4.297698750110837018e+00 -1.112965251506550901e+00
4.310265120725196297e+00 -9.653485962170271772e-01
4.322831491339555576e+00 -8.863636077187028173e-01
4.335397861953914855e+00 -7.793320705754254174e-01
4.347964232568274134e+00 -1.005570483457930209e+00
4.360530603182633413e+00 -8.936069623423779085e-01
4.373096973796992692e+00 -8.313388929181055875e-01
4.385663344411351972e+00 -9.332725811628980184e-01
4.398229715025710362e+00 -9.960795434968426898e-01
4.410796085640069641e+00 -8.594906836901784475e-01
4.423362456254428032e+00 -1.007760655078396850e+00
4.435928826868787311e+00 -9.452887833404730600e-01
4.448495197483146590e+00 -1.043374053953354252e+00
4.461061568097505869e+00 -9.198003462942060393e-01
4.473627938711865148e+00 -8.722863226595316544e-01
4.486194309326224428e+00 -7.869541153391574895e-01
4.498760679940583707e+00 -7.730752374836378227e-01
4.511327050554942986e+00 -1.008503901434668837e+00
4.523893421169302265e+00 -1.046319505230908442e+00
4.536459791783661544e+00 -9.059978568496241946e-01
4.549026162398019935e+00 -1.073422736614501272e+00
4.561592533012379214e+00 -9.725123798727008939e-01
4.574158903626738493e+00 -1.148418314363180981e+00
4.586725274241097772e+00 -1.174058752969217245e+00
4.599291644855457051e+00 -1.118437354121232241e+00
4.611858015469816330e+00 -1.017951730116621878e+00
4.624424386084175609e+00 -9.546287191432204500e-01
4.636990756698534888e+00 -1.137618817503084800e+00
4.649557127312894167e+00 -8.958619698901557626e-01
4.662123497927252558e+00 -1.002267460703300861e+00
4.674689868541611837e+00 -9.199381845840743921e-01
4.687256239155971116e+00 -9.897925049258337049e-01
4.699822609770330395e+00 -8.587359848086811853e-01
4.712388980384689674e+00 -9.916787833032375543e-01
4.724955350999048953e+00 -9.115693154733388592e-01
4.737521721613408232e+00 -8.645616837416854050e-01
4.750088092227767511e+00 -9.491425902761205791e-01
4.762654462842126790e+00 -1.052996480065766294e+00
4.775220833456485181e+00 -1.001326441325740557e+00
4.787787204070844460e+00 -8.411176636831357856e-01
4.800353574685203739e+00 -1.110457296874149957e+00
4.812919945299563018e+00 -1.129426773459572653e+00
4.825486315913922297e+00 -9.250697922755644065e-01
4.838052686528281576e+00 -9.245012070752947064e-01
4.850619057142640855e+00 -7.929658449666929787e-01
4.863185427757000134e+00 -9.255352968032058980e-01
4.875751798371359413e+00 -1.121602014293209049e+00
4.888318168985717804e+00 -1.062088261042597459e+00
4.900884539600077083e+00 -9.814574293375379899e-01
4.913450910214436362e+00 -9.958372147643360650e-01
4.926017280828795641e+00 -9.376827379942258567e-01
4.938583651443154920e+00 -9.170157797360674046e-01
4.951150022057514200e+00 -1.009521372086047197e+00
4.963716392671873479e+00 -9.899464090559156881e-01
4.976282763286232758e+00 -1.050667703845888701e+00
4.988849133900592037e+00 -9.052184310242671339e-01
5.001415504514951316e+00 -1.020954505006553381e+00
5.013981875129309707e+00 -9.631159796381812965e-01
5.026548245743668986e+00 -1.031359158717807478e+00
5.039114616358028265e+00 -8.397668829063471563e-01
5.051680986972387544e+00 -9.523065844406409797e-01
5.064247357586746823e+00 -8.673362459029139160e-01
5.076813728201106102e+00 -1.041409994464056687e+00
5.089380098815465381e+00 -8.335413368605607554e-01
5.101946469429824660e+00 -6.613633695824183700e-01
5.114512840044183939e+00 -7.601848792550519596e-01
5.127079210658542330e+00 -9.024266221389639631e-01
5.139645581272901609e+00 -8.753158696291676311e-01
5.152211951887260888e+00 -8.852407691472765627e-01
5.164778322501620167e+00 -9.392869619675127124e-01
5.177344693115979446e+00 -1.075682058073113012e+00
5.189911063730338725e+00 -7.641512684553041224e-01
5.202477434344698004e+00 -7.766447871568732397e-01
5.215043804959057283e+00 -9.315882101239680857e-01
5.227610175573416562e+00 -8.286456988730188655e-01
5.240176546187774953e+00 -8.888308974790555261e-01
5.252742916802134232e+00 -7.531429554287314421e-01
5.265309287416492623e+00 -9.098306232948084604e-01
5.277875658030851902e+00 -7.739830297819307869e-01
5.290442028645211181e+00 -7.853599565681852468e-01
5.303008399259570460e+00 -7.938905433105970522e-01
5.315574769873929739e+00 -7.022347152687218319e-01
5.328141140488289018e+00 -7.153392922481129901e-01
5.340707511102648297e+00 -8.505932055065944519e-01
5.353273881717007576e+00 -6.641905263075372767e-01
5.365840252331366855e+00 -7.729180437064531173e-01
5.378406622945726134e+00 -8.821955509331829148e-01
5.390972993560084525e+00 -8.478617403343263748e-01
5.403539364174443804e+00 -8.219643138036617502e-01
5.416105734788803083e+00 -6.685576925577431107e-01
5.428672105403162362e+00 -7.963622453942668100e-01
5.441238476017521641e+00 -7.403258860055568213e-01
5.453804846631880920e+00 -7.368738834190343701e-01
5.466371217246240199e+00 -5.497572991702071032e-01
5.478937587860599479e+00 -7.667955137598173598e-01
5.491503958474958758e+00 -7.435113767777256077e-01
5.504070329089317148e+00 -6.468860080344851493e-01
5.516636699703676427e+00 -7.212116975561400078e-01
5.529203070318035707e+00 -6.264749150755275497e-01
5.541769440932394986e+00 -8.992355501542269591e-01
5.554335811546754265e+00 -6.945850298921206756e-01
5.566902182161113544e+00 -5.473637576382825998e-01
5.579468552775472823e+00 -5.353651330122553009e-01
5.592034923389832102e+00 -6.465147217097871879e-01
5.604601294004191381e+00 -6.708127930007246054e-01
5.617167664618549772e+00 -4.455793769259908665e-01
5.629734035232909051e+00 -6.398533698749009346e-01
5.642300405847268330e+00 -4.214154383268998716e-01
5.654866776461627609e+00 -5.768492255909822841e-01
5.667433147075986888e+00 -6.446547283444475918e-01
5.679999517690346167e+00 -6.161257506256698768e-01
5.692565888304705446e+00 -5.846564544732807400e-01
5.705132258919064725e+00 -5.009996724262805179e-01
5.717698629533424004e+00 -4.961470481880169148e-01
5.730265000147783283e+00 -4.294867918880421742e-01
5.742831370762141674e+00 -4.565918564270232682e-01
5.755397741376500953e+00 -6.001524209862856285e-01
5.767964111990860232e+00 -4.679819427500238604e-01
5.780530482605219511e+00 -3.771884446395414869e-01
5.793096853219578790e+00 -5.261517105987075782e-01
5.805663223833938069e+00 -3.255293307864686181e-01
5.818229594448297348e+00 -4.396065669085270633e-01
5.830795965062656627e+00 -3.375263195025647867e-01
5.843362335677015906e+00 -5.475639611025933107e-01
5.855928706291374297e+00 -4.936349612612055959e-01
5.868495076905733576e+00 -4.744105846204019761e-01
5.881061447520092855e+00 -2.509089956838606028e-01
5.893627818134452134e+00 -2.349976266531070279e-01
5.906194188748811413e+00 -1.686177388297462332e-01
5.918760559363170692e+00 -2.737285994910317877e-01
5.931326929977529971e+00 -3.902755091994485337e-01
5.943893300591889250e+00 -3.925580398870045506e-01
5.956459671206248530e+00 -3.071562512481342822e-01
5.969026041820606920e+00 -3.627441286519991204e-01
5.981592412434966199e+00 -2.931572854840776010e-01
5.994158783049325478e+00 -2.683716274694336046e-01
6.006725153663684758e+00 -2.522610226568760550e-01
6.019291524278044037e+00 -2.239929502119547833e-01
6.031857894892402427e+00 -4.237977467438461265e-01
6.044424265506761706e+00 -4.271871980112795786e-01
6.056990636121120986e+00 -1.221277962607044826e-01
6.069557006735480265e+00 -1.054108381918750503e-01
6.082123377349839544e+00 -7.158106011713025185e-02
6.094689747964198823e+00 -5.739342800137903211e-02
6.107256118578558102e+00 -1.793164093775034551e-01
6.119822489192916493e+00 -3.545456253571465099e-01
6.132388859807275772e+00 -7.361640994705340169e-02
6.144955230421635051e+00 -2.339477174379474278e-01
6.157521601035994330e+00 -1.060019120449440799e-01
6.170087971650353609e+00 -7.672355463634841777e-02
6.182654342264712888e+00 3.698866006761419856e-02
6.195220712879072167e+00 -9.258555700807574729e-02
6.207787083493431446e+00 -2.243162707544681111e-01
6.220353454107790725e+00 -8.640710584640386160e-02
6.232919824722149116e+00 -1.672865544303126506e-01
6.245486195336508395e+00 -9.559942270737238623e-02
6.258052565950867674e+00 5.798103127878635743e-02
6.270618936565226953e+00 -9.196986138671413291e-02
