0.000000000000000000e+00 -1.492299324356353707e-01
1.256637061435917323e-02 -1.105634281911909433e-01
2.513274122871834645e-02 2.231565592792679464e-02
3.769911184307751795e-02 -2.091583726487384470e-02
5.026548245743669291e-02 5.771517638117625026e-02
6.283185307179586787e-02 5.743047614291559716e-02
7.539822368615503589e-02 2.261678107166155416e-01
8.796459430051420392e-02 6.436111613658827835e-02
1.005309649148733858e-01 9.366193938749786674e-02
1.130973355292325677e-01 7.868848479880100055e-02
1.256637061435917357e-01 1.105282206439930082e-01
1.382300767579508760e-01 1.055662190539188583e-01
1.507964473723100718e-01 1.880742337429034405e-01
1.633628179866692676e-01 2.809029948246236086e-01
1.759291886010284078e-01 1.201064127646712942e-01
1.884955592153875759e-01 2.386853651940794574e-01
2.010619298297467716e-01 1.245990855429750938e-01
2.136283004441059397e-01 1.392923618180646472e-01
2.261946710584651354e-01 1.590299861795358427e-01
2.387610416728242757e-01 1.778406069104601916e-01
2.513274122871834715e-01 6.761983261090201425e-02
2.638937829015426395e-01 3.110679699371471374e-01
2.764601535159017520e-01 1.972529937028825175e-01
2.890265241302609756e-01 3.695185238099371050e-01
3.015928947446201436e-01 2.854475185103727553e-01
3.141592653589793116e-01 2.968701157541165925e-01
3.267256359733385351e-01 2.670763349570207112e-01
3.392920065876976476e-01 2.877725915829472680e-01
3.518583772020568157e-01 1.483984409638734459e-01
3.644247478164160392e-01 4.195543016655751134e-01
3.769911184307751517e-01 3.020809288476287713e-01
3.895574890451343197e-01 4.650487148393791514e-01
4.021238596594935433e-01 3.379921230618971317e-01
4.146902302738527113e-01 3.562741653966118860e-01
4.272566008882118793e-01 3.047139297838115657e-01
4.398229715025711029e-01 4.694068073643684058e-01
4.523893421169302709e-01 6.384719177099684728e-01
4.649557127312893834e-01 5.978119729753904599e-01
4.775220833456485514e-01 6.560244759911071366e-01
4.900884539600077194e-01 5.176734463359280447e-01
5.026548245743669430e-01 4.251721810808305468e-01
5.152211951887261110e-01 6.666684418731751993e-01
5.277875658030852790e-01 5.257248143564825504e-01
5.403539364174444470e-01 6.618100294324689159e-01
5.529203070318035040e-01 4.891796435767538642e-01
5.654866776461627831e-01 5.288097177835866525e-01
5.780530482605219511e-01 7.187004370891743044e-01
5.906194188748811191e-01 4.778025595258429403e-01
6.031857894892402872e-01 7.254547287603956285e-01
6.157521601035994552e-01 5.202271882472039310e-01
6.283185307179586232e-01 4.756354144270224515e-01
6.408849013323177912e-01 5.460509128453100436e-01
6.534512719466770703e-01 5.071867950173174489e-01
6.660176425610361273e-01 7.428617644175401491e-01
6.785840131753952953e-01 5.255653299997928851e-01
6.911503837897544633e-01 6.953481994683762268e-01
7.037167544041136313e-01 7.342598673734685999e-01
7.162831250184729104e-01 6.602482907951554569e-01
7.288494956328320784e-01 8.524504135581414399e-01
7.414158662471912464e-01 5.716130272628274778e-01
7.539822368615503034e-01 6.509011185669429933e-01
7.665486074759094715e-01 6.759251073569650936e-01
7.791149780902686395e-01 8.681618379660326346e-01
7.916813487046279185e-01 9.285752087396456078e-01
8.042477193189870865e-01 7.554142583097740449e-01
8.168140899333462546e-01 5.713885506176040741e-01
8.293804605477054226e-01 6.832916411929584877e-01
8.419468311620645906e-01 7.966173853039811847e-01
8.545132017764237586e-01 8.229376457167464354e-01
8.670795723907829267e-01 8.879153645043157406e-01
8.796459430051422057e-01 8.365232365205179654e-01
8.922123136195013737e-01 9.280381959408112724e-01
9.047786842338605418e-01 7.056041411822030485e-01
9.173450548482194877e-01 6.847092706584068100e-01
9.299114254625787668e-01 8.265640828791781525e-01
9.424777960769379348e-01 8.719162562815894191e-01
9.550441666912971028e-01 8.407352028555258316e-01
9.676105373056562708e-01 8.780335167552548725e-01
9.801769079200154389e-01 7.444800644260256561e-01
9.927432785343746069e-01 8.435721957785092817e-01
1.005309649148733886e+00 9.338003248149662205e-01
1.017876019763092943e+00 8.236117551849080343e-01
1.030442390377452222e+00 9.770478720016393392e-01
1.043008760991811279e+00 9.462093509950466608e-01
1.055575131606170558e+00 6.028595999146153517e-01
1.068141502220529837e+00 7.888521078811970844e-01
1.080707872834888894e+00 1.036862336732572887e+00
1.093274243449248173e+00 7.759855712483529899e-01
1.105840614063607008e+00 9.256505264447001391e-01
1.118406984677966287e+00 9.399797899035660098e-01
1.130973355292325566e+00 1.038175528528290092e+00
1.143539725906684623e+00 8.209102422744010141e-01
1.156106096521043902e+00 8.651659281465838847e-01
1.168672467135402959e+00 8.636686712899742657e-01
1.181238837749762238e+00 9.740396347070576777e-01
1.193805208364121295e+00 9.897137886700813070e-01
1.206371578978480574e+00 8.971730543153749737e-01
1.218937949592839853e+00 1.040000768586511359e+00
1.231504320207198910e+00 1.009520374662342235e+00
1.244070690821558189e+00 7.907593649568370742e-01
1.256637061435917246e+00 8.469682919164591706e-01
1.269203432050276525e+00 1.005681375628793894e+00
1.281769802664635582e+00 8.024927477269235832e-01
1.294336173278994861e+00 1.101925468265054331e+00
1.306902543893354141e+00 8.868471908132166126e-01
1.319468914507712975e+00 9.938088771760270612e-01
1.332035285122072255e+00 9.093843123292040254e-01
1.344601655736431534e+00 9.308340917476268794e-01
1.357168026350790591e+00 9.928918103531255701e-01
1.369734396965149870e+00 9.951677671623306853e-01
1.382300767579508927e+00 9.732036675258431968e-01
1.394867138193868206e+00 1.109556397962476293e+00
1.407433508808227263e+00 1.010563524456513207e+00
1.419999879422586542e+00 9.154360888411311459e-01
1.432566250036945821e+00 1.047397337766632353e+00
1.445132620651304878e+00 9.947479338104658897e-01
1.457698991265664157e+00 9.464587246454310154e-01
1.470265361880023214e+00 8.907187793457964631e-01
1.482831732494382493e+00 1.109206262893820849e+00
1.495398103108741550e+00 1.080270523463082721e+00
1.507964473723100607e+00 9.407725919865038700e-01
1.520530844337459886e+00 9.779659952324685213e-01
1.533097214951818943e+00 9.730076666954785569e-01
1.545663585566178222e+00 1.196368872443242193e+00
1.558229956180537279e+00 9.865801178842339425e-01
1.570796326794896558e+00 1.131604837542187436e+00
1.583362697409255837e+00 9.753400254493866939e-01
1.595929068023614894e+00 1.070657180140502041e+00
1.608495438637974173e+00 1.045524937443755187e+00
1.621061809252333230e+00 1.068507344338367249e+00
1.633628179866692509e+00 1.155085567969204696e+00
1.646194550481051566e+00 9.819624985426248509e-01
1.658760921095410845e+00 9.717951756233450533e-01
1.671327291709770124e+00 1.005456888402308957e+00
1.683893662324129181e+00 1.068056761492354401e+00
1.696460032938488460e+00 1.013307743955886853e+00
1.709026403552847517e+00 9.818793503551066504e-01
1.721592774167206796e+00 1.084264945326515406e+00
1.734159144781565853e+00 8.428278692606778755e-01
1.746725515395925132e+00 1.071898550866015709e+00
1.759291886010284411e+00 1.007129738147299225e+00
1.771858256624643468e+00 8.736243659839892928e-01
1.784424627239002747e+00 8.405929271545841130e-01
1.796990997853361804e+00 9.004077332936546441e-01
1.809557368467721084e+00 9.987253061911290919e-01
1.822123739082079918e+00 9.209981988492536020e-01
1.834690109696438975e+00 8.058697960985232722e-01
1.847256480310798255e+00 8.264596176012379836e-01
1.859822850925157534e+00 8.886942519992691025e-01
1.872389221539516591e+00 1.177003152247465767e+00
1.884955592153875870e+00 9.010180737951933860e-01
1.897521962768234927e+00 9.200906475528064510e-01
1.910088333382594206e+00 9.100501248010428590e-01
1.922654703996953263e+00 9.408598859581185359e-01
1.935221074611312542e+00 1.020118188049956354e+00
1.947787445225671821e+00 8.783711027354383916e-01
1.960353815840030878e+00 1.104304593022851222e+00
1.972920186454390157e+00 9.205217569079956474e-01
1.985486557068749214e+00 9.134736608373287270e-01
1.998052927683108493e+00 8.658173097431094423e-01
2.010619298297467772e+00 1.066174149623320799e+00
2.023185668911826607e+00 7.081938040889733665e-01
2.035752039526185886e+00 8.823655322552763636e-01
2.048318410140545165e+00 8.915174910448683265e-01
2.060884780754904444e+00 8.386125574312096598e-01
2.073451151369263723e+00 1.027622058360216917e+00
2.086017521983622558e+00 1.022042173746910976e+00
2.098583892597981837e+00 8.536456667489947803e-01
2.111150263212341116e+00 8.012188304434778585e-01
2.123716633826700395e+00 1.048629811203911633e+00
2.136283004441059674e+00 6.934669085230593666e-01
2.148849375055418509e+00 6.735050075180087914e-01
2.161415745669777788e+00 8.473610873473179650e-01
2.173982116284137067e+00 8.054205991419529642e-01
2.186548486898496346e+00 8.981496077452310045e-01
2.199114857512855181e+00 8.380692433868822677e-01
2.211681228127214016e+00 8.110539724509995274e-01
2.224247598741573295e+00 8.191624687755160172e-01
2.236813969355932574e+00 7.542317949301512447e-01
2.249380339970291853e+00 7.531156004146676297e-01
2.261946710584651132e+00 7.794914982053239294e-01
2.274513081199009967e+00 5.577383546764265176e-01
2.287079451813369246e+00 7.039999529962086555e-01
2.299645822427728525e+00 6.940816139907324267e-01
2.312212193042087804e+00 6.766290238236664090e-01
2.324778563656447083e+00 5.731500881171431860e-01
2.337344934270805918e+00 7.318976299264867702e-01
2.349911304885165197e+00 7.022013166874634393e-01
2.362477675499524477e+00 8.379649604716526978e-01
2.375044046113883756e+00 4.147061299500119369e-01
2.387610416728242591e+00 5.932132934451698203e-01
2.400176787342601870e+00 7.091130232182478732e-01
2.412743157956961149e+00 6.165728957197065263e-01
2.425309528571320428e+00 7.349018450208089082e-01
2.437875899185679707e+00 6.843503104042902851e-01
2.450442269800038542e+00 7.504744541208520081e-01
2.463008640414397821e+00 6.664906708984459360e-01
2.475575011028757100e+00 7.079941496304071880e-01
2.488141381643116379e+00 6.099416713224671271e-01
2.500707752257475658e+00 6.594543718908846275e-01
2.513274122871834493e+00 4.192168637778012075e-01
2.525840493486193772e+00 4.282315595696842836e-01
2.538406864100553051e+00 5.530151478891986994e-01
2.550973234714912330e+00 4.099358479806541888e-01
2.563539605329271165e+00 5.972419000810826883e-01
2.576105975943630444e+00 5.332497510509771610e-01
2.588672346557989723e+00 6.246442408874244290e-01
2.601238717172349002e+00 7.233169417663244394e-01
2.613805087786708281e+00 3.924076205939725503e-01
2.626371458401067116e+00 3.882788064350906621e-01
2.638937829015425951e+00 5.120593619164962584e-01
2.651504199629785230e+00 4.426659931413996496e-01
2.664070570244144509e+00 3.194749558123770594e-01
2.676636940858503788e+00 4.135116758448471042e-01
2.689203311472863067e+00 4.884127080099631146e-01
2.701769682087221902e+00 2.595544537604558277e-01
2.714336052701581181e+00 4.113216268345722404e-01
2.726902423315940460e+00 4.054055070173500086e-01
2.739468793930299739e+00 3.402788332018278350e-01
2.752035164544658574e+00 2.989831596371277378e-01
2.764601535159017853e+00 4.587087237275893625e-01
2.777167905773377132e+00 4.444745009074461128e-01
2.789734276387736411e+00 1.242835741476447931e-01
2.802300647002095690e+00 3.671632764778625657e-01
2.814867017616454525e+00 3.036919371196104001e-01
2.827433388230813804e+00 3.446675620776551430e-01
2.839999758845173083e+00 1.781475918043507467e-01
2.852566129459532362e+00 4.133611138715235223e-01
2.865132500073891642e+00 4.270385608247236342e-01
2.877698870688250476e+00 3.558488038967070888e-01
2.890265241302609756e+00 2.029185916728232786e-01
2.902831611916969035e+00 1.770093114645417964e-01
2.915397982531328314e+00 3.503864466763721430e-01
2.927964353145687149e+00 1.215399928492941761e-01
2.940530723760046428e+00 3.295865613660354798e-01
2.953097094374405707e+00 1.312606206271674514e-01
2.965663464988764986e+00 2.941322641686183736e-01
2.978229835603124265e+00 2.145480684441670172e-01
2.990796206217483100e+00 1.994546184771909259e-01
3.003362576831842379e+00 2.254642796145744921e-01
3.015928947446201214e+00 -4.536497725452171004e-03
3.028495318060560493e+00 5.006598755929560218e-02
3.041061688674919772e+00 1.199762322965092498e-01
3.053628059289279051e+00 2.584689782847249262e-01
3.066194429903637886e+00 -3.370351777256336279e-03
3.078760800517997165e+00 1.500877035483382804e-01
3.091327171132356444e+00 1.598081783603061967e-01
3.103893541746715723e+00 2.250076036564675752e-01
3.116459912361074558e+00 -1.799203546999187178e-02
3.129026282975433837e+00 4.317922655257976083e-02
3.141592653589793116e+00 1.279536389482116010e-01
3.154159024204152395e+00 -1.788376050975077833e-03
3.166725394818511674e+00 2.184978347994779579e-01
3.179291765432870509e+00 3.564312306225608795e-02
3.191858136047229788e+00 -8.968122275184493841e-02
3.204424506661589067e+00 -1.115343110332985693e-01
3.216990877275948346e+00 1.959223418505724734e-02
3.229557247890307181e+00 -1.830939161810171134e-01
3.242123618504666460e+00 -8.124314221593897933e-02
3.254689989119025739e+00 -4.595269771220880650e-02
3.267256359733385018e+00 -2.386887655092717331e-01
3.279822730347744297e+00 -1.939592195153615473e-01
3.292389100962103132e+00 -1.054644225924075279e-01
3.304955471576462411e+00 -2.465414624407003541e-01
3.317521842190821690e+00 -1.809864396261863795e-01
3.330088212805180969e+00 -5.771039562025723213e-02
3.342654583419540248e+00 -2.975198503915816306e-01
3.355220954033899083e+00 -2.035057425853493973e-01
3.367787324648258362e+00 -3.083423780876716758e-01
3.380353695262617642e+00 -2.505192678561469211e-01
3.392920065876976921e+00 -3.766021333769562496e-01
3.405486436491335756e+00 -1.861440373030818218e-01
3.418052807105695035e+00 -4.364436830908940967e-01
3.430619177720054314e+00 -4.315026253302201020e-01
3.443185548334413593e+00 -1.886855734678276608e-01
3.455751918948772872e+00 -2.908813650027456399e-01
3.468318289563131707e+00 -4.526859968203642559e-01
3.480884660177490986e+00 -3.101445685900990346e-01
3.493451030791850265e+00 -4.877476965199579184e-01
3.506017401406209544e+00 -3.703673140505001071e-01
3.518583772020568823e+00 -4.543144049906219228e-01
3.531150142634927658e+00 -4.213133573725192926e-01
3.543716513249286937e+00 -3.411213008386697054e-01
3.556282883863646216e+00 -3.590685804640755263e-01
3.568849254478005495e+00 -2.774052037423144768e-01
3.581415625092364330e+00 -5.180967958570690257e-01
3.593981995706723609e+00 -2.960072241440322993e-01
3.606548366321082888e+00 -4.022553409402216951e-01
3.619114736935442167e+00 -5.224768617656136982e-01
3.631681107549800558e+00 -4.857366548582789378e-01
3.644247478164159837e+00 -4.642173422437324559e-01
3.656813848778519116e+00 -5.274074068223958411e-01
3.669380219392877951e+00 -4.697506769104521362e-01
3.681946590007237230e+00 -5.726257334947455480e-01
3.694512960621596509e+00 -5.435169398411843211e-01
3.707079331235955788e+00 -7.214461205389917087e-01
3.719645701850315067e+00 -4.937743635553240029e-01
3.732212072464673902e+00 -3.965404254594815381e-01
3.744778443079033181e+00 -5.807822500240390484e-01
3.757344813693392460e+00 -6.577097709747583565e-01
3.769911184307751739e+00 -6.431288126707191966e-01
3.782477554922110574e+00 -2.302932066199332439e-01
3.795043925536469853e+00 -6.818870779188558329e-01
3.807610296150829132e+00 -5.224073661129389201e-01
3.820176666765188411e+00 -3.923321266871516166e-01
3.832743037379547690e+00 -6.894059777955579005e-01
3.845309407993906525e+00 -8.211119767055987673e-01
3.857875778608265804e+00 -6.737066970689247203e-01
3.870442149222625083e+00 -7.713142084206475735e-01
3.883008519836984362e+00 -8.775947148454893432e-01
3.895574890451343641e+00 -6.514068407729814991e-01
3.908141261065702476e+00 -8.061690524599858243e-01
3.920707631680061755e+00 -7.359349027872110760e-01
3.933274002294421035e+00 -6.787370980008311516e-01
3.945840372908780314e+00 -8.762226264917638563e-01
3.958406743523139149e+00 -8.282482772664078174e-01
3.970973114137498428e+00 -6.954190518705584134e-01
3.983539484751857707e+00 -7.150864964119807432e-01
3.996105855366216986e+00 -7.078471210995962437e-01
4.008672225980576265e+00 -8.222650650904754777e-01
4.021238596594935544e+00 -8.226140363466126759e-01
4.033804967209294823e+00 -7.758034766744968946e-01
4.046371337823653214e+00 -7.758445355941954169e-01
4.058937708438012493e+00 -8.531897295113302082e-01
4.071504079052371772e+00 -8.240511162479483565e-01
4.084070449666731051e+00 -1.057836043911241974e+00
4.096636820281090330e+00 -6.922632242075779097e-01
4.109203190895449609e+00 -8.086235052654848765e-01
4.121769561509808888e+00 -6.911577321887499847e-01
4.134335932124168167e+00 -9.673264131315063574e-01
4.146902302738527446e+00 -9.418390720828999640e-01
4.159468673352886725e+00 -7.346077882446884200e-01
4.172035043967245116e+00 -7.558659065619969253e-01
4.184601414581604395e+00 -7.198824377379657857e-01
4.197167785195963674e+00 -8.678058150250450575e-01
4.209734155810322953e+00 -9.349031956534655796e-01
4.222300526424682232e+00 -1.021818161812484860e+00
4.234866897039041511e+00 -9.159681663944772012e-01
4.247433267653400790e+00 -9.526880560396427944e-01
4.259999638267760069e+00 -1.004002797241578815e+00
4.272566008882119348e+00 -9.572066498267097767e-01
4.285132379496477739e+00 -9.886229140452025277e-01
4.297698750110837018e+00 -1.092190221063280120e+00
4.310265120725196297e+00 -1.228215771537638057e+00
4.322831491339555576e+00 -1.219335582999532264e+00
4.335397861953914855e+00 -8.393443914495288816e-01
4.347964232568274134e+00 -8.040707875667379989e-01
4.360530603182633413e+00 -9.857552050671170019e-01
4.373096973796992692e+00 -9.258617071239805263e-01
4.385663344411351972e+00 -9.931093881093240316e-01
4.398229715025710362e+00 -9.831632850224145681e-01
4.410796085640069641e+00 -9.661990734504872780e-01
4.423362456254428032e+00 -9.739019177104739633e-01
4.435928826868787311e+00 -9.284261666355941855e-01
4.448495197483146590e+00 -8.978125846669051668e-01
4.461061568097505869e+00 -1.070795591535136593e+00
4.473627938711865148e+00 -9.946330180071214500e-01
4.486194309326224428e+00 -1.027018298768808346e+00
4.498760679940583707e+00 -9.296323518928668594e-01
4.511327050554942986e+00 -1.000361140144874650e+00
4.523893421169302265e+00 -8.219946847906225429e-01
4.536459791783661544e+00 -8.780438752704339267e-01
4.549026162398019935e+00 -9.097861416595933726e-01
4.561592533012379214e+00 -8.964706767583963121e-01
4.574158903626738493e+00 -8.255463894199062125e-01
4.586725274241097772e+00 -1.054397297908493458e+00
4.599291644855457051e+00 -9.572224040152429447e-01
4.611858015469816330e+00 -1.111340276670478522e+00
4.624424386084175609e+00 -1.061082017157562341e+00
4.636990756698534888e+00 -9.569282403622363375e-01
4.649557127312894167e+00 -1.021539139084877368e+00
4.662123497927252558e+00 -9.092214372262917843e-01
4.674689868541611837e+00 -1.004368320066190812e+00
4.687256239155971116e+00 -9.060767918919059305e-01
4.699822609770330395e+00 -9.855426548002859111e-01
4.712388980384689674e+00 -1.162040886421870534e+00
4.724955350999048953e+00 -1.112097042737814290e+00
4.737521721613408232e+00 -6.960783448922444050e-01
4.750088092227767511e+00 -1.016256708159797739e+00
4.762654462842126790e+00 -1.081143291641784465e+00
4.775220833456485181e+00 -1.011154828309167142e+00
4.787787204070844460e+00 -1.070631398856702443e+00
4.800353574685203739e+00 -1.135636463474911206e+00
4.812919945299563018e+00 -9.496294103507063600e-01
4.825486315913922297e+00 -9.078620742291780843e-01
4.838052686528281576e+00 -1.040393046806298960e+00
4.850619057142640855e+00 -1.075199212461510623e+00
4.863185427757000134e+00 -8.866971960009656373e-01
4.875751798371359413e+00 -1.045802985137812779e+00
4.888318168985717804e+00 -1.000425180603510045e+00
4.900884539600077083e+00 -7.307366902681976528e-01
4.913450910214436362e+00 -1.018149218786592813e+00
4.926017280828795641e+00 -1.036749413958433674e+00
4.938583651443154920e+00 -9.993992232917371377e-01
4.951150022057514200e+00 -1.005838895140928502e+00
4.963716392671873479e+00 -1.069114983637977412e+00
4.976282763286232758e+00 -1.031068108296061103e+00
4.988849133900592037e+00 -9.658540794205686675e-01
5.001415504514951316e+00 -1.019433905222820957e+00
5.013981875129309707e+00 -1.054304194770390390e+00
5.026548245743668986e+00 -9.488679497455346779e-01
5.039114616358028265e+00 -1.126105508327044813e+00
5.051680986972387544e+00 -9.227702468153318183e-01
5.064247357586746823e+00 -7.927241057065999019e-01
5.076813728201106102e+00 -9.429871856301090816e-01
5.089380098815465381e+00 -9.370824375235530246e-01
5.101946469429824660e+00 -1.043690358458039924e+00
5.114512840044183939e+00 -8.866723269621469283e-01
5.127079210658542330e+00 -1.163373781665673512e+00
5.139645581272901609e+00 -7.913082862958746855e-01
5.152211951887260888e+00 -8.308114057385052043e-01
5.164778322501620167e+00 -8.836742429862370907e-01
5.177344693115979446e+00 -7.188205284771462811e-01
5.189911063730338725e+00 -8.858896743744449909e-01
5.202477434344698004e+00 -9.455095012205366745e-01
5.215043804959057283e+00 -9.315689679456640171e-01
5.227610175573416562e+00 -9.787447413031575838e-01
5.240176546187774953e+00 -9.381135424126859634e-01
5.252742916802134232e+00 -8.417550248552397862e-01
5.265309287416492623e+00 -8.320514130029926791e-01
5.277875658030851902e+00 -1.037782401824224543e+00
5.290442028645211181e+00 -8.785564672815410203e-01
5.303008399259570460e+00 -8.057886812312470282e-01
5.315574769873929739e+00 -7.995191040566700380e-01
5.328141140488289018e+00 -7.277729670057697664e-01
5.340707511102648297e+00 -7.622542085952671576e-01
5.353273881717007576e+00 -6.279507987146939474e-01
5.365840252331366855e+00 -7.982918919697339355e-01
5.378406622945726134e+00 -6.059549336995238011e-01
5.390972993560084525e+00 -8.511675233144999630e-01
5.403539364174443804e+00 -9.180591879578330339e-01
5.416105734788803083e+00 -7.896131252412843526e-01
5.428672105403162362e+00 -7.134341728482480605e-01
5.441238476017521641e+00 -7.083336090689050790e-01
5.453804846631880920e+00 -7.257395557076797843e-01
5.466371217246240199e+00 -6.806596046712629633e-01
5.478937587860599479e+00 -7.419114448849035703e-01
5.491503958474958758e+00 -7.198182248635004443e-01
5.504070329089317148e+00 -7.142657149514262116e-01
5.516636699703676427e+00 -6.813052568020101507e-01
5.529203070318035707e+00 -5.171588738222385739e-01
5.541769440932394986e+00 -6.149054078396550826e-01
5.554335811546754265e+00 -7.963384317462920414e-01
5.566902182161113544e+00 -7.622863498409633287e-01
5.579468552775472823e+00 -6.619324758963417432e-01
5.592034923389832102e+00 -6.706471384513832401e-01
5.604601294004191381e+00 -6.197356280214370017e-01
5.617167664618549772e+00 -6.132235151824415587e-01
5.629734035232909051e+00 -8.125933606054454028e-01
5.642300405847268330e+00 -5.340237202707789343e-01
5.654866776461627609e+00 -4.579102665125924787e-01
5.667433147075986888e+00 -4.982899266579307596e-01
5.679999517690346167e+00 -6.173419262676733688e-01
5.692565888304705446e+00 -4.939698563893172856e-01
5.705132258919064725e+00 -6.787818553101123698e-01
5.717698629533424004e+00 -5.086451406671552711e-01
5.730265000147783283e+00 -4.451953395090896271e-01
5.742831370762141674e+00 -5.426224299828870112e-01
5.755397741376500953e+00 -6.239716247861899490e-01
5.767964111990860232e+00 -5.605774109250312165e-01
5.780530482605219511e+00 -6.142893427336101331e-01
5.793096853219578790e+00 -3.602343995509920682e-01
5.805663223833938069e+00 -4.401637504785812505e-01
5.818229594448297348e+00 -2.996801214228117516e-01
5.830795965062656627e+00 -5.337828418148803378e-01
5.843362335677015906e+00 -4.422266968448795854e-01
5.855928706291374297e+00 -3.639295618310888214e-01
5.868495076905733576e+00 -3.669694820418980541e-01
5.881061447520092855e+00 -4.064237261287944603e-01
5.893627818134452134e+00 -2.679721004587969357e-01
5.906194188748811413e+00 -3.568826347798058629e-01
5.918760559363170692e+00 -3.904205930097470745e-01
5.931326929977529971e+00 -2.974912608326114039e-01
5.943893300591889250e+00 -3.595290172513262994e-01
5.956459671206248530e+00 -2.170927964195648319e-01
5.969026041820606920e+00 -4.311008354943317578e-01
5.981592412434966199e+00 -2.637008437419279261e-01
5.994158783049325478e+00 -3.489433763562948543e-01
6.006725153663684758e+00 -3.779503670009089489e-01
6.019291524278044037e+00 -2.210121973440500875e-01
6.031857894892402427e+00 -3.698996348400388490e-01
6.044424265506761706e+00 -1.068797165488028500e-01
6.056990636121120986e+00 -3.698705758434618351e-01
6.069557006735480265e+00 -2.672598903254693181e-01
6.082123377349839544e+00 -1.441344357608390359e-01
6.094689747964198823e+00 -2.067194783228577248e-01
6.107256118578558102e+00 -2.219058272093850370e-01
6.119822489192916493e+00 -1.185169772956401607e-01
6.132388859807275772e+00 -3.632072117239576459e-02
6.144955230421635051e+00 -4.299880186820159711e-02
6.157521601035994330e+00 1.019786294843136321e-02
6.170087971650353609e+00 -2.396802542941123271e-02
6.182654342264712888e+00 -2.660495662303423159e-01
6.195220712879072167e+00 -1.179529064414845674e-02
6.207787083493431446e+00 1.038000157553917446e-01
6.220353454107790725e+00 1.015497406437722155e-01
6.232919824722149116e+00 1.384948795141173472e-02
6.245486195336508395e+00 1.607895304544402354e-02
6.258052565950867674e+00 -1.772132092045645702e-01
6.270618936565226953e+00 -5.781288398769395855e-03
