0.000000000000000000e+00 -1.342382097765440312e-03
1.256637061435917323e-02 -5.471011478375455844e-02
2.513274122871834645e-02 -9.790661929223612447e-02
3.769911184307751795e-02 8.978522289673560031e-02
5.026548245743669291e-02 2.366930004107833593e-02
6.283185307179586787e-02 8.505762446124096043e-02
7.539822368615503589e-02 -3.239456823517214423e-02
8.796459430051420392e-02 5.236175949036062094e-02
1.005309649148733858e-01 1.752315154860733526e-01
1.130973355292325677e-01 3.224745295763077890e-01
1.256637061435917357e-01 3.487300553085628807e-02
1.382300767579508760e-01 1.530716307638755602e-01
1.507964473723100718e-01 -1.083562226338706802e-01
1.633628179866692676e-01 1.113655623926559091e-01
1.759291886010284078e-01 5.722296321380442030e-02
1.884955592153875759e-01 9.629767426721491663e-02
2.010619298297467716e-01 1.527927283094237532e-01
2.136283004441059397e-01 2.374536881895494833e-02
2.261946710584651354e-01 4.374172076901724493e-01
2.387610416728242757e-01 1.911700327605636296e-01
2.513274122871834715e-01 2.022976147553478266e-01
2.638937829015426395e-01 1.509503228146821252e-01
2.764601535159017520e-01 3.979469814557992646e-01
2.890265241302609756e-01 3.579983945172081072e-01
3.015928947446201436e-01 1.473390336926077848e-01
3.141592653589793116e-01 3.248228568406317240e-01
3.267256359733385351e-01 2.695671989755465958e-01
3.392920065876976476e-01 4.641972122727403005e-01
3.518583772020568157e-01 2.508823277696523024e-01
3.644247478164160392e-01 4.242119324646973499e-01
3.769911184307751517e-01 3.331853786120406169e-01
3.895574890451343197e-01 5.136616312570446707e-01
4.021238596594935433e-01 5.578247640555431541e-01
4.146902302738527113e-01 3.343189908633674712e-01
4.272566008882118793e-01 2.712551111974830231e-01
4.398229715025711029e-01 4.775533008804247470e-01
4.523893421169302709e-01 2.712460018668246819e-01
4.649557127312893834e-01 4.055640371130439514e-01
4.775220833456485514e-01 3.214319467582320011e-01
4.900884539600077194e-01 5.334747552611783794e-01
5.026548245743669430e-01 4.767434306823680745e-01
5.152211951887261110e-01 4.863053666325336533e-01
5.277875658030852790e-01 2.447733293407201027e-01
5.403539364174444470e-01 3.967565944502478015e-01
5.529203070318035040e-01 5.145471241973074150e-01
5.654866776461627831e-01 5.419740797935326260e-01
5.780530482605219511e-01 6.419766244293119151e-01
5.906194188748811191e-01 4.543673531650660458e-01
6.031857894892402872e-01 4.751951611012850685e-01
6.157521601035994552e-01 3.704707847645991592e-01
6.283185307179586232e-01 4.609554222861199646e-01
6.408849013323177912e-01 5.794616101148920562e-01
6.534512719466770703e-01 6.097893223727862688e-01
6.660176425610361273e-01 6.567654727812586302e-01
6.785840131753952953e-01 7.888019096604429459e-01
6.911503837897544633e-01 6.774815707389939545e-01
7.037167544041136313e-01 7.429251228969359078e-01
7.162831250184729104e-01 5.762112727368843279e-01
7.288494956328320784e-01 6.751478193290529894e-01
7.414158662471912464e-01 5.805616348953130945e-01
7.539822368615503034e-01 6.477409554921214063e-01
7.665486074759094715e-01 6.643666869694949684e-01
7.791149780902686395e-01 6.279299167049260388e-01
7.916813487046279185e-01 7.155007255372275443e-01
8.042477193189870865e-01 7.234539090125957639e-01
8.168140899333462546e-01 6.228543632259845308e-01
8.293804605477054226e-01 4.463881455751279592e-01
8.419468311620645906e-01 8.840276141509544328e-01
8.545132017764237586e-01 7.395962568974130402e-01
8.670795723907829267e-01 7.164827529058493960e-01
8.796459430051422057e-01 8.256255643878986916e-01
8.922123136195013737e-01 7.085682598442705205e-01
9.047786842338605418e-01 7.292720902213143397e-01
9.173450548482194877e-01 1.015966908263563839e+00
9.299114254625787668e-01 9.549700146576093340e-01
9.424777960769379348e-01 7.540557735889261703e-01
9.550441666912971028e-01 7.974402119092656172e-01
9.676105373056562708e-01 1.031931245013950393e+00
9.801769079200154389e-01 7.734046035409163355e-01
9.927432785343746069e-01 7.469060560375686553e-01
1.005309649148733886e+00 8.526394976209741294e-01
1.017876019763092943e+00 7.249943751030504258e-01
1.030442390377452222e+00 7.677691995851478879e-01
1.043008760991811279e+00 9.901633816956071366e-01
1.055575131606170558e+00 7.485639267026245047e-01
1.068141502220529837e+00 8.659605001150018078e-01
1.080707872834888894e+00 8.760000242043585184e-01
1.093274243449248173e+00 9.037829107154130570e-01
1.105840614063607008e+00 1.006146742982021447e+00
1.118406984677966287e+00 6.889623728108918987e-01
1.130973355292325566e+00 1.089709548082085977e+00
1.143539725906684623e+00 1.048221088855643357e+00
1.156106096521043902e+00 9.980179920469447463e-01
1.168672467135402959e+00 8.543779306346163116e-01
1.181238837749762238e+00 9.309076499185580111e-01
1.193805208364121295e+00 9.495734958148243088e-01
1.206371578978480574e+00 8.353589128878874392e-01
1.218937949592839853e+00 1.033579544588124177e+00
1.231504320207198910e+00 9.803293830488207794e-01
1.244070690821558189e+00 8.831784557717701212e-01
1.256637061435917246e+00 8.550576278413456466e-01
1.269203432050276525e+00 1.020480908969720657e+00
1.281769802664635582e+00 1.000206742827669748e+00
1.294336173278994861e+00 9.887570002275010150e-01
1.306902543893354141e+00 1.019275792358792732e+00
1.319468914507712975e+00 1.092233825408120529e+00
1.332035285122072255e+00 1.035890112495809756e+00
1.344601655736431534e+00 1.018631195576381598e+00
1.357168026350790591e+00 8.918793579680748262e-01
1.369734396965149870e+00 9.101451568468696962e-01
1.382300767579508927e+00 8.801676154820539111e-01
1.394867138193868206e+00 8.385828850705698834e-01
1.407433508808227263e+00 1.068789144360956289e+00
1.419999879422586542e+00 9.564335023304187944e-01
1.432566250036945821e+00 9.440973905847515057e-01
1.445132620651304878e+00 1.096913165281225622e+00
1.457698991265664157e+00 1.015920257617202616e+00
1.470265361880023214e+00 8.449226562297875720e-01
1.482831732494382493e+00 8.372376698183351396e-01
1.495398103108741550e+00 9.069759659170525401e-01
1.507964473723100607e+00 8.716531542967771440e-01
1.520530844337459886e+00 1.022606495043454577e+00
1.533097214951818943e+00 1.018739160038845792e+00
1.545663585566178222e+00 9.863886740111479368e-01
1.558229956180537279e+00 9.981518235093942426e-01
1.570796326794896558e+00 9.857430049761547464e-01
1.583362697409255837e+00 1.031871559496460478e+00
1.595929068023614894e+00 9.570617677280431890e-01
1.608495438637974173e+00 1.018990001879402918e+00
1.621061809252333230e+00 1.033037140831705836e+00
1.633628179866692509e+00 9.500355852244364296e-01
1.646194550481051566e+00 1.104832263905840772e+00
1.658760921095410845e+00 9.810637299674428435e-01
1.671327291709770124e+00 8.596252504132533279e-01
1.683893662324129181e+00 1.059108834911715036e+00
1.696460032938488460e+00 1.252439875448318363e+00
1.709026403552847517e+00 9.588618463813626258e-01
1.721592774167206796e+00 1.093677919934398446e+00
1.734159144781565853e+00 7.633682541902202523e-01
1.746725515395925132e+00 9.230274382682068790e-01
1.759291886010284411e+00 1.046857763092787996e+00
1.771858256624643468e+00 9.327022769906557764e-01
1.784424627239002747e+00 9.166234269886710528e-01
1.796990997853361804e+00 9.553015950273895385e-01
1.809557368467721084e+00 1.000683440575059535e+00
1.822123739082079918e+00 8.257996869673948082e-01
1.834690109696438975e+00 1.071887830796884877e+00
1.847256480310798255e+00 1.051706493315136548e+00
1.859822850925157534e+00 9.209829015454097378e-01
1.872389221539516591e+00 1.027667516135523984e+00
1.884955592153875870e+00 1.012650370258477261e+00
1.897521962768234927e+00 9.463167124152076504e-01
1.910088333382594206e+00 8.546933527382274409e-01
1.922654703996953263e+00 9.051024837536587597e-01
1.935221074611312542e+00 9.466269743282532678e-01
1.947787445225671821e+00 9.794944840776768080e-01
1.960353815840030878e+00 8.842970902597627747e-01
1.972920186454390157e+00 8.414813710089772414e-01
1.985486557068749214e+00 9.949270765340918476e-01
1.998052927683108493e+00 9.442581287590698924e-01
2.010619298297467772e+00 8.855232831272339400e-01
2.023185668911826607e+00 9.167673374132581099e-01
2.035752039526185886e+00 9.872059097286500773e-01
2.048318410140545165e+00 8.119528198911640793e-01
2.060884780754904444e+00 9.102966534268870369e-01
2.073451151369263723e+00 8.589276159889742690e-01
2.086017521983622558e+00 8.397953469199933574e-01
2.098583892597981837e+00 8.440684342730109258e-01
2.111150263212341116e+00 8.645237096208262528e-01
2.123716633826700395e+00 7.859127671157219996e-01
2.136283004441059674e+00 6.907339172250448467e-01
2.148849375055418509e+00 6.980061955500974635e-01
2.161415745669777788e+00 9.029822552255285517e-01
2.173982116284137067e+00 9.090492120972080148e-01
2.186548486898496346e+00 9.347970202617429392e-01
2.199114857512855181e+00 7.941872391764842609e-01
2.211681228127214016e+00 7.045619223243295703e-01
2.224247598741573295e+00 8.277799331146812323e-01
2.236813969355932574e+00 9.502821758186068557e-01
2.249380339970291853e+00 9.325276979036652980e-01
2.261946710584651132e+00 7.536068941183405867e-01
2.274513081199009967e+00 7.088247105071537879e-01
2.287079451813369246e+00 6.878784892353893010e-01
2.299645822427728525e+00 9.263234940136308992e-01
2.312212193042087804e+00 6.614469639834086312e-01
2.324778563656447083e+00 5.077823439355642066e-01
2.337344934270805918e+00 7.369996986688507334e-01
2.349911304885165197e+00 6.751724593407890662e-01
2.362477675499524477e+00 8.954929557004841501e-01
2.375044046113883756e+00 6.747137164189769276e-01
2.387610416728242591e+00 7.413627290408918435e-01
2.400176787342601870e+00 5.051822620009280840e-01
2.412743157956961149e+00 5.964603418939751212e-01
2.425309528571320428e+00 7.946786337970331848e-01
2.437875899185679707e+00 6.374806762710530927e-01
2.450442269800038542e+00 6.526677478089846218e-01
2.463008640414397821e+00 7.689709912258241298e-01
2.475575011028757100e+00 5.824418141281784145e-01
2.488141381643116379e+00 3.947428487794983898e-01
2.500707752257475658e+00 8.084460321620674517e-01
2.513274122871834493e+00 5.713051326479526848e-01
2.525840493486193772e+00 4.731357242865621426e-01
2.538406864100553051e+00 6.859754383997711535e-01
2.550973234714912330e+00 3.749069146659390617e-01
2.563539605329271165e+00 6.481728594931870369e-01
2.576105975943630444e+00 6.427659984205119637e-01
2.588672346557989723e+00 4.873291565504748735e-01
2.601238717172349002e+00 4.986449814546669579e-01
2.613805087786708281e+00 4.480374899469837247e-01
2.626371458401067116e+00 5.403519253708974901e-01
2.638937829015425951e+00 5.263322576687444743e-01
2.651504199629785230e+00 3.915037545475649194e-01
2.664070570244144509e+00 6.233817855015508780e-01
2.676636940858503788e+00 6.259071928027187814e-01
2.689203311472863067e+00 4.302910339344776514e-01
2.701769682087221902e+00 5.582170100924235268e-01
2.714336052701581181e+00 3.302608044282645539e-01
2.726902423315940460e+00 5.283990364004766960e-01
2.739468793930299739e+00 4.813683069920188240e-01
2.752035164544658574e+00 2.246284345563379081e-01
2.764601535159017853e+00 2.040657371984334889e-01
2.777167905773377132e+00 3.459407890145094200e-01
2.789734276387736411e+00 3.021034458125700928e-01
2.802300647002095690e+00 2.205606016438653172e-01
2.814867017616454525e+00 5.373475555366394874e-01
2.827433388230813804e+00 1.007169177227701107e-01
2.839999758845173083e+00 2.106690939151612263e-01
2.852566129459532362e+00 2.254664558449364919e-01
2.865132500073891642e+00 4.458602301888492381e-01
2.877698870688250476e+00 2.060694382629560395e-01
2.890265241302609756e+00 -1.939836732851030199e-04
2.902831611916969035e+00 2.507075426980701627e-01
2.915397982531328314e+00 3.448513385133278319e-02
2.927964353145687149e+00 1.980674419402495001e-01
2.940530723760046428e+00 9.316599686800716706e-02
2.953097094374405707e+00 1.550966228984441142e-01
2.965663464988764986e+00 3.814806502961151091e-01
2.978229835603124265e+00 -6.484744866371966454e-02
2.990796206217483100e+00 5.513303751878097236e-02
3.003362576831842379e+00 1.399845002856240639e-01
3.015928947446201214e+00 3.208198821391738953e-02
3.028495318060560493e+00 9.542448067211034557e-02
3.041061688674919772e+00 2.120674552824299286e-01
3.053628059289279051e+00 -1.585897617820059002e-02
3.066194429903637886e+00 7.829599871955884860e-02
3.078760800517997165e+00 5.565600334107807801e-02
3.091327171132356444e+00 2.840631298829266946e-02
3.103893541746715723e+00 2.711483968993593993e-02
3.116459912361074558e+00 1.733715790684783320e-01
3.129026282975433837e+00 -8.032675266124254809e-02
3.141592653589793116e+00 -2.883313891594452109e-03
3.154159024204152395e+00 -1.592475686806114898e-01
3.166725394818511674e+00 -1.156391204295895841e-03
3.179291765432870509e+00 1.037298252432861945e-01
3.191858136047229788e+00 2.859845021037733803e-02
3.204424506661589067e+00 -5.481428722696266714e-02
3.216990877275948346e+00 -1.233585922207681013e-01
3.229557247890307181e+00 1.042344883751109008e-02
3.242123618504666460e+00 -1.177045334332432192e-01
3.254689989119025739e+00 -9.417221376651446763e-02
3.267256359733385018e+00 -2.459850966373659242e-01
3.279822730347744297e+00 -6.228581348869806356e-02
3.292389100962103132e+00 -2.318636427088383023e-01
3.304955471576462411e+00 -1.677218958428222384e-01
3.317521842190821690e+00 -1.781367135550417646e-01
3.330088212805180969e+00 -3.108974024193914554e-01
3.342654583419540248e+00 -1.715809379553438485e-01
3.355220954033899083e+00 -2.130910395333042440e-01
3.367787324648258362e+00 -1.949271791199746195e-01
3.380353695262617642e+00 -2.967694650523075572e-01
3.392920065876976921e+00 -2.961888277276318870e-01
3.405486436491335756e+00 -2.057727270278116305e-01
3.418052807105695035e+00 -1.864300530318862004e-01
3.430619177720054314e+00 -3.945471258120742397e-01
3.443185548334413593e+00 -2.738717639739383647e-01
3.455751918948772872e+00 -4.410384002249034263e-01
3.468318289563131707e+00 -2.974745291106816181e-01
3.480884660177490986e+00 -2.468811101035073841e-01
3.493451030791850265e+00 -4.751875662101790465e-01
3.506017401406209544e+00 -3.986192825719822586e-01
3.518583772020568823e+00 -2.760092432858495259e-01
3.531150142634927658e+00 -3.781102326300395666e-01
3.543716513249286937e+00 -3.669583874769671850e-01
3.556282883863646216e+00 -2.225641376388153569e-01
3.568849254478005495e+00 -3.667513044891233531e-01
3.581415625092364330e+00 -5.195903582638963236e-01
3.593981995706723609e+00 -4.557987683747752872e-01
3.606548366321082888e+00 -5.863254616513122741e-01
3.619114736935442167e+00 -4.676910996244565411e-01
3.631681107549800558e+00 -5.039572728175462091e-01
3.644247478164159837e+00 -5.291861582343951875e-01
3.656813848778519116e+00 -4.859847861491157772e-01
3.669380219392877951e+00 -2.886154716193274350e-01
3.681946590007237230e+00 -5.239023155467563697e-01
3.694512960621596509e+00 -5.862050996637674372e-01
3.707079331235955788e+00 -4.517985271633136457e-01
3.719645701850315067e+00 -7.013085759495156779e-01
3.732212072464673902e+00 -4.490922092174861602e-01
3.744778443079033181e+00 -5.135283094907394652e-01
3.757344813693392460e+00 -5.242526877310798028e-01
3.769911184307751739e+00 -7.307168926648148766e-01
3.782477554922110574e+00 -4.583407582196820096e-01
3.795043925536469853e+00 -6.251802994846078487e-01
3.807610296150829132e+00 -6.269454060372905424e-01
3.820176666765188411e+00 -6.178202889127453190e-01
3.832743037379547690e+00 -6.762798794452248297e-01
3.845309407993906525e+00 -6.170521740425535251e-01
3.857875778608265804e+00 -5.588552049613931816e-01
3.870442149222625083e+00 -6.377097270371596682e-01
3.883008519836984362e+00 -6.413491277034222282e-01
3.895574890451343641e+00 -7.740818405598934859e-01
3.908141261065702476e+00 -9.006867108838644276e-01
3.920707631680061755e+00 -6.181070683573728353e-01
3.933274002294421035e+00 -8.932141490297824671e-01
3.945840372908780314e+00 -7.727696417412628360e-01
3.958406743523139149e+00 -8.596431566545650327e-01
3.970973114137498428e+00 -8.780647209338283687e-01
3.983539484751857707e+00 -6.364585456608747860e-01
3.996105855366216986e+00 -6.495238858353975520e-01
4.008672225980576265e+00 -8.230802239960333111e-01
4.021238596594935544e+00 -8.730700698812601246e-01
4.033804967209294823e+00 -8.965291400814955347e-01
4.046371337823653214e+00 -8.141746867295043266e-01
4.058937708438012493e+00 -7.716490733827442439e-01
4.071504079052371772e+00 -8.012105631013708429e-01
4.084070449666731051e+00 -8.190722613998809853e-01
4.096636820281090330e+00 -8.478786683677249636e-01
4.109203190895449609e+00 -7.314746265368081701e-01
4.121769561509808888e+00 -9.273155285588339236e-01
4.134335932124168167e+00 -9.635171592526620143e-01
4.146902302738527446e+00 -6.875251118890852720e-01
4.159468673352886725e+00 -8.290231437193955610e-01
4.172035043967245116e+00 -6.552565699494623530e-01
4.184601414581604395e+00 -9.123043265867232243e-01
4.197167785195963674e+00 -9.406428122815284620e-01
4.209734155810322953e+00 -1.072804044215504904e+00
4.222300526424682232e+00 -1.089513117484963045e+00
4.234866897039041511e+00 -8.807845737837461941e-01
4.247433267653400790e+00 -7.558588758366647786e-01
4.259999638267760069e+00 -9.352003227735060653e-01
4.272566008882119348e+00 -9.361126873326089948e-01
4.285132379496477739e+00 -8.964869425965757976e-01
4.297698750110837018e+00 -8.076238034793697951e-01
4.310265120725196297e+00 -8.932695431657237117e-01
4.322831491339555576e+00 -9.555823861167578315e-01
4.335397861953914855e+00 -8.588881914406139018e-01
4.347964232568274134e+00 -9.004698575490487356e-01
4.360530603182633413e+00 -9.479888694447256015e-01
4.373096973796992692e+00 -9.068736152283629615e-01
4.385663344411351972e+00 -1.044800195023334322e+00
4.398229715025710362e+00 -9.529053282598429764e-01
4.410796085640069641e+00 -1.083504330499751145e+00
4.423362456254428032e+00 -1.014455573612870420e+00
4.435928826868787311e+00 -8.688818019544736204e-01
4.448495197483146590e+00 -9.959832533818028244e-01
4.461061568097505869e+00 -9.398665674173054541e-01
4.473627938711865148e+00 -1.178542924539892400e+00
4.486194309326224428e+00 -9.179733203671979203e-01
4.498760679940583707e+00 -1.099271525747613332e+00
4.511327050554942986e+00 -9.214455594862436261e-01
4.523893421169302265e+00 -7.617221960520587087e-01
4.536459791783661544e+00 -1.117301430820119457e+00
4.549026162398019935e+00 -9.004214471958168486e-01
4.561592533012379214e+00 -1.051982681785200935e+00
4.574158903626738493e+00 -8.748262769092587376e-01
4.586725274241097772e+00 -9.546658553063999131e-01
4.599291644855457051e+00 -9.978286641691215264e-01
4.611858015469816330e+00 -1.093116034753033317e+00
4.624424386084175609e+00 -9.511140745922431750e-01
4.636990756698534888e+00 -1.014944205736798777e+00
4.649557127312894167e+00 -1.010219578180864275e+00
4.662123497927252558e+00 -9.891705563856596495e-01
4.674689868541611837e+00 -9.741796069271849712e-01
4.687256239155971116e+00 -1.002466579327763840e+00
4.699822609770330395e+00 -9.708450031319370011e-01
4.712388980384689674e+00 -9.348391563764807399e-01
4.724955350999048953e+00 -8.673213546523493855e-01
4.737521721613408232e+00 -1.202086358497507890e+00
4.750088092227767511e+00 -1.158583194683625361e+00
4.762654462842126790e+00 -1.002949620626495397e+00
4.775220833456485181e+00 -1.096952357475309725e+00
4.787787204070844460e+00 -9.176149240435588217e-01
4.800353574685203739e+00 -1.011605554550008890e+00
4.812919945299563018e+00 -1.075939977100450751e+00
4.825486315913922297e+00 -9.461027139539966990e-01
4.838052686528281576e+00 -8.906603036308765597e-01
4.850619057142640855e+00 -9.956371185321719608e-01
4.863185427757000134e+00 -1.057071976882037134e+00
4.875751798371359413e+00 -9.867398556828993472e-01
4.888318168985717804e+00 -9.836264886203301971e-01
4.900884539600077083e+00 -1.032741798298590918e+00
4.913450910214436362e+00 -1.095734175408331401e+00
4.926017280828795641e+00 -1.126655061512493727e+00
4.938583651443154920e+00 -9.363445072181586504e-01
4.951150022057514200e+00 -8.523392640261109321e-01
4.963716392671873479e+00 -1.084690466379035101e+00
4.976282763286232758e+00 -9.112438933039324063e-01
4.988849133900592037e+00 -1.016413799765506276e+00
5.001415504514951316e+00 -1.088322963506185737e+00
5.013981875129309707e+00 -1.062951914809509901e+00
5.026548245743668986e+00 -9.051857459548806606e-01
5.039114616358028265e+00 -1.018186086570559867e+00
5.051680986972387544e+00 -8.880802177500392025e-01
5.064247357586746823e+00 -9.675480237422672269e-01
5.076813728201106102e+00 -8.742569544436927798e-01
5.089380098815465381e+00 -8.828344412945805519e-01
5.101946469429824660e+00 -9.905249363612697033e-01
5.114512840044183939e+00 -7.397524942028752548e-01
5.127079210658542330e+00 -1.040632563805569788e+00
5.139645581272901609e+00 -1.134800083138638671e+00
5.152211951887260888e+00 -8.329268064749432154e-01
5.164778322501620167e+00 -1.048878716540120548e+00
5.177344693115979446e+00 -8.649217917477740603e-01
5.189911063730338725e+00 -7.857561823320915462e-01
5.202477434344698004e+00 -7.691553003210566120e-01
5.215043804959057283e+00 -8.234878569653389935e-01
5.227610175573416562e+00 -1.082994528079572749e+00
5.240176546187774953e+00 -1.140602856753609728e+00
5.252742916802134232e+00 -8.407706411069817420e-01
5.265309287416492623e+00 -6.074615166534118593e-01
5.277875658030851902e+00 -9.756235721204385980e-01
5.290442028645211181e+00 -9.020258654559357714e-01
5.303008399259570460e+00 -7.827427588911178846e-01
5.315574769873929739e+00 -7.275257126963677878e-01
5.328141140488289018e+00 -7.307631731996544477e-01
5.340707511102648297e+00 -8.816590050041095417e-01
5.353273881717007576e+00 -6.173698015463943145e-01
5.365840252331366855e+00 -8.411729371009539769e-01
5.378406622945726134e+00 -7.697937237522092246e-01
5.390972993560084525e+00 -9.167109245852894661e-01
5.403539364174443804e+00 -7.039492600674395195e-01
5.416105734788803083e+00 -9.429453262912310674e-01
5.428672105403162362e+00 -8.475340741028480895e-01
5.441238476017521641e+00 -7.443548838300024784e-01
5.453804846631880920e+00 -5.788863069877175915e-01
5.466371217246240199e+00 -7.894957604356782621e-01
5.478937587860599479e+00 -4.706403524802225125e-01
5.491503958474958758e+00 -6.945281387026919218e-01
5.504070329089317148e+00 -8.107455312645133194e-01
5.516636699703676427e+00 -6.981460760146841471e-01
5.529203070318035707e+00 -6.650288736108981302e-01
5.541769440932394986e+00 -6.546577388379115625e-01
5.554335811546754265e+00 -6.799724914748661586e-01
5.566902182161113544e+00 -5.164669199133720134e-01
5.579468552775472823e+00 -6.647620208545822473e-01
5.592034923389832102e+00 -7.196631661935585234e-01
5.604601294004191381e+00 -5.597753667131385447e-01
5.617167664618549772e+00 -5.826119915461125398e-01
5.629734035232909051e+00 -5.112378195420334004e-01
5.642300405847268330e+00 -7.296429614623402005e-01
5.654866776461627609e+00 -5.105904206074149965e-01
5.667433147075986888e+00 -5.651264021820002759e-01
5.679999517690346167e+00 -4.452607879139922065e-01
5.692565888304705446e+00 -4.572624135023556358e-01
5.705132258919064725e+00 -4.935981021826637560e-01
5.717698629533424004e+00 -5.144356431394623286e-01
5.730265000147783283e+00 -5.128623286350274535e-01
5.742831370762141674e+00 -6.262822605815920873e-01
5.755397741376500953e+00 -5.557642652238540260e-01
5.767964111990860232e+00 -3.768718868873772720e-01
5.780530482605219511e+00 -5.761601443085482277e-01
5.793096853219578790e+00 -4.146920910880968481e-01
5.805663223833938069e+00 -5.289872333158183171e-01
5.818229594448297348e+00 -4.362971026217282167e-01
5.830795965062656627e+00 -5.628960400354849902e-01
5.843362335677015906e+00 -4.434610766841229901e-01
5.855928706291374297e+00 -5.323509983098483334e-01
5.868495076905733576e+00 -4.652986529816717232e-01
5.881061447520092855e+00 -4.859636348024925501e-01
5.893627818134452134e+00 -3.136336141117737619e-01
5.906194188748811413e+00 -5.098538471090047208e-01
5.918760559363170692e+00 -2.962713506158238252e-01
5.931326929977529971e+00 -5.026757264298052919e-01
5.943893300591889250e+00 -4.019599951795987391e-01
5.956459671206248530e+00 -1.712770059113580268e-01
5.969026041820606920e+00 -4.284129897199173143e-01
5.981592412434966199e+00 -2.954553413871220391e-01
5.994158783049325478e+00 -2.580311289229411109e-01
6.006725153663684758e+00 -3.000669519097604043e-01
6.019291524278044037e+00 -2.323406029274667495e-01
6.031857894892402427e+00 -2.242319464978187460e-01
6.044424265506761706e+00 -5.153035914176283816e-01
6.056990636121120986e+00 -3.189648877002311256e-01
6.069557006735480265e+00 -2.808102458387712330e-02
6.082123377349839544e+00 -3.028011475435463118e-01
6.094689747964198823e+00 -4.215734960396755326e-02
6.107256118578558102e+00 -2.342288316124759295e-01
6.119822489192916493e+00 -1.948649568648438413e-01
6.132388859807275772e+00 -2.745812377400073112e-01
6.144955230421635051e+00 -2.179130450036184663e-01
6.157521601035994330e+00 -3.561344644065213005e-01
6.170087971650353609e+00 -2.312840547416311066e-01
6.182654342264712888e+00 -1.962468051020860305e-02
6.195220712879072167e+00 -1.625265725233827618e-01
6.207787083493431446e+00 -4.528066417363708906e-02
6.220353454107790725e+00 -1.660653983260836908e-01
6.232919824722149116e+00 -2.416533968456697767e-01
6.245486195336508395e+00 -4.383194207938159725e-02
6.258052565950867674e+00 5.198864869537694888e-02
6.270618936565226953e+00 -5.073143947819239163e-02
