0.000000000000000000e+00 1.374631542904695691e-01
1.256637061435917323e-02 6.757801817809327982e-02
2.513274122871834645e-02 9.826942253306861219e-02
3.769911184307751795e-02 1.437015610102404251e-01
5.026548245743669291e-02 2.817063325324685105e-02
6.283185307179586787e-02 9.367520865578607414e-02
7.539822368615503589e-02 2.470222937989909051e-02
8.796459430051420392e-02 1.840069574517497752e-01
1.005309649148733858e-01 2.170596361650767303e-02
1.130973355292325677e-01 1.753490069422436459e-01
1.256637061435917357e-01 8.383854414233554708e-02
1.382300767579508760e-01 1.431569041519920038e-01
1.507964473723100718e-01 2.937289222222337903e-01
1.633628179866692676e-01 2.298189280368643783e-01
1.759291886010284078e-01 -9.083712322350062651e-02
1.884955592153875759e-01 1.590899538710435213e-01
2.010619298297467716e-01 1.670501260986289038e-01
2.136283004441059397e-01 3.327124938735487314e-01
2.261946710584651354e-01 1.118355590222572249e-01
2.387610416728242757e-01 2.261656725543177704e-01
2.513274122871834715e-01 3.979817621128008964e-01
2.638937829015426395e-01 1.722051670906338261e-01
2.764601535159017520e-01 1.517239298452275342e-01
2.890265241302609756e-01 4.541739192402839964e-01
3.015928947446201436e-01 3.984561189909403001e-01
3.141592653589793116e-01 3.094838066541387156e-01
3.267256359733385351e-01 7.632645781880204039e-02
3.392920065876976476e-01 3.566888578218126438e-01
3.518583772020568157e-01 4.403829893480695201e-01
3.644247478164160392e-01 3.233080370591208119e-01
3.769911184307751517e-01 4.106575341041995841e-01
3.895574890451343197e-01 1.761430888912892123e-01
4.021238596594935433e-01 3.019854860365041582e-01
4.146902302738527113e-01 4.770766628532332465e-01
4.272566008882118793e-01 4.126346790158923472e-01
4.398229715025711029e-01 6.442210212533421299e-01
4.523893421169302709e-01 4.280281117363196608e-01
4.649557127312893834e-01 4.665135124746209172e-01
4.775220833456485514e-01 4.115193095069612506e-01
4.900884539600077194e-01 6.981863761437747673e-01
5.026548245743669430e-01 3.590482800912773720e-01
5.152211951887261110e-01 5.323427077043607625e-01
5.277875658030852790e-01 5.490443857506415171e-01
5.403539364174444470e-01 4.500776756644664922e-01
5.529203070318035040e-01 6.166077969310999052e-01
5.654866776461627831e-01 4.671151365556653889e-01
5.780530482605219511e-01 4.826161949006473328e-01
5.906194188748811191e-01 5.376662287050815170e-01
6.031857894892402872e-01 6.040206107339407549e-01
6.157521601035994552e-01 6.215919218406323887e-01
6.283185307179586232e-01 5.194891975944671003e-01
6.408849013323177912e-01 4.268020034140264651e-01
6.534512719466770703e-01 6.004104828294947183e-01
6.660176425610361273e-01 5.935214156281936049e-01
6.785840131753952953e-01 5.801125461953402507e-01
6.911503837897544633e-01 5.694690732161628022e-01
7.037167544041136313e-01 6.915823095292040756e-01
7.162831250184729104e-01 6.523080658265357767e-01
7.288494956328320784e-01 7.128431975586918545e-01
7.414158662471912464e-01 7.502340376037651692e-01
7.539822368615503034e-01 8.216402762669852144e-01
7.665486074759094715e-01 7.793350451020726322e-01
7.791149780902686395e-01 7.724711955027312449e-01
7.916813487046279185e-01 7.285548737465941116e-01
8.042477193189870865e-01 6.651902396590828603e-01
8.168140899333462546e-01 8.616353224799994104e-01
8.293804605477054226e-01 6.740624508386751090e-01
8.419468311620645906e-01 9.677678690722051336e-01
8.545132017764237586e-01 6.444178738097353643e-01
8.670795723907829267e-01 5.135341908747999007e-01
8.796459430051422057e-01 1.018630710987799226e+00
8.922123136195013737e-01 5.973729603500679275e-01
9.047786842338605418e-01 8.693679401595320044e-01
9.173450548482194877e-01 8.179053844463463063e-01
9.299114254625787668e-01 9.591212617277589114e-01
9.424777960769379348e-01 6.918649409542857454e-01
9.550441666912971028e-01 9.251351756010868232e-01
9.676105373056562708e-01 6.778536632925664662e-01
9.801769079200154389e-01 9.569395888218983348e-01
9.927432785343746069e-01 1.014676724167084210e+00
1.005309649148733886e+00 7.736149170393588070e-01
1.017876019763092943e+00 1.049535710532564003e+00
1.030442390377452222e+00 8.113837327064629124e-01
1.043008760991811279e+00 7.199360277422193199e-01
1.055575131606170558e+00 8.754390930861417619e-01
1.068141502220529837e+00 1.126195730596440292e+00
1.080707872834888894e+00 9.027848322812425108e-01
1.093274243449248173e+00 9.627133257079409923e-01
1.105840614063607008e+00 8.850290409059031749e-01
1.118406984677966287e+00 7.498226093017492655e-01
1.130973355292325566e+00 1.066310883849284075e+00
1.143539725906684623e+00 7.673594243537340542e-01
1.156106096521043902e+00 8.256227226319028389e-01
1.168672467135402959e+00 9.772581256871006872e-01
1.181238837749762238e+00 1.085834332083566389e+00
1.193805208364121295e+00 8.377057012452893137e-01
1.206371578978480574e+00 1.031789625842167490e+00
1.218937949592839853e+00 8.395359232985989406e-01
1.231504320207198910e+00 1.136914385465248367e+00
1.244070690821558189e+00 6.941311517229749040e-01
1.256637061435917246e+00 1.102255018846535428e+00
1.269203432050276525e+00 9.004353516543814884e-01
1.281769802664635582e+00 7.412021604833440858e-01
1.294336173278994861e+00 1.015046334249735782e+00
1.306902543893354141e+00 7.925959686652109815e-01
1.319468914507712975e+00 8.969115002887092514e-01
1.332035285122072255e+00 1.080058347287334852e+00
1.344601655736431534e+00 8.822422032167661632e-01
1.357168026350790591e+00 1.159791810301456838e+00
1.369734396965149870e+00 1.028253015675000492e+00
1.382300767579508927e+00 1.113374896160765903e+00
1.394867138193868206e+00 1.111688040332393435e+00
1.407433508808227263e+00 1.180801904989049245e+00
1.419999879422586542e+00 9.902549641732979469e-01
1.432566250036945821e+00 1.085817594930055696e+00
1.445132620651304878e+00 1.081755450480056835e+00
1.457698991265664157e+00 1.087472840397401219e+00
1.470265361880023214e+00 1.036208338890754144e+00
1.482831732494382493e+00 9.221001398141491778e-01
1.495398103108741550e+00 9.722456420083485096e-01
1.507964473723100607e+00 1.235241281247781986e+00
1.520530844337459886e+00 8.951298555271379742e-01
1.533097214951818943e+00 1.167463552386339920e+00
1.545663585566178222e+00 1.076862837873991285e+00
1.558229956180537279e+00 1.005227245865830676e+00
1.570796326794896558e+00 9.359353055786361342e-01
1.583362697409255837e+00 9.832855606249997216e-01
1.595929068023614894e+00 9.291415261170522522e-01
1.608495438637974173e+00 9.485971661626668716e-01
1.621061809252333230e+00 1.031978161138357608e+00
1.633628179866692509e+00 8.696561884710551915e-01
1.646194550481051566e+00 8.098467557746400480e-01
1.658760921095410845e+00 1.090534959076894461e+00
1.671327291709770124e+00 1.214140549412141112e+00
1.683893662324129181e+00 9.267838162371734301e-01
1.696460032938488460e+00 1.008007147980823248e+00
1.709026403552847517e+00 9.866596916162364561e-01
1.721592774167206796e+00 9.230939015980470508e-01
1.734159144781565853e+00 1.133441069602930895e+00
1.746725515395925132e+00 1.096639683388628494e+00
1.759291886010284411e+00 9.293455099261773711e-01
1.771858256624643468e+00 9.935832570538254416e-01
1.784424627239002747e+00 8.108732293146160286e-01
1.796990997853361804e+00 9.189053113608964818e-01
1.809557368467721084e+00 8.272170175178139573e-01
1.822123739082079918e+00 7.957838980633558101e-01
1.834690109696438975e+00 1.185552111105453221e+00
1.847256480310798255e+00 8.029838335432233354e-01
1.859822850925157534e+00 1.018539234510398739e+00
1.872389221539516591e+00 9.483622382729626210e-01
1.884955592153875870e+00 9.170469761024215849e-01
1.897521962768234927e+00 9.678613553987839291e-01
1.910088333382594206e+00 9.441756821731261962e-01
1.922654703996953263e+00 8.508667620753823657e-01
1.935221074611312542e+00 9.812847548787210217e-01
1.947787445225671821e+00 7.532749043286657287e-01
1.960353815840030878e+00 1.041661575681425811e+00
1.972920186454390157e+00 9.767158030652405287e-01
1.985486557068749214e+00 8.212327802294008272e-01
1.998052927683108493e+00 9.698954948470225323e-01
2.010619298297467772e+00 9.262431918382476592e-01
2.023185668911826607e+00 9.743972033244299169e-01
2.035752039526185886e+00 8.686145316771914926e-01
2.048318410140545165e+00 9.136719963790825849e-01
2.060884780754904444e+00 8.226432013531368437e-01
2.073451151369263723e+00 8.508939068881706813e-01
2.086017521983622558e+00 1.005704639268174772e+00
2.098583892597981837e+00 7.054785377611929587e-01
2.111150263212341116e+00 8.373832371918512596e-01
2.123716633826700395e+00 9.735774017317149198e-01
2.136283004441059674e+00 8.754064813032158554e-01
2.148849375055418509e+00 8.372407330315067009e-01
2.161415745669777788e+00 8.660187035410503720e-01
2.173982116284137067e+00 9.188137401331348819e-01
2.186548486898496346e+00 1.106669431318381358e+00
2.199114857512855181e+00 7.358274870184995375e-01
2.211681228127214016e+00 8.510354908185898681e-01
2.224247598741573295e+00 7.866644365140029738e-01
2.236813969355932574e+00 7.733558052069163802e-01
2.249380339970291853e+00 6.431274353733079652e-01
2.261946710584651132e+00 9.777698182333495192e-01
2.274513081199009967e+00 8.339238555430562583e-01
2.287079451813369246e+00 8.804373014473348968e-01
2.299645822427728525e+00 5.054551149443722302e-01
2.312212193042087804e+00 7.760275602347399548e-01
2.324778563656447083e+00 7.323210876260006774e-01
2.337344934270805918e+00 8.039308489850981454e-01
2.349911304885165197e+00 6.837163343521803771e-01
2.362477675499524477e+00 6.857980658048814515e-01
2.375044046113883756e+00 7.256771091273217511e-01
2.387610416728242591e+00 6.749127931649497869e-01
2.400176787342601870e+00 7.773638333134715861e-01
2.412743157956961149e+00 7.568077849221643838e-01
2.425309528571320428e+00 5.368850597302363692e-01
2.437875899185679707e+00 7.344440552883416684e-01
2.450442269800038542e+00 7.004026387226290895e-01
2.463008640414397821e+00 6.200406410217605968e-01
2.475575011028757100e+00 5.365140289192756873e-01
2.488141381643116379e+00 6.678068491426110143e-01
2.500707752257475658e+00 6.034580327460165039e-01
2.513274122871834493e+00 8.520410321889466676e-01
2.525840493486193772e+00 7.387685683178338847e-01
2.538406864100553051e+00 5.500336721786737160e-01
2.550973234714912330e+00 7.689662609807181859e-01
2.563539605329271165e+00 6.483374441259539545e-01
2.576105975943630444e+00 6.257594550960565716e-01
2.588672346557989723e+00 4.068903262530815246e-01
2.601238717172349002e+00 5.345726905736772894e-01
2.613805087786708281e+00 5.544610272927308348e-01
2.626371458401067116e+00 4.105158582570729298e-01
2.638937829015425951e+00 6.076816158999771567e-01
2.651504199629785230e+00 3.864209233840452118e-01
2.664070570244144509e+00 3.310039415075788916e-01
2.676636940858503788e+00 5.032609658139667319e-01
2.689203311472863067e+00 4.767754421808553800e-01
2.701769682087221902e+00 4.506007238023426731e-01
2.714336052701581181e+00 5.111962949948544166e-01
2.726902423315940460e+00 1.113292694990043463e-01
2.739468793930299739e+00 5.488849712207710674e-01
2.752035164544658574e+00 2.250056008410078745e-01
2.764601535159017853e+00 4.122033438569880914e-01
2.777167905773377132e+00 2.457106253370007209e-01
2.789734276387736411e+00 3.007369595468255552e-01
2.802300647002095690e+00 2.296849744603734478e-01
2.814867017616454525e+00 3.862169341916137366e-01
2.827433388230813804e+00 2.720876375150008686e-01
2.839999758845173083e+00 2.519397069698917635e-01
2.852566129459532362e+00 1.910036582427248053e-01
2.865132500073891642e+00 1.928892262987363382e-01
2.877698870688250476e+00 2.129318460803842350e-01
2.890265241302609756e+00 2.105315351852495298e-01
2.902831611916969035e+00 2.611505096972329687e-01
2.915397982531328314e+00 2.720581983967733652e-01
2.927964353145687149e+00 2.223847257702290803e-01
2.940530723760046428e+00 2.113399702186919138e-01
2.953097094374405707e+00 2.205781243071853748e-01
2.965663464988764986e+00 2.387131701686511231e-01
2.978229835603124265e+00 2.840892229924041334e-01
2.990796206217483100e+00 1.008374959974186746e-01
3.003362576831842379e+00 2.417365142422528146e-01
3.015928947446201214e+00 1.677586176608917568e-01
3.028495318060560493e+00 1.897298908949540119e-01
3.041061688674919772e+00 -1.472381729954336249e-02
3.053628059289279051e+00 2.387679754969085355e-02
3.066194429903637886e+00 -7.473447095231219861e-03
3.078760800517997165e+00 1.381155240969438314e-01
3.091327171132356444e+00 2.219826907784519798e-01
3.103893541746715723e+00 8.554512916627624725e-03
3.116459912361074558e+00 1.601193825670510495e-01
3.129026282975433837e+00 -1.048756449442502098e-01
3.141592653589793116e+00 -1.567955939108918173e-01
3.154159024204152395e+00 -2.810155459905743294e-02
3.166725394818511674e+00 -5.278745189214571754e-02
3.179291765432870509e+00 -1.701957754714142346e-02
3.191858136047229788e+00 -2.019011736988735040e-02
3.204424506661589067e+00 -6.108077135524351414e-02
3.216990877275948346e+00 -2.661606818700482657e-01
3.229557247890307181e+00 1.034709157270075480e-01
3.242123618504666460e+00 -1.765700556928634368e-01
3.254689989119025739e+00 1.340766509545492091e-02
3.267256359733385018e+00 -1.950471113806752088e-01
3.279822730347744297e+00 -1.185621093066353132e-01
3.292389100962103132e+00 -2.267063791104773074e-01
3.304955471576462411e+00 -1.966101588589483640e-01
3.317521842190821690e+00 -2.229987960722085438e-01
3.330088212805180969e+00 -2.003998400100930888e-01
3.342654583419540248e+00 -9.039955032540862578e-02
3.355220954033899083e+00 -2.428242459521970098e-01
3.367787324648258362e+00 -7.431362215904144253e-02
3.380353695262617642e+00 -3.954723208623209807e-01
3.392920065876976921e+00 -1.709051093671671850e-01
3.405486436491335756e+00 -1.122003583739318022e-01
3.418052807105695035e+00 -2.084651035600806335e-01
3.430619177720054314e+00 -1.709887514187830027e-01
3.443185548334413593e+00 -2.455687010628523348e-01
3.455751918948772872e+00 -2.768693407431960796e-01
3.468318289563131707e+00 -3.291563747637204496e-01
3.480884660177490986e+00 -2.057563976616592905e-01
3.493451030791850265e+00 -3.993899935827062153e-01
3.506017401406209544e+00 -3.175259596124085926e-01
3.518583772020568823e+00 -3.256661668660079667e-01
3.531150142634927658e+00 -4.381036748849300722e-01
3.543716513249286937e+00 -4.926593409857832340e-01
3.556282883863646216e+00 -3.669956852064909514e-01
3.568849254478005495e+00 -4.256923395777491570e-01
3.581415625092364330e+00 -2.705039943651542655e-01
3.593981995706723609e+00 -5.042619227474383070e-01
3.606548366321082888e+00 -4.002118694320376258e-01
3.619114736935442167e+00 -4.757021485105182856e-01
3.631681107549800558e+00 -6.730540180075239576e-01
3.644247478164159837e+00 -4.204226312094655471e-01
3.656813848778519116e+00 -2.785305307923109375e-01
3.669380219392877951e+00 -4.947708556471280827e-01
3.681946590007237230e+00 -3.785257923789763224e-01
3.694512960621596509e+00 -5.418358652333286063e-01
3.707079331235955788e+00 -6.783003118294239631e-01
3.719645701850315067e+00 -5.234306441138508736e-01
3.732212072464673902e+00 -6.520630986732746104e-01
3.744778443079033181e+00 -4.095756846936980944e-01
3.757344813693392460e+00 -5.192978615921087782e-01
3.769911184307751739e+00 -6.879601655447622477e-01
3.782477554922110574e+00 -6.000006767983064870e-01
3.795043925536469853e+00 -7.494360378255500166e-01
3.807610296150829132e+00 -6.306972993550024054e-01
3.820176666765188411e+00 -7.968713334015045113e-01
3.832743037379547690e+00 -6.077699441674958569e-01
3.845309407993906525e+00 -4.267664979245135992e-01
3.857875778608265804e+00 -6.886016243806665216e-01
3.870442149222625083e+00 -7.923439850099954773e-01
3.883008519836984362e+00 -8.548511772145666043e-01
3.895574890451343641e+00 -7.334686520459091641e-01
3.908141261065702476e+00 -6.918826625010571219e-01
3.920707631680061755e+00 -6.427734101996852578e-01
3.933274002294421035e+00 -6.401380099763858134e-01
3.945840372908780314e+00 -5.611394333123529421e-01
3.958406743523139149e+00 -7.599701295563355830e-01
3.970973114137498428e+00 -7.630051320745364629e-01
3.983539484751857707e+00 -7.324343479277188873e-01
3.996105855366216986e+00 -6.839692864753823542e-01
4.008672225980576265e+00 -7.379511306826647132e-01
4.021238596594935544e+00 -8.128613901738550584e-01
4.033804967209294823e+00 -6.440986766235826666e-01
4.046371337823653214e+00 -6.947654579172292122e-01
4.058937708438012493e+00 -7.195554316049177501e-01
4.071504079052371772e+00 -8.451494074088534703e-01
4.084070449666731051e+00 -8.009595314949250477e-01
4.096636820281090330e+00 -7.418164589798266206e-01
4.109203190895449609e+00 -7.874143916819611455e-01
4.121769561509808888e+00 -8.274333828518246614e-01
4.134335932124168167e+00 -7.575793039387808125e-01
4.146902302738527446e+00 -7.599461675825209817e-01
4.159468673352886725e+00 -6.938540600021760874e-01
4.172035043967245116e+00 -9.324940409897244376e-01
4.184601414581604395e+00 -9.151969972703510869e-01
4.197167785195963674e+00 -7.768049374553567255e-01
4.209734155810322953e+00 -7.757525961130595782e-01
4.222300526424682232e+00 -1.005430443383966477e+00
4.234866897039041511e+00 -8.435373289471567171e-01
4.247433267653400790e+00 -7.782305795255241021e-01
4.259999638267760069e+00 -9.372479423963988587e-01
4.272566008882119348e+00 -1.051073469052357545e+00
4.285132379496477739e+00 -9.479693333010754674e-01
4.297698750110837018e+00 -1.069147173721768596e+00
4.310265120725196297e+00 -9.320733484073050468e-01
4.322831491339555576e+00 -9.497357260908843024e-01
4.335397861953914855e+00 -1.026058814540312003e+00
4.347964232568274134e+00 -1.118587343338729223e+00
4.360530603182633413e+00 -9.012888350594698839e-01
4.373096973796992692e+00 -9.308532399806591640e-01
4.385663344411351972e+00 -1.042669006209116844e+00
4.398229715025710362e+00 -9.013971243869469685e-01
4.410796085640069641e+00 -7.052599587511696466e-01
4.423362456254428032e+00 -1.064845922138892842e+00
4.435928826868787311e+00 -9.379837456766336734e-01
4.448495197483146590e+00 -1.094883256956899142e+00
4.461061568097505869e+00 -9.085637698590888212e-01
4.473627938711865148e+00 -9.694749790313710314e-01
4.486194309326224428e+00 -9.851754582311065267e-01
4.498760679940583707e+00 -7.888086102609579431e-01
4.511327050554942986e+00 -8.911401438596039393e-01
4.523893421169302265e+00 -9.326628858123794386e-01
4.536459791783661544e+00 -9.333700469896126783e-01
4.549026162398019935e+00 -1.012810756490546416e+00
4.561592533012379214e+00 -1.139068025636303716e+00
4.574158903626738493e+00 -1.045178079224681422e+00
4.586725274241097772e+00 -1.066831443381008215e+00
4.599291644855457051e+00 -9.925624808228711293e-01
4.611858015469816330e+00 -9.650521949676980071e-01
4.624424386084175609e+00 -9.076071036663768687e-01
4.636990756698534888e+00 -1.071325476882927230e+00
4.649557127312894167e+00 -1.222122081878494360e+00
4.662123497927252558e+00 -1.015299923857137632e+00
4.674689868541611837e+00 -1.129666487041659284e+00
4.687256239155971116e+00 -8.496882797397812270e-01
4.699822609770330395e+00 -9.984617601000942422e-01
4.712388980384689674e+00 -1.109746107243753332e+00
4.724955350999048953e+00 -9.416672166075350514e-01
4.737521721613408232e+00 -1.067292060696503952e+00
4.750088092227767511e+00 -8.585268235015584004e-01
4.762654462842126790e+00 -1.039277074402122913e+00
4.775220833456485181e+00 -1.033396251931860688e+00
4.787787204070844460e+00 -1.081703154709546810e+00
4.800353574685203739e+00 -9.238394463749181051e-01
4.812919945299563018e+00 -9.226834893060026355e-01
4.825486315913922297e+00 -1.098442637720807635e+00
4.838052686528281576e+00 -1.003716100365889208e+00
4.850619057142640855e+00 -8.837400888829067824e-01
4.863185427757000134e+00 -1.062317042962886982e+00
4.875751798371359413e+00 -9.627247591823820949e-01
4.888318168985717804e+00 -1.006098083169418178e+00
4.900884539600077083e+00 -1.023803659026875756e+00
4.913450910214436362e+00 -9.475747090519093252e-01
4.926017280828795641e+00 -9.320789326838749833e-01
4.938583651443154920e+00 -9.496439813742203473e-01
4.951150022057514200e+00 -8.957085480233543118e-01
4.963716392671873479e+00 -9.789896799545417805e-01
4.976282763286232758e+00 -9.461409922951619089e-01
4.988849133900592037e+00 -9.926158648797037687e-01
5.001415504514951316e+00 -8.948143094649221307e-01
5.013981875129309707e+00 -9.606921746308679788e-01
5.026548245743668986e+00 -9.905297558428436400e-01
5.039114616358028265e+00 -9.246596672248121873e-01
5.051680986972387544e+00 -1.064465030186702466e+00
5.064247357586746823e+00 -9.846090809110128461e-01
5.076813728201106102e+00 -9.882093659718041989e-01
5.089380098815465381e+00 -1.069064823215376991e+00
5.101946469429824660e+00 -9.048053624839814679e-01
5.114512840044183939e+00 -8.278009249855087237e-01
5.127079210658542330e+00 -1.010781835055907907e+00
5.139645581272901609e+00 -7.668895918066395145e-01
5.152211951887260888e+00 -1.008415330295594270e+00
5.164778322501620167e+00 -9.574087389418289851e-01
5.177344693115979446e+00 -9.322271581213479319e-01
5.189911063730338725e+00 -7.837216745869732826e-01
5.202477434344698004e+00 -8.618582931401764791e-01
5.215043804959057283e+00 -1.136370653197926295e+00
5.227610175573416562e+00 -8.190548435230412538e-01
5.240176546187774953e+00 -9.555982167839475183e-01
5.252742916802134232e+00 -9.597697506306469561e-01
5.265309287416492623e+00 -8.857276733086713039e-01
5.277875658030851902e+00 -8.878486038185814389e-01
5.290442028645211181e+00 -6.276352338093089678e-01
5.303008399259570460e+00 -8.162629699589674104e-01
5.315574769873929739e+00 -9.561119034168139574e-01
5.328141140488289018e+00 -7.054084700783797013e-01
5.340707511102648297e+00 -8.302585008953066170e-01
5.353273881717007576e+00 -7.065735224628719724e-01
5.365840252331366855e+00 -8.110087794694585961e-01
5.378406622945726134e+00 -7.852939725774005231e-01
5.390972993560084525e+00 -7.862273701836955953e-01
5.403539364174443804e+00 -7.431464320569826087e-01
5.416105734788803083e+00 -6.690803991573517351e-01
5.428672105403162362e+00 -6.619478129422303736e-01
5.441238476017521641e+00 -9.007305699547927258e-01
5.453804846631880920e+00 -7.499780308242243176e-01
5.466371217246240199e+00 -6.144366171905935037e-01
5.478937587860599479e+00 -6.641442070659607788e-01
5.491503958474958758e+00 -5.795967193967986875e-01
5.504070329089317148e+00 -8.616506648907628074e-01
5.516636699703676427e+00 -6.782251909733514328e-01
5.529203070318035707e+00 -8.022446162482469445e-01
5.541769440932394986e+00 -6.503835834626842116e-01
5.554335811546754265e+00 -6.301573663734563180e-01
5.566902182161113544e+00 -7.840512882606169853e-01
5.579468552775472823e+00 -6.700063715819793986e-01
5.592034923389832102e+00 -6.292310536062930559e-01
5.604601294004191381e+00 -6.243073072961456971e-01
5.617167664618549772e+00 -6.633415748281538127e-01
5.629734035232909051e+00 -7.560626484947201575e-01
5.642300405847268330e+00 -6.456402792837345750e-01
5.654866776461627609e+00 -4.750243725121049421e-01
5.667433147075986888e+00 -6.989023822262468988e-01
5.679999517690346167e+00 -6.400382396435195798e-01
5.692565888304705446e+00 -6.328589305771837870e-01
5.705132258919064725e+00 -6.392626291215784962e-01
5.717698629533424004e+00 -5.776503293144551465e-01
5.730265000147783283e+00 -4.345849353576533014e-01
5.742831370762141674e+00 -6.247459868526790139e-01
5.755397741376500953e+00 -5.085517928689013978e-01
5.767964111990860232e+00 -4.736439837772188355e-01
5.780530482605219511e+00 -5.730878004104351664e-01
5.793096853219578790e+00 -5.086520652698816036e-01
5.805663223833938069e+00 -4.451488464102144049e-01
5.818229594448297348e+00 -5.456362229953429788e-01
5.830795965062656627e+00 -6.497953450381706020e-01
5.843362335677015906e+00 -4.326296279953962265e-01
5.855928706291374297e+00 -1.884296290577871513e-01
5.868495076905733576e+00 -3.188084613429713610e-01
5.881061447520092855e+00 -2.088330503671158300e-01
5.893627818134452134e+00 -2.026477041664168643e-01
5.906194188748811413e+00 -3.625200663248251409e-01
5.918760559363170692e+00 -4.352988225710226478e-01
5.931326929977529971e+00 -3.007819700759114534e-01
5.943893300591889250e+00 -3.861538042779485425e-01
5.956459671206248530e+00 -2.988123116133186707e-01
5.969026041820606920e+00 -4.010852695213294461e-01
5.981592412434966199e+00 -2.915229377110936104e-01
5.994158783049325478e+00 -2.086156872888451641e-01
6.006725153663684758e+00 -3.789494182961274937e-01
6.019291524278044037e+00 -2.285607042489827823e-01
6.031857894892402427e+00 -2.098986804572329223e-01
6.044424265506761706e+00 -2.325438729478031541e-01
6.056990636121120986e+00 -2.801507620965231760e-01
6.069557006735480265e+00 -1.663359973153859528e-01
6.082123377349839544e+00 -5.981209796093595044e-02
6.094689747964198823e+00 -2.533935722731800455e-01
6.107256118578558102e+00 -1.718096837207848671e-01
6.119822489192916493e+00 1.194618365519800607e-02
6.132388859807275772e+00 -9.154783169320582226e-02
6.144955230421635051e+00 -9.110165622513903549e-02
6.157521601035994330e+00 -1.513784165933184933e-01
6.170087971650353609e+00 -1.501001609432685291e-01
6.182654342264712888e+00 -3.363821627927372770e-02
6.195220712879072167e+00 6.014327039901418148e-02
6.207787083493431446e+00 -6.604758340460782640e-02
6.220353454107790725e+00 5.044254040009125972e-02
6.232919824722149116e+00 -3.286083319131967717e-01
6.245486195336508395e+00 -6.339661694728693231e-02
6.258052565950867674e+00 -1.286702709964911984e-01
6.270618936565226953e+00 7.755310719110010409e-02
