0.000000000000000000e+00 -3.372100629497482190e-03
1.256637061435917323e-02 -5.243864660400183314e-02
2.513274122871834645e-02 8.776874176144415507e-02
3.769911184307751795e-02 8.314042013622471861e-03
5.026548245743669291e-02 -9.246863549754318068e-02
6.283185307179586787e-02 -3.393032390445599455e-01
7.539822368615503589e-02 1.248509772173339583e-01
8.796459430051420392e-02 7.042201564852926254e-02
1.005309649148733858e-01 1.785645444902702883e-01
1.130973355292325677e-01 2.874173667900312146e-02
1.256637061435917357e-01 2.283354876389123433e-01
1.382300767579508760e-01 5.893960047723713347e-02
1.507964473723100718e-01 1.803148118660103660e-01
1.633628179866692676e-01 2.884325742466119502e-01
1.759291886010284078e-01 2.355183930186910968e-01
1.884955592153875759e-01 2.933264639354144498e-01
2.010619298297467716e-01 2.246040546564772311e-01
2.136283004441059397e-01 9.847650829938049688e-02
2.261946710584651354e-01 1.203408066469353610e-01
2.387610416728242757e-01 3.473455148406401904e-01
2.513274122871834715e-01 4.634426869428376894e-01
2.638937829015426395e-01 2.997129523636535842e-01
2.764601535159017520e-01 4.213593253276858297e-01
2.890265241302609756e-01 3.285831101302509327e-01
3.015928947446201436e-01 1.828390157690915618e-01
3.141592653589793116e-01 1.858482915429998106e-01
3.267256359733385351e-01 2.959028630751194822e-01
3.392920065876976476e-01 4.397072021642218220e-01
3.518583772020568157e-01 4.261852643901243298e-01
3.644247478164160392e-01 2.772235206992512135e-01
3.769911184307751517e-01 3.275629173961638330e-01
3.895574890451343197e-01 3.518059260704864410e-01
4.021238596594935433e-01 4.273349335285411277e-01
4.146902302738527113e-01 4.123453886094770593e-01
4.272566008882118793e-01 3.666947811427105908e-01
4.398229715025711029e-01 4.144779530567209158e-01
4.523893421169302709e-01 3.486053599293619243e-01
4.649557127312893834e-01 2.484272436020565633e-01
4.775220833456485514e-01 3.827386819533221129e-01
4.900884539600077194e-01 6.681394598983277922e-01
5.026548245743669430e-01 3.790892354625017280e-01
5.152211951887261110e-01 3.948479595597026437e-01
5.277875658030852790e-01 6.346177458676819372e-01
5.403539364174444470e-01 4.341492963233547497e-01
5.529203070318035040e-01 5.379974707193150296e-01
5.654866776461627831e-01 5.318837963042307715e-01
5.780530482605219511e-01 5.067287040232130169e-01
5.906194188748811191e-01 6.300714414627348603e-01
6.031857894892402872e-01 6.210924004707080170e-01
6.157521601035994552e-01 5.219806890454236070e-01
6.283185307179586232e-01 6.037520760707988376e-01
6.408849013323177912e-01 6.811253499749325702e-01
6.534512719466770703e-01 7.321937721199778260e-01
6.660176425610361273e-01 6.080412544403279718e-01
6.785840131753952953e-01 6.498706261119971961e-01
6.911503837897544633e-01 6.638261730848674658e-01
7.037167544041136313e-01 7.189933096090523890e-01
7.162831250184729104e-01 5.859368739572669016e-01
7.288494956328320784e-01 7.080103411744593789e-01
7.414158662471912464e-01 5.556382268509132416e-01
7.539822368615503034e-01 6.764966951816147045e-01
7.665486074759094715e-01 7.911461727671984523e-01
7.791149780902686395e-01 7.217366866713624818e-01
7.916813487046279185e-01 8.730988679605025116e-01
8.042477193189870865e-01 8.049237164035489833e-01
8.168140899333462546e-01 9.030433372156196903e-01
8.293804605477054226e-01 7.849022979996265192e-01
8.419468311620645906e-01 5.096720445110702880e-01
8.545132017764237586e-01 8.551249724070710823e-01
8.670795723907829267e-01 6.596850301542953598e-01
8.796459430051422057e-01 7.674449328678684124e-01
8.922123136195013737e-01 9.467058047256101672e-01
9.047786842338605418e-01 6.955394751014374322e-01
9.173450548482194877e-01 7.235646927390013694e-01
9.299114254625787668e-01 7.852720118267435545e-01
9.424777960769379348e-01 6.479973951868520654e-01
9.550441666912971028e-01 6.676557964828305769e-01
9.676105373056562708e-01 8.921422616208309897e-01
9.801769079200154389e-01 8.071458111604543628e-01
9.927432785343746069e-01 1.095769675634300055e+00
1.005309649148733886e+00 6.921701228509784531e-01
1.017876019763092943e+00 6.926050671472882003e-01
1.030442390377452222e+00 7.198261042600484494e-01
1.043008760991811279e+00 8.332954219371920823e-01
1.055575131606170558e+00 8.495194371548333567e-01
1.068141502220529837e+00 9.796053218249571870e-01
1.080707872834888894e+00 9.362761942842712237e-01
1.093274243449248173e+00 9.528548714456792634e-01
1.105840614063607008e+00 1.016759610708506845e+00
1.118406984677966287e+00 9.736828891290195687e-01
1.130973355292325566e+00 1.173462012357436191e+00
1.143539725906684623e+00 8.740698760471253825e-01
1.156106096521043902e+00 8.803684914692319063e-01
1.168672467135402959e+00 1.090902182298152390e+00
1.181238837749762238e+00 8.947616878834225851e-01
1.193805208364121295e+00 8.123449755017650986e-01
1.206371578978480574e+00 9.749899260125610700e-01
1.218937949592839853e+00 1.092165086700395804e+00
1.231504320207198910e+00 7.986573922425274086e-01
1.244070690821558189e+00 8.961696152646835278e-01
1.256637061435917246e+00 8.281040343225857248e-01
1.269203432050276525e+00 8.028872839769833902e-01
1.281769802664635582e+00 9.363084039685406479e-01
1.294336173278994861e+00 1.065443745679095944e+00
1.306902543893354141e+00 8.760624021133973649e-01
1.319468914507712975e+00 9.191369802320715765e-01
1.332035285122072255e+00 8.554930680013542732e-01
1.344601655736431534e+00 8.175583338765423091e-01
1.357168026350790591e+00 1.080914796735842343e+00
1.369734396965149870e+00 9.356566363189370295e-01
1.382300767579508927e+00 1.054206592577993540e+00
1.394867138193868206e+00 8.363044349929896759e-01
1.407433508808227263e+00 1.007088764761962185e+00
1.419999879422586542e+00 9.333051536619099142e-01
1.432566250036945821e+00 8.627677664792230416e-01
1.445132620651304878e+00 8.895499757202578461e-01
1.457698991265664157e+00 8.212775740698794458e-01
1.470265361880023214e+00 9.076143930486806344e-01
1.482831732494382493e+00 9.241293876147820274e-01
1.495398103108741550e+00 8.397207616533435282e-01
1.507964473723100607e+00 9.455610827891497427e-01
1.520530844337459886e+00 9.299279089481703453e-01
1.533097214951818943e+00 9.265601192453485346e-01
1.545663585566178222e+00 1.053071489102233249e+00
1.558229956180537279e+00 8.935124383656222191e-01
1.570796326794896558e+00 1.219152104173885087e+00
1.583362697409255837e+00 9.184392966902699129e-01
1.595929068023614894e+00 1.023993611221058586e+00
1.608495438637974173e+00 1.006052079645172181e+00
1.621061809252333230e+00 8.996224034557134264e-01
1.633628179866692509e+00 1.114961309024493641e+00
1.646194550481051566e+00 9.097655720246244915e-01
1.658760921095410845e+00 1.016288938316932011e+00
1.671327291709770124e+00 1.018230097879138540e+00
1.683893662324129181e+00 8.798714439301607015e-01
1.696460032938488460e+00 1.100248310513507910e+00
1.709026403552847517e+00 9.635422213948087178e-01
1.721592774167206796e+00 9.277869148231256968e-01
1.734159144781565853e+00 8.123156145123292537e-01
1.746725515395925132e+00 1.011567544981724076e+00
1.759291886010284411e+00 9.800270224732440250e-01
1.771858256624643468e+00 7.923874694871122504e-01
1.784424627239002747e+00 1.172869490373041224e+00
1.796990997853361804e+00 1.046596692244446514e+00
1.809557368467721084e+00 9.839611138981405603e-01
1.822123739082079918e+00 9.762177193598375879e-01
1.834690109696438975e+00 1.130197138782784716e+00
1.847256480310798255e+00 9.151227960650490934e-01
1.859822850925157534e+00 7.731353268923670807e-01
1.872389221539516591e+00 1.011868845595705890e+00
1.884955592153875870e+00 1.048887149699352594e+00
1.897521962768234927e+00 1.097343572450159011e+00
1.910088333382594206e+00 8.968113993184759769e-01
1.922654703996953263e+00 9.788141398541150284e-01
1.935221074611312542e+00 8.570667611932071273e-01
1.947787445225671821e+00 9.258339924201285376e-01
1.960353815840030878e+00 9.308698503123873369e-01
1.972920186454390157e+00 8.147807363419456994e-01
1.985486557068749214e+00 8.154056040291807195e-01
1.998052927683108493e+00 9.130960150862535984e-01
2.010619298297467772e+00 8.720735803929742236e-01
2.023185668911826607e+00 9.237227401794393389e-01
2.035752039526185886e+00 8.165951116846670299e-01
2.048318410140545165e+00 8.094193158398749199e-01
2.060884780754904444e+00 7.328093515198559338e-01
2.073451151369263723e+00 1.023621724290754154e+00
2.086017521983622558e+00 9.402711793791552752e-01
2.098583892597981837e+00 9.879245197524075817e-01
2.111150263212341116e+00 1.003844909592854995e+00
2.123716633826700395e+00 8.173226009643265177e-01
2.136283004441059674e+00 8.215764809190624351e-01
2.148849375055418509e+00 8.465888415574820414e-01
2.161415745669777788e+00 7.996986919296300567e-01
2.173982116284137067e+00 8.911089644184434500e-01
2.186548486898496346e+00 1.026657874489936839e+00
2.199114857512855181e+00 8.438146011507737798e-01
2.211681228127214016e+00 8.758001743205964251e-01
2.224247598741573295e+00 8.062323498894864438e-01
2.236813969355932574e+00 9.213324641039642993e-01
2.249380339970291853e+00 6.765397229410476942e-01
2.261946710584651132e+00 6.490855186436788049e-01
2.274513081199009967e+00 7.463368151701051945e-01
2.287079451813369246e+00 8.849963101168619728e-01
2.299645822427728525e+00 8.992846848732145570e-01
2.312212193042087804e+00 7.655288423302625267e-01
2.324778563656447083e+00 8.510142958774948863e-01
2.337344934270805918e+00 8.422213264233682217e-01
2.349911304885165197e+00 6.578849329953047054e-01
2.362477675499524477e+00 7.951710983112780795e-01
2.375044046113883756e+00 6.617753911279951051e-01
2.387610416728242591e+00 7.005992976243177184e-01
2.400176787342601870e+00 7.046954676002195050e-01
2.412743157956961149e+00 8.462178019872392820e-01
2.425309528571320428e+00 6.133819354077871822e-01
2.437875899185679707e+00 6.514735037806337337e-01
2.450442269800038542e+00 7.369743494115272853e-01
2.463008640414397821e+00 7.568914446790179218e-01
2.475575011028757100e+00 6.147147224499919238e-01
2.488141381643116379e+00 5.821121943318217085e-01
2.500707752257475658e+00 8.460654733425171381e-01
2.513274122871834493e+00 4.396924976125835549e-01
2.525840493486193772e+00 6.905494350936868253e-01
2.538406864100553051e+00 6.305766818175363442e-01
2.550973234714912330e+00 4.927013856892964450e-01
2.563539605329271165e+00 6.211248861100369112e-01
2.576105975943630444e+00 5.562570471547055861e-01
2.588672346557989723e+00 5.602009379708566827e-01
2.601238717172349002e+00 4.928937321335293831e-01
2.613805087786708281e+00 5.815738427263861254e-01
2.626371458401067116e+00 4.135119168801267842e-01
2.638937829015425951e+00 6.417601053498206420e-01
2.651504199629785230e+00 4.267615693346764605e-01
2.664070570244144509e+00 4.131748561112602580e-01
2.676636940858503788e+00 4.414472703486743144e-01
2.689203311472863067e+00 2.939048450803014578e-01
2.701769682087221902e+00 6.244393969045157755e-01
2.714336052701581181e+00 1.807025810238310770e-01
2.726902423315940460e+00 2.547977436708173116e-01
2.739468793930299739e+00 4.301086577837773817e-01
2.752035164544658574e+00 4.236563425874210198e-01
2.764601535159017853e+00 4.227846766097347886e-01
2.777167905773377132e+00 4.588657571088421427e-01
2.789734276387736411e+00 3.213676698158138834e-01
2.802300647002095690e+00 3.650156178114092320e-01
2.814867017616454525e+00 4.239024754717954924e-01
2.827433388230813804e+00 2.731290954987138919e-01
2.839999758845173083e+00 3.667410164639439141e-01
2.852566129459532362e+00 1.538217592650227283e-01
2.865132500073891642e+00 2.671545991752976579e-01
2.877698870688250476e+00 5.212307335288233201e-01
2.890265241302609756e+00 3.029648094088523980e-01
2.902831611916969035e+00 4.110244018610428318e-01
2.915397982531328314e+00 1.751946206638611003e-01
2.927964353145687149e+00 3.320548833758527052e-01
2.940530723760046428e+00 2.789809823052658011e-01
2.953097094374405707e+00 4.455563700450057563e-02
2.965663464988764986e+00 3.055973554273402892e-02
2.978229835603124265e+00 2.679637138120905537e-01
2.990796206217483100e+00 2.210539125800412841e-01
3.003362576831842379e+00 1.319348969450293008e-01
3.015928947446201214e+00 1.469678682032069250e-01
3.028495318060560493e+00 -6.195927962338057537e-02
3.041061688674919772e+00 1.575554331614215098e-02
3.053628059289279051e+00 3.731659500994202738e-03
3.066194429903637886e+00 -1.448356386476298274e-01
3.078760800517997165e+00 2.103421600753366261e-02
3.091327171132356444e+00 1.235062530362479871e-01
3.103893541746715723e+00 -8.530762302481145753e-02
3.116459912361074558e+00 2.398702107633582103e-01
3.129026282975433837e+00 1.638860603413510308e-01
3.141592653589793116e+00 1.353323782003066356e-01
3.154159024204152395e+00 8.219772668439850882e-02
3.166725394818511674e+00 -1.229594084109018048e-01
3.179291765432870509e+00 -4.228276437356509598e-02
3.191858136047229788e+00 -1.072987137221794729e-01
3.204424506661589067e+00 -1.297080556236367421e-01
3.216990877275948346e+00 3.453414787173943179e-02
3.229557247890307181e+00 3.432571569564810132e-02
3.242123618504666460e+00 -4.051305797415367949e-02
3.254689989119025739e+00 -1.632072705368853294e-02
3.267256359733385018e+00 4.511999630525706517e-02
3.279822730347744297e+00 -1.302477402345577351e-01
3.292389100962103132e+00 -6.323468563291306799e-02
3.304955471576462411e+00 -6.966733164613554685e-02
3.317521842190821690e+00 -1.868786163225303332e-01
3.330088212805180969e+00 -1.563548461219708141e-01
3.342654583419540248e+00 -1.472208615151749111e-01
3.355220954033899083e+00 -2.012338446306187745e-01
3.367787324648258362e+00 -1.129384760768005758e-01
3.380353695262617642e+00 -2.466302841353266162e-01
3.392920065876976921e+00 -2.088364024713935119e-01
3.405486436491335756e+00 -2.568779448679035515e-01
3.418052807105695035e+00 -2.269569206734219913e-01
3.430619177720054314e+00 -2.202970406855499497e-01
3.443185548334413593e+00 -2.568288326570858926e-01
3.455751918948772872e+00 -3.320804441585656352e-01
3.468318289563131707e+00 -2.829564899740230066e-01
3.480884660177490986e+00 -2.820436283713929071e-01
3.493451030791850265e+00 -2.395853246297676986e-01
3.506017401406209544e+00 -4.784576492119756996e-01
3.518583772020568823e+00 -3.545556236608334855e-01
3.531150142634927658e+00 -5.545970219928675338e-01
3.543716513249286937e+00 -4.205354608812753026e-01
3.556282883863646216e+00 -5.950377695627544483e-01
3.568849254478005495e+00 -3.906433566204888796e-01
3.581415625092364330e+00 -3.712517633131002803e-01
3.593981995706723609e+00 -2.509119939772914698e-01
3.606548366321082888e+00 -3.311733317234324403e-01
3.619114736935442167e+00 -4.584220385309181744e-01
3.631681107549800558e+00 -5.116550014649233757e-01
3.644247478164159837e+00 -3.133141271681927909e-01
3.656813848778519116e+00 -4.668306282894256753e-01
3.669380219392877951e+00 -4.550536060297185603e-01
3.681946590007237230e+00 -6.366381650226600186e-01
3.694512960621596509e+00 -4.628510568331270503e-01
3.707079331235955788e+00 -6.119260065671840998e-01
3.719645701850315067e+00 -4.981096419671012798e-01
3.732212072464673902e+00 -3.581593980909037467e-01
3.744778443079033181e+00 -5.584497881003438469e-01
3.757344813693392460e+00 -4.975256998601069736e-01
3.769911184307751739e+00 -6.227657262629553436e-01
3.782477554922110574e+00 -7.686589460085837544e-01
3.795043925536469853e+00 -6.657314332530508416e-01
3.807610296150829132e+00 -6.915331374173471213e-01
3.820176666765188411e+00 -9.210056608550838408e-01
3.832743037379547690e+00 -6.975845914670202319e-01
3.845309407993906525e+00 -6.477863504673421202e-01
3.857875778608265804e+00 -6.083901168678707005e-01
3.870442149222625083e+00 -6.160513662699319548e-01
3.883008519836984362e+00 -7.571806697524892105e-01
3.895574890451343641e+00 -8.327341919043282914e-01
3.908141261065702476e+00 -6.736517542855371410e-01
3.920707631680061755e+00 -7.204429916847300275e-01
3.933274002294421035e+00 -6.249279736236748040e-01
3.945840372908780314e+00 -4.417787311595888777e-01
3.958406743523139149e+00 -6.934576414358191165e-01
3.970973114137498428e+00 -6.569644609232472288e-01
3.983539484751857707e+00 -9.505325088591828342e-01
3.996105855366216986e+00 -8.152822397997295800e-01
4.008672225980576265e+00 -8.852160672626052662e-01
4.021238596594935544e+00 -8.311962809494639615e-01
4.033804967209294823e+00 -8.984226875093117570e-01
4.046371337823653214e+00 -6.482032369547034989e-01
4.058937708438012493e+00 -8.443146299602262150e-01
4.071504079052371772e+00 -7.742338206376847554e-01
4.084070449666731051e+00 -9.222683301812237833e-01
4.096636820281090330e+00 -9.250640833624266257e-01
4.109203190895449609e+00 -5.474884516435907234e-01
4.121769561509808888e+00 -9.255154293868836923e-01
4.134335932124168167e+00 -9.591069165429455534e-01
4.146902302738527446e+00 -8.264044312658505032e-01
4.159468673352886725e+00 -8.017964448983501136e-01
4.172035043967245116e+00 -7.859443086573170145e-01
4.184601414581604395e+00 -8.203829320740664288e-01
4.197167785195963674e+00 -8.715850270304350556e-01
4.209734155810322953e+00 -8.293321932471382496e-01
4.222300526424682232e+00 -7.812313156593513330e-01
4.234866897039041511e+00 -9.993183475200954069e-01
4.247433267653400790e+00 -8.932763770863056951e-01
4.259999638267760069e+00 -9.610665465002942165e-01
4.272566008882119348e+00 -9.667979427933801606e-01
4.285132379496477739e+00 -9.569694143652441864e-01
4.297698750110837018e+00 -9.734735762652668711e-01
4.310265120725196297e+00 -9.157714077992146207e-01
4.322831491339555576e+00 -9.773482791405393444e-01
4.335397861953914855e+00 -9.309322578910742552e-01
4.347964232568274134e+00 -1.017365399574912566e+00
4.360530603182633413e+00 -9.752129613959262810e-01
4.373096973796992692e+00 -8.974636211474850134e-01
4.385663344411351972e+00 -8.311975077951436752e-01
4.398229715025710362e+00 -9.008031999362938747e-01
4.410796085640069641e+00 -8.385716253627473193e-01
4.423362456254428032e+00 -8.492693134534572419e-01
4.435928826868787311e+00 -1.266235355614896640e+00
4.448495197483146590e+00 -9.827749128596796613e-01
4.461061568097505869e+00 -8.449368705565212245e-01
4.473627938711865148e+00 -1.024358702267202492e+00
4.486194309326224428e+00 -9.408316742564504231e-01
4.498760679940583707e+00 -8.722754869281013068e-01
4.511327050554942986e+00 -1.066598817670082910e+00
4.523893421169302265e+00 -9.892630100741248711e-01
4.536459791783661544e+00 -9.782629194430830788e-01
4.549026162398019935e+00 -1.040300405461580757e+00
4.561592533012379214e+00 -8.869621928138575750e-01
4.574158903626738493e+00 -9.428524150587015429e-01
4.586725274241097772e+00 -1.047601892244395039e+00
4.599291644855457051e+00 -7.879101944995001716e-01
4.611858015469816330e+00 -8.291191809224256470e-01
4.624424386084175609e+00 -7.114511472120379487e-01
4.636990756698534888e+00 -1.014538431803748697e+00
4.649557127312894167e+00 -1.078720987927897390e+00
4.662123497927252558e+00 -1.106037895830807249e+00
4.674689868541611837e+00 -9.503780061087429010e-01
4.687256239155971116e+00 -1.046098155159302712e+00
4.699822609770330395e+00 -1.071456309868340728e+00
4.712388980384689674e+00 -1.023920125574084183e+00
4.724955350999048953e+00 -1.060387208987693786e+00
4.737521721613408232e+00 -9.717111928107247110e-01
4.750088092227767511e+00 -9.272036955909136458e-01
4.762654462842126790e+00 -9.093124259108624763e-01
4.775220833456485181e+00 -1.042127454046725799e+00
4.787787204070844460e+00 -1.189483205324930681e+00
4.800353574685203739e+00 -9.863154701538910940e-01
4.812919945299563018e+00 -1.078136105211789930e+00
4.825486315913922297e+00 -1.303463473477375345e+00
4.838052686528281576e+00 -8.347161465616057541e-01
4.850619057142640855e+00 -9.229122053333572717e-01
4.863185427757000134e+00 -9.689737330367005352e-01
4.875751798371359413e+00 -1.103214513411489239e+00
4.888318168985717804e+00 -1.037314152488013397e+00
4.900884539600077083e+00 -1.066660697842250816e+00
4.913450910214436362e+00 -1.013427436010358340e+00
4.926017280828795641e+00 -1.066860308087699938e+00
4.938583651443154920e+00 -9.207393717952359058e-01
4.951150022057514200e+00 -9.658831766368051186e-01
4.963716392671873479e+00 -1.008693923413712890e+00
4.976282763286232758e+00 -9.312868545780548235e-01
4.988849133900592037e+00 -7.398906674392563554e-01
5.001415504514951316e+00 -9.346704315861624757e-01
5.013981875129309707e+00 -8.184655320366328590e-01
5.026548245743668986e+00 -1.073234784912810102e+00
5.039114616358028265e+00 -9.128538778005643728e-01
5.051680986972387544e+00 -8.716199953555356927e-01
5.064247357586746823e+00 -9.313990318265352730e-01
5.076813728201106102e+00 -7.892221295863873776e-01
5.089380098815465381e+00 -9.381231321827045999e-01
5.101946469429824660e+00 -8.233396640825065838e-01
5.114512840044183939e+00 -1.122417879252966877e+00
5.127079210658542330e+00 -9.906919524399382393e-01
5.139645581272901609e+00 -1.027421668088505324e+00
5.152211951887260888e+00 -8.572175392524934434e-01
5.164778322501620167e+00 -1.111972268839517275e+00
5.177344693115979446e+00 -9.734401737056261883e-01
5.189911063730338725e+00 -1.108912411743910642e+00
5.202477434344698004e+00 -7.207607656967333076e-01
5.215043804959057283e+00 -8.459701189958092060e-01
5.227610175573416562e+00 -7.541965871632536622e-01
5.240176546187774953e+00 -8.643535935688702043e-01
5.252742916802134232e+00 -8.684553107466425059e-01
5.265309287416492623e+00 -9.104970278422490626e-01
5.277875658030851902e+00 -1.002785302544838553e+00
5.290442028645211181e+00 -9.041197985523355962e-01
5.303008399259570460e+00 -8.714283643352478403e-01
5.315574769873929739e+00 -7.075874028387056924e-01
5.328141140488289018e+00 -7.822290999889929264e-01
5.340707511102648297e+00 -9.023181350944994294e-01
5.353273881717007576e+00 -8.816334467811905995e-01
5.365840252331366855e+00 -8.500599352919795404e-01
5.378406622945726134e+00 -7.391546361536323051e-01
5.390972993560084525e+00 -7.457766850441641671e-01
5.403539364174443804e+00 -7.874836169882988290e-01
5.416105734788803083e+00 -7.850773126520298462e-01
5.428672105403162362e+00 -8.614224036774197346e-01
5.441238476017521641e+00 -1.019952568812315663e+00
5.453804846631880920e+00 -7.721886090698748539e-01
5.466371217246240199e+00 -7.801460536950799440e-01
5.478937587860599479e+00 -7.756406971486061730e-01
5.491503958474958758e+00 -7.258233714932851299e-01
5.504070329089317148e+00 -7.672393320178827469e-01
5.516636699703676427e+00 -9.008074361201192648e-01
5.529203070318035707e+00 -6.195771482360920013e-01
5.541769440932394986e+00 -5.663975174078261787e-01
5.554335811546754265e+00 -7.178256553091710845e-01
5.566902182161113544e+00 -5.171456101524569693e-01
5.579468552775472823e+00 -6.505154813425237936e-01
5.592034923389832102e+00 -5.350887836222950611e-01
5.604601294004191381e+00 -6.967828553529559210e-01
5.617167664618549772e+00 -5.786132918716565543e-01
5.629734035232909051e+00 -7.754565802676798292e-01
5.642300405847268330e+00 -7.089990260788774368e-01
5.654866776461627609e+00 -7.403757251611242651e-01
5.667433147075986888e+00 -6.018607809304259426e-01
5.679999517690346167e+00 -5.755452334058501762e-01
5.692565888304705446e+00 -5.185376497614534452e-01
5.705132258919064725e+00 -6.104495449916019778e-01
5.717698629533424004e+00 -3.302961537759486754e-01
5.730265000147783283e+00 -5.134265744007219245e-01
5.742831370762141674e+00 -4.038644175155076121e-01
5.755397741376500953e+00 -6.669325539909530809e-01
5.767964111990860232e+00 -3.544415256610896625e-01
5.780530482605219511e+00 -4.261039234016149035e-01
5.793096853219578790e+00 -3.711093380969187061e-01
5.805663223833938069e+00 -4.327360836479078876e-01
5.818229594448297348e+00 -5.228045002630454796e-01
5.830795965062656627e+00 -4.058053932863771029e-01
5.843362335677015906e+00 -5.443854953651025008e-01
5.855928706291374297e+00 -4.025157824163868581e-01
5.868495076905733576e+00 -4.711710870320556244e-01
5.881061447520092855e+00 -2.107445392351953439e-01
5.893627818134452134e+00 -3.187008942760590768e-01
5.906194188748811413e+00 -3.838420662885820844e-01
5.918760559363170692e+00 -3.825429816611957134e-01
5.931326929977529971e+00 -5.406006867019539364e-01
5.943893300591889250e+00 -4.744117197153305265e-01
5.956459671206248530e+00 -3.999224732671057270e-01
5.969026041820606920e+00 -1.841209261522373242e-01
5.981592412434966199e+00 -2.076907190141253357e-01
5.994158783049325478e+00 -2.362451691358872785e-01
6.006725153663684758e+00 -2.274591854818791004e-01
6.019291524278044037e+00 -3.702663381873083637e-01
6.031857894892402427e+00 -2.987635234079389357e-01
6.044424265506761706e+00 -3.020056006584557751e-01
6.056990636121120986e+00 -7.865218252922481779e-02
6.069557006735480265e+00 -3.492382281724833448e-01
6.082123377349839544e+00 -1.706586426221470831e-01
6.094689747964198823e+00 -1.441339083619313510e-01
6.107256118578558102e+00 -2.094244740190513709e-01
6.119822489192916493e+00 -1.538109259321010502e-01
6.132388859807275772e+00 -1.859627210170658740e-01
6.144955230421635051e+00 -1.222101088895058141e-01
6.157521601035994330e+00 -1.412199024003573666e-01
6.170087971650353609e+00 -6.900557541092422476e-03
6.182654342264712888e+00 -1.430558833481757608e-01
6.195220712879072167e+00 -1.251335952964229004e-01
6.207787083493431446e+00 -1.586242945453362196e-01
6.220353454107790725e+00 1.523927412171756091e-01
6.232919824722149116e+00 5.698430210899999016e-02
6.245486195336508395e+00 -2.329992380919380934e-01
6.258052565950867674e+00 -1.966141480305493849e-01
6.270618936565226953e+00 3.319334339992145722e-02
