0.000000000000000000e+00 1.247927532297372910e-02
1.256637061435917323e-02 1.786059072387927715e-01
2.513274122871834645e-02 2.263371432172432418e-01
3.769911184307751795e-02 1.043950959922714528e-01
5.026548245743669291e-02 5.112258013838550524e-02
6.283185307179586787e-02 1.196732217987395847e-01
7.539822368615503589e-02 1.152396524067799133e-01
8.796459430051420392e-02 1.446943014987110421e-01
1.005309649148733858e-01 2.183080101156042174e-01
1.130973355292325677e-01 1.940190340786020484e-01
1.256637061435917357e-01 -1.841486463793959305e-02
1.382300767579508760e-01 1.984940492868023654e-01
1.507964473723100718e-01 1.961206870343875364e-01
1.633628179866692676e-01 8.450764276673229658e-02
1.759291886010284078e-01 8.135817473831793989e-02
1.884955592153875759e-01 4.588939702538046839e-01
2.010619298297467716e-01 1.128605161676075885e-01
2.136283004441059397e-01 1.285022772631960741e-01
2.261946710584651354e-01 3.029017482407430073e-01
2.387610416728242757e-01 2.692362436830446626e-01
2.513274122871834715e-01 1.412887089487341874e-01
2.638937829015426395e-01 3.698102791747580054e-01
2.764601535159017520e-01 1.018513630382551771e-01
2.890265241302609756e-01 2.799645888255360426e-01
3.015928947446201436e-01 1.687968529147365060e-01
3.141592653589793116e-01 3.175653040170914876e-01
3.267256359733385351e-01 4.369337419357890440e-01
3.392920065876976476e-01 4.128795315908271313e-01
3.518583772020568157e-01 2.362753214479249297e-01
3.644247478164160392e-01 2.828489750562841465e-01
3.769911184307751517e-01 5.408384878476292235e-01
3.895574890451343197e-01 2.940712060823745810e-01
4.021238596594935433e-01 4.716364227396519504e-01
4.146902302738527113e-01 3.599891747435234879e-01
4.272566008882118793e-01 4.314377437574560270e-01
4.398229715025711029e-01 3.117831393463152412e-01
4.523893421169302709e-01 5.331085253691959513e-01
4.649557127312893834e-01 2.932803762966883498e-01
4.775220833456485514e-01 4.860140940899770334e-01
4.900884539600077194e-01 6.324268277463219734e-01
5.026548245743669430e-01 4.621161685593538904e-01
5.152211951887261110e-01 7.860336547177910749e-01
5.277875658030852790e-01 2.992663332018735689e-01
5.403539364174444470e-01 6.844385927753998677e-01
5.529203070318035040e-01 6.809879377785311716e-01
5.654866776461627831e-01 5.568383895162112296e-01
5.780530482605219511e-01 4.774414178532006003e-01
5.906194188748811191e-01 5.323225902502607410e-01
6.031857894892402872e-01 5.452872417314191811e-01
6.157521601035994552e-01 6.943281393291295123e-01
6.283185307179586232e-01 4.984208285152395002e-01
6.408849013323177912e-01 6.754696135283320135e-01
6.534512719466770703e-01 7.511219515597896690e-01
6.660176425610361273e-01 6.060513752083215300e-01
6.785840131753952953e-01 6.251698148117565967e-01
6.911503837897544633e-01 5.873265307510809885e-01
7.037167544041136313e-01 6.468642389666158232e-01
7.162831250184729104e-01 7.350753390954952726e-01
7.288494956328320784e-01 6.461680671728495806e-01
7.414158662471912464e-01 4.794775582904008404e-01
7.539822368615503034e-01 6.951143324308852733e-01
7.665486074759094715e-01 5.698858585479217309e-01
7.791149780902686395e-01 9.074682740433672734e-01
7.916813487046279185e-01 8.038829349263492130e-01
8.042477193189870865e-01 6.629252711476906201e-01
8.168140899333462546e-01 6.487921598189168026e-01
8.293804605477054226e-01 7.025955024158910822e-01
8.419468311620645906e-01 7.537279977558369870e-01
8.545132017764237586e-01 8.507572170523864941e-01
8.670795723907829267e-01 7.633375100278281256e-01
8.796459430051422057e-01 6.970559553278363740e-01
8.922123136195013737e-01 9.719465655626471356e-01
9.047786842338605418e-01 8.048957717208942153e-01
9.173450548482194877e-01 8.008717760309971290e-01
9.299114254625787668e-01 8.669736035349872028e-01
9.424777960769379348e-01 6.826674043776450596e-01
9.550441666912971028e-01 6.491042439607198622e-01
9.676105373056562708e-01 1.032961417925500891e+00
9.801769079200154389e-01 7.485892161350831131e-01
9.927432785343746069e-01 8.875936569963454037e-01
1.005309649148733886e+00 8.165047995292873395e-01
1.017876019763092943e+00 8.347867627836229598e-01
1.030442390377452222e+00 6.815280419546314583e-01
1.043008760991811279e+00 8.507054014737682746e-01
1.055575131606170558e+00 7.487473261684208792e-01
1.068141502220529837e+00 8.090693847286589691e-01
1.080707872834888894e+00 1.034266072103829037e+00
1.093274243449248173e+00 9.495636491734862350e-01
1.105840614063607008e+00 1.135380423731056077e+00
1.118406984677966287e+00 9.187991430469312215e-01
1.130973355292325566e+00 1.030021785783634458e+00
1.143539725906684623e+00 7.813291379749718324e-01
1.156106096521043902e+00 1.210144720006900876e+00
1.168672467135402959e+00 9.687980941790044209e-01
1.181238837749762238e+00 1.018237491491971625e+00
1.193805208364121295e+00 8.479280582633808017e-01
1.206371578978480574e+00 9.324892486425965243e-01
1.218937949592839853e+00 8.020096745482998557e-01
1.231504320207198910e+00 1.143512438392740860e+00
1.244070690821558189e+00 9.577800517412476955e-01
1.256637061435917246e+00 1.040378059217758722e+00
1.269203432050276525e+00 9.837723235192082916e-01
1.281769802664635582e+00 9.608199065843507913e-01
1.294336173278994861e+00 9.981178177603914348e-01
1.306902543893354141e+00 6.848997762607291762e-01
1.319468914507712975e+00 9.301580740279936643e-01
1.332035285122072255e+00 9.451424318212935383e-01
1.344601655736431534e+00 9.405935441559375443e-01
1.357168026350790591e+00 9.124600478830304784e-01
1.369734396965149870e+00 1.031895917535468943e+00
1.382300767579508927e+00 1.036829613807425776e+00
1.394867138193868206e+00 9.378448249548585469e-01
1.407433508808227263e+00 9.287805203990424641e-01
1.419999879422586542e+00 1.101272980753477571e+00
1.432566250036945821e+00 9.152186283644890841e-01
1.445132620651304878e+00 9.884094886412728709e-01
1.457698991265664157e+00 9.089986527057648535e-01
1.470265361880023214e+00 1.000526200599159754e+00
1.482831732494382493e+00 8.666896013311754521e-01
1.495398103108741550e+00 1.073938691570137660e+00
1.507964473723100607e+00 9.574926198106317177e-01
1.520530844337459886e+00 1.210815607166910945e+00
1.533097214951818943e+00 9.753015588942369751e-01
1.545663585566178222e+00 7.893375109728030248e-01
1.558229956180537279e+00 9.945865421889578117e-01
1.570796326794896558e+00 1.084010058702246759e+00
1.583362697409255837e+00 1.088564159732708925e+00
1.595929068023614894e+00 9.099597645595046691e-01
1.608495438637974173e+00 9.537607998077346494e-01
1.621061809252333230e+00 9.304196767530982237e-01
1.633628179866692509e+00 1.005049057847513305e+00
1.646194550481051566e+00 1.128845008652990423e+00
1.658760921095410845e+00 9.019923003803539396e-01
1.671327291709770124e+00 9.520557728086670446e-01
1.683893662324129181e+00 8.769592651562125862e-01
1.696460032938488460e+00 1.022553647425913814e+00
1.709026403552847517e+00 1.145733414126725913e+00
1.721592774167206796e+00 8.923001879664322900e-01
1.734159144781565853e+00 1.001521781375677156e+00
1.746725515395925132e+00 9.781601610147694359e-01
1.759291886010284411e+00 9.162000078295555738e-01
1.771858256624643468e+00 1.044920920626433825e+00
1.784424627239002747e+00 9.611566461298036712e-01
1.796990997853361804e+00 8.868532856207307358e-01
1.809557368467721084e+00 1.021527385607987171e+00
1.822123739082079918e+00 1.017803513719246267e+00
1.834690109696438975e+00 8.241014989850748984e-01
1.847256480310798255e+00 8.243035934120693797e-01
1.859822850925157534e+00 6.889510507081852975e-01
1.872389221539516591e+00 9.835095607995555378e-01
1.884955592153875870e+00 9.870570453759750507e-01
1.897521962768234927e+00 9.738263545961033385e-01
1.910088333382594206e+00 1.093940717661307627e+00
1.922654703996953263e+00 1.006162957472664710e+00
1.935221074611312542e+00 9.120984913084911883e-01
1.947787445225671821e+00 8.936285847742225785e-01
1.960353815840030878e+00 9.782576131581055545e-01
1.972920186454390157e+00 8.610845491194388801e-01
1.985486557068749214e+00 1.060354628885107120e+00
1.998052927683108493e+00 7.203459519793393717e-01
2.010619298297467772e+00 9.696944325498985107e-01
2.023185668911826607e+00 9.333615735595023333e-01
2.035752039526185886e+00 9.322165928875170149e-01
2.048318410140545165e+00 1.139278286788541594e+00
2.060884780754904444e+00 6.786820237124208122e-01
2.073451151369263723e+00 8.779413297088342061e-01
2.086017521983622558e+00 7.459884815516558687e-01
2.098583892597981837e+00 7.693096000541558288e-01
2.111150263212341116e+00 9.830399481613176782e-01
2.123716633826700395e+00 9.165083672664678938e-01
2.136283004441059674e+00 7.460824281444307093e-01
2.148849375055418509e+00 9.397072199131600856e-01
2.161415745669777788e+00 9.756621982663418180e-01
2.173982116284137067e+00 9.353826916032260685e-01
2.186548486898496346e+00 8.596596846271647996e-01
2.199114857512855181e+00 7.772303251419376835e-01
2.211681228127214016e+00 8.855484369320170135e-01
2.224247598741573295e+00 6.862517443854919685e-01
2.236813969355932574e+00 8.067562403801907811e-01
2.249380339970291853e+00 7.414040266290461423e-01
2.261946710584651132e+00 6.998529589344282265e-01
2.274513081199009967e+00 8.735457909608252969e-01
2.287079451813369246e+00 8.082702848193137335e-01
2.299645822427728525e+00 5.680998614135159830e-01
2.312212193042087804e+00 6.435571099463245348e-01
2.324778563656447083e+00 7.872950241682720174e-01
2.337344934270805918e+00 7.131467156251525275e-01
2.349911304885165197e+00 7.136418286541573730e-01
2.362477675499524477e+00 7.089479855647580209e-01
2.375044046113883756e+00 7.204639387756271995e-01
2.387610416728242591e+00 6.666717599716452947e-01
2.400176787342601870e+00 6.325951887912854010e-01
2.412743157956961149e+00 6.671244319582917415e-01
2.425309528571320428e+00 7.079775695345235098e-01
2.437875899185679707e+00 6.748129807681061409e-01
2.450442269800038542e+00 4.463778900566721664e-01
2.463008640414397821e+00 7.704682257211582508e-01
2.475575011028757100e+00 4.865756744396461109e-01
2.488141381643116379e+00 5.790563648979161204e-01
2.500707752257475658e+00 6.268666054628205808e-01
2.513274122871834493e+00 7.145270193525282698e-01
2.525840493486193772e+00 5.252000551519868665e-01
2.538406864100553051e+00 5.028506351874457714e-01
2.550973234714912330e+00 4.545217481574270191e-01
2.563539605329271165e+00 6.833594479250859610e-01
2.576105975943630444e+00 6.887453824462556051e-01
2.588672346557989723e+00 5.599953562320562073e-01
2.601238717172349002e+00 6.049198178451528074e-01
2.613805087786708281e+00 4.547789357696863100e-01
2.626371458401067116e+00 5.401218845566407856e-01
2.638937829015425951e+00 3.407092244589313701e-01
2.651504199629785230e+00 5.190237536218862413e-01
2.664070570244144509e+00 4.428508474206245826e-01
2.676636940858503788e+00 5.668837207692007940e-01
2.689203311472863067e+00 4.874487981145240179e-01
2.701769682087221902e+00 4.581050203771328544e-01
2.714336052701581181e+00 4.900801750343222185e-01
2.726902423315940460e+00 4.049028801168219616e-01
2.739468793930299739e+00 4.055298442898924161e-01
2.752035164544658574e+00 2.144730953292514342e-01
2.764601535159017853e+00 4.162425242152978933e-01
2.777167905773377132e+00 3.049903306622565591e-01
2.789734276387736411e+00 1.510344812769128520e-01
2.802300647002095690e+00 3.059643821097424166e-01
2.814867017616454525e+00 2.516409892041034935e-01
2.827433388230813804e+00 1.805975559492916660e-01
2.839999758845173083e+00 3.494715307682719763e-01
2.852566129459532362e+00 3.049690235361592894e-01
2.865132500073891642e+00 2.074471708831142347e-01
2.877698870688250476e+00 2.795115032398813315e-01
2.890265241302609756e+00 3.039900933819741358e-01
2.902831611916969035e+00 2.684418225449023421e-01
2.915397982531328314e+00 2.100412248185175024e-01
2.927964353145687149e+00 1.064505536952104203e-01
2.940530723760046428e+00 2.293919553134062816e-01
2.953097094374405707e+00 2.236131091150679318e-01
2.965663464988764986e+00 7.500337205004244112e-02
2.978229835603124265e+00 2.377444531013445939e-01
2.990796206217483100e+00 9.379388307176066142e-02
3.003362576831842379e+00 9.040637064912192267e-02
3.015928947446201214e+00 1.024413928883828873e-01
3.028495318060560493e+00 9.617176108151578862e-02
3.041061688674919772e+00 6.030244804004376152e-02
3.053628059289279051e+00 8.825083061092212078e-03
3.066194429903637886e+00 4.854069036898087108e-02
3.078760800517997165e+00 4.694837550552194427e-02
3.091327171132356444e+00 2.651759845964270917e-02
3.103893541746715723e+00 3.392047215712990643e-02
3.116459912361074558e+00 6.942890886165327402e-02
3.129026282975433837e+00 2.962453492290515605e-02
3.141592653589793116e+00 -8.500534640197118796e-02
3.154159024204152395e+00 -9.740348468897744305e-02
3.166725394818511674e+00 -7.709437674377407623e-03
3.179291765432870509e+00 7.568658351569523823e-02
3.191858136047229788e+00 1.127461475916666372e-01
3.204424506661589067e+00 -1.352744019429967526e-03
3.216990877275948346e+00 1.506795697228207609e-01
3.229557247890307181e+00 -2.628092955877733838e-01
3.242123618504666460e+00 -1.459006521940932055e-01
3.254689989119025739e+00 -1.092484097930980225e-01
3.267256359733385018e+00 -2.461061917189831805e-01
3.279822730347744297e+00 -1.528727938929854702e-01
3.292389100962103132e+00 -7.388294297061655247e-02
3.304955471576462411e+00 -2.637602412742708347e-01
3.317521842190821690e+00 -4.376164372227164256e-01
3.330088212805180969e+00 -1.667990994981417563e-01
3.342654583419540248e+00 -2.088037949389128789e-01
3.355220954033899083e+00 -3.574632764866971235e-01
3.367787324648258362e+00 -3.265801572756677484e-01
3.380353695262617642e+00 -3.152958912234995470e-01
3.392920065876976921e+00 -3.037810739253090642e-01
3.405486436491335756e+00 -3.569596162043123799e-01
3.418052807105695035e+00 -4.157622345253003671e-01
3.430619177720054314e+00 -2.300733506440590936e-01
3.443185548334413593e+00 -2.228985804798502834e-01
3.455751918948772872e+00 -2.461520463699636285e-01
3.468318289563131707e+00 -4.108805728759111764e-01
3.480884660177490986e+00 -4.532751091942251453e-01
3.493451030791850265e+00 -3.775928323005472431e-01
3.506017401406209544e+00 -7.615831610496737181e-02
3.518583772020568823e+00 -4.393063102426323363e-01
3.531150142634927658e+00 -3.448493248051519577e-01
3.543716513249286937e+00 -3.289715834907362413e-01
3.556282883863646216e+00 -3.931028907450647147e-01
3.568849254478005495e+00 -4.284289422844461681e-01
3.581415625092364330e+00 -4.709966886127690544e-01
3.593981995706723609e+00 -4.657391109411153085e-01
3.606548366321082888e+00 -5.440385196166303006e-01
3.619114736935442167e+00 -3.046739369323088198e-01
3.631681107549800558e+00 -3.920740441055726166e-01
3.644247478164159837e+00 -5.679235200683264706e-01
3.656813848778519116e+00 -6.111246705159559811e-01
3.669380219392877951e+00 -6.267762363687573446e-01
3.681946590007237230e+00 -4.731441416071511807e-01
3.694512960621596509e+00 -5.240761066684833658e-01
3.707079331235955788e+00 -5.518769232884042086e-01
3.719645701850315067e+00 -6.162437639495965680e-01
3.732212072464673902e+00 -5.318666674663184990e-01
3.744778443079033181e+00 -6.250408813787323714e-01
3.757344813693392460e+00 -4.953769937715253313e-01
3.769911184307751739e+00 -5.766585842631538616e-01
3.782477554922110574e+00 -8.259979469858134138e-01
3.795043925536469853e+00 -6.117729092801519331e-01
3.807610296150829132e+00 -6.939722841061737313e-01
3.820176666765188411e+00 -5.346826835076745610e-01
3.832743037379547690e+00 -6.911067182735026737e-01
3.845309407993906525e+00 -5.229793660216018880e-01
3.857875778608265804e+00 -5.961323936393736478e-01
3.870442149222625083e+00 -5.275281899148317466e-01
3.883008519836984362e+00 -7.241443901650409520e-01
3.895574890451343641e+00 -6.900768230811877846e-01
3.908141261065702476e+00 -7.836126588285424743e-01
3.920707631680061755e+00 -8.376963857222605725e-01
3.933274002294421035e+00 -6.956117334525464546e-01
3.945840372908780314e+00 -7.320486812625892625e-01
3.958406743523139149e+00 -9.010845352370087102e-01
3.970973114137498428e+00 -6.864477439970942951e-01
3.983539484751857707e+00 -7.869900526947645192e-01
3.996105855366216986e+00 -9.863935291137437833e-01
4.008672225980576265e+00 -9.155643621886857542e-01
4.021238596594935544e+00 -7.469609776533400192e-01
4.033804967209294823e+00 -9.498968487434956698e-01
4.046371337823653214e+00 -7.179306808452425859e-01
4.058937708438012493e+00 -7.260284630664456396e-01
4.071504079052371772e+00 -8.199962085026124559e-01
4.084070449666731051e+00 -6.585142737728857387e-01
4.096636820281090330e+00 -6.775629260228658302e-01
4.109203190895449609e+00 -7.415000680929283439e-01
4.121769561509808888e+00 -7.951752187146045037e-01
4.134335932124168167e+00 -8.045954470305747286e-01
4.146902302738527446e+00 -9.009882263308297556e-01
4.159468673352886725e+00 -7.166726577643478535e-01
4.172035043967245116e+00 -8.422866006507839787e-01
4.184601414581604395e+00 -8.924519214383094257e-01
4.197167785195963674e+00 -8.387443220574569702e-01
4.209734155810322953e+00 -9.367091315977554844e-01
4.222300526424682232e+00 -7.340217675552183074e-01
4.234866897039041511e+00 -8.900030635981652782e-01
4.247433267653400790e+00 -8.155676879440370008e-01
4.259999638267760069e+00 -9.704484601006408973e-01
4.272566008882119348e+00 -8.904566110492886377e-01
4.285132379496477739e+00 -7.383076676941728866e-01
4.297698750110837018e+00 -9.640091001238627610e-01
4.310265120725196297e+00 -9.718347403389361316e-01
4.322831491339555576e+00 -1.028670772269575373e+00
4.335397861953914855e+00 -9.773046689717370672e-01
4.347964232568274134e+00 -7.311137357936218217e-01
4.360530603182633413e+00 -1.069306341453015508e+00
4.373096973796992692e+00 -9.105152411989564376e-01
4.385663344411351972e+00 -8.216735346713466281e-01
4.398229715025710362e+00 -9.895189195036604435e-01
4.410796085640069641e+00 -1.014625326187380328e+00
4.423362456254428032e+00 -8.430521494514071623e-01
4.435928826868787311e+00 -8.363819034288402232e-01
4.448495197483146590e+00 -7.872639420832686641e-01
4.461061568097505869e+00 -9.714583970542995939e-01
4.473627938711865148e+00 -9.958618376929818661e-01
4.486194309326224428e+00 -9.455444106768606805e-01
4.498760679940583707e+00 -9.970761528180358546e-01
4.511327050554942986e+00 -9.380972412471355604e-01
4.523893421169302265e+00 -1.213080753200922235e+00
4.536459791783661544e+00 -1.184230981070971467e+00
4.549026162398019935e+00 -9.801753093023154451e-01
4.561592533012379214e+00 -1.098832151437667770e+00
4.574158903626738493e+00 -9.798769608762591954e-01
4.586725274241097772e+00 -1.016373007739531653e+00
4.599291644855457051e+00 -8.473783607450946498e-01
4.611858015469816330e+00 -8.200996308484378439e-01
4.624424386084175609e+00 -9.873619749887216912e-01
4.636990756698534888e+00 -8.528281520124154635e-01
4.649557127312894167e+00 -9.825609712917886540e-01
4.662123497927252558e+00 -1.192393336792930914e+00
4.674689868541611837e+00 -9.266687678770852976e-01
4.687256239155971116e+00 -9.491362248277663838e-01
4.699822609770330395e+00 -9.695260949432836783e-01
4.712388980384689674e+00 -9.623745093840059273e-01
4.724955350999048953e+00 -1.183002132519701766e+00
4.737521721613408232e+00 -1.021954671604964560e+00
4.750088092227767511e+00 -9.768656259345964710e-01
4.762654462842126790e+00 -9.833985715861439658e-01
4.775220833456485181e+00 -9.540185911119485329e-01
4.787787204070844460e+00 -1.060700495542354904e+00
4.800353574685203739e+00 -1.056421239577872040e+00
4.812919945299563018e+00 -1.098283572247964246e+00
4.825486315913922297e+00 -9.084188279347087391e-01
4.838052686528281576e+00 -9.469746144755259998e-01
4.850619057142640855e+00 -7.169880740987965018e-01
4.863185427757000134e+00 -9.736882178486035988e-01
4.875751798371359413e+00 -9.576291277432655846e-01
4.888318168985717804e+00 -9.881617766540976566e-01
4.900884539600077083e+00 -9.130691234056292904e-01
4.913450910214436362e+00 -1.110599707086812549e+00
4.926017280828795641e+00 -9.280936062914556528e-01
4.938583651443154920e+00 -1.112971340006594811e+00
4.951150022057514200e+00 -9.409791925778455690e-01
4.963716392671873479e+00 -8.347915160684373781e-01
4.976282763286232758e+00 -9.603569378897915954e-01
4.988849133900592037e+00 -8.860909368969547284e-01
5.001415504514951316e+00 -8.969584537139730918e-01
5.013981875129309707e+00 -9.391187298355804236e-01
5.026548245743668986e+00 -9.679269060531269231e-01
5.039114616358028265e+00 -1.025791573604817541e+00
5.051680986972387544e+00 -1.026451626560504593e+00
5.064247357586746823e+00 -9.076220805853646434e-01
5.076813728201106102e+00 -9.711591608831375844e-01
5.089380098815465381e+00 -8.321874455297144646e-01
5.101946469429824660e+00 -1.022490872605070988e+00
5.114512840044183939e+00 -1.074395998298092847e+00
5.127079210658542330e+00 -9.500578502896357413e-01
5.139645581272901609e+00 -6.712162107317569681e-01
5.152211951887260888e+00 -8.964935102024201852e-01
5.164778322501620167e+00 -9.443794329572871016e-01
5.177344693115979446e+00 -1.001411649972234530e+00
5.189911063730338725e+00 -8.508245855036222771e-01
5.202477434344698004e+00 -9.239574984572751504e-01
5.215043804959057283e+00 -1.042753956544007155e+00
5.227610175573416562e+00 -8.887379209262024071e-01
5.240176546187774953e+00 -8.163881894960018926e-01
5.252742916802134232e+00 -7.935621786544098111e-01
5.265309287416492623e+00 -7.926129995091812930e-01
5.277875658030851902e+00 -7.635475796729623843e-01
5.290442028645211181e+00 -9.802742180775128045e-01
5.303008399259570460e+00 -8.375936324223606233e-01
5.315574769873929739e+00 -9.465337647109096642e-01
5.328141140488289018e+00 -6.506355418709885985e-01
5.340707511102648297e+00 -9.843072971135339300e-01
5.353273881717007576e+00 -7.847671404546450180e-01
5.365840252331366855e+00 -1.004134331334881836e+00
5.378406622945726134e+00 -7.736637231175735874e-01
5.390972993560084525e+00 -8.749460835194602382e-01
5.403539364174443804e+00 -8.561886946577320634e-01
5.416105734788803083e+00 -7.465162698899042715e-01
5.428672105403162362e+00 -8.335341003670191373e-01
5.441238476017521641e+00 -7.940884891309071270e-01
5.453804846631880920e+00 -7.004473014218759452e-01
5.466371217246240199e+00 -6.319148386256967509e-01
5.478937587860599479e+00 -6.328122615748270618e-01
5.491503958474958758e+00 -8.382119801629301925e-01
5.504070329089317148e+00 -5.247301023655217556e-01
5.516636699703676427e+00 -8.229224483572321613e-01
5.529203070318035707e+00 -7.327598922767856182e-01
5.541769440932394986e+00 -5.923647269886951339e-01
5.554335811546754265e+00 -6.179168491441230371e-01
5.566902182161113544e+00 -7.572834330381198464e-01
5.579468552775472823e+00 -7.205097664207199548e-01
5.592034923389832102e+00 -7.328913159001880784e-01
5.604601294004191381e+00 -7.083021703714906803e-01
5.617167664618549772e+00 -5.617118447496214362e-01
5.629734035232909051e+00 -6.913027684712917953e-01
5.642300405847268330e+00 -7.973158615524597037e-01
5.654866776461627609e+00 -5.342583421522542064e-01
5.667433147075986888e+00 -4.263938218204660346e-01
5.679999517690346167e+00 -5.552016001103442511e-01
5.692565888304705446e+00 -5.903187472394629820e-01
5.705132258919064725e+00 -4.901976800456974703e-01
5.717698629533424004e+00 -4.388449456245175351e-01
5.730265000147783283e+00 -5.328028511031778214e-01
5.742831370762141674e+00 -4.136665182511503058e-01
5.755397741376500953e+00 -4.387996832249169143e-01
5.767964111990860232e+00 -5.895201441043556034e-01
5.780530482605219511e+00 -5.260806836716980239e-01
5.793096853219578790e+00 -4.307498839974268634e-01
5.805663223833938069e+00 -5.336345258731329810e-01
5.818229594448297348e+00 -4.785666182597839713e-01
5.830795965062656627e+00 -5.627248407910244721e-01
5.843362335677015906e+00 -3.400517230940328650e-01
5.855928706291374297e+00 -4.325648235955633081e-01
5.868495076905733576e+00 -6.816802532531223147e-01
5.881061447520092855e+00 -3.695726940313109332e-01
5.893627818134452134e+00 -5.466910713198143146e-01
5.906194188748811413e+00 -3.950454324099534342e-01
5.918760559363170692e+00 -2.264311856791499655e-01
5.931326929977529971e+00 -2.947874668180450741e-01
5.943893300591889250e+00 -9.859735509415923360e-02
5.956459671206248530e+00 -1.856850682554801180e-01
5.969026041820606920e+00 -8.931903491840592624e-02
5.981592412434966199e+00 -2.370271223101788893e-01
5.994158783049325478e+00 -3.079575721131108113e-01
6.006725153663684758e+00 -1.113801854295442539e-01
6.019291524278044037e+00 -2.208476264984286508e-01
6.031857894892402427e+00 -4.969856330206915418e-01
6.044424265506761706e+00 -3.926546174414960455e-02
6.056990636121120986e+00 -1.233035012205127567e-02
6.069557006735480265e+00 -1.795825466892002620e-01
6.082123377349839544e+00 -2.145604608313703698e-01
6.094689747964198823e+00 -2.910253744991995184e-01
6.107256118578558102e+00 -2.799360605498470433e-01
6.119822489192916493e+00 -1.382765139917571107e-01
6.132388859807275772e+00 -1.699662230483786896e-01
6.144955230421635051e+00 4.427109654503758041e-02
6.157521601035994330e+00 7.209169576122131939e-02
6.170087971650353609e+00 7.208049366424558457e-02
6.182654342264712888e+00 -5.881190711159194062e-02
6.195220712879072167e+00 -1.287127365627088460e-01
6.207787083493431446e+00 -3.328049434971508402e-02
6.220353454107790725e+00 -1.775526139978883533e-01
6.232919824722149116e+00 -3.214278130579559245e-02
6.245486195336508395e+00 -9.797721978728382575e-02
6.258052565950867674e+00 -1.724104186047597798e-01
6.270618936565226953e+00 -2.204480152739962673e-01
