0.000000000000000000e+00 -2.233163398583504558e-02
1.256637061435917323e-02 -2.321298399183063799e-02
2.513274122871834645e-02 2.842359626523023597e-02
3.769911184307751795e-02 1.045801591358191396e-01
5.026548245743669291e-02 2.852769850724822670e-02
6.283185307179586787e-02 1.877103013662233533e-01
7.539822368615503589e-02 4.916816718296578015e-02
8.796459430051420392e-02 1.714890204780052385e-01
1.005309649148733858e-01 1.802804713747674925e-01
1.130973355292325677e-01 1.586430983032724173e-01
1.256637061435917357e-01 1.038708917758574685e-01
1.382300767579508760e-01 2.358881076450922154e-01
1.507964473723100718e-01 6.864559038286299764e-02
1.633628179866692676e-01 -1.171495231584973595e-02
1.759291886010284078e-01 6.182098768880403550e-02
1.884955592153875759e-01 2.793616430606935541e-01
2.010619298297467716e-01 1.233367332281209428e-01
2.136283004441059397e-01 2.962320639824227442e-01
2.261946710584651354e-01 3.444705241774855264e-01
2.387610416728242757e-01 1.022426846009896750e-01
2.513274122871834715e-01 3.113894430851354977e-01
2.638937829015426395e-01 2.686159781626763499e-01
2.764601535159017520e-01 3.309608900410558330e-01
2.890265241302609756e-01 2.125323169060852613e-01
3.015928947446201436e-01 3.424479974241624869e-01
3.141592653589793116e-01 3.164381164991993400e-01
3.267256359733385351e-01 2.467356923908040067e-01
3.392920065876976476e-01 2.852832822909536215e-01
3.518583772020568157e-01 3.794138924135324054e-01
3.644247478164160392e-01 3.738153834674561860e-01
3.769911184307751517e-01 3.328065068341906629e-01
3.895574890451343197e-01 1.232199354058571839e-01
4.021238596594935433e-01 3.959393999563297628e-01
4.146902302738527113e-01 2.776190997186597231e-01
4.272566008882118793e-01 3.701351680211257822e-01
4.398229715025711029e-01 2.811349351310735711e-01
4.523893421169302709e-01 4.721458488790700736e-01
4.649557127312893834e-01 4.120966545832484007e-01
4.775220833456485514e-01 3.898780450333873548e-01
4.900884539600077194e-01 4.417350210045538628e-01
5.026548245743669430e-01 5.001206380361529202e-01
5.152211951887261110e-01 5.348573103489663305e-01
5.277875658030852790e-01 6.652383089869748911e-01
5.403539364174444470e-01 4.983194126346562336e-01
5.529203070318035040e-01 5.089964785592890895e-01
5.654866776461627831e-01 3.868493773876687802e-01
5.780530482605219511e-01 3.899150453462005839e-01
5.906194188748811191e-01 5.655629834665749645e-01
6.031857894892402872e-01 5.916567993546194559e-01
6.157521601035994552e-01 6.237799956671908896e-01
6.283185307179586232e-01 4.752847531580307594e-01
6.408849013323177912e-01 6.106074083138266495e-01
6.534512719466770703e-01 5.417688018923980664e-01
6.660176425610361273e-01 7.431583995061979975e-01
6.785840131753952953e-01 5.874466805705756967e-01
6.911503837897544633e-01 8.403223876041379103e-01
7.037167544041136313e-01 6.714098099177443491e-01
7.162831250184729104e-01 5.467467008848257981e-01
7.288494956328320784e-01 6.540055061302969541e-01
7.414158662471912464e-01 7.370204052348701129e-01
7.539822368615503034e-01 6.279208628240421364e-01
7.665486074759094715e-01 7.645725623081135458e-01
7.791149780902686395e-01 6.432605807488405159e-01
7.916813487046279185e-01 6.467567291305145183e-01
8.042477193189870865e-01 8.400095421993968303e-01
8.168140899333462546e-01 6.441559543031394330e-01
8.293804605477054226e-01 6.941123948710982150e-01
8.419468311620645906e-01 7.334583006872420485e-01
8.545132017764237586e-01 7.961360768669505372e-01
8.670795723907829267e-01 9.203205604480735325e-01
8.796459430051422057e-01 6.807312850904431167e-01
8.922123136195013737e-01 9.249048613042865075e-01
9.047786842338605418e-01 6.557212066798507877e-01
9.173450548482194877e-01 9.293581740032129668e-01
9.299114254625787668e-01 8.842128802013416999e-01
9.424777960769379348e-01 7.047586170011300721e-01
9.550441666912971028e-01 6.603627947515833263e-01
9.676105373056562708e-01 8.676485142662317962e-01
9.801769079200154389e-01 7.538238832843699999e-01
9.927432785343746069e-01 8.715953414064876448e-01
1.005309649148733886e+00 8.563955177693729492e-01
1.017876019763092943e+00 9.157317486722242883e-01
1.030442390377452222e+00 8.443466946333995082e-01
1.043008760991811279e+00 8.826159952999559355e-01
1.055575131606170558e+00 7.473239896367734891e-01
1.068141502220529837e+00 9.006045528405856038e-01
1.080707872834888894e+00 9.945835253351003047e-01
1.093274243449248173e+00 8.501506486867318468e-01
1.105840614063607008e+00 9.204707566869763102e-01
1.118406984677966287e+00 1.027479413844663458e+00
1.130973355292325566e+00 1.023243072709121515e+00
1.143539725906684623e+00 9.017474593136898253e-01
1.156106096521043902e+00 9.918686262158196154e-01
1.168672467135402959e+00 8.407494404391782084e-01
1.181238837749762238e+00 8.585669304534356838e-01
1.193805208364121295e+00 7.811747855421888875e-01
1.206371578978480574e+00 8.571895622042267071e-01
1.218937949592839853e+00 8.277297481585765837e-01
1.231504320207198910e+00 8.433099987411899479e-01
1.244070690821558189e+00 1.089020119522264851e+00
1.256637061435917246e+00 1.143682948633195195e+00
1.269203432050276525e+00 8.830620374455850907e-01
1.281769802664635582e+00 9.720908842503506175e-01
1.294336173278994861e+00 9.168577043048206088e-01
1.306902543893354141e+00 9.207494968707368166e-01
1.319468914507712975e+00 1.000627719463307752e+00
1.332035285122072255e+00 1.006894446824141420e+00
1.344601655736431534e+00 8.802256320273323942e-01
1.357168026350790591e+00 9.391048892443594198e-01
1.369734396965149870e+00 9.875882065979251223e-01
1.382300767579508927e+00 9.021665005919552449e-01
1.394867138193868206e+00 9.291335992911640140e-01
1.407433508808227263e+00 1.053769279902529110e+00
1.419999879422586542e+00 1.103812873749518975e+00
1.432566250036945821e+00 1.014472559101727178e+00
1.445132620651304878e+00 1.016347983294679125e+00
1.457698991265664157e+00 9.031203378884675725e-01
1.470265361880023214e+00 1.091008380997790628e+00
1.482831732494382493e+00 8.750118492448625274e-01
1.495398103108741550e+00 9.048612716087536256e-01
1.507964473723100607e+00 1.164044982691540664e+00
1.520530844337459886e+00 9.412123480302005962e-01
1.533097214951818943e+00 1.058445460376833180e+00
1.545663585566178222e+00 8.870565720674805643e-01
1.558229956180537279e+00 8.858269600907650032e-01
1.570796326794896558e+00 1.000253934044512238e+00
1.583362697409255837e+00 1.043493932725014783e+00
1.595929068023614894e+00 9.927876668972271945e-01
1.608495438637974173e+00 1.097412859926026663e+00
1.621061809252333230e+00 1.022795297870494613e+00
1.633628179866692509e+00 9.254266556787572595e-01
1.646194550481051566e+00 9.885986380259932371e-01
1.658760921095410845e+00 8.471696820306169329e-01
1.671327291709770124e+00 8.443195751255737624e-01
1.683893662324129181e+00 1.106009646063307095e+00
1.696460032938488460e+00 1.108019442402286892e+00
1.709026403552847517e+00 1.058105123980522810e+00
1.721592774167206796e+00 1.023737872698567530e+00
1.734159144781565853e+00 1.115453776741879954e+00
1.746725515395925132e+00 1.133552047674946550e+00
1.759291886010284411e+00 1.045342070895675102e+00
1.771858256624643468e+00 1.117223315549660478e+00
1.784424627239002747e+00 7.534316887034697707e-01
1.796990997853361804e+00 1.030338000084497718e+00
1.809557368467721084e+00 9.963086951737968322e-01
1.822123739082079918e+00 8.029846081966843796e-01
1.834690109696438975e+00 8.891876243094318788e-01
1.847256480310798255e+00 9.543534384162178918e-01
1.859822850925157534e+00 1.062007661829435179e+00
1.872389221539516591e+00 7.872168565711274990e-01
1.884955592153875870e+00 9.477503979153246716e-01
1.897521962768234927e+00 9.007947047460606038e-01
1.910088333382594206e+00 1.138075511679156104e+00
1.922654703996953263e+00 7.910753897704522197e-01
1.935221074611312542e+00 9.466632411773348021e-01
1.947787445225671821e+00 1.124597373149085033e+00
1.960353815840030878e+00 1.039951269096667463e+00
1.972920186454390157e+00 7.133193455887081313e-01
1.985486557068749214e+00 7.903230078781358081e-01
1.998052927683108493e+00 8.572356758558915546e-01
2.010619298297467772e+00 9.436999288819358789e-01
2.023185668911826607e+00 8.904702321269507559e-01
2.035752039526185886e+00 7.952858644997580218e-01
2.048318410140545165e+00 1.075783582368293523e+00
2.060884780754904444e+00 8.947279916619967910e-01
2.073451151369263723e+00 7.797427743228895203e-01
2.086017521983622558e+00 9.375087668111123929e-01
2.098583892597981837e+00 8.502036773824364069e-01
2.111150263212341116e+00 9.074960048697646720e-01
2.123716633826700395e+00 9.880921983050447999e-01
2.136283004441059674e+00 6.659715135645206674e-01
2.148849375055418509e+00 8.396384985322203898e-01
2.161415745669777788e+00 7.616796873287562386e-01
2.173982116284137067e+00 7.262134355877527536e-01
2.186548486898496346e+00 1.020467916233762651e+00
2.199114857512855181e+00 7.548280436268162141e-01
2.211681228127214016e+00 8.436058317155976649e-01
2.224247598741573295e+00 8.120367326992445900e-01
2.236813969355932574e+00 8.698365564378914838e-01
2.249380339970291853e+00 7.057184922981771802e-01
2.261946710584651132e+00 7.591519651293171522e-01
2.274513081199009967e+00 7.996581923361159028e-01
2.287079451813369246e+00 5.403453831507837313e-01
2.299645822427728525e+00 7.397433311185177551e-01
2.312212193042087804e+00 8.828045891744648044e-01
2.324778563656447083e+00 6.418280996416396711e-01
2.337344934270805918e+00 7.393027531533488128e-01
2.349911304885165197e+00 6.032035766659317177e-01
2.362477675499524477e+00 6.074821622080162076e-01
2.375044046113883756e+00 6.804307172690314820e-01
2.387610416728242591e+00 8.006781222471812676e-01
2.400176787342601870e+00 7.400634758637517630e-01
2.412743157956961149e+00 6.843937581143214599e-01
2.425309528571320428e+00 6.122708198061991292e-01
2.437875899185679707e+00 7.833996510147374082e-01
2.450442269800038542e+00 5.946225281603594315e-01
2.463008640414397821e+00 6.761846743330500731e-01
2.475575011028757100e+00 6.997113629401353618e-01
2.488141381643116379e+00 5.629842074555483356e-01
2.500707752257475658e+00 6.846418729088080690e-01
2.513274122871834493e+00 6.766292530494844026e-01
2.525840493486193772e+00 5.895060082346679220e-01
2.538406864100553051e+00 5.332265765891243126e-01
2.550973234714912330e+00 5.807878220856409479e-01
2.563539605329271165e+00 3.688025406378564464e-01
2.576105975943630444e+00 5.782901072752781868e-01
2.588672346557989723e+00 7.100816320730386488e-01
2.601238717172349002e+00 4.536292341488072921e-01
2.613805087786708281e+00 7.476293543319935120e-01
2.626371458401067116e+00 5.724474877908793946e-01
2.638937829015425951e+00 5.758616156913528572e-01
2.651504199629785230e+00 4.450453379738610882e-01
2.664070570244144509e+00 5.092761857734647846e-01
2.676636940858503788e+00 5.132053768037462271e-01
2.689203311472863067e+00 3.440358894756172514e-01
2.701769682087221902e+00 4.090588707207384878e-01
2.714336052701581181e+00 4.225411057852653252e-01
2.726902423315940460e+00 5.384464151405309318e-01
2.739468793930299739e+00 4.178744130080849772e-01
2.752035164544658574e+00 5.055002510713133557e-01
2.764601535159017853e+00 3.553288397004580323e-01
2.777167905773377132e+00 4.044073530953009588e-01
2.789734276387736411e+00 4.769500956237910927e-01
2.802300647002095690e+00 2.907937608527286222e-01
2.814867017616454525e+00 2.387922862040885996e-01
2.827433388230813804e+00 1.877880249549734870e-01
2.839999758845173083e+00 3.586861743899934507e-01
2.852566129459532362e+00 2.235236573591771192e-01
2.865132500073891642e+00 2.570499902883935373e-01
2.877698870688250476e+00 2.444318112293502321e-01
2.890265241302609756e+00 2.656822333191901642e-01
2.902831611916969035e+00 2.237505187908329640e-01
2.915397982531328314e+00 1.904974836011719408e-01
2.927964353145687149e+00 2.931698168010261618e-01
2.940530723760046428e+00 1.656934938727254170e-01
2.953097094374405707e+00 2.954622486441564888e-01
2.965663464988764986e+00 2.100417834266712358e-01
2.978229835603124265e+00 2.535006540781568618e-01
2.990796206217483100e+00 3.658666868515098036e-02
3.003362576831842379e+00 2.889625491761548259e-01
3.015928947446201214e+00 -9.537878481073258641e-02
3.028495318060560493e+00 2.655575502546428379e-02
3.041061688674919772e+00 5.784910377151105537e-02
3.053628059289279051e+00 6.658422299845445647e-02
3.066194429903637886e+00 1.687936104023384232e-01
3.078760800517997165e+00 1.044401437995449711e-01
3.091327171132356444e+00 8.589749148666395162e-02
3.103893541746715723e+00 1.263217494130267626e-01
3.116459912361074558e+00 1.069864973191222562e-01
3.129026282975433837e+00 5.853239294504557211e-02
3.141592653589793116e+00 -1.549254135944810873e-01
3.154159024204152395e+00 1.023091974732435738e-01
3.166725394818511674e+00 -6.859238259032458818e-03
3.179291765432870509e+00 -1.018600729164353957e-01
3.191858136047229788e+00 -1.362035905234211808e-01
3.204424506661589067e+00 -1.063847811798566273e-01
3.216990877275948346e+00 3.550896632927798280e-02
3.229557247890307181e+00 -2.149557424120822346e-02
3.242123618504666460e+00 -2.571650027470526734e-01
3.254689989119025739e+00 -1.792571409940923455e-01
3.267256359733385018e+00 -1.141664941609741024e-01
3.279822730347744297e+00 -1.694676362934022795e-01
3.292389100962103132e+00 -5.279467485800024007e-02
3.304955471576462411e+00 -1.325042376048490012e-01
3.317521842190821690e+00 -2.252768189337795712e-01
3.330088212805180969e+00 -1.478644690287150287e-01
3.342654583419540248e+00 -1.843156461427039317e-01
3.355220954033899083e+00 -3.054516816186566008e-01
3.367787324648258362e+00 -2.501127173424200767e-01
3.380353695262617642e+00 -2.827996491215438724e-01
3.392920065876976921e+00 -1.795780636572275601e-01
3.405486436491335756e+00 -3.051124925048847025e-01
3.418052807105695035e+00 -3.239567327765358051e-01
3.430619177720054314e+00 -2.875847568680265365e-01
3.443185548334413593e+00 -2.805230842210328923e-01
3.455751918948772872e+00 -4.203626625503152914e-01
3.468318289563131707e+00 -3.003946955812500375e-01
3.480884660177490986e+00 -9.522941629304138011e-02
3.493451030791850265e+00 -3.500286157146963451e-01
3.506017401406209544e+00 -1.334068434255607782e-01
3.518583772020568823e+00 -3.184607400383512865e-01
3.531150142634927658e+00 -5.702384283672297105e-01
3.543716513249286937e+00 -4.021403962726988190e-01
3.556282883863646216e+00 -3.048627155239598818e-01
3.568849254478005495e+00 -3.514493851265891866e-01
3.581415625092364330e+00 -5.060128149012432797e-01
3.593981995706723609e+00 -2.651899302766054234e-01
3.606548366321082888e+00 -5.609143516753224423e-01
3.619114736935442167e+00 -5.081481306847767110e-01
3.631681107549800558e+00 -5.332125130346389019e-01
3.644247478164159837e+00 -4.333050977526283765e-01
3.656813848778519116e+00 -3.816155147380591584e-01
3.669380219392877951e+00 -4.064496590620958472e-01
3.681946590007237230e+00 -4.697326677587262411e-01
3.694512960621596509e+00 -5.936980562382275783e-01
3.707079331235955788e+00 -5.548409168447037132e-01
3.719645701850315067e+00 -5.631413509920620841e-01
3.732212072464673902e+00 -5.246232413116808102e-01
3.744778443079033181e+00 -6.839010328363163138e-01
3.757344813693392460e+00 -4.339976438758612054e-01
3.769911184307751739e+00 -5.186148254883977682e-01
3.782477554922110574e+00 -5.978280796190774682e-01
3.795043925536469853e+00 -5.883256495205170244e-01
3.807610296150829132e+00 -6.125753562709074229e-01
3.820176666765188411e+00 -6.070309641575927229e-01
3.832743037379547690e+00 -6.586272288793758589e-01
3.845309407993906525e+00 -5.362979938263729984e-01
3.857875778608265804e+00 -6.083812315270937798e-01
3.870442149222625083e+00 -5.663371090268700669e-01
3.883008519836984362e+00 -6.749430279720736170e-01
3.895574890451343641e+00 -7.157151788594952047e-01
3.908141261065702476e+00 -9.758260233846014486e-01
3.920707631680061755e+00 -8.218029337400265533e-01
3.933274002294421035e+00 -8.060490687221631978e-01
3.945840372908780314e+00 -5.409403349048407250e-01
3.958406743523139149e+00 -8.651867890021238683e-01
3.970973114137498428e+00 -5.487137725317110526e-01
3.983539484751857707e+00 -9.154481963248337628e-01
3.996105855366216986e+00 -7.043164218671764676e-01
4.008672225980576265e+00 -5.707649654926019167e-01
4.021238596594935544e+00 -8.541615879391880606e-01
4.033804967209294823e+00 -7.132829642173406093e-01
4.046371337823653214e+00 -9.193385566458571745e-01
4.058937708438012493e+00 -8.631196745952246507e-01
4.071504079052371772e+00 -6.556933423397839356e-01
4.084070449666731051e+00 -7.943623240310935252e-01
4.096636820281090330e+00 -8.768563345947961718e-01
4.109203190895449609e+00 -1.023143891586288490e+00
4.121769561509808888e+00 -9.505400454508453612e-01
4.134335932124168167e+00 -9.274271893172886250e-01
4.146902302738527446e+00 -9.372357166603118017e-01
4.159468673352886725e+00 -8.288343024467155207e-01
4.172035043967245116e+00 -8.435209119243943787e-01
4.184601414581604395e+00 -9.381737111087563585e-01
4.197167785195963674e+00 -9.207935490084864227e-01
4.209734155810322953e+00 -6.362704542883461656e-01
4.222300526424682232e+00 -8.138751182719865529e-01
4.234866897039041511e+00 -8.365803650789612744e-01
4.247433267653400790e+00 -7.384278288392981393e-01
4.259999638267760069e+00 -8.374665907468771264e-01
4.272566008882119348e+00 -7.841658908963383690e-01
4.285132379496477739e+00 -7.691947567357974025e-01
4.297698750110837018e+00 -9.732593925754947639e-01
4.310265120725196297e+00 -1.041285644372607511e+00
4.322831491339555576e+00 -9.795991600858502402e-01
4.335397861953914855e+00 -8.817208079156857448e-01
4.347964232568274134e+00 -1.039459617371589095e+00
4.360530603182633413e+00 -8.654476309494834041e-01
4.373096973796992692e+00 -9.418365471505888431e-01
4.385663344411351972e+00 -9.969053390691251515e-01
4.398229715025710362e+00 -1.047260789350914267e+00
4.410796085640069641e+00 -9.555277254493762529e-01
4.423362456254428032e+00 -1.005500754671250663e+00
4.435928826868787311e+00 -8.767349111392841454e-01
4.448495197483146590e+00 -9.960307459975515920e-01
4.461061568097505869e+00 -8.915460602485976160e-01
4.473627938711865148e+00 -1.044774170742745811e+00
4.486194309326224428e+00 -1.029420706098436389e+00
4.498760679940583707e+00 -1.103782151411174084e+00
4.511327050554942986e+00 -1.150868029182271490e+00
4.523893421169302265e+00 -1.051759241075931106e+00
4.536459791783661544e+00 -1.032912130375522874e+00
4.549026162398019935e+00 -1.088749237317762297e+00
4.561592533012379214e+00 -9.655901661077632703e-01
4.574158903626738493e+00 -1.155655481230954296e+00
4.586725274241097772e+00 -1.010870133242427027e+00
4.599291644855457051e+00 -8.814722102872392107e-01
4.611858015469816330e+00 -1.060553871355337741e+00
4.624424386084175609e+00 -1.254017704951025713e+00
4.636990756698534888e+00 -1.138926484681369367e+00
4.649557127312894167e+00 -1.158236520357418975e+00
4.662123497927252558e+00 -1.145714178920471449e+00
4.674689868541611837e+00 -1.168114089132528122e+00
4.687256239155971116e+00 -9.587473573087056389e-01
4.699822609770330395e+00 -9.922818522311426248e-01
4.712388980384689674e+00 -9.312502774879847234e-01
4.724955350999048953e+00 -7.853519968450112243e-01
4.737521721613408232e+00 -1.022110258407029182e+00
4.750088092227767511e+00 -1.087309526277210558e+00
4.762654462842126790e+00 -7.824797484668002401e-01
4.775220833456485181e+00 -1.207357031791030710e+00
4.787787204070844460e+00 -1.174056426903207440e+00
4.800353574685203739e+00 -9.594033604871250454e-01
4.812919945299563018e+00 -1.069923924487861333e+00
4.825486315913922297e+00 -8.669070657254895895e-01
4.838052686528281576e+00 -8.554620590849131290e-01
4.850619057142640855e+00 -8.949768090294513145e-01
4.863185427757000134e+00 -1.016709330499769859e+00
4.875751798371359413e+00 -9.758059292102669868e-01
4.888318168985717804e+00 -1.059828388119766540e+00
4.900884539600077083e+00 -1.087270710981748767e+00
4.913450910214436362e+00 -9.465338363774687958e-01
4.926017280828795641e+00 -1.014826042692943853e+00
4.938583651443154920e+00 -9.720627250646961537e-01
4.951150022057514200e+00 -1.027253546066425827e+00
4.963716392671873479e+00 -1.063729254732396656e+00
4.976282763286232758e+00 -1.005939108553135952e+00
4.988849133900592037e+00 -8.227377884022284427e-01
5.001415504514951316e+00 -1.029250529874997655e+00
5.013981875129309707e+00 -9.583363027890934305e-01
5.026548245743668986e+00 -9.448770598792333164e-01
5.039114616358028265e+00 -8.322970834523412131e-01
5.051680986972387544e+00 -9.719727149042151071e-01
5.064247357586746823e+00 -8.270741873302318581e-01
5.076813728201106102e+00 -1.013921952587934605e+00
5.089380098815465381e+00 -1.077656342983633664e+00
5.101946469429824660e+00 -7.884793387881394722e-01
5.114512840044183939e+00 -8.997496357860075289e-01
5.127079210658542330e+00 -8.363255759603961392e-01
5.139645581272901609e+00 -9.387248240381091957e-01
5.152211951887260888e+00 -9.179418684247743210e-01
5.164778322501620167e+00 -8.671399471361050937e-01
5.177344693115979446e+00 -9.255097512367402857e-01
5.189911063730338725e+00 -8.754977888312710510e-01
5.202477434344698004e+00 -1.039182501181703522e+00
5.215043804959057283e+00 -1.003910387338588173e+00
5.227610175573416562e+00 -8.469964361982043055e-01
5.240176546187774953e+00 -7.127206598581505848e-01
5.252742916802134232e+00 -7.942685490055196862e-01
5.265309287416492623e+00 -9.070225306697281553e-01
5.277875658030851902e+00 -8.417856414925191100e-01
5.290442028645211181e+00 -1.024222673997310373e+00
5.303008399259570460e+00 -8.584234751070962677e-01
5.315574769873929739e+00 -7.700790032413602493e-01
5.328141140488289018e+00 -9.823350619389928928e-01
5.340707511102648297e+00 -8.087370123394659327e-01
5.353273881717007576e+00 -8.487979964997061089e-01
5.365840252331366855e+00 -8.329745069324244744e-01
5.378406622945726134e+00 -7.697762121158593374e-01
5.390972993560084525e+00 -1.033048650243166167e+00
5.403539364174443804e+00 -6.709115289574660856e-01
5.416105734788803083e+00 -5.335236693947000841e-01
5.428672105403162362e+00 -6.513324275365141025e-01
5.441238476017521641e+00 -7.297711108233939648e-01
5.453804846631880920e+00 -6.554258474646361687e-01
5.466371217246240199e+00 -6.926974785157914427e-01
5.478937587860599479e+00 -7.053598556079031523e-01
5.491503958474958758e+00 -5.360210386050431319e-01
5.504070329089317148e+00 -8.180097873250843366e-01
5.516636699703676427e+00 -7.317817927323546634e-01
5.529203070318035707e+00 -6.613778436058368460e-01
5.541769440932394986e+00 -8.736627113907796671e-01
5.554335811546754265e+00 -8.142187593495756603e-01
5.566902182161113544e+00 -6.216011371848403355e-01
5.579468552775472823e+00 -3.402669120829240890e-01
5.592034923389832102e+00 -6.830205707903660439e-01
5.604601294004191381e+00 -5.950375998154248114e-01
5.617167664618549772e+00 -5.511583561321546920e-01
5.629734035232909051e+00 -6.339861189314585088e-01
5.642300405847268330e+00 -4.233289574447233194e-01
5.654866776461627609e+00 -5.435928990118343851e-01
5.667433147075986888e+00 -7.122414203320225345e-01
5.679999517690346167e+00 -6.594916340224099560e-01
5.692565888304705446e+00 -5.197684525231129893e-01
5.705132258919064725e+00 -4.163935869111722865e-01
5.717698629533424004e+00 -4.636133190592987008e-01
5.730265000147783283e+00 -4.314503972661845044e-01
5.742831370762141674e+00 -6.015388028184462943e-01
5.755397741376500953e+00 -4.525641344484145900e-01
5.767964111990860232e+00 -4.919358825005113456e-01
5.780530482605219511e+00 -5.260114209864389379e-01
5.793096853219578790e+00 -5.154202242537944123e-01
5.805663223833938069e+00 -3.507434505340067399e-01
5.818229594448297348e+00 -3.897115549364688070e-01
5.830795965062656627e+00 -4.847969777858135432e-01
5.843362335677015906e+00 -4.261519661714484597e-01
5.855928706291374297e+00 -5.430806190239372278e-01
5.868495076905733576e+00 -4.871975687253943255e-01
5.881061447520092855e+00 -3.723860783476459768e-01
5.893627818134452134e+00 -2.759925188038159227e-01
5.906194188748811413e+00 -2.802347221567850211e-01
5.918760559363170692e+00 -2.479264955105175416e-01
5.931326929977529971e+00 -4.961066172376833450e-01
5.943893300591889250e+00 -3.085694228927990390e-01
5.956459671206248530e+00 -2.840795492108070808e-01
5.969026041820606920e+00 -3.542877484655822529e-01
5.981592412434966199e+00 -3.610773509526263858e-01
5.994158783049325478e+00 -3.507419696528155661e-01
6.006725153663684758e+00 -3.780693313210082285e-01
6.019291524278044037e+00 -9.340442859478553794e-02
6.031857894892402427e+00 -1.357465676347456851e-01
6.044424265506761706e+00 -3.090003691047934486e-01
6.056990636121120986e+00 -2.017369902649382707e-01
6.069557006735480265e+00 -2.673657302822166071e-01
6.082123377349839544e+00 -1.777177972227738378e-01
6.094689747964198823e+00 2.592589189340027689e-02
6.107256118578558102e+00 -2.388306745299892397e-02
6.119822489192916493e+00 -5.052388525525500218e-02
6.132388859807275772e+00 -1.056924679861995231e-02
6.144955230421635051e+00 -2.230510916932872956e-01
6.157521601035994330e+00 2.956715206376997473e-02
6.170087971650353609e+00 -1.203796610013198876e-01
6.182654342264712888e+00 -2.413350287877936151e-01
6.195220712879072167e+00 -1.788461845744395984e-01
6.207787083493431446e+00 -5.782587304146280527e-02
6.220353454107790725e+00 7.346170504058548156e-02
6.232919824722149116e+00 -1.388152485471781938e-01
6.245486195336508395e+00 -7.431004426532997198e-02
6.258052565950867674e+00 -1.025496742256893218e-01
6.270618936565226953e+00 2.400442253112673729e-01
