0.000000000000000000e+00 4.059483045661600731e-02
1.256637061435917323e-02 1.268278135315253630e-01
2.513274122871834645e-02 -1.476026891684776438e-03
3.769911184307751795e-02 8.621713209491684016e-02
5.026548245743669291e-02 -1.217927254236953610e-02
6.283185307179586787e-02 1.343321323400991085e-01
7.539822368615503589e-02 1.091106915081425655e-01
8.796459430051420392e-02 1.707433699618651768e-01
1.005309649148733858e-01 3.291455184402168610e-02
1.130973355292325677e-01 1.673653268110638637e-01
1.256637061435917357e-01 1.563885663254199754e-02
1.382300767579508760e-01 1.896439759781916590e-01
1.507964473723100718e-01 2.445327507994835003e-01
1.633628179866692676e-01 2.452553284364921704e-01
1.759291886010284078e-01 4.134796826690725902e-02
1.884955592153875759e-01 3.362181771543835129e-01
2.010619298297467716e-01 1.043081985675672757e-01
2.136283004441059397e-01 1.902622948119530866e-01
2.261946710584651354e-01 1.644465576420888753e-01
2.387610416728242757e-01 1.022277978026367995e-01
2.513274122871834715e-01 1.850940857497866132e-01
2.638937829015426395e-01 2.827894870701282426e-01
2.764601535159017520e-01 2.297373174162255782e-01
2.890265241302609756e-01 1.440898767374429179e-01
3.015928947446201436e-01 4.226090205156077251e-01
3.141592653589793116e-01 7.531132710304208611e-02
3.267256359733385351e-01 3.009793172372505210e-01
3.392920065876976476e-01 2.850064369409714415e-01
3.518583772020568157e-01 2.498410923580916820e-01
3.644247478164160392e-01 2.915417983787232936e-01
3.769911184307751517e-01 4.050904206118005613e-01
3.895574890451343197e-01 2.461340934015262549e-01
4.021238596594935433e-01 4.075262638095070167e-01
4.146902302738527113e-01 4.087626426585051487e-01
4.272566008882118793e-01 3.725928495861283718e-01
4.398229715025711029e-01 2.955005721447175326e-01
4.523893421169302709e-01 4.566350704396415217e-01
4.649557127312893834e-01 4.442418945789676776e-01
4.775220833456485514e-01 5.425953165592964922e-01
4.900884539600077194e-01 3.249359803545395220e-01
5.026548245743669430e-01 3.992880919600438894e-01
5.152211951887261110e-01 5.210824129464862731e-01
5.277875658030852790e-01 3.590081743880642606e-01
5.403539364174444470e-01 3.930664958390451269e-01
5.529203070318035040e-01 7.837944973447836805e-01
5.654866776461627831e-01 3.406910418042796707e-01
5.780530482605219511e-01 4.994374179625248877e-01
5.906194188748811191e-01 3.991266094201578740e-01
6.031857894892402872e-01 6.880611059137521357e-01
6.157521601035994552e-01 7.699665545933076505e-01
6.283185307179586232e-01 6.128871555829628059e-01
6.408849013323177912e-01 4.791480480248893059e-01
6.534512719466770703e-01 5.803020925363726601e-01
6.660176425610361273e-01 7.910478469468671392e-01
6.785840131753952953e-01 6.842585652311719002e-01
6.911503837897544633e-01 4.284555930286911840e-01
7.037167544041136313e-01 5.523625999471060144e-01
7.162831250184729104e-01 4.511029007231075472e-01
7.288494956328320784e-01 6.531354305254314374e-01
7.414158662471912464e-01 7.047048212750508522e-01
7.539822368615503034e-01 5.966036100616602944e-01
7.665486074759094715e-01 6.668123283720573946e-01
7.791149780902686395e-01 7.189501034642112876e-01
7.916813487046279185e-01 8.802700602282419462e-01
8.042477193189870865e-01 7.001037591534164939e-01
8.168140899333462546e-01 7.465127423996865685e-01
8.293804605477054226e-01 6.458028913172247920e-01
8.419468311620645906e-01 7.190996067141400827e-01
8.545132017764237586e-01 7.180400647055489305e-01
8.670795723907829267e-01 8.819706959852324779e-01
8.796459430051422057e-01 9.279120270450503805e-01
8.922123136195013737e-01 8.845873781101701860e-01
9.047786842338605418e-01 8.699053027651161285e-01
9.173450548482194877e-01 9.594493510620294430e-01
9.299114254625787668e-01 6.807159258097819077e-01
9.424777960769379348e-01 8.193563119666228411e-01
9.550441666912971028e-01 8.192439973503621298e-01
9.676105373056562708e-01 8.504857293960949027e-01
9.801769079200154389e-01 6.908537084256700656e-01
9.927432785343746069e-01 7.957606670169765639e-01
1.005309649148733886e+00 8.755020340061541173e-01
1.017876019763092943e+00 7.650526490175983962e-01
1.030442390377452222e+00 8.946850326654440799e-01
1.043008760991811279e+00 9.808808134778145282e-01
1.055575131606170558e+00 8.570502490241365123e-01
1.068141502220529837e+00 6.906507707704028221e-01
1.080707872834888894e+00 8.601037681368775001e-01
1.093274243449248173e+00 9.386368375708048495e-01
1.105840614063607008e+00 8.742174658096442119e-01
1.118406984677966287e+00 9.126955329864555599e-01
1.130973355292325566e+00 8.830733552429596012e-01
1.143539725906684623e+00 8.501534717856825685e-01
1.156106096521043902e+00 9.573330887234929865e-01
1.168672467135402959e+00 9.677525305155677549e-01
1.181238837749762238e+00 8.559273630099136776e-01
1.193805208364121295e+00 9.525778533314775975e-01
1.206371578978480574e+00 1.104302608491713134e+00
1.218937949592839853e+00 8.870167526976909800e-01
1.231504320207198910e+00 9.086003653570863259e-01
1.244070690821558189e+00 9.674618632471774227e-01
1.256637061435917246e+00 8.884641943893721860e-01
1.269203432050276525e+00 8.731353343937060529e-01
1.281769802664635582e+00 1.036904212724691909e+00
1.294336173278994861e+00 9.834572477937640889e-01
1.306902543893354141e+00 1.020897120835570826e+00
1.319468914507712975e+00 8.495771241790954775e-01
1.332035285122072255e+00 9.226253145441531966e-01
1.344601655736431534e+00 8.541605011410143833e-01
1.357168026350790591e+00 1.059258979314158688e+00
1.369734396965149870e+00 8.851439404610058626e-01
1.382300767579508927e+00 1.064353146778924231e+00
1.394867138193868206e+00 1.034568502781601618e+00
1.407433508808227263e+00 9.910418007386052608e-01
1.419999879422586542e+00 1.173767647432649719e+00
1.432566250036945821e+00 1.135717241849862225e+00
1.445132620651304878e+00 7.485847841868293884e-01
1.457698991265664157e+00 1.127190478299728849e+00
1.470265361880023214e+00 1.132432796258437957e+00
1.482831732494382493e+00 9.974216901066808028e-01
1.495398103108741550e+00 7.961384157485027480e-01
1.507964473723100607e+00 9.927039740548277980e-01
1.520530844337459886e+00 9.659763039902972137e-01
1.533097214951818943e+00 1.002861686117096474e+00
1.545663585566178222e+00 9.269586066754518239e-01
1.558229956180537279e+00 1.010663771449846093e+00
1.570796326794896558e+00 1.149874933398420396e+00
1.583362697409255837e+00 9.725891994533298890e-01
1.595929068023614894e+00 9.422207385477606723e-01
1.608495438637974173e+00 9.438617195561506135e-01
1.621061809252333230e+00 1.113110974989337310e+00
1.633628179866692509e+00 9.452264046693289457e-01
1.646194550481051566e+00 9.573714600044758161e-01
1.658760921095410845e+00 1.029447177610728570e+00
1.671327291709770124e+00 1.137334882878955788e+00
1.683893662324129181e+00 1.012828095657674288e+00
1.696460032938488460e+00 8.486375386497169160e-01
1.709026403552847517e+00 8.173537216609333411e-01
1.721592774167206796e+00 9.729826632419379395e-01
1.734159144781565853e+00 1.065239253539432829e+00
1.746725515395925132e+00 1.135800260914863635e+00
1.759291886010284411e+00 1.101195744027826162e+00
1.771858256624643468e+00 1.078867971347465815e+00
1.784424627239002747e+00 1.188197748844055601e+00
1.796990997853361804e+00 9.554754700875327522e-01
1.809557368467721084e+00 8.448946708313954668e-01
1.822123739082079918e+00 8.378083252144827853e-01
1.834690109696438975e+00 8.933347541257415925e-01
1.847256480310798255e+00 7.652040626225107278e-01
1.859822850925157534e+00 9.466147640928325169e-01
1.872389221539516591e+00 8.368300528693231044e-01
1.884955592153875870e+00 9.997716642562389788e-01
1.897521962768234927e+00 9.796587143830783884e-01
1.910088333382594206e+00 1.041583437128571266e+00
1.922654703996953263e+00 9.449041961964194103e-01
1.935221074611312542e+00 9.881818560085490200e-01
1.947787445225671821e+00 9.354191788246349892e-01
1.960353815840030878e+00 1.040166594860396643e+00
1.972920186454390157e+00 1.003453993614668471e+00
1.985486557068749214e+00 9.250644748402180317e-01
1.998052927683108493e+00 6.985506161470955711e-01
2.010619298297467772e+00 8.353376463125166129e-01
2.023185668911826607e+00 9.906896736595973696e-01
2.035752039526185886e+00 8.016095899414853454e-01
2.048318410140545165e+00 8.954857525569684951e-01
2.060884780754904444e+00 9.404776581012109782e-01
2.073451151369263723e+00 9.806860895322523364e-01
2.086017521983622558e+00 8.908010852213736896e-01
2.098583892597981837e+00 9.068665884246469577e-01
2.111150263212341116e+00 9.237554478769033350e-01
2.123716633826700395e+00 9.372066234821216923e-01
2.136283004441059674e+00 8.580891652199788000e-01
2.148849375055418509e+00 8.240289749892738547e-01
2.161415745669777788e+00 6.402126373180662133e-01
2.173982116284137067e+00 9.512831429864408994e-01
2.186548486898496346e+00 8.675778428115891172e-01
2.199114857512855181e+00 7.880690578617769448e-01
2.211681228127214016e+00 7.804834050089415332e-01
2.224247598741573295e+00 8.280399206643769272e-01
2.236813969355932574e+00 7.373558996826745648e-01
2.249380339970291853e+00 7.872400675773094658e-01
2.261946710584651132e+00 7.759347672688355901e-01
2.274513081199009967e+00 7.480288458255794914e-01
2.287079451813369246e+00 8.468334476464793870e-01
2.299645822427728525e+00 7.249189434860865422e-01
2.312212193042087804e+00 6.790160881580982188e-01
2.324778563656447083e+00 6.951846004492775455e-01
2.337344934270805918e+00 9.879953617552665879e-01
2.349911304885165197e+00 7.872888786123822813e-01
2.362477675499524477e+00 7.152783693749061866e-01
2.375044046113883756e+00 7.242613732629077372e-01
2.387610416728242591e+00 5.199805811332607330e-01
2.400176787342601870e+00 5.783486373933136582e-01
2.412743157956961149e+00 6.228302997999501933e-01
2.425309528571320428e+00 5.692900318386536762e-01
2.437875899185679707e+00 5.234149934217470213e-01
2.450442269800038542e+00 5.247427916390681180e-01
2.463008640414397821e+00 7.307390037212010414e-01
2.475575011028757100e+00 5.261584670340173631e-01
2.488141381643116379e+00 6.715542815379679231e-01
2.500707752257475658e+00 7.041239707693153216e-01
2.513274122871834493e+00 6.250464349549548215e-01
2.525840493486193772e+00 4.944252116028675648e-01
2.538406864100553051e+00 5.671746558856456399e-01
2.550973234714912330e+00 5.668134346297971637e-01
2.563539605329271165e+00 5.815864594153963285e-01
2.576105975943630444e+00 5.352339425975708442e-01
2.588672346557989723e+00 4.892158431645980410e-01
2.601238717172349002e+00 6.411408696144833552e-01
2.613805087786708281e+00 5.342068866600550026e-01
2.626371458401067116e+00 3.735890760638342356e-01
2.638937829015425951e+00 5.743987242261756609e-01
2.651504199629785230e+00 4.596561150141953433e-01
2.664070570244144509e+00 4.833980037164977150e-01
2.676636940858503788e+00 2.342540656827275525e-01
2.689203311472863067e+00 5.716955402179715318e-01
2.701769682087221902e+00 4.061030227333444764e-01
2.714336052701581181e+00 3.988103542220762243e-01
2.726902423315940460e+00 1.589234319843695342e-01
2.739468793930299739e+00 3.411142169459571161e-01
2.752035164544658574e+00 2.169117121011283067e-01
2.764601535159017853e+00 2.136680686374090865e-01
2.777167905773377132e+00 4.780590735207278508e-01
2.789734276387736411e+00 4.481246316168092658e-01
2.802300647002095690e+00 3.600138558286805068e-01
2.814867017616454525e+00 3.002611504729128522e-01
2.827433388230813804e+00 2.580005092459540794e-01
2.839999758845173083e+00 2.668539599309259769e-01
2.852566129459532362e+00 3.132812147398603142e-01
2.865132500073891642e+00 9.483618734693705088e-02
2.877698870688250476e+00 2.352316127798970702e-01
2.890265241302609756e+00 4.532490351282044694e-01
2.902831611916969035e+00 1.758529916114629499e-01
2.915397982531328314e+00 1.340141803689485489e-01
2.927964353145687149e+00 2.527459130922433683e-01
2.940530723760046428e+00 3.000666216615751614e-01
2.953097094374405707e+00 1.991981018735222431e-01
2.965663464988764986e+00 1.574249490608634616e-01
2.978229835603124265e+00 1.881553056467941132e-01
2.990796206217483100e+00 1.957245587016094024e-01
3.003362576831842379e+00 1.345559690589041291e-01
3.015928947446201214e+00 -9.339229371794313672e-02
3.028495318060560493e+00 3.833188511371615759e-01
3.041061688674919772e+00 1.107665871306433708e-01
3.053628059289279051e+00 8.492957184785743241e-02
3.066194429903637886e+00 2.265703576782619466e-01
3.078760800517997165e+00 2.903360259370713070e-01
3.091327171132356444e+00 5.565960130354983409e-02
3.103893541746715723e+00 -3.329065807049442355e-02
3.116459912361074558e+00 -2.457261949315690808e-04
3.129026282975433837e+00 1.422480405754913690e-01
3.141592653589793116e+00 6.346662148162368622e-02
3.154159024204152395e+00 -9.201756583652502541e-02
3.166725394818511674e+00 8.067144260934581979e-02
3.179291765432870509e+00 -9.057837618571262794e-03
3.191858136047229788e+00 -2.208174824114634283e-01
3.204424506661589067e+00 5.217687987939464977e-02
3.216990877275948346e+00 -2.384068159741889459e-02
3.229557247890307181e+00 -1.508078261752161808e-01
3.242123618504666460e+00 -7.795552505435116020e-02
3.254689989119025739e+00 -5.672650929133993269e-03
3.267256359733385018e+00 -8.820605820362666105e-02
3.279822730347744297e+00 -1.191585323859591233e-01
3.292389100962103132e+00 -3.059937288383078879e-01
3.304955471576462411e+00 6.144589957644136513e-03
3.317521842190821690e+00 -2.787390328692970765e-01
3.330088212805180969e+00 -1.390229884080031453e-01
3.342654583419540248e+00 -1.226829586124847798e-01
3.355220954033899083e+00 -2.538027651370126092e-01
3.367787324648258362e+00 -2.405915989972631230e-01
3.380353695262617642e+00 -1.300464429564290314e-01
3.392920065876976921e+00 -3.252208212404139043e-01
3.405486436491335756e+00 -3.106626449523277045e-01
3.418052807105695035e+00 -3.829442183570339608e-01
3.430619177720054314e+00 -3.423923712331971569e-01
3.443185548334413593e+00 -4.341399727584980273e-01
3.455751918948772872e+00 -4.269191549227403515e-01
3.468318289563131707e+00 -2.971314775250223361e-01
3.480884660177490986e+00 -2.696330324254417876e-01
3.493451030791850265e+00 -4.554926883680147087e-01
3.506017401406209544e+00 -2.748037735838844697e-01
3.518583772020568823e+00 -1.313004882070865353e-01
3.531150142634927658e+00 -4.301510586634331168e-01
3.543716513249286937e+00 -4.638167896136536905e-01
3.556282883863646216e+00 -6.883407878301561755e-01
3.568849254478005495e+00 -6.041030237913955769e-01
3.581415625092364330e+00 -3.668740871540712156e-01
3.593981995706723609e+00 -2.727055544516694963e-01
3.606548366321082888e+00 -4.572790077478224302e-01
3.619114736935442167e+00 -5.957436840385397225e-01
3.631681107549800558e+00 -4.949421291722927441e-01
3.644247478164159837e+00 -5.334719365403355340e-01
3.656813848778519116e+00 -5.179933604785147416e-01
3.669380219392877951e+00 -3.731439585744006360e-01
3.681946590007237230e+00 -2.810898141660422844e-01
3.694512960621596509e+00 -5.322886739924008737e-01
3.707079331235955788e+00 -6.484116465386360328e-01
3.719645701850315067e+00 -7.412991169766456334e-01
3.732212072464673902e+00 -6.106233043532000027e-01
3.744778443079033181e+00 -6.295018289956807456e-01
3.757344813693392460e+00 -6.072006270442824594e-01
3.769911184307751739e+00 -6.627150747421015620e-01
3.782477554922110574e+00 -5.776485114251062036e-01
3.795043925536469853e+00 -6.051658756434646902e-01
3.807610296150829132e+00 -6.417500352687718346e-01
3.820176666765188411e+00 -6.813357256513552507e-01
3.832743037379547690e+00 -6.476848060573895394e-01
3.845309407993906525e+00 -5.961002892814435405e-01
3.857875778608265804e+00 -7.181383579268190154e-01
3.870442149222625083e+00 -4.392967331693653499e-01
3.883008519836984362e+00 -5.109528230921523972e-01
3.895574890451343641e+00 -6.115899337110155543e-01
3.908141261065702476e+00 -7.665465731382067327e-01
3.920707631680061755e+00 -7.746896749297749185e-01
3.933274002294421035e+00 -5.406270967919797332e-01
3.945840372908780314e+00 -6.851751853237861845e-01
3.958406743523139149e+00 -6.875105588451586591e-01
3.970973114137498428e+00 -6.604320743665773596e-01
3.983539484751857707e+00 -5.429593638215939322e-01
3.996105855366216986e+00 -6.391517821435603874e-01
4.008672225980576265e+00 -6.282721868011826860e-01
4.021238596594935544e+00 -6.809508356198735735e-01
4.033804967209294823e+00 -7.156089226816515492e-01
4.046371337823653214e+00 -7.850797222703590483e-01
4.058937708438012493e+00 -7.879224276380589753e-01
4.071504079052371772e+00 -7.484836593360858492e-01
4.084070449666731051e+00 -7.376714551023237920e-01
4.096636820281090330e+00 -8.356228815492912076e-01
4.109203190895449609e+00 -8.620198435379535784e-01
4.121769561509808888e+00 -8.009150832237308393e-01
4.134335932124168167e+00 -8.839978937797081660e-01
4.146902302738527446e+00 -7.673140888058098685e-01
4.159468673352886725e+00 -9.845013805122503348e-01
4.172035043967245116e+00 -9.901866133309592533e-01
4.184601414581604395e+00 -8.948838930103832912e-01
4.197167785195963674e+00 -9.688280905157642398e-01
4.209734155810322953e+00 -9.168375356148736888e-01
4.222300526424682232e+00 -6.062391699796660927e-01
4.234866897039041511e+00 -8.825801441230817224e-01
4.247433267653400790e+00 -8.993384151559438155e-01
4.259999638267760069e+00 -9.191329864017581119e-01
4.272566008882119348e+00 -8.126308411122552533e-01
4.285132379496477739e+00 -1.020221152313663282e+00
4.297698750110837018e+00 -1.020115906445513199e+00
4.310265120725196297e+00 -9.900736342331688533e-01
4.322831491339555576e+00 -1.026373515564913852e+00
4.335397861953914855e+00 -1.033342716147190643e+00
4.347964232568274134e+00 -8.475629865361202775e-01
4.360530603182633413e+00 -1.034263072781068660e+00
4.373096973796992692e+00 -1.026993708153653984e+00
4.385663344411351972e+00 -1.021813810319252891e+00
4.398229715025710362e+00 -9.551134713717684965e-01
4.410796085640069641e+00 -9.291210119675676893e-01
4.423362456254428032e+00 -8.951853274982328745e-01
4.435928826868787311e+00 -8.363475394810085950e-01
4.448495197483146590e+00 -1.079226724170319507e+00
4.461061568097505869e+00 -9.269692304867769295e-01
4.473627938711865148e+00 -1.023287743900066937e+00
4.486194309326224428e+00 -7.570732527453762906e-01
4.498760679940583707e+00 -1.054724954854215691e+00
4.511327050554942986e+00 -1.108887853604875628e+00
4.523893421169302265e+00 -9.449526220752727523e-01
4.536459791783661544e+00 -1.077745799002707727e+00
4.549026162398019935e+00 -1.138482193822682786e+00
4.561592533012379214e+00 -9.298304977511913094e-01
4.574158903626738493e+00 -7.746607165027659114e-01
4.586725274241097772e+00 -1.009983827201205386e+00
4.599291644855457051e+00 -9.153105973286603803e-01
4.611858015469816330e+00 -1.091104339550922120e+00
4.624424386084175609e+00 -1.046299172402300082e+00
4.636990756698534888e+00 -7.943464370062683910e-01
4.649557127312894167e+00 -8.881377247562276533e-01
4.662123497927252558e+00 -1.007542954297652393e+00
4.674689868541611837e+00 -1.020896344677472811e+00
4.687256239155971116e+00 -1.035321846510066202e+00
4.699822609770330395e+00 -9.893623295099944759e-01
4.712388980384689674e+00 -1.202437794156616002e+00
4.724955350999048953e+00 -1.034960483231296413e+00
4.737521721613408232e+00 -1.080778568140014162e+00
4.750088092227767511e+00 -1.005461805454259450e+00
4.762654462842126790e+00 -1.061533423576342505e+00
4.775220833456485181e+00 -1.018538222848248909e+00
4.787787204070844460e+00 -1.059153009847367821e+00
4.800353574685203739e+00 -1.057600498423463264e+00
4.812919945299563018e+00 -8.740346180062378290e-01
4.825486315913922297e+00 -1.134235706553652356e+00
4.838052686528281576e+00 -8.993521187428797914e-01
4.850619057142640855e+00 -1.211176504020359701e+00
4.863185427757000134e+00 -1.072262843663415177e+00
4.875751798371359413e+00 -9.296162711696943637e-01
4.888318168985717804e+00 -1.021041521153461362e+00
4.900884539600077083e+00 -8.549116285968794138e-01
4.913450910214436362e+00 -1.093889535185277984e+00
4.926017280828795641e+00 -9.554638244933271185e-01
4.938583651443154920e+00 -9.551775347009763273e-01
4.951150022057514200e+00 -1.106031964215706376e+00
4.963716392671873479e+00 -9.476346355145426337e-01
4.976282763286232758e+00 -9.082543360861026205e-01
4.988849133900592037e+00 -1.002270640062530527e+00
5.001415504514951316e+00 -8.280230223860479688e-01
5.013981875129309707e+00 -9.315688846687992797e-01
5.026548245743668986e+00 -9.849071189548677108e-01
5.039114616358028265e+00 -9.826520813007427746e-01
5.051680986972387544e+00 -1.210063449540426106e+00
5.064247357586746823e+00 -9.029931550824655817e-01
5.076813728201106102e+00 -9.564249601649702504e-01
5.089380098815465381e+00 -8.808533880164589602e-01
5.101946469429824660e+00 -8.941759186526555547e-01
5.114512840044183939e+00 -8.995851197398884169e-01
5.127079210658542330e+00 -1.038503896012416217e+00
5.139645581272901609e+00 -7.956908237260230665e-01
5.152211951887260888e+00 -8.927350769788277018e-01
5.164778322501620167e+00 -1.018563177919360907e+00
5.177344693115979446e+00 -8.624204611109854701e-01
5.189911063730338725e+00 -8.672892700034027236e-01
5.202477434344698004e+00 -7.618147373032797542e-01
5.215043804959057283e+00 -9.543754059736309081e-01
5.227610175573416562e+00 -9.749388159419477562e-01
5.240176546187774953e+00 -8.152196460592896488e-01
5.252742916802134232e+00 -7.123575214446123960e-01
5.265309287416492623e+00 -8.105424028810660486e-01
5.277875658030851902e+00 -9.378269858622000354e-01
5.290442028645211181e+00 -8.107083953296284617e-01
5.303008399259570460e+00 -6.607274243333297603e-01
5.315574769873929739e+00 -6.670424267772440130e-01
5.328141140488289018e+00 -8.720309541642856654e-01
5.340707511102648297e+00 -7.179523094407609385e-01
5.353273881717007576e+00 -7.480485818981674750e-01
5.365840252331366855e+00 -8.712384416936752585e-01
5.378406622945726134e+00 -6.336200653715230446e-01
5.390972993560084525e+00 -7.709734937119367970e-01
5.403539364174443804e+00 -6.978725583686011813e-01
5.416105734788803083e+00 -6.817291223171206838e-01
5.428672105403162362e+00 -7.220298050201399143e-01
5.441238476017521641e+00 -7.117636691683525418e-01
5.453804846631880920e+00 -6.932150100567144868e-01
5.466371217246240199e+00 -6.505881149049728140e-01
5.478937587860599479e+00 -7.777126004107601798e-01
5.491503958474958758e+00 -6.344883821321236628e-01
5.504070329089317148e+00 -6.875693263713656966e-01
5.516636699703676427e+00 -4.731447648572453257e-01
5.529203070318035707e+00 -6.765438926792762819e-01
5.541769440932394986e+00 -6.070873376748846528e-01
5.554335811546754265e+00 -5.912843091153611175e-01
5.566902182161113544e+00 -7.992074987657949992e-01
5.579468552775472823e+00 -7.004569600166626886e-01
5.592034923389832102e+00 -6.171982855615423258e-01
5.604601294004191381e+00 -5.256302552961156227e-01
5.617167664618549772e+00 -5.987311249048021811e-01
5.629734035232909051e+00 -5.988956854216272996e-01
5.642300405847268330e+00 -6.073761153792359702e-01
5.654866776461627609e+00 -5.656970134884684587e-01
5.667433147075986888e+00 -3.244544485402859890e-01
5.679999517690346167e+00 -5.685563517543441581e-01
5.692565888304705446e+00 -5.280017732771968841e-01
5.705132258919064725e+00 -4.858183256446855225e-01
5.717698629533424004e+00 -5.842608623751480712e-01
5.730265000147783283e+00 -4.096403780331347999e-01
5.742831370762141674e+00 -4.526645139158687048e-01
5.755397741376500953e+00 -5.682425000001541937e-01
5.767964111990860232e+00 -5.681463501847852093e-01
5.780530482605219511e+00 -5.181529684016712434e-01
5.793096853219578790e+00 -6.567479084093482689e-01
5.805663223833938069e+00 -4.932220032216426131e-01
5.818229594448297348e+00 -5.185218859089784083e-01
5.830795965062656627e+00 -2.881536807368090258e-01
5.843362335677015906e+00 -3.972508957872932789e-01
5.855928706291374297e+00 -4.405686741457589539e-01
5.868495076905733576e+00 -3.341767757525351268e-01
5.881061447520092855e+00 -3.942860882540160650e-01
5.893627818134452134e+00 -3.534870041546585018e-01
5.906194188748811413e+00 -4.493019101197567311e-01
5.918760559363170692e+00 -2.334396458904516858e-01
5.931326929977529971e+00 -3.864347509471690589e-01
5.943893300591889250e+00 -3.366673253484560036e-01
5.956459671206248530e+00 -3.401741729555750049e-01
5.969026041820606920e+00 -4.094331139793178087e-01
5.981592412434966199e+00 -2.918863743734117500e-01
5.994158783049325478e+00 -2.458370618975442845e-01
6.006725153663684758e+00 -2.701025166934066246e-01
6.019291524278044037e+00 -1.914037024543696619e-01
6.031857894892402427e+00 -1.396358267960023103e-01
6.044424265506761706e+00 -2.608758806381754058e-01
6.056990636121120986e+00 -3.482582253160445562e-01
6.069557006735480265e+00 -6.396507533303322224e-02
6.082123377349839544e+00 -3.493867178705307719e-01
6.094689747964198823e+00 -8.321489936831033551e-02
6.107256118578558102e+00 4.710527405120623623e-02
6.119822489192916493e+00 -6.117384303681275282e-02
6.132388859807275772e+00 -1.478549900202851819e-01
6.144955230421635051e+00 -1.899547830258265513e-01
6.157521601035994330e+00 -2.345068031105969064e-01
6.170087971650353609e+00 -8.120121495710354298e-02
6.182654342264712888e+00 -1.572075701661767855e-01
6.195220712879072167e+00 -1.189864106605875299e-01
6.207787083493431446e+00 -1.443309262066521659e-01
6.220353454107790725e+00 -7.978081909487225176e-02
6.232919824722149116e+00 -6.626842038316016481e-02
6.245486195336508395e+00 2.019417727770844717e-02
6.258052565950867674e+00 -5.077149341131464294e-02
6.270618936565226953e+00 -2.996526745723334870e-03
