0.000000000000000000e+00 7.274946745745733412e-02
1.256637061435917323e-02 -1.248179236030922540e-02
2.513274122871834645e-02 -5.368428570149644252e-02
3.769911184307751795e-02 3.097961774844264216e-02
5.026548245743669291e-02 -1.997275919780047149e-01
6.283185307179586787e-02 1.005330016680699712e-01
7.539822368615503589e-02 8.296026892798390173e-02
8.796459430051420392e-02 1.047817610850894365e-02
1.005309649148733858e-01 8.664368391509705281e-03
1.130973355292325677e-01 5.577513796277867864e-02
1.256637061435917357e-01 1.267645867719717212e-01
1.382300767579508760e-01 2.611211543669477164e-01
1.507964473723100718e-01 9.469692355547801310e-02
1.633628179866692676e-01 6.698721831654350090e-02
1.759291886010284078e-01 1.925756561856817595e-01
1.884955592153875759e-01 8.688311406526549874e-02
2.010619298297467716e-01 2.548973982915926917e-01
2.136283004441059397e-01 1.302163312906320924e-01
2.261946710584651354e-01 1.371978343823294089e-01
2.387610416728242757e-01 2.310465300992417537e-01
2.513274122871834715e-01 3.207587756721428374e-01
2.638937829015426395e-01 2.100711754262292175e-01
2.764601535159017520e-01 2.944222281599866431e-01
2.890265241302609756e-01 3.217174635435023911e-01
3.015928947446201436e-01 4.287892463563840462e-01
3.141592653589793116e-01 1.239340675241435707e-01
3.267256359733385351e-01 3.082510706242012066e-01
3.392920065876976476e-01 4.408193676996873811e-01
3.518583772020568157e-01 4.608916635345176038e-01
3.644247478164160392e-01 3.030362262086110370e-01
3.769911184307751517e-01 4.130105498036771294e-01
3.895574890451343197e-01 4.060439106007545651e-01
4.021238596594935433e-01 4.638604585769509070e-01
4.146902302738527113e-01 4.206623955492052591e-01
4.272566008882118793e-01 3.265634392876342051e-01
4.398229715025711029e-01 5.685705518342750731e-01
4.523893421169302709e-01 4.796373899294101850e-01
4.649557127312893834e-01 4.066899935235968044e-01
4.775220833456485514e-01 4.644286886822508453e-01
4.900884539600077194e-01 4.466848625647842352e-01
5.026548245743669430e-01 4.713847637848395111e-01
5.152211951887261110e-01 5.796890281280109303e-01
5.277875658030852790e-01 4.793371442521019432e-01
5.403539364174444470e-01 6.133783511361137197e-01
5.529203070318035040e-01 5.571711574932876054e-01
5.654866776461627831e-01 4.779821628659223220e-01
5.780530482605219511e-01 7.388628141431542451e-01
5.906194188748811191e-01 6.942029278047524565e-01
6.031857894892402872e-01 4.981267638826661903e-01
6.157521601035994552e-01 5.118881577427923935e-01
6.283185307179586232e-01 6.406572510891878069e-01
6.408849013323177912e-01 7.189794023392267475e-01
6.534512719466770703e-01 7.181286608633211666e-01
6.660176425610361273e-01 7.266814248801316545e-01
6.785840131753952953e-01 5.253372955943078626e-01
6.911503837897544633e-01 6.582335540711130584e-01
7.037167544041136313e-01 5.040872569832614003e-01
7.162831250184729104e-01 5.908054422614208434e-01
7.288494956328320784e-01 5.410506921063609198e-01
7.414158662471912464e-01 4.759739239398799171e-01
7.539822368615503034e-01 5.019218598558480293e-01
7.665486074759094715e-01 6.994623798548058602e-01
7.791149780902686395e-01 8.509326720103238539e-01
7.916813487046279185e-01 7.344734091434838019e-01
8.042477193189870865e-01 7.762774795457000332e-01
8.168140899333462546e-01 9.714505646693663010e-01
8.293804605477054226e-01 7.398108210315332833e-01
8.419468311620645906e-01 8.250820293388637650e-01
8.545132017764237586e-01 7.124964138263693014e-01
8.670795723907829267e-01 7.915035884095354968e-01
8.796459430051422057e-01 1.031435816198105426e+00
8.922123136195013737e-01 5.516760366822754946e-01
9.047786842338605418e-01 6.507268074307370753e-01
9.173450548482194877e-01 8.554241226965758615e-01
9.299114254625787668e-01 6.809742654546482310e-01
9.424777960769379348e-01 6.535950785042250466e-01
9.550441666912971028e-01 7.769743573501773914e-01
9.676105373056562708e-01 8.927998869589206521e-01
9.801769079200154389e-01 6.253039525275742028e-01
9.927432785343746069e-01 7.695360761971568042e-01
1.005309649148733886e+00 8.812936815805407775e-01
1.017876019763092943e+00 9.057092633599771458e-01
1.030442390377452222e+00 7.856170954168446574e-01
1.043008760991811279e+00 9.276176152234670846e-01
1.055575131606170558e+00 8.818315137027320505e-01
1.068141502220529837e+00 9.975817747999747853e-01
1.080707872834888894e+00 9.562217191033751673e-01
1.093274243449248173e+00 7.378326594734896382e-01
1.105840614063607008e+00 9.013897717766845563e-01
1.118406984677966287e+00 8.565679423724117392e-01
1.130973355292325566e+00 6.951204909641410801e-01
1.143539725906684623e+00 1.043052076264544548e+00
1.156106096521043902e+00 7.678022273156386301e-01
1.168672467135402959e+00 9.030580291684374705e-01
1.181238837749762238e+00 9.707664971960595635e-01
1.193805208364121295e+00 9.528635240304741405e-01
1.206371578978480574e+00 9.396081245025131867e-01
1.218937949592839853e+00 1.120284660932031606e+00
1.231504320207198910e+00 1.055499347829031542e+00
1.244070690821558189e+00 1.041108226537760029e+00
1.256637061435917246e+00 7.905820747363934142e-01
1.269203432050276525e+00 8.392320822209807796e-01
1.281769802664635582e+00 1.107760179162910807e+00
1.294336173278994861e+00 1.126742132132056762e+00
1.306902543893354141e+00 1.083907026553136088e+00
1.319468914507712975e+00 8.231897348990949714e-01
1.332035285122072255e+00 1.032728550706180082e+00
1.344601655736431534e+00 1.092458739445076654e+00
1.357168026350790591e+00 1.126373122562712048e+00
1.369734396965149870e+00 9.473410420379073660e-01
1.382300767579508927e+00 1.020155228803922842e+00
1.394867138193868206e+00 1.097505794585986294e+00
1.407433508808227263e+00 8.951724832366867446e-01
1.419999879422586542e+00 1.008895584143201019e+00
1.432566250036945821e+00 9.861437730369079224e-01
1.445132620651304878e+00 9.064462772929154921e-01
1.457698991265664157e+00 1.083671134764112365e+00
1.470265361880023214e+00 8.881521595556935988e-01
1.482831732494382493e+00 9.226850062820182163e-01
1.495398103108741550e+00 1.095076122767215221e+00
1.507964473723100607e+00 1.061812852596855983e+00
1.520530844337459886e+00 9.680522722479204534e-01
1.533097214951818943e+00 1.009759777297882799e+00
1.545663585566178222e+00 1.003064562687738137e+00
1.558229956180537279e+00 9.251165605846238815e-01
1.570796326794896558e+00 1.000061560637604874e+00
1.583362697409255837e+00 1.176274650160152868e+00
1.595929068023614894e+00 9.897211844028227512e-01
1.608495438637974173e+00 9.164337428112085959e-01
1.621061809252333230e+00 1.082609536898126112e+00
1.633628179866692509e+00 1.001330376247976162e+00
1.646194550481051566e+00 9.727478459464909966e-01
1.658760921095410845e+00 9.628448005279369726e-01
1.671327291709770124e+00 9.071678080444536274e-01
1.683893662324129181e+00 1.183214650729692785e+00
1.696460032938488460e+00 1.050237414401229419e+00
1.709026403552847517e+00 8.553230657843252649e-01
1.721592774167206796e+00 9.279448208390603803e-01
1.734159144781565853e+00 1.054961198828176627e+00
1.746725515395925132e+00 1.146962082407261052e+00
1.759291886010284411e+00 8.838054215274163683e-01
1.771858256624643468e+00 1.062632265613929761e+00
1.784424627239002747e+00 1.129659308122887396e+00
1.796990997853361804e+00 1.154998293775846063e+00
1.809557368467721084e+00 1.092709077331707190e+00
1.822123739082079918e+00 1.018819703682348532e+00
1.834690109696438975e+00 7.812444130238564988e-01
1.847256480310798255e+00 9.029303622603805923e-01
1.859822850925157534e+00 9.618057488110417497e-01
1.872389221539516591e+00 9.285153445775302661e-01
1.884955592153875870e+00 1.005196552587720005e+00
1.897521962768234927e+00 9.183105862102659556e-01
1.910088333382594206e+00 1.118652925867230419e+00
1.922654703996953263e+00 7.897753806227341133e-01
1.935221074611312542e+00 7.942521718212955939e-01
1.947787445225671821e+00 8.728274889202696230e-01
1.960353815840030878e+00 1.042687306853625095e+00
1.972920186454390157e+00 9.390307874230346963e-01
1.985486557068749214e+00 1.019046629118573133e+00
1.998052927683108493e+00 8.877522488619004060e-01
2.010619298297467772e+00 1.072227603847470512e+00
2.023185668911826607e+00 9.846861443030974215e-01
2.035752039526185886e+00 9.267968959986727651e-01
2.048318410140545165e+00 8.232348083687551776e-01
2.060884780754904444e+00 9.896484091988489995e-01
2.073451151369263723e+00 9.207482922801011327e-01
2.086017521983622558e+00 1.003938402742811986e+00
2.098583892597981837e+00 8.116085421371881381e-01
2.111150263212341116e+00 8.885247024837013008e-01
2.123716633826700395e+00 8.068623884011598690e-01
2.136283004441059674e+00 7.801770564302917821e-01
2.148849375055418509e+00 6.649372738011174455e-01
2.161415745669777788e+00 9.935307016654449930e-01
2.173982116284137067e+00 9.673505045981842798e-01
2.186548486898496346e+00 7.934863971580939923e-01
2.199114857512855181e+00 7.883941006108539096e-01
2.211681228127214016e+00 7.202896577299224834e-01
2.224247598741573295e+00 8.405591059320299818e-01
2.236813969355932574e+00 7.574937606666848344e-01
2.249380339970291853e+00 8.285688738634853223e-01
2.261946710584651132e+00 9.017837314530817716e-01
2.274513081199009967e+00 9.728170579932226003e-01
2.287079451813369246e+00 7.624755344169666937e-01
2.299645822427728525e+00 5.600081501159271946e-01
2.312212193042087804e+00 7.385228266774694905e-01
2.324778563656447083e+00 8.611638679123215789e-01
2.337344934270805918e+00 6.905965930804451869e-01
2.349911304885165197e+00 5.958864065683137090e-01
2.362477675499524477e+00 7.794000500769989737e-01
2.375044046113883756e+00 5.337444488702098866e-01
2.387610416728242591e+00 6.128983580290364719e-01
2.400176787342601870e+00 5.625874680928248939e-01
2.412743157956961149e+00 7.422381778024380594e-01
2.425309528571320428e+00 6.836336435330204742e-01
2.437875899185679707e+00 5.524085017266072706e-01
2.450442269800038542e+00 7.821018185511723342e-01
2.463008640414397821e+00 8.388619589382413366e-01
2.475575011028757100e+00 6.386765188401591908e-01
2.488141381643116379e+00 5.964157646970393856e-01
2.500707752257475658e+00 6.702185998596709160e-01
2.513274122871834493e+00 6.402877943347207168e-01
2.525840493486193772e+00 4.752966795193606653e-01
2.538406864100553051e+00 7.055027066810622971e-01
2.550973234714912330e+00 4.689948305226777636e-01
2.563539605329271165e+00 5.214943869523737119e-01
2.576105975943630444e+00 5.072911774132450313e-01
2.588672346557989723e+00 3.705592313334271637e-01
2.601238717172349002e+00 6.367177619022351687e-01
2.613805087786708281e+00 6.341589576957326058e-01
2.626371458401067116e+00 4.364496996345226254e-01
2.638937829015425951e+00 3.435509651270599596e-01
2.651504199629785230e+00 5.472453516695505726e-01
2.664070570244144509e+00 4.811523435917791081e-01
2.676636940858503788e+00 3.920869869286202070e-01
2.689203311472863067e+00 3.522804153190243204e-01
2.701769682087221902e+00 5.349030179605309687e-01
2.714336052701581181e+00 4.470983461054578445e-01
2.726902423315940460e+00 5.236014650646415580e-01
2.739468793930299739e+00 2.905824882573845858e-01
2.752035164544658574e+00 2.547947890861657627e-01
2.764601535159017853e+00 3.791209661970580402e-01
2.777167905773377132e+00 4.460620244527754297e-01
2.789734276387736411e+00 4.055399668496636467e-01
2.802300647002095690e+00 2.102130403147960402e-01
2.814867017616454525e+00 2.881397986691360824e-01
2.827433388230813804e+00 2.447197525925089989e-01
2.839999758845173083e+00 4.170256743131760535e-01
2.852566129459532362e+00 2.808456793081705039e-01
2.865132500073891642e+00 4.629132123003625310e-01
2.877698870688250476e+00 2.470973434354880593e-01
2.890265241302609756e+00 2.090500134333979354e-01
2.902831611916969035e+00 1.306344923388390866e-01
2.915397982531328314e+00 2.221014608812895419e-01
2.927964353145687149e+00 2.063603783672299796e-01
2.940530723760046428e+00 2.235688018606222793e-01
2.953097094374405707e+00 1.250627758480533369e-01
2.965663464988764986e+00 1.039056669036349106e-01
2.978229835603124265e+00 1.248631794384302274e-01
2.990796206217483100e+00 3.183083048289492845e-01
3.003362576831842379e+00 9.083159872086279951e-02
3.015928947446201214e+00 2.423657515273289764e-01
3.028495318060560493e+00 2.639378879531312783e-01
3.041061688674919772e+00 1.454478035407632541e-01
3.053628059289279051e+00 6.270350138178619470e-02
3.066194429903637886e+00 5.507813144274338601e-02
3.078760800517997165e+00 1.005672259543616970e-01
3.091327171132356444e+00 2.681689806445938240e-01
3.103893541746715723e+00 -5.542125951264702949e-02
3.116459912361074558e+00 -9.556389027198909647e-02
3.129026282975433837e+00 -1.375701869834884683e-02
3.141592653589793116e+00 -6.628958105518055477e-02
3.154159024204152395e+00 6.280605036192576582e-03
3.166725394818511674e+00 4.231350145081760883e-02
3.179291765432870509e+00 -6.543431166383316400e-02
3.191858136047229788e+00 6.625434983392566868e-02
3.204424506661589067e+00 -1.156036690721030380e-01
3.216990877275948346e+00 -2.021707777426844932e-01
3.229557247890307181e+00 1.063409072295122548e-02
3.242123618504666460e+00 3.251724527929458763e-02
3.254689989119025739e+00 1.043915372588382212e-01
3.267256359733385018e+00 -3.034164329438674423e-01
3.279822730347744297e+00 -1.669312450589372776e-01
3.292389100962103132e+00 -1.170201560678584135e-01
3.304955471576462411e+00 -7.307802304988886277e-02
3.317521842190821690e+00 -2.937440441184173689e-01
3.330088212805180969e+00 -3.414465083383549926e-01
3.342654583419540248e+00 -2.597475327828900893e-01
3.355220954033899083e+00 -2.749278007657526279e-01
3.367787324648258362e+00 -2.225454532461234036e-01
3.380353695262617642e+00 -4.112067168567747899e-01
3.392920065876976921e+00 -2.107847853009736372e-01
3.405486436491335756e+00 -2.210965291561607093e-01
3.418052807105695035e+00 -1.698335538396989752e-01
3.430619177720054314e+00 -3.958230161948138037e-01
3.443185548334413593e+00 -1.970438934556267840e-01
3.455751918948772872e+00 -2.956268184913314334e-01
3.468318289563131707e+00 -1.202729560764752292e-01
3.480884660177490986e+00 -2.528589272519019548e-01
3.493451030791850265e+00 -5.013998959383586529e-01
3.506017401406209544e+00 -4.509409959030249992e-01
3.518583772020568823e+00 -4.738992557693695873e-01
3.531150142634927658e+00 -4.606293291231944864e-01
3.543716513249286937e+00 -4.185668602066235922e-01
3.556282883863646216e+00 -3.094981766659978817e-01
3.568849254478005495e+00 -3.983796465391800656e-01
3.581415625092364330e+00 -4.677435299450729556e-01
3.593981995706723609e+00 -4.684246488735885894e-01
3.606548366321082888e+00 -5.194991312046559617e-01
3.619114736935442167e+00 -5.827242369779319642e-01
3.631681107549800558e+00 -3.253394174670145578e-01
3.644247478164159837e+00 -3.698981809570821566e-01
3.656813848778519116e+00 -5.306514049510118181e-01
3.669380219392877951e+00 -5.941634423016425304e-01
3.681946590007237230e+00 -5.455793744565742287e-01
3.694512960621596509e+00 -3.542309647124233796e-01
3.707079331235955788e+00 -5.516944291671879164e-01
3.719645701850315067e+00 -5.579858683128127161e-01
3.732212072464673902e+00 -5.708967092430875523e-01
3.744778443079033181e+00 -5.842875844748787184e-01
3.757344813693392460e+00 -6.628741886221194424e-01
3.769911184307751739e+00 -5.162342729075420911e-01
3.782477554922110574e+00 -4.752412137507739942e-01
3.795043925536469853e+00 -7.434360549101705073e-01
3.807610296150829132e+00 -6.083519057297531729e-01
3.820176666765188411e+00 -5.387869294345190019e-01
3.832743037379547690e+00 -7.700395448822163758e-01
3.845309407993906525e+00 -6.473906921889948096e-01
3.857875778608265804e+00 -6.048919664219172265e-01
3.870442149222625083e+00 -8.442345662329420186e-01
3.883008519836984362e+00 -6.200488074284230544e-01
3.895574890451343641e+00 -5.882971194000680137e-01
3.908141261065702476e+00 -7.608178496704732785e-01
3.920707631680061755e+00 -9.113214611576170299e-01
3.933274002294421035e+00 -8.265971860396542636e-01
3.945840372908780314e+00 -6.881738140278733651e-01
3.958406743523139149e+00 -6.526320394531612834e-01
3.970973114137498428e+00 -8.675112224048253662e-01
3.983539484751857707e+00 -6.477068278698121517e-01
3.996105855366216986e+00 -8.144330442824190275e-01
4.008672225980576265e+00 -7.185494481066900807e-01
4.021238596594935544e+00 -7.872909076601500855e-01
4.033804967209294823e+00 -6.294022016734313052e-01
4.046371337823653214e+00 -8.690244879377124754e-01
4.058937708438012493e+00 -7.516201150197691083e-01
4.071504079052371772e+00 -7.671989656776391220e-01
4.084070449666731051e+00 -8.287594711538305292e-01
4.096636820281090330e+00 -8.803007004345048125e-01
4.109203190895449609e+00 -7.646580577763970599e-01
4.121769561509808888e+00 -6.002616490908621039e-01
4.134335932124168167e+00 -7.789324231190377645e-01
4.146902302738527446e+00 -8.884124591047334318e-01
4.159468673352886725e+00 -6.719407136125247204e-01
4.172035043967245116e+00 -7.420798939284353191e-01
4.184601414581604395e+00 -9.695655340186447591e-01
4.197167785195963674e+00 -9.517294391448827273e-01
4.209734155810322953e+00 -9.533763488211399739e-01
4.222300526424682232e+00 -8.199423509604034654e-01
4.234866897039041511e+00 -7.371444490751790646e-01
4.247433267653400790e+00 -1.036068272622965969e+00
4.259999638267760069e+00 -8.601955255830951996e-01
4.272566008882119348e+00 -9.873966616419760367e-01
4.285132379496477739e+00 -7.887427362347525506e-01
4.297698750110837018e+00 -1.064807560427176725e+00
4.310265120725196297e+00 -6.024399177599872868e-01
4.322831491339555576e+00 -9.866833655562993188e-01
4.335397861953914855e+00 -7.120902874779715397e-01
4.347964232568274134e+00 -1.042379501131989628e+00
4.360530603182633413e+00 -7.864120148250406395e-01
4.373096973796992692e+00 -1.029008991162933428e+00
4.385663344411351972e+00 -1.018673362415558614e+00
4.398229715025710362e+00 -9.636999103503042230e-01
4.410796085640069641e+00 -1.033463834477630794e+00
4.423362456254428032e+00 -8.755599386309234067e-01
4.435928826868787311e+00 -1.094515588646125526e+00
4.448495197483146590e+00 -1.078141157192079147e+00
4.461061568097505869e+00 -1.074752221922727458e+00
4.473627938711865148e+00 -1.022524218829073295e+00
4.486194309326224428e+00 -9.847199475100421040e-01
4.498760679940583707e+00 -9.304009837956774831e-01
4.511327050554942986e+00 -1.155980454828108073e+00
4.523893421169302265e+00 -1.119574147438146650e+00
4.536459791783661544e+00 -1.058016089535337212e+00
4.549026162398019935e+00 -1.180827227090954779e+00
4.561592533012379214e+00 -1.048612655013505757e+00
4.574158903626738493e+00 -1.087711076805363053e+00
4.586725274241097772e+00 -8.765716866650956618e-01
4.599291644855457051e+00 -1.144388726052946836e+00
4.611858015469816330e+00 -9.486366403573200934e-01
4.624424386084175609e+00 -8.382390125332209729e-01
4.636990756698534888e+00 -9.167060508116630091e-01
4.649557127312894167e+00 -9.443422694995410316e-01
4.662123497927252558e+00 -1.085249838050481141e+00
4.674689868541611837e+00 -1.032861733545687555e+00
4.687256239155971116e+00 -9.114461603252325128e-01
4.699822609770330395e+00 -1.073695350273133009e+00
4.712388980384689674e+00 -9.442719277761943975e-01
4.724955350999048953e+00 -1.028097894311737592e+00
4.737521721613408232e+00 -8.559556574032544107e-01
4.750088092227767511e+00 -9.008802859892696135e-01
4.762654462842126790e+00 -7.811681523036853037e-01
4.775220833456485181e+00 -9.512744327635304087e-01
4.787787204070844460e+00 -1.143233662711798715e+00
4.800353574685203739e+00 -9.968882232926760123e-01
4.812919945299563018e+00 -8.877047222210311395e-01
4.825486315913922297e+00 -9.867917863072651619e-01
4.838052686528281576e+00 -9.355804689148556896e-01
4.850619057142640855e+00 -9.823088101054532340e-01
4.863185427757000134e+00 -1.049998075328167912e+00
4.875751798371359413e+00 -1.116829521675248627e+00
4.888318168985717804e+00 -1.208867089330681432e+00
4.900884539600077083e+00 -9.617059747366387690e-01
4.913450910214436362e+00 -8.401499740877969025e-01
4.926017280828795641e+00 -9.304153459752413369e-01
4.938583651443154920e+00 -9.134204994173389380e-01
4.951150022057514200e+00 -1.137670654537221937e+00
4.963716392671873479e+00 -1.008422014062983596e+00
4.976282763286232758e+00 -9.834227043482036690e-01
4.988849133900592037e+00 -9.691448490594858356e-01
5.001415504514951316e+00 -1.163699878457276959e+00
5.013981875129309707e+00 -1.081513022827663706e+00
5.026548245743668986e+00 -1.032225083780456298e+00
5.039114616358028265e+00 -8.913167545417114424e-01
5.051680986972387544e+00 -1.126446326811872511e+00
5.064247357586746823e+00 -8.978135415481661719e-01
5.076813728201106102e+00 -9.361528513258616790e-01
5.089380098815465381e+00 -8.540429473909891822e-01
5.101946469429824660e+00 -7.979719675841188131e-01
5.114512840044183939e+00 -9.164173184342466749e-01
5.127079210658542330e+00 -9.993756820476651370e-01
5.139645581272901609e+00 -9.772524734120648926e-01
5.152211951887260888e+00 -7.593517280866604047e-01
5.164778322501620167e+00 -8.111022560357439293e-01
5.177344693115979446e+00 -8.577832842024916138e-01
5.189911063730338725e+00 -9.821638118401954110e-01
5.202477434344698004e+00 -7.815884698985317014e-01
5.215043804959057283e+00 -9.213095463919562800e-01
5.227610175573416562e+00 -7.592417509419380206e-01
5.240176546187774953e+00 -9.203877567020050110e-01
5.252742916802134232e+00 -8.573948021669317576e-01
5.265309287416492623e+00 -8.479603488609800399e-01
5.277875658030851902e+00 -9.124826017999702055e-01
5.290442028645211181e+00 -6.431542469613685808e-01
5.303008399259570460e+00 -7.947267898407801567e-01
5.315574769873929739e+00 -8.770314767453963878e-01
5.328141140488289018e+00 -8.332855547203544821e-01
5.340707511102648297e+00 -8.838411367026313137e-01
5.353273881717007576e+00 -8.530230991205836055e-01
5.365840252331366855e+00 -7.548727039280191953e-01
5.378406622945726134e+00 -7.795343773933633980e-01
5.390972993560084525e+00 -8.375600436618609868e-01
5.403539364174443804e+00 -9.360713065496856222e-01
5.416105734788803083e+00 -7.980913477668943878e-01
5.428672105403162362e+00 -7.820847677813616006e-01
5.441238476017521641e+00 -6.675059499935115381e-01
5.453804846631880920e+00 -8.636766408364628944e-01
5.466371217246240199e+00 -8.244256764771820123e-01
5.478937587860599479e+00 -7.517391059346795190e-01
5.491503958474958758e+00 -7.401211631530140167e-01
5.504070329089317148e+00 -7.340571700486675510e-01
5.516636699703676427e+00 -9.528802062783023885e-01
5.529203070318035707e+00 -6.207869383415878239e-01
5.541769440932394986e+00 -5.703988696492781063e-01
5.554335811546754265e+00 -5.757508957752816015e-01
5.566902182161113544e+00 -7.769706383626158175e-01
5.579468552775472823e+00 -4.553147991588223364e-01
5.592034923389832102e+00 -5.019444057675157556e-01
5.604601294004191381e+00 -8.402268288331771195e-01
5.617167664618549772e+00 -6.267962418971644301e-01
5.629734035232909051e+00 -4.224876485994633057e-01
5.642300405847268330e+00 -5.617698234536208091e-01
5.654866776461627609e+00 -5.216382313811783744e-01
5.667433147075986888e+00 -4.472630202573449343e-01
5.679999517690346167e+00 -4.566367163969464738e-01
5.692565888304705446e+00 -5.959832867749630392e-01
5.705132258919064725e+00 -4.651737607984965939e-01
5.717698629533424004e+00 -4.932308502840126452e-01
5.730265000147783283e+00 -4.006559253990467639e-01
5.742831370762141674e+00 -4.803615987765176287e-01
5.755397741376500953e+00 -5.561715530755236836e-01
5.767964111990860232e+00 -5.600171866467303916e-01
5.780530482605219511e+00 -4.437932739819990813e-01
5.793096853219578790e+00 -3.611545447438893608e-01
5.805663223833938069e+00 -3.719585976098935820e-01
5.818229594448297348e+00 -5.190640911205681718e-01
5.830795965062656627e+00 -5.014421425725417159e-01
5.843362335677015906e+00 -3.947029464732454973e-01
5.855928706291374297e+00 -3.392254595585191268e-01
5.868495076905733576e+00 -4.743202216590433062e-01
5.881061447520092855e+00 -3.370350227527519893e-01
5.893627818134452134e+00 -3.271627834638417553e-01
5.906194188748811413e+00 -5.148457482805184338e-01
5.918760559363170692e+00 -3.549292500598792421e-01
5.931326929977529971e+00 -5.094672090549394738e-01
5.943893300591889250e+00 -4.421990660873938439e-01
5.956459671206248530e+00 -2.339395095628178933e-01
5.969026041820606920e+00 -3.071734972342374248e-01
5.981592412434966199e+00 -3.454541515269017871e-01
5.994158783049325478e+00 -2.902851088230151144e-01
6.006725153663684758e+00 -2.226180798240065262e-01
6.019291524278044037e+00 -2.755772846341476567e-01
6.031857894892402427e+00 -3.101980131497101834e-01
6.044424265506761706e+00 -1.054442606683644035e-01
6.056990636121120986e+00 -3.425270521667962420e-01
6.069557006735480265e+00 -3.281808871262437699e-01
6.082123377349839544e+00 -2.792343589569710183e-01
6.094689747964198823e+00 4.618832960045976543e-03
6.107256118578558102e+00 -1.283800960783604561e-01
6.119822489192916493e+00 -1.656516168344651652e-01
6.132388859807275772e+00 -7.442853217075307004e-02
6.144955230421635051e+00 -1.792057438786343604e-01
6.157521601035994330e+00 -4.822017154525211347e-02
6.170087971650353609e+00 -4.172125611673122014e-01
6.182654342264712888e+00 -1.927928756387181086e-01
6.195220712879072167e+00 -1.291995574863155638e-01
6.207787083493431446e+00 -2.422532222777675215e-01
6.220353454107790725e+00 -7.445744122389276465e-03
6.232919824722149116e+00 -2.630807686122816486e-02
6.245486195336508395e+00 8.894206567286061516e-02
6.258052565950867674e+00 -8.315092982037204650e-02
6.270618936565226953e+00 -1.464264097917838403e-01
