0.000000000000000000e+00 2.730065808708734970e-02
1.256637061435917323e-02 -4.051015786475386377e-02
2.513274122871834645e-02 2.816540195032859462e-01
3.769911184307751795e-02 1.066745539972187157e-01
5.026548245743669291e-02 1.887567021761920594e-01
6.283185307179586787e-02 1.181578774140545768e-01
7.539822368615503589e-02 2.516540078229042576e-01
8.796459430051420392e-02 2.862622977636911092e-03
1.005309649148733858e-01 9.852623635617901998e-02
1.130973355292325677e-01 3.030738716225196694e-02
1.256637061435917357e-01 3.606635824757217779e-03
1.382300767579508760e-01 1.118428801637960796e-01
1.507964473723100718e-01 2.844138338761446061e-01
1.633628179866692676e-01 1.242931974888103475e-01
1.759291886010284078e-01 2.914397683232853864e-01
1.884955592153875759e-01 3.094146695788663193e-01
2.010619298297467716e-01 2.911963399630801419e-01
2.136283004441059397e-01 2.382555543921885122e-01
2.261946710584651354e-01 9.249059791369293460e-02
2.387610416728242757e-01 3.618229431714650723e-01
2.513274122871834715e-01 2.553901750311780017e-01
2.638937829015426395e-01 4.384966457350081281e-01
2.764601535159017520e-01 3.879502662544102032e-01
2.890265241302609756e-01 2.908110385538391074e-01
3.015928947446201436e-01 2.989360014278485966e-01
3.141592653589793116e-01 3.458740746249508446e-01
3.267256359733385351e-01 3.728975262688988268e-01
3.392920065876976476e-01 3.023855072883372963e-01
3.518583772020568157e-01 3.686443797695548863e-01
3.644247478164160392e-01 3.535254711662739746e-01
3.769911184307751517e-01 3.407777518777489467e-01
3.895574890451343197e-01 2.928723374724131467e-01
4.021238596594935433e-01 4.664304409149401254e-01
4.146902302738527113e-01 1.165953157707031451e-01
4.272566008882118793e-01 3.705085026960809325e-01
4.398229715025711029e-01 5.737831478171631083e-01
4.523893421169302709e-01 5.179944619320457910e-01
4.649557127312893834e-01 3.837446559720163464e-01
4.775220833456485514e-01 3.032896392338274572e-01
4.900884539600077194e-01 6.034988115136775688e-01
5.026548245743669430e-01 5.738597517274693915e-01
5.152211951887261110e-01 4.001322878917469295e-01
5.277875658030852790e-01 4.900922736663634316e-01
5.403539364174444470e-01 4.963213247324918531e-01
5.529203070318035040e-01 7.021336848677429687e-01
5.654866776461627831e-01 4.438977467533284926e-01
5.780530482605219511e-01 5.974912102475569142e-01
5.906194188748811191e-01 6.162109533893203039e-01
6.031857894892402872e-01 6.457731124194432404e-01
6.157521601035994552e-01 6.830296413770533537e-01
6.283185307179586232e-01 7.031048807842661397e-01
6.408849013323177912e-01 4.648144315479207922e-01
6.534512719466770703e-01 6.613541995509656379e-01
6.660176425610361273e-01 5.830748782153103438e-01
6.785840131753952953e-01 6.834431412568974240e-01
6.911503837897544633e-01 4.771762003611891290e-01
7.037167544041136313e-01 5.935374243470480371e-01
7.162831250184729104e-01 7.459056453734713710e-01
7.288494956328320784e-01 5.728036508149385586e-01
7.414158662471912464e-01 6.160093321725880200e-01
7.539822368615503034e-01 6.538383522167550144e-01
7.665486074759094715e-01 6.643314212553071973e-01
7.791149780902686395e-01 7.074574640659482272e-01
7.916813487046279185e-01 8.223274887012098633e-01
8.042477193189870865e-01 7.583175617580715233e-01
8.168140899333462546e-01 7.486364152785905945e-01
8.293804605477054226e-01 6.971489674122439695e-01
8.419468311620645906e-01 6.472050371407358504e-01
8.545132017764237586e-01 8.570150593215664081e-01
8.670795723907829267e-01 8.032095686800677647e-01
8.796459430051422057e-01 7.315720804832162028e-01
8.922123136195013737e-01 7.400179215182907111e-01
9.047786842338605418e-01 8.257052985933290845e-01
9.173450548482194877e-01 6.835196210879576073e-01
9.299114254625787668e-01 8.072939418056128691e-01
9.424777960769379348e-01 9.104551251699019021e-01
9.550441666912971028e-01 8.082487140119629654e-01
9.676105373056562708e-01 1.024664473566205158e+00
9.801769079200154389e-01 7.795848766098876226e-01
9.927432785343746069e-01 7.223932424795062035e-01
1.005309649148733886e+00 8.843775364770634084e-01
1.017876019763092943e+00 9.471231793753336348e-01
1.030442390377452222e+00 1.042776902852370124e+00
1.043008760991811279e+00 7.738581985690549114e-01
1.055575131606170558e+00 8.883522761020364866e-01
1.068141502220529837e+00 6.339204721280348176e-01
1.080707872834888894e+00 6.817292523993450093e-01
1.093274243449248173e+00 7.929824778091135729e-01
1.105840614063607008e+00 8.761414170787040767e-01
1.118406984677966287e+00 1.082460573004437210e+00
1.130973355292325566e+00 8.221995409301514623e-01
1.143539725906684623e+00 9.606227981608947974e-01
1.156106096521043902e+00 9.432525802603385356e-01
1.168672467135402959e+00 1.107528498294589214e+00
1.181238837749762238e+00 9.338714229774641717e-01
1.193805208364121295e+00 7.327918112543605478e-01
1.206371578978480574e+00 8.532317936771706135e-01
1.218937949592839853e+00 9.209898905990533402e-01
1.231504320207198910e+00 9.299890548061262585e-01
1.244070690821558189e+00 9.781307674799458729e-01
1.256637061435917246e+00 8.723256735773526893e-01
1.269203432050276525e+00 9.522371058197730553e-01
1.281769802664635582e+00 9.545938891549600180e-01
1.294336173278994861e+00 1.227046267946678482e+00
1.306902543893354141e+00 8.991316349963749399e-01
1.319468914507712975e+00 1.187135545384885527e+00
1.332035285122072255e+00 1.002063729383797952e+00
1.344601655736431534e+00 1.021500488972879594e+00
1.357168026350790591e+00 1.125605023326035070e+00
1.369734396965149870e+00 1.037836425010782548e+00
1.382300767579508927e+00 1.218933195922433210e+00
1.394867138193868206e+00 8.715645686223415511e-01
1.407433508808227263e+00 1.056547449074676015e+00
1.419999879422586542e+00 9.281557865207633595e-01
1.432566250036945821e+00 9.370513026820995739e-01
1.445132620651304878e+00 9.180941451998496650e-01
1.457698991265664157e+00 1.056677199345225304e+00
1.470265361880023214e+00 9.958272576402901199e-01
1.482831732494382493e+00 9.526632910323588055e-01
1.495398103108741550e+00 8.418079733035983558e-01
1.507964473723100607e+00 1.055550857787074248e+00
1.520530844337459886e+00 9.240562317693237215e-01
1.533097214951818943e+00 8.853889863385229209e-01
1.545663585566178222e+00 9.945715371969086060e-01
1.558229956180537279e+00 1.049018802962726316e+00
1.570796326794896558e+00 9.776678720295243208e-01
1.583362697409255837e+00 1.224609821630607609e+00
1.595929068023614894e+00 9.034106420343936961e-01
1.608495438637974173e+00 1.082854164550713039e+00
1.621061809252333230e+00 9.969600978882330322e-01
1.633628179866692509e+00 9.153451243284230765e-01
1.646194550481051566e+00 1.142668198204218166e+00
1.658760921095410845e+00 9.746319535109696508e-01
1.671327291709770124e+00 1.112811646451843606e+00
1.683893662324129181e+00 1.048860910450226891e+00
1.696460032938488460e+00 1.135248719727989908e+00
1.709026403552847517e+00 8.272912624326649311e-01
1.721592774167206796e+00 9.487263087207793433e-01
1.734159144781565853e+00 1.001125882412185586e+00
1.746725515395925132e+00 9.113549576793210649e-01
1.759291886010284411e+00 1.065146121269528789e+00
1.771858256624643468e+00 9.260405838154354141e-01
1.784424627239002747e+00 1.055700596121365464e+00
1.796990997853361804e+00 8.695317295220987841e-01
1.809557368467721084e+00 9.832376929690055389e-01
1.822123739082079918e+00 8.576092522407530172e-01
1.834690109696438975e+00 9.031355607867384006e-01
1.847256480310798255e+00 8.258346146834202317e-01
1.859822850925157534e+00 1.008589900266395389e+00
1.872389221539516591e+00 8.865486098566823792e-01
1.884955592153875870e+00 9.187784383050687786e-01
1.897521962768234927e+00 8.547575270294822669e-01
1.910088333382594206e+00 8.910193825376391263e-01
1.922654703996953263e+00 8.466904366887259004e-01
1.935221074611312542e+00 8.639591067990934903e-01
1.947787445225671821e+00 1.000118329772953008e+00
1.960353815840030878e+00 8.688953800303985675e-01
1.972920186454390157e+00 9.656540988990920393e-01
1.985486557068749214e+00 8.062060356369578074e-01
1.998052927683108493e+00 7.847705254287141718e-01
2.010619298297467772e+00 8.702661744068959093e-01
2.023185668911826607e+00 9.351938437750341171e-01
2.035752039526185886e+00 9.289373672614746891e-01
2.048318410140545165e+00 8.313505813478305750e-01
2.060884780754904444e+00 7.801481219395246525e-01
2.073451151369263723e+00 1.022983420429697921e+00
2.086017521983622558e+00 7.511367638676148539e-01
2.098583892597981837e+00 9.391258733916650892e-01
2.111150263212341116e+00 8.836487083510197182e-01
2.123716633826700395e+00 7.261353969739025027e-01
2.136283004441059674e+00 8.840151448102397946e-01
2.148849375055418509e+00 7.984163295294038898e-01
2.161415745669777788e+00 7.628928080237997733e-01
2.173982116284137067e+00 7.999929618990172520e-01
2.186548486898496346e+00 7.536900216113294748e-01
2.199114857512855181e+00 7.830389986730662555e-01
2.211681228127214016e+00 8.827438924066267623e-01
2.224247598741573295e+00 8.182722061562399674e-01
2.236813969355932574e+00 7.861388466883444393e-01
2.249380339970291853e+00 6.590970435420505646e-01
2.261946710584651132e+00 8.127461738611511111e-01
2.274513081199009967e+00 7.701649939363552910e-01
2.287079451813369246e+00 5.817422835282397564e-01
2.299645822427728525e+00 8.454051902520760553e-01
2.312212193042087804e+00 7.520843210846108740e-01
2.324778563656447083e+00 8.891238096088207588e-01
2.337344934270805918e+00 5.692207793074187672e-01
2.349911304885165197e+00 8.502600827994106769e-01
2.362477675499524477e+00 6.233182627407319876e-01
2.375044046113883756e+00 7.577433569540262814e-01
2.387610416728242591e+00 8.128596209385925420e-01
2.400176787342601870e+00 6.900636646081753645e-01
2.412743157956961149e+00 7.278728950570830802e-01
2.425309528571320428e+00 6.719739214505755509e-01
2.437875899185679707e+00 5.616694233943813064e-01
2.450442269800038542e+00 6.824035922814751798e-01
2.463008640414397821e+00 7.099406351068223708e-01
2.475575011028757100e+00 7.719748600586363585e-01
2.488141381643116379e+00 5.568577735467654666e-01
2.500707752257475658e+00 7.977576548016472868e-01
2.513274122871834493e+00 7.481013600590078472e-01
2.525840493486193772e+00 6.515745691194416711e-01
2.538406864100553051e+00 5.245841336853910297e-01
2.550973234714912330e+00 5.623516235303103183e-01
2.563539605329271165e+00 5.571764135888064295e-01
2.576105975943630444e+00 4.042102407520982155e-01
2.588672346557989723e+00 4.482260745716856731e-01
2.601238717172349002e+00 5.484613281792388717e-01
2.613805087786708281e+00 6.377933339183057271e-01
2.626371458401067116e+00 5.505315491543293360e-01
2.638937829015425951e+00 2.656847914131653665e-01
2.651504199629785230e+00 4.579928014297309224e-01
2.664070570244144509e+00 3.868657648288510997e-01
2.676636940858503788e+00 4.748112801930553517e-01
2.689203311472863067e+00 4.242600188382865678e-01
2.701769682087221902e+00 3.377100681095321355e-01
2.714336052701581181e+00 3.557479620533015585e-01
2.726902423315940460e+00 1.926272421770955368e-01
2.739468793930299739e+00 5.275700957183753204e-01
2.752035164544658574e+00 3.254861228622555891e-01
2.764601535159017853e+00 1.391000854358176442e-01
2.777167905773377132e+00 4.250406399011112391e-01
2.789734276387736411e+00 3.206656578827727366e-01
2.802300647002095690e+00 3.967888465832233313e-01
2.814867017616454525e+00 2.517578632868308075e-01
2.827433388230813804e+00 3.503499574228581270e-01
2.839999758845173083e+00 3.443823104150600667e-01
2.852566129459532362e+00 4.354838666809033310e-01
2.865132500073891642e+00 3.814321055340468836e-01
2.877698870688250476e+00 3.486611813303857055e-01
2.890265241302609756e+00 1.056474308790411598e-01
2.902831611916969035e+00 2.063295459945335419e-01
2.915397982531328314e+00 2.078413348425294793e-01
2.927964353145687149e+00 2.376912348626404881e-01
2.940530723760046428e+00 1.877602514313259086e-01
2.953097094374405707e+00 2.142892649640698588e-01
2.965663464988764986e+00 1.152600777743332527e-01
2.978229835603124265e+00 9.280982545869995159e-02
2.990796206217483100e+00 1.216942643585803008e-01
3.003362576831842379e+00 2.865315099399123877e-02
3.015928947446201214e+00 1.481180329400680062e-01
3.028495318060560493e+00 4.217847810912356277e-02
3.041061688674919772e+00 1.196877387072124155e-01
3.053628059289279051e+00 2.233501616415542457e-02
3.066194429903637886e+00 1.442030701716791596e-01
3.078760800517997165e+00 5.279371582562120135e-02
3.091327171132356444e+00 2.593669714807696897e-02
3.103893541746715723e+00 1.486568547320333833e-01
3.116459912361074558e+00 3.282870494288031571e-02
3.129026282975433837e+00 5.617475161330563044e-02
3.141592653589793116e+00 -1.721835748902579176e-03
3.154159024204152395e+00 1.035950876615029381e-01
3.166725394818511674e+00 -1.588621565240235789e-01
3.179291765432870509e+00 -4.594227754536214098e-02
3.191858136047229788e+00 5.102422106295555204e-02
3.204424506661589067e+00 -4.935377704723113018e-02
3.216990877275948346e+00 1.509779475676933935e-02
3.229557247890307181e+00 -1.084643920024247754e-01
3.242123618504666460e+00 5.346475674948789059e-02
3.254689989119025739e+00 -1.318118745343040132e-01
3.267256359733385018e+00 -1.635941692345721510e-02
3.279822730347744297e+00 -1.635126533348580935e-01
3.292389100962103132e+00 -1.471013901452722927e-01
3.304955471576462411e+00 -7.847739830331168509e-02
3.317521842190821690e+00 -8.516180910113795022e-02
3.330088212805180969e+00 -1.758786699068817239e-01
3.342654583419540248e+00 -3.063090900833524977e-01
3.355220954033899083e+00 -2.088406594760722212e-01
3.367787324648258362e+00 -1.837786591205345932e-01
3.380353695262617642e+00 -2.184235838459378243e-01
3.392920065876976921e+00 -1.556730245917765654e-01
3.405486436491335756e+00 -2.897164865581240423e-01
3.418052807105695035e+00 -2.203809113948105580e-01
3.430619177720054314e+00 -2.934896555989965350e-01
3.443185548334413593e+00 -3.899456616517879004e-01
3.455751918948772872e+00 -2.942678906189388210e-01
3.468318289563131707e+00 -2.206812165165904505e-01
3.480884660177490986e+00 -3.210585642695231723e-01
3.493451030791850265e+00 -3.293953921962338716e-01
3.506017401406209544e+00 -5.806990284432224092e-01
3.518583772020568823e+00 -3.757323542381875159e-01
3.531150142634927658e+00 -3.687400476672612615e-01
3.543716513249286937e+00 -4.271885157935932931e-01
3.556282883863646216e+00 -4.265139034917665994e-01
3.568849254478005495e+00 -3.810433333736669703e-01
3.581415625092364330e+00 -5.658305511702652613e-01
3.593981995706723609e+00 -4.449751323106838075e-01
3.606548366321082888e+00 -3.776633002363665170e-01
3.619114736935442167e+00 -3.429852791212860685e-01
3.631681107549800558e+00 -5.137384486097884562e-01
3.644247478164159837e+00 -5.323050401482489757e-01
3.656813848778519116e+00 -6.212123873609153302e-01
3.669380219392877951e+00 -3.425344462409605772e-01
3.681946590007237230e+00 -4.553731951921429766e-01
3.694512960621596509e+00 -6.261438475665810355e-01
3.707079331235955788e+00 -5.174443795641265886e-01
3.719645701850315067e+00 -4.526244095062255113e-01
3.732212072464673902e+00 -7.786442187392892400e-01
3.744778443079033181e+00 -4.213739768050258627e-01
3.757344813693392460e+00 -5.644433021212514889e-01
3.769911184307751739e+00 -8.036929386803332021e-01
3.782477554922110574e+00 -6.167767492553777320e-01
3.795043925536469853e+00 -6.640499126038474920e-01
3.807610296150829132e+00 -5.975556060263266245e-01
3.820176666765188411e+00 -4.539506646552091684e-01
3.832743037379547690e+00 -5.327418817058491296e-01
3.845309407993906525e+00 -6.899924058836004459e-01
3.857875778608265804e+00 -5.838434512631998086e-01
3.870442149222625083e+00 -7.068269305016627868e-01
3.883008519836984362e+00 -9.230441223663142791e-01
3.895574890451343641e+00 -6.591689639063187389e-01
3.908141261065702476e+00 -6.734101531917295880e-01
3.920707631680061755e+00 -8.010951782120173670e-01
3.933274002294421035e+00 -6.552440693188129606e-01
3.945840372908780314e+00 -6.791615238618383676e-01
3.958406743523139149e+00 -7.776638894262463131e-01
3.970973114137498428e+00 -6.482797563794241436e-01
3.983539484751857707e+00 -6.584613545378431576e-01
3.996105855366216986e+00 -9.046467185480571160e-01
4.008672225980576265e+00 -9.561684587481332764e-01
4.021238596594935544e+00 -7.170155562431520524e-01
4.033804967209294823e+00 -6.289790921330626894e-01
4.046371337823653214e+00 -8.070557128953025350e-01
4.058937708438012493e+00 -7.618364183756134445e-01
4.071504079052371772e+00 -6.299629445377925574e-01
4.084070449666731051e+00 -8.248259784265095096e-01
4.096636820281090330e+00 -8.803826669479192235e-01
4.109203190895449609e+00 -7.032789534248167218e-01
4.121769561509808888e+00 -6.748007916083635926e-01
4.134335932124168167e+00 -9.113804920301845636e-01
4.146902302738527446e+00 -9.184895379179902619e-01
4.159468673352886725e+00 -8.355585150189934751e-01
4.172035043967245116e+00 -9.120689211323173007e-01
4.184601414581604395e+00 -7.137651033766960751e-01
4.197167785195963674e+00 -7.885572664425283262e-01
4.209734155810322953e+00 -9.713426411310878139e-01
4.222300526424682232e+00 -7.640664605856054559e-01
4.234866897039041511e+00 -7.155242713797183018e-01
4.247433267653400790e+00 -9.950754967306776333e-01
4.259999638267760069e+00 -8.909149897142636387e-01
4.272566008882119348e+00 -8.001616008760160659e-01
4.285132379496477739e+00 -9.837438435301459894e-01
4.297698750110837018e+00 -1.016232268554849272e+00
4.310265120725196297e+00 -7.940484169557955330e-01
4.322831491339555576e+00 -9.266226422544985297e-01
4.335397861953914855e+00 -9.521026903726408364e-01
4.347964232568274134e+00 -8.145748393485092720e-01
4.360530603182633413e+00 -1.071596484214461187e+00
4.373096973796992692e+00 -1.115790230923175308e+00
4.385663344411351972e+00 -8.840311471753607986e-01
4.398229715025710362e+00 -9.255846586930296382e-01
4.410796085640069641e+00 -1.076702281395129468e+00
4.423362456254428032e+00 -1.024973601063225104e+00
4.435928826868787311e+00 -9.845065039201102985e-01
4.448495197483146590e+00 -8.705117921792679958e-01
4.461061568097505869e+00 -9.214679004648718141e-01
4.473627938711865148e+00 -9.524749591536314508e-01
4.486194309326224428e+00 -1.065715211122268746e+00
4.498760679940583707e+00 -1.025021751978585582e+00
4.511327050554942986e+00 -9.295295233012331737e-01
4.523893421169302265e+00 -7.653345793694873445e-01
4.536459791783661544e+00 -7.975552448815121931e-01
4.549026162398019935e+00 -8.083298444801759741e-01
4.561592533012379214e+00 -1.054211266286695814e+00
4.574158903626738493e+00 -1.107732055014375439e+00
4.586725274241097772e+00 -8.441230605189622427e-01
4.599291644855457051e+00 -1.089934718078227727e+00
4.611858015469816330e+00 -9.714895219768810986e-01
4.624424386084175609e+00 -9.535155940213533299e-01
4.636990756698534888e+00 -9.156052381980609445e-01
4.649557127312894167e+00 -1.147764769046858202e+00
4.662123497927252558e+00 -1.064996343201153550e+00
4.674689868541611837e+00 -1.001918010614975652e+00
4.687256239155971116e+00 -1.011342905901496225e+00
4.699822609770330395e+00 -1.082817145090097410e+00
4.712388980384689674e+00 -9.120339366747376442e-01
4.724955350999048953e+00 -1.086656364088105509e+00
4.737521721613408232e+00 -9.989145029421083732e-01
4.750088092227767511e+00 -9.425333082059331735e-01
4.762654462842126790e+00 -8.591591850778375061e-01
4.775220833456485181e+00 -1.027806927439202100e+00
4.787787204070844460e+00 -1.053669977586867201e+00
4.800353574685203739e+00 -9.431672736653666789e-01
4.812919945299563018e+00 -1.049642743589860761e+00
4.825486315913922297e+00 -9.613279117151782849e-01
4.838052686528281576e+00 -9.736447733987347863e-01
4.850619057142640855e+00 -1.033403484958959506e+00
4.863185427757000134e+00 -9.285478790170555996e-01
4.875751798371359413e+00 -9.078763180906166408e-01
4.888318168985717804e+00 -1.033122303281369669e+00
4.900884539600077083e+00 -1.053547447878500520e+00
4.913450910214436362e+00 -8.969984203095192621e-01
4.926017280828795641e+00 -9.024979057299964413e-01
4.938583651443154920e+00 -9.691482443203595087e-01
4.951150022057514200e+00 -1.044913020414402594e+00
4.963716392671873479e+00 -9.551222920780971792e-01
4.976282763286232758e+00 -1.034779288358530058e+00
4.988849133900592037e+00 -9.542664621374080669e-01
5.001415504514951316e+00 -9.588874056586113026e-01
5.013981875129309707e+00 -1.116813190721373195e+00
5.026548245743668986e+00 -8.757513493639529356e-01
5.039114616358028265e+00 -9.698723043392389886e-01
5.051680986972387544e+00 -7.806111579333528949e-01
5.064247357586746823e+00 -1.018878585606217912e+00
5.076813728201106102e+00 -9.663414476472778070e-01
5.089380098815465381e+00 -1.046718641628683111e+00
5.101946469429824660e+00 -7.498245183106870826e-01
5.114512840044183939e+00 -8.645226958576207599e-01
5.127079210658542330e+00 -8.726146796297212793e-01
5.139645581272901609e+00 -8.691332644556912790e-01
5.152211951887260888e+00 -9.629140048470409274e-01
5.164778322501620167e+00 -1.016702947231699072e+00
5.177344693115979446e+00 -1.078803514987412449e+00
5.189911063730338725e+00 -8.247767894983534243e-01
5.202477434344698004e+00 -1.060167638354600150e+00
5.215043804959057283e+00 -7.891920342109524089e-01
5.227610175573416562e+00 -6.856057220427351773e-01
5.240176546187774953e+00 -1.027679492590285459e+00
5.252742916802134232e+00 -9.755826067303207116e-01
5.265309287416492623e+00 -8.844170764551780861e-01
5.277875658030851902e+00 -7.528615510763555507e-01
5.290442028645211181e+00 -8.110304300309906234e-01
5.303008399259570460e+00 -9.297316885428010824e-01
5.315574769873929739e+00 -8.149329243341859597e-01
5.328141140488289018e+00 -7.116245826220576332e-01
5.340707511102648297e+00 -7.776571713834640187e-01
5.353273881717007576e+00 -6.931137162518719030e-01
5.365840252331366855e+00 -8.203002232914250458e-01
5.378406622945726134e+00 -7.509557746687995916e-01
5.390972993560084525e+00 -9.749566711075576819e-01
5.403539364174443804e+00 -8.795301921246037047e-01
5.416105734788803083e+00 -7.336514586244623493e-01
5.428672105403162362e+00 -7.845678234047787081e-01
5.441238476017521641e+00 -7.875357883755963462e-01
5.453804846631880920e+00 -7.188033874041988014e-01
5.466371217246240199e+00 -9.317172268961710913e-01
5.478937587860599479e+00 -6.954303055567172542e-01
5.491503958474958758e+00 -8.107577748231301618e-01
5.504070329089317148e+00 -8.326111221756299363e-01
5.516636699703676427e+00 -6.789167163550647865e-01
5.529203070318035707e+00 -6.678918079535354213e-01
5.541769440932394986e+00 -8.392921688427058546e-01
5.554335811546754265e+00 -4.918318546623692278e-01
5.566902182161113544e+00 -4.949355835876700915e-01
5.579468552775472823e+00 -6.269842941691690097e-01
5.592034923389832102e+00 -6.665010216741442672e-01
5.604601294004191381e+00 -5.972117818694754332e-01
5.617167664618549772e+00 -5.831288489776298434e-01
5.629734035232909051e+00 -6.556640673733971081e-01
5.642300405847268330e+00 -7.824802146893556909e-01
5.654866776461627609e+00 -5.875877305825331076e-01
5.667433147075986888e+00 -6.661608991810891167e-01
5.679999517690346167e+00 -6.244502753745240220e-01
5.692565888304705446e+00 -5.906411181281563394e-01
5.705132258919064725e+00 -5.041267845565300387e-01
5.717698629533424004e+00 -7.922651245052676483e-01
5.730265000147783283e+00 -5.472072203535952584e-01
5.742831370762141674e+00 -4.339162366664475190e-01
5.755397741376500953e+00 -5.544640988226448020e-01
5.767964111990860232e+00 -4.570696610802461590e-01
5.780530482605219511e+00 -4.719928487521983240e-01
5.793096853219578790e+00 -4.749677869484981718e-01
5.805663223833938069e+00 -4.878816339680407399e-01
5.818229594448297348e+00 -2.821028200410315434e-01
5.830795965062656627e+00 -4.755094776634185560e-01
5.843362335677015906e+00 -4.975272717490349383e-01
5.855928706291374297e+00 -4.320737223810126038e-01
5.868495076905733576e+00 -5.104079847051156138e-01
5.881061447520092855e+00 -3.420139635748389861e-01
5.893627818134452134e+00 -3.080523775514755203e-01
5.906194188748811413e+00 -2.104130610941387369e-01
5.918760559363170692e+00 -2.298994078279018860e-01
5.931326929977529971e+00 -2.768592170532159780e-01
5.943893300591889250e+00 -1.994412613130827627e-01
5.956459671206248530e+00 -2.187926130062789465e-01
5.969026041820606920e+00 -3.955004362493312886e-01
5.981592412434966199e+00 -3.662540703145664711e-01
5.994158783049325478e+00 -3.309560974544133449e-01
6.006725153663684758e+00 -2.178144913227650914e-01
6.019291524278044037e+00 -2.227133867002743239e-01
6.031857894892402427e+00 -1.705285843311894478e-01
6.044424265506761706e+00 -2.336198283334626480e-01
6.056990636121120986e+00 -2.793225708328347934e-01
6.069557006735480265e+00 -1.380650372730181652e-01
6.082123377349839544e+00 -2.263122496316794519e-01
6.094689747964198823e+00 -1.244403755636252495e-01
6.107256118578558102e+00 -1.310848231370763672e-01
6.119822489192916493e+00 -3.169600659118795294e-01
6.132388859807275772e+00 -2.474111898817328847e-01
6.144955230421635051e+00 -2.067716950632992046e-01
6.157521601035994330e+00 1.197456005205957963e-01
6.170087971650353609e+00 -1.920468576946054995e-03
6.182654342264712888e+00 -2.616108307672784239e-01
6.195220712879072167e+00 -4.537534320816578870e-02
6.207787083493431446e+00 2.995175017864859512e-02
6.220353454107790725e+00 -5.310284906147851036e-02
6.232919824722149116e+00 -1.184557760361690526e-01
6.245486195336508395e+00 -1.719618647281966062e-01
6.258052565950867674e+00 9.137337160436270755e-02
6.270618936565226953e+00 -3.073994811394327453e-02
