0.000000000000000000e+00 -1.450948249366255383e-01
1.256637061435917323e-02 2.036613532764363355e-01
2.513274122871834645e-02 9.631801079904170337e-02
3.769911184307751795e-02 1.291635399058539690e-02
5.026548245743669291e-02 8.639094165272540038e-02
6.283185307179586787e-02 5.949555241566412134e-02
7.539822368615503589e-02 5.319213376519883046e-02
8.796459430051420392e-02 1.355768742096451485e-01
1.005309649148733858e-01 3.116777743842351345e-02
1.130973355292325677e-01 1.920569779234529706e-01
1.256637061435917357e-01 1.326581469486614318e-01
1.382300767579508760e-01 2.681188940303797508e-01
1.507964473723100718e-01 1.715737381491476143e-01
1.633628179866692676e-01 2.643720604576753619e-01
1.759291886010284078e-01 3.661942370774394773e-01
1.884955592153875759e-01 1.344141514431226037e-01
2.010619298297467716e-01 3.839234963282727175e-01
2.136283004441059397e-01 1.062836017511846892e-01
2.261946710584651354e-01 1.379791323164307193e-01
2.387610416728242757e-01 2.602621467646729081e-01
2.513274122871834715e-01 1.332717101043346397e-01
2.638937829015426395e-01 3.823399103110334263e-01
2.764601535159017520e-01 1.435760271923611775e-01
2.890265241302609756e-01 3.672915432939272140e-01
3.015928947446201436e-01 2.638264689317114664e-01
3.141592653589793116e-01 1.808740934367805142e-01
3.267256359733385351e-01 3.427973912318782457e-01
3.392920065876976476e-01 5.411669670080421213e-01
3.518583772020568157e-01 3.198211168919982139e-01
3.644247478164160392e-01 3.831579185019546863e-01
3.769911184307751517e-01 4.393759028277620104e-01
3.895574890451343197e-01 3.144183271307604555e-01
4.021238596594935433e-01 4.076016305557438879e-01
4.146902302738527113e-01 6.242444853733128962e-01
4.272566008882118793e-01 3.478221576201402376e-01
4.398229715025711029e-01 3.248789699117421437e-01
4.523893421169302709e-01 6.719208885884180305e-01
4.649557127312893834e-01 5.088208019111098990e-01
4.775220833456485514e-01 5.239627710972213359e-01
4.900884539600077194e-01 4.375287058829739339e-01
5.026548245743669430e-01 4.887400714675159130e-01
5.152211951887261110e-01 4.912562389113770966e-01
5.277875658030852790e-01 6.747300762107203420e-01
5.403539364174444470e-01 4.787950270124008978e-01
5.529203070318035040e-01 5.894862355532728415e-01
5.654866776461627831e-01 5.117385168395163220e-01
5.780530482605219511e-01 2.905962507035513842e-01
5.906194188748811191e-01 3.613093212264906207e-01
6.031857894892402872e-01 5.698395229985311339e-01
6.157521601035994552e-01 6.549011201325375398e-01
6.283185307179586232e-01 8.063947469522398936e-01
6.408849013323177912e-01 7.757622321193776704e-01
6.534512719466770703e-01 6.419477073689957569e-01
6.660176425610361273e-01 5.965077545040280427e-01
6.785840131753952953e-01 7.394649518890631379e-01
6.911503837897544633e-01 7.321269343834558851e-01
7.037167544041136313e-01 6.733563215941307245e-01
7.162831250184729104e-01 4.697922281969255653e-01
7.288494956328320784e-01 6.268517471758670023e-01
7.414158662471912464e-01 5.601910450439330225e-01
7.539822368615503034e-01 6.942909036090542108e-01
7.665486074759094715e-01 8.518565022762056849e-01
7.791149780902686395e-01 6.543631149424966598e-01
7.916813487046279185e-01 7.315269540415823002e-01
8.042477193189870865e-01 6.908432974814772143e-01
8.168140899333462546e-01 8.267922419909110587e-01
8.293804605477054226e-01 7.345050751407582457e-01
8.419468311620645906e-01 6.772888011320346013e-01
8.545132017764237586e-01 7.592253979633742933e-01
8.670795723907829267e-01 8.962066520189325702e-01
8.796459430051422057e-01 7.472364528435008202e-01
8.922123136195013737e-01 8.338324789460597186e-01
9.047786842338605418e-01 6.342810241681812178e-01
9.173450548482194877e-01 9.132701902554931639e-01
9.299114254625787668e-01 8.540855630720232128e-01
9.424777960769379348e-01 7.243762408277460985e-01
9.550441666912971028e-01 7.966494003892510278e-01
9.676105373056562708e-01 7.372308936317862882e-01
9.801769079200154389e-01 9.291268077163421513e-01
9.927432785343746069e-01 8.343846071761997774e-01
1.005309649148733886e+00 7.458643426350981542e-01
1.017876019763092943e+00 1.075693449105048494e+00
1.030442390377452222e+00 8.521679010926090925e-01
1.043008760991811279e+00 9.195659939179546827e-01
1.055575131606170558e+00 6.695303018105485116e-01
1.068141502220529837e+00 8.079846634610132750e-01
1.080707872834888894e+00 9.286050987622045394e-01
1.093274243449248173e+00 8.317295142765868121e-01
1.105840614063607008e+00 8.534332322553936923e-01
1.118406984677966287e+00 7.355985519328869238e-01
1.130973355292325566e+00 8.897018134652550092e-01
1.143539725906684623e+00 1.000850378973616728e+00
1.156106096521043902e+00 9.219806222878924595e-01
1.168672467135402959e+00 9.892810367281712480e-01
1.181238837749762238e+00 9.180803596223129359e-01
1.193805208364121295e+00 1.004508378494129550e+00
1.206371578978480574e+00 9.036865351906753219e-01
1.218937949592839853e+00 9.569329661655018304e-01
1.231504320207198910e+00 9.357769328063185732e-01
1.244070690821558189e+00 1.168894958231998071e+00
1.256637061435917246e+00 9.769019562893410669e-01
1.269203432050276525e+00 8.812614686289692578e-01
1.281769802664635582e+00 9.896468751588047841e-01
1.294336173278994861e+00 9.501481509866349651e-01
1.306902543893354141e+00 1.042429469658501917e+00
1.319468914507712975e+00 8.536998694698280099e-01
1.332035285122072255e+00 9.443423670936399450e-01
1.344601655736431534e+00 9.620412057216398694e-01
1.357168026350790591e+00 1.039943958069240892e+00
1.369734396965149870e+00 1.095660604729147058e+00
1.382300767579508927e+00 1.018074188105057454e+00
1.394867138193868206e+00 1.036988129766584388e+00
1.407433508808227263e+00 8.977109754903335181e-01
1.419999879422586542e+00 1.062342466309231570e+00
1.432566250036945821e+00 1.152365988785541528e+00
1.445132620651304878e+00 1.013330672890608186e+00
1.457698991265664157e+00 9.967923163884377935e-01
1.470265361880023214e+00 1.115223391723475066e+00
1.482831732494382493e+00 1.025879048351768352e+00
1.495398103108741550e+00 9.217977360587722435e-01
1.507964473723100607e+00 9.765317175380732184e-01
1.520530844337459886e+00 9.574988844782410524e-01
1.533097214951818943e+00 8.914653090893420728e-01
1.545663585566178222e+00 1.120932708902742325e+00
1.558229956180537279e+00 9.644572681643376333e-01
1.570796326794896558e+00 9.533015225840535400e-01
1.583362697409255837e+00 9.332778462947624032e-01
1.595929068023614894e+00 9.754351242456124060e-01
1.608495438637974173e+00 8.908439226474179629e-01
1.621061809252333230e+00 9.907445231916187645e-01
1.633628179866692509e+00 1.078606128540676057e+00
1.646194550481051566e+00 9.929175414634925367e-01
1.658760921095410845e+00 9.265963019863064920e-01
1.671327291709770124e+00 9.815602515350339008e-01
1.683893662324129181e+00 7.985836467285752915e-01
1.696460032938488460e+00 9.285974592399066641e-01
1.709026403552847517e+00 1.067040990400567990e+00
1.721592774167206796e+00 9.246834424352647908e-01
1.734159144781565853e+00 9.258010083198822127e-01
1.746725515395925132e+00 9.715090396968024677e-01
1.759291886010284411e+00 1.008024713611417322e+00
1.771858256624643468e+00 7.934032230918650619e-01
1.784424627239002747e+00 1.026290897512317946e+00
1.796990997853361804e+00 8.725978265173766069e-01
1.809557368467721084e+00 9.304988679320911338e-01
1.822123739082079918e+00 9.899919851610581301e-01
1.834690109696438975e+00 9.214859136483153357e-01
1.847256480310798255e+00 8.941055518014446868e-01
1.859822850925157534e+00 1.198224495534627287e+00
1.872389221539516591e+00 1.086458912883500938e+00
1.884955592153875870e+00 9.150994314270485264e-01
1.897521962768234927e+00 9.335492534255656061e-01
1.910088333382594206e+00 9.812488354849155936e-01
1.922654703996953263e+00 9.810073109158879978e-01
1.935221074611312542e+00 1.072938385045261844e+00
1.947787445225671821e+00 1.029777924074952500e+00
1.960353815840030878e+00 1.006567724825822463e+00
1.972920186454390157e+00 8.770078387384956375e-01
1.985486557068749214e+00 1.041398797633224405e+00
1.998052927683108493e+00 1.013694713635738154e+00
2.010619298297467772e+00 9.137086421947067105e-01
2.023185668911826607e+00 8.025913250918417230e-01
2.035752039526185886e+00 9.473008861249417878e-01
2.048318410140545165e+00 9.547336956971973487e-01
2.060884780754904444e+00 9.322765733484874584e-01
2.073451151369263723e+00 9.084609656495878927e-01
2.086017521983622558e+00 9.301283692090608346e-01
2.098583892597981837e+00 8.343285188000886254e-01
2.111150263212341116e+00 9.804501047540123970e-01
2.123716633826700395e+00 8.520017971279690849e-01
2.136283004441059674e+00 9.166397166811420805e-01
2.148849375055418509e+00 6.949328387768014537e-01
2.161415745669777788e+00 8.338881447134797176e-01
2.173982116284137067e+00 7.367607577158610255e-01
2.186548486898496346e+00 8.860125351631449320e-01
2.199114857512855181e+00 7.971605173761535656e-01
2.211681228127214016e+00 6.271329694563025914e-01
2.224247598741573295e+00 6.378448354298501544e-01
2.236813969355932574e+00 7.216349881109155318e-01
2.249380339970291853e+00 7.805075612260840012e-01
2.261946710584651132e+00 8.148890794187054754e-01
2.274513081199009967e+00 9.089350364630781609e-01
2.287079451813369246e+00 6.422988474131874348e-01
2.299645822427728525e+00 7.979871198377276320e-01
2.312212193042087804e+00 8.127860467304054426e-01
2.324778563656447083e+00 7.144890668981409565e-01
2.337344934270805918e+00 7.268515504697478091e-01
2.349911304885165197e+00 6.270984841735770532e-01
2.362477675499524477e+00 6.077882404957971607e-01
2.375044046113883756e+00 5.984806766369364928e-01
2.387610416728242591e+00 6.650686468283592001e-01
2.400176787342601870e+00 5.502177795058205145e-01
2.412743157956961149e+00 6.905648375835488073e-01
2.425309528571320428e+00 5.495883612200062052e-01
2.437875899185679707e+00 6.213905888098942842e-01
2.450442269800038542e+00 6.327565225848480468e-01
2.463008640414397821e+00 8.199651642768643889e-01
2.475575011028757100e+00 4.413612147190191237e-01
2.488141381643116379e+00 6.671362682003231237e-01
2.500707752257475658e+00 7.884825451209760416e-01
2.513274122871834493e+00 6.080419097596408973e-01
2.525840493486193772e+00 5.072324193113515456e-01
2.538406864100553051e+00 4.992286159950858337e-01
2.550973234714912330e+00 6.425338144700920573e-01
2.563539605329271165e+00 6.910380101476474302e-01
2.576105975943630444e+00 3.858515437423062355e-01
2.588672346557989723e+00 6.010862086377547486e-01
2.601238717172349002e+00 6.174597841694864364e-01
2.613805087786708281e+00 5.701761479851409353e-01
2.626371458401067116e+00 4.100979726261671510e-01
2.638937829015425951e+00 5.576385627943063472e-01
2.651504199629785230e+00 7.777802763311556511e-01
2.664070570244144509e+00 5.427550261895149886e-01
2.676636940858503788e+00 5.870584363912446646e-01
2.689203311472863067e+00 5.340779373714217293e-01
2.701769682087221902e+00 3.435208716956659192e-01
2.714336052701581181e+00 5.412194735331299356e-01
2.726902423315940460e+00 3.610888616020902497e-01
2.739468793930299739e+00 3.380510104416714623e-01
2.752035164544658574e+00 2.755144378454017495e-01
2.764601535159017853e+00 5.473705905699490781e-01
2.777167905773377132e+00 3.349008648730517623e-01
2.789734276387736411e+00 5.916961095105123247e-01
2.802300647002095690e+00 1.799157790634260401e-01
2.814867017616454525e+00 1.942855215808972080e-01
2.827433388230813804e+00 2.929606319560618122e-01
2.839999758845173083e+00 4.948261782588952440e-01
2.852566129459532362e+00 1.947818255693006817e-01
2.865132500073891642e+00 2.242353537590006107e-01
2.877698870688250476e+00 2.946468214878464331e-01
2.890265241302609756e+00 3.888637654991209391e-01
2.902831611916969035e+00 3.935226635978911203e-01
2.915397982531328314e+00 2.744397581470127689e-01
2.927964353145687149e+00 3.943114265553881448e-01
2.940530723760046428e+00 2.263655467772923147e-01
2.953097094374405707e+00 1.347686271273301761e-01
2.965663464988764986e+00 1.731004181806210518e-01
2.978229835603124265e+00 2.291392411067506019e-01
2.990796206217483100e+00 7.558798177302081256e-02
3.003362576831842379e+00 1.781018839456853242e-01
3.015928947446201214e+00 3.437168719177036147e-02
3.028495318060560493e+00 5.073297617122124459e-02
3.041061688674919772e+00 -3.980181538513855033e-02
3.053628059289279051e+00 1.205088828495361197e-02
3.066194429903637886e+00 1.637745410787331823e-01
3.078760800517997165e+00 2.305425807293891849e-01
3.091327171132356444e+00 1.556890253135967961e-01
3.103893541746715723e+00 1.540624325426648289e-04
3.116459912361074558e+00 1.055654488670115104e-01
3.129026282975433837e+00 8.949014603222708863e-02
3.141592653589793116e+00 3.178734920747968568e-02
3.154159024204152395e+00 -2.706240379585310440e-02
3.166725394818511674e+00 -1.325815811410609724e-01
3.179291765432870509e+00 2.168436277652641131e-02
3.191858136047229788e+00 -9.181099215624405341e-02
3.204424506661589067e+00 -2.740609644126503208e-01
3.216990877275948346e+00 -1.388454244520678227e-01
3.229557247890307181e+00 1.350258209234845852e-01
3.242123618504666460e+00 -2.000171078328924490e-01
3.254689989119025739e+00 -3.144307253979344852e-02
3.267256359733385018e+00 -1.043689806432494538e-01
3.279822730347744297e+00 -1.979338742377815263e-01
3.292389100962103132e+00 -6.857724228931766364e-02
3.304955471576462411e+00 -2.545515115887280189e-01
3.317521842190821690e+00 -3.388043681197953627e-01
3.330088212805180969e+00 -1.103548714869213021e-01
3.342654583419540248e+00 -3.441788728348728066e-01
3.355220954033899083e+00 -3.282098448403780733e-01
3.367787324648258362e+00 -9.466162563216948267e-02
3.380353695262617642e+00 -1.545703705337399536e-01
3.392920065876976921e+00 -4.263040052716996486e-01
3.405486436491335756e+00 -2.491387206014044065e-01
3.418052807105695035e+00 -3.022019580911650682e-01
3.430619177720054314e+00 -3.391193227828755985e-01
3.443185548334413593e+00 -5.505579775791792363e-01
3.455751918948772872e+00 -4.593433884504138920e-01
3.468318289563131707e+00 -3.712119167968797040e-01
3.480884660177490986e+00 -2.577488204686053663e-01
3.493451030791850265e+00 -4.082788589599179452e-01
3.506017401406209544e+00 -3.133686995282900511e-01
3.518583772020568823e+00 -4.400077959058669719e-01
3.531150142634927658e+00 -2.235598422041803479e-01
3.543716513249286937e+00 -5.835348082718210261e-01
3.556282883863646216e+00 -3.591734574565286220e-01
3.568849254478005495e+00 -5.923145191905689888e-01
3.581415625092364330e+00 -4.367274399529146867e-01
3.593981995706723609e+00 -6.199484325670626683e-01
3.606548366321082888e+00 -3.768571596092801235e-01
3.619114736935442167e+00 -4.065634807791014826e-01
3.631681107549800558e+00 -3.488716903806564629e-01
3.644247478164159837e+00 -5.228323088322123224e-01
3.656813848778519116e+00 -6.012184602097710995e-01
3.669380219392877951e+00 -4.191159603288272528e-01
3.681946590007237230e+00 -5.630614137845303402e-01
3.694512960621596509e+00 -4.475135895342194914e-01
3.707079331235955788e+00 -5.485026167552520260e-01
3.719645701850315067e+00 -4.915538916276214754e-01
3.732212072464673902e+00 -6.631998880745809677e-01
3.744778443079033181e+00 -6.351641788484694295e-01
3.757344813693392460e+00 -6.303696815523828212e-01
3.769911184307751739e+00 -5.394328650103135114e-01
3.782477554922110574e+00 -6.035719214368565622e-01
3.795043925536469853e+00 -6.923261684682839867e-01
3.807610296150829132e+00 -5.967832976932857525e-01
3.820176666765188411e+00 -5.834773690589318829e-01
3.832743037379547690e+00 -5.554189453422351264e-01
3.845309407993906525e+00 -6.311423867273471267e-01
3.857875778608265804e+00 -7.729500212878569476e-01
3.870442149222625083e+00 -6.683683910442633769e-01
3.883008519836984362e+00 -4.747351753980206812e-01
3.895574890451343641e+00 -5.646442430757379061e-01
3.908141261065702476e+00 -6.227088951184061028e-01
3.920707631680061755e+00 -6.584151755406034701e-01
3.933274002294421035e+00 -5.715749737075518366e-01
3.945840372908780314e+00 -6.571406595125904859e-01
3.958406743523139149e+00 -7.218179584110654412e-01
3.970973114137498428e+00 -7.030753681855700377e-01
3.983539484751857707e+00 -7.680334149817902301e-01
3.996105855366216986e+00 -7.573595731241846707e-01
4.008672225980576265e+00 -6.690847042730445615e-01
4.021238596594935544e+00 -8.528011721034133297e-01
4.033804967209294823e+00 -7.142662410695532760e-01
4.046371337823653214e+00 -8.045659164347536141e-01
4.058937708438012493e+00 -7.610752828008844340e-01
4.071504079052371772e+00 -8.009957785978648603e-01
4.084070449666731051e+00 -7.745201319443643095e-01
4.096636820281090330e+00 -8.688527961511235409e-01
4.109203190895449609e+00 -8.515462222715228791e-01
4.121769561509808888e+00 -7.693538936750332624e-01
4.134335932124168167e+00 -9.769468553136815281e-01
4.146902302738527446e+00 -7.629406507213539745e-01
4.159468673352886725e+00 -1.024462756424139975e+00
4.172035043967245116e+00 -9.637755601617827850e-01
4.184601414581604395e+00 -9.213597208612822609e-01
4.197167785195963674e+00 -9.395542736218203128e-01
4.209734155810322953e+00 -8.831686309147495084e-01
4.222300526424682232e+00 -9.118556124650674111e-01
4.234866897039041511e+00 -8.411375457153430490e-01
4.247433267653400790e+00 -9.722620312552914257e-01
4.259999638267760069e+00 -8.559433332980099784e-01
4.272566008882119348e+00 -9.333032044819031814e-01
4.285132379496477739e+00 -8.620469598050146676e-01
4.297698750110837018e+00 -8.601828289158045537e-01
4.310265120725196297e+00 -1.086377638239456322e+00
4.322831491339555576e+00 -9.169386356158704121e-01
4.335397861953914855e+00 -9.172690639324891926e-01
4.347964232568274134e+00 -8.948656605366509531e-01
4.360530603182633413e+00 -8.929424405294743572e-01
4.373096973796992692e+00 -9.675398844323735981e-01
4.385663344411351972e+00 -9.150079106597035494e-01
4.398229715025710362e+00 -8.517762255455437748e-01
4.410796085640069641e+00 -1.061069900869230365e+00
4.423362456254428032e+00 -1.088486936391467541e+00
4.435928826868787311e+00 -9.936029096918568282e-01
4.448495197483146590e+00 -9.594460674825024959e-01
4.461061568097505869e+00 -8.815022192295780545e-01
4.473627938711865148e+00 -1.196660134442582679e+00
4.486194309326224428e+00 -8.355790809204529657e-01
4.498760679940583707e+00 -9.445164507754999494e-01
4.511327050554942986e+00 -8.776087255484573690e-01
4.523893421169302265e+00 -1.145001874707851863e+00
4.536459791783661544e+00 -9.665184399955191186e-01
4.549026162398019935e+00 -8.855166412149110267e-01
4.561592533012379214e+00 -8.758754086602773548e-01
4.574158903626738493e+00 -8.639665382816634764e-01
4.586725274241097772e+00 -9.670605237263002474e-01
4.599291644855457051e+00 -9.991334930188887631e-01
4.611858015469816330e+00 -7.965900673290737810e-01
4.624424386084175609e+00 -8.686648553071142365e-01
4.636990756698534888e+00 -9.721803317729802441e-01
4.649557127312894167e+00 -1.014177661499790162e+00
4.662123497927252558e+00 -1.065745488807692709e+00
4.674689868541611837e+00 -9.998918750041885239e-01
4.687256239155971116e+00 -1.108521902366648604e+00
4.699822609770330395e+00 -9.752384113868639570e-01
4.712388980384689674e+00 -1.050372114660247602e+00
4.724955350999048953e+00 -9.334945366356544039e-01
4.737521721613408232e+00 -9.657638596580055967e-01
4.750088092227767511e+00 -1.083932653349536368e+00
4.762654462842126790e+00 -1.142670452843610240e+00
4.775220833456485181e+00 -9.644225396016571361e-01
4.787787204070844460e+00 -9.564657982591480145e-01
4.800353574685203739e+00 -9.256800667746722944e-01
4.812919945299563018e+00 -1.033845878845516486e+00
4.825486315913922297e+00 -1.028803376320302609e+00
4.838052686528281576e+00 -1.171589680477394202e+00
4.850619057142640855e+00 -1.252390503105669239e+00
4.863185427757000134e+00 -9.583943902093416956e-01
4.875751798371359413e+00 -8.293949825444750790e-01
4.888318168985717804e+00 -1.056383294643487236e+00
4.900884539600077083e+00 -1.092078851014653074e+00
4.913450910214436362e+00 -1.138562261884189075e+00
4.926017280828795641e+00 -1.012030343974894775e+00
4.938583651443154920e+00 -1.055256718436359042e+00
4.951150022057514200e+00 -1.022242254847831822e+00
4.963716392671873479e+00 -8.261572764595569440e-01
4.976282763286232758e+00 -9.968946819084629762e-01
4.988849133900592037e+00 -1.045854538689926061e+00
5.001415504514951316e+00 -9.130934926839295862e-01
5.013981875129309707e+00 -9.211818035922239023e-01
5.026548245743668986e+00 -9.876609474785952303e-01
5.039114616358028265e+00 -9.061432538038818318e-01
5.051680986972387544e+00 -9.270870016793721913e-01
5.064247357586746823e+00 -8.543301788926349616e-01
5.076813728201106102e+00 -9.011552362126227234e-01
5.089380098815465381e+00 -9.225325554658477811e-01
5.101946469429824660e+00 -1.024688686893578726e+00
5.114512840044183939e+00 -1.013097798746175782e+00
5.127079210658542330e+00 -9.201810097700161561e-01
5.139645581272901609e+00 -9.280563597557934807e-01
5.152211951887260888e+00 -7.808607536239817737e-01
5.164778322501620167e+00 -1.027544843938763774e+00
5.177344693115979446e+00 -8.696177603914707621e-01
5.189911063730338725e+00 -1.006896069565756502e+00
5.202477434344698004e+00 -7.963335774462474426e-01
5.215043804959057283e+00 -9.380461032476259398e-01
5.227610175573416562e+00 -8.821991446569646955e-01
5.240176546187774953e+00 -8.197871189020998761e-01
5.252742916802134232e+00 -1.076553063660317999e+00
5.265309287416492623e+00 -6.881856138323307892e-01
5.277875658030851902e+00 -9.559097520701899109e-01
5.290442028645211181e+00 -7.932059876211832172e-01
5.303008399259570460e+00 -9.534183922914885034e-01
5.315574769873929739e+00 -8.125921074576029079e-01
5.328141140488289018e+00 -8.137084723287367760e-01
5.340707511102648297e+00 -6.769095788553245452e-01
5.353273881717007576e+00 -9.248691415456449239e-01
5.365840252331366855e+00 -1.047001571186835012e+00
5.378406622945726134e+00 -8.308075179889418127e-01
5.390972993560084525e+00 -5.812200029485502517e-01
5.403539364174443804e+00 -7.742422788208004336e-01
5.416105734788803083e+00 -8.839410115647711175e-01
5.428672105403162362e+00 -7.842772506308590685e-01
5.441238476017521641e+00 -6.724197679992502952e-01
5.453804846631880920e+00 -8.108610895542357477e-01
5.466371217246240199e+00 -7.257254681861879941e-01
5.478937587860599479e+00 -5.857734577512261342e-01
5.491503958474958758e+00 -6.794897930065848524e-01
5.504070329089317148e+00 -6.729429330876955939e-01
5.516636699703676427e+00 -6.505580558302206384e-01
5.529203070318035707e+00 -6.363631081096584596e-01
5.541769440932394986e+00 -6.336555051464716204e-01
5.554335811546754265e+00 -9.025199338172085195e-01
5.566902182161113544e+00 -6.116212204040056832e-01
5.579468552775472823e+00 -6.540098881151470422e-01
5.592034923389832102e+00 -7.670021575223434640e-01
5.604601294004191381e+00 -5.631993681099674021e-01
5.617167664618549772e+00 -4.984331602930422433e-01
5.629734035232909051e+00 -8.879126614423575869e-01
5.642300405847268330e+00 -5.098869539571775356e-01
5.654866776461627609e+00 -5.886584460590594814e-01
5.667433147075986888e+00 -5.860365256556375746e-01
5.679999517690346167e+00 -6.848212092064346335e-01
5.692565888304705446e+00 -6.084509158996564970e-01
5.705132258919064725e+00 -4.138054088001740793e-01
5.717698629533424004e+00 -3.289943579433386445e-01
5.730265000147783283e+00 -5.768057654082979768e-01
5.742831370762141674e+00 -3.915825749652344090e-01
5.755397741376500953e+00 -6.360835976645086154e-01
5.767964111990860232e+00 -5.939359252179010618e-01
5.780530482605219511e+00 -2.564642971372367297e-01
5.793096853219578790e+00 -3.591239182620754589e-01
5.805663223833938069e+00 -4.994983405338195848e-01
5.818229594448297348e+00 -5.129602503390970902e-01
5.830795965062656627e+00 -4.634391605230264721e-01
5.843362335677015906e+00 -3.924818871419795685e-01
5.855928706291374297e+00 -4.348417478595799635e-01
5.868495076905733576e+00 -4.457125247988293348e-01
5.881061447520092855e+00 -3.489538150763807911e-01
5.893627818134452134e+00 -4.163008465758528120e-01
5.906194188748811413e+00 -2.788817531885474099e-01
5.918760559363170692e+00 -4.911263163681091060e-01
5.931326929977529971e+00 -5.411742305744596804e-01
5.943893300591889250e+00 -4.014702449131162254e-01
5.956459671206248530e+00 -4.648210261968485635e-01
5.969026041820606920e+00 -3.391285041417243518e-01
5.981592412434966199e+00 -3.251550338869994561e-01
5.994158783049325478e+00 -8.254217628643364946e-02
6.006725153663684758e+00 -2.207802865431804373e-01
6.019291524278044037e+00 -3.323554864295230615e-01
6.031857894892402427e+00 -2.109992184899059375e-01
6.044424265506761706e+00 -1.616448913137706056e-01
6.056990636121120986e+00 -2.458379289461883610e-01
6.069557006735480265e+00 -1.337688674048832516e-01
6.082123377349839544e+00 -2.148033684546407640e-01
6.094689747964198823e+00 -1.732616764207273452e-01
6.107256118578558102e+00 -1.934005760269450480e-01
6.119822489192916493e+00 -1.329404317514689404e-01
6.132388859807275772e+00 5.919169551679734353e-02
6.144955230421635051e+00 -8.874621022388531899e-02
6.157521601035994330e+00 -2.013034279750500755e-01
6.170087971650353609e+00 5.644656679392949516e-02
6.182654342264712888e+00 -6.172445046764524212e-02
6.195220712879072167e+00 -1.531944836360005502e-01
6.207787083493431446e+00 -3.967931823126693430e-02
6.220353454107790725e+00 -1.765811828597263489e-02
6.232919824722149116e+00 9.241635037232624750e-02
6.245486195336508395e+00 -7.070135618285397494e-02
6.258052565950867674e+00 -1.118433125678203049e-01
6.270618936565226953e+00 2.326386291738630901e-02
