0.000000000000000000e+00 -7.808020595684686538e-02
1.256637061435917323e-02 -2.452477555754772609e-01
2.513274122871834645e-02 1.322952027764763561e-01
3.769911184307751795e-02 1.321290268276401614e-01
5.026548245743669291e-02 9.382193005706593314e-02
6.283185307179586787e-02 1.136828915164976583e-02
7.539822368615503589e-02 7.172458803886441747e-02
8.796459430051420392e-02 2.065679351943885966e-02
1.005309649148733858e-01 3.307020517114066249e-02
1.130973355292325677e-01 1.934469798063645496e-01
1.256637061435917357e-01 1.772761563737129675e-02
1.382300767579508760e-01 5.818323733780619844e-02
1.507964473723100718e-01 2.260851715915056515e-01
1.633628179866692676e-01 3.642210187094049312e-01
1.759291886010284078e-01 1.315964937320863726e-01
1.884955592153875759e-01 2.753308727218084506e-02
2.010619298297467716e-01 1.361479642291644754e-01
2.136283004441059397e-01 1.767812744029791938e-01
2.261946710584651354e-01 3.315045711259493322e-01
2.387610416728242757e-01 2.011732701266533974e-01
2.513274122871834715e-01 3.066450267149440356e-01
2.638937829015426395e-01 2.701281419754269497e-01
2.764601535159017520e-01 4.153033257441602344e-01
2.890265241302609756e-01 2.425871162369969136e-01
3.015928947446201436e-01 4.631900858092400375e-01
3.141592653589793116e-01 3.209175593274988247e-01
3.267256359733385351e-01 4.370727468611163014e-02
3.392920065876976476e-01 4.403733505601351017e-01
3.518583772020568157e-01 3.205790949651084465e-01
3.644247478164160392e-01 2.018140650168665784e-01
3.769911184307751517e-01 3.883170406629874449e-01
3.895574890451343197e-01 5.411567034737445603e-01
4.021238596594935433e-01 4.634676472097302158e-01
4.146902302738527113e-01 2.018445142298815886e-01
4.272566008882118793e-01 5.533242381988032754e-01
4.398229715025711029e-01 4.642980663718265788e-01
4.523893421169302709e-01 4.589477126756385528e-01
4.649557127312893834e-01 4.601291243761785332e-01
4.775220833456485514e-01 5.025524452835774536e-01
4.900884539600077194e-01 4.161373329083796202e-01
5.026548245743669430e-01 3.932605875249720606e-01
5.152211951887261110e-01 6.300041373943658929e-01
5.277875658030852790e-01 4.097134218105704662e-01
5.403539364174444470e-01 4.935323677546548660e-01
5.529203070318035040e-01 5.376125444817153598e-01
5.654866776461627831e-01 5.733526442639114151e-01
5.780530482605219511e-01 5.426399603034065544e-01
5.906194188748811191e-01 5.956244102965849718e-01
6.031857894892402872e-01 7.122150525699018075e-01
6.157521601035994552e-01 3.841794303353759377e-01
6.283185307179586232e-01 5.484054235767977792e-01
6.408849013323177912e-01 7.656198079928240308e-01
6.534512719466770703e-01 7.507670212245617369e-01
6.660176425610361273e-01 7.233226190475035011e-01
6.785840131753952953e-01 6.583370967656916317e-01
6.911503837897544633e-01 5.972047086908615077e-01
7.037167544041136313e-01 6.807633775081529670e-01
7.162831250184729104e-01 6.685825399599956143e-01
7.288494956328320784e-01 5.902739404689077984e-01
7.414158662471912464e-01 7.357918871683368778e-01
7.539822368615503034e-01 7.077374118608682485e-01
7.665486074759094715e-01 5.830994862987067817e-01
7.791149780902686395e-01 6.054429148579323350e-01
7.916813487046279185e-01 6.533790267242900462e-01
8.042477193189870865e-01 6.267575685943346242e-01
8.168140899333462546e-01 7.852165706503412279e-01
8.293804605477054226e-01 8.029193873986251173e-01
8.419468311620645906e-01 5.946058798442150906e-01
8.545132017764237586e-01 9.021001990971224682e-01
8.670795723907829267e-01 7.543667901001864795e-01
8.796459430051422057e-01 7.932045953272194305e-01
8.922123136195013737e-01 7.129498066455010052e-01
9.047786842338605418e-01 8.275362749143264640e-01
9.173450548482194877e-01 8.334330324389008782e-01
9.299114254625787668e-01 8.112641445585638822e-01
9.424777960769379348e-01 9.009801941254478308e-01
9.550441666912971028e-01 8.419041673258481628e-01
9.676105373056562708e-01 9.596825391704075781e-01
9.801769079200154389e-01 1.003999153197447924e+00
9.927432785343746069e-01 9.174768927994159107e-01
1.005309649148733886e+00 9.468756417338503040e-01
1.017876019763092943e+00 8.151747034648029189e-01
1.030442390377452222e+00 7.231151476992836447e-01
1.043008760991811279e+00 9.146924802982895342e-01
1.055575131606170558e+00 9.247421207020700695e-01
1.068141502220529837e+00 7.587757361471376694e-01
1.080707872834888894e+00 9.192430244261586836e-01
1.093274243449248173e+00 8.745280639945803847e-01
1.105840614063607008e+00 9.538677241149429165e-01
1.118406984677966287e+00 8.890911450353151668e-01
1.130973355292325566e+00 8.890465480288429756e-01
1.143539725906684623e+00 9.302946543075275576e-01
1.156106096521043902e+00 8.120634071433723289e-01
1.168672467135402959e+00 8.060989202780048934e-01
1.181238837749762238e+00 8.611421235318569289e-01
1.193805208364121295e+00 8.416427961060768403e-01
1.206371578978480574e+00 8.561570707375077971e-01
1.218937949592839853e+00 9.656610340137752324e-01
1.231504320207198910e+00 8.741390229300807224e-01
1.244070690821558189e+00 9.199330399780077938e-01
1.256637061435917246e+00 8.640846201660703496e-01
1.269203432050276525e+00 9.769742302803821055e-01
1.281769802664635582e+00 1.151496329123746554e+00
1.294336173278994861e+00 8.653152582380355673e-01
1.306902543893354141e+00 8.854112786518951728e-01
1.319468914507712975e+00 1.119256302350533971e+00
1.332035285122072255e+00 1.056101691042825141e+00
1.344601655736431534e+00 1.027509614697813545e+00
1.357168026350790591e+00 7.677781421397049666e-01
1.369734396965149870e+00 1.040639919798831414e+00
1.382300767579508927e+00 8.825543457135182068e-01
1.394867138193868206e+00 1.042483494468088967e+00
1.407433508808227263e+00 1.145793183997209086e+00
1.419999879422586542e+00 9.887076620319393827e-01
1.432566250036945821e+00 1.077075734515450023e+00
1.445132620651304878e+00 1.012636065630830196e+00
1.457698991265664157e+00 8.809350036810211781e-01
1.470265361880023214e+00 1.157253632136896027e+00
1.482831732494382493e+00 9.418663323690645850e-01
1.495398103108741550e+00 9.484134776274245615e-01
1.507964473723100607e+00 9.823513142648425678e-01
1.520530844337459886e+00 9.380007371338681121e-01
1.533097214951818943e+00 1.017494418451879712e+00
1.545663585566178222e+00 9.642634240763554576e-01
1.558229956180537279e+00 8.200223140375401121e-01
1.570796326794896558e+00 1.019586119723725259e+00
1.583362697409255837e+00 9.304066506602854947e-01
1.595929068023614894e+00 1.037173794225450418e+00
1.608495438637974173e+00 1.036174836397656618e+00
1.621061809252333230e+00 1.010850520846980904e+00
1.633628179866692509e+00 1.151664558663002547e+00
1.646194550481051566e+00 9.161479907904404030e-01
1.658760921095410845e+00 9.730917712381026430e-01
1.671327291709770124e+00 1.009041636916948592e+00
1.683893662324129181e+00 9.392731388904221879e-01
1.696460032938488460e+00 9.488164346552672157e-01
1.709026403552847517e+00 1.060255747070864452e+00
1.721592774167206796e+00 9.784682066128478350e-01
1.734159144781565853e+00 1.100616884026912601e+00
1.746725515395925132e+00 9.873816668472994440e-01
1.759291886010284411e+00 1.038507454166128330e+00
1.771858256624643468e+00 1.007693688717045566e+00
1.784424627239002747e+00 9.583715856762128338e-01
1.796990997853361804e+00 1.024432466752530413e+00
1.809557368467721084e+00 1.070687564642849754e+00
1.822123739082079918e+00 1.185517775590464229e+00
1.834690109696438975e+00 8.537916062695458663e-01
1.847256480310798255e+00 9.859652943640309086e-01
1.859822850925157534e+00 8.838639655304407761e-01
1.872389221539516591e+00 9.089903222675153049e-01
1.884955592153875870e+00 8.450396704048869223e-01
1.897521962768234927e+00 8.933105684389727186e-01
1.910088333382594206e+00 8.506242758185847963e-01
1.922654703996953263e+00 8.737838172172226470e-01
1.935221074611312542e+00 1.040195153410671036e+00
1.947787445225671821e+00 7.799091437468499421e-01
1.960353815840030878e+00 9.232072650477937126e-01
1.972920186454390157e+00 8.674438157395388815e-01
1.985486557068749214e+00 9.663675116736158976e-01
1.998052927683108493e+00 1.035459404146574114e+00
2.010619298297467772e+00 8.151347860325529604e-01
2.023185668911826607e+00 8.602470945442121097e-01
2.035752039526185886e+00 7.962013178509231848e-01
2.048318410140545165e+00 8.726726505996258432e-01
2.060884780754904444e+00 7.890936336116489702e-01
2.073451151369263723e+00 6.781687244218397304e-01
2.086017521983622558e+00 8.496713098557284738e-01
2.098583892597981837e+00 8.651050046550337047e-01
2.111150263212341116e+00 8.839998615348713118e-01
2.123716633826700395e+00 8.977603545658775497e-01
2.136283004441059674e+00 7.741519762185381515e-01
2.148849375055418509e+00 8.912099465890334082e-01
2.161415745669777788e+00 8.235739340396724950e-01
2.173982116284137067e+00 6.605084832734642308e-01
2.186548486898496346e+00 9.172302465050385933e-01
2.199114857512855181e+00 7.145417603079309288e-01
2.211681228127214016e+00 6.031646022658362361e-01
2.224247598741573295e+00 8.275448007500663117e-01
2.236813969355932574e+00 6.700024173124358162e-01
2.249380339970291853e+00 6.729150049948706691e-01
2.261946710584651132e+00 7.099474867230159969e-01
2.274513081199009967e+00 8.435264167462704910e-01
2.287079451813369246e+00 7.188042621790454723e-01
2.299645822427728525e+00 8.378570480235383311e-01
2.312212193042087804e+00 7.118673444737222411e-01
2.324778563656447083e+00 7.875615523995270761e-01
2.337344934270805918e+00 6.003431335173676775e-01
2.349911304885165197e+00 7.188094380897046554e-01
2.362477675499524477e+00 6.473318508475556232e-01
2.375044046113883756e+00 7.307380277102674127e-01
2.387610416728242591e+00 7.255779937170306892e-01
2.400176787342601870e+00 6.379741341238133190e-01
2.412743157956961149e+00 5.907383035505847646e-01
2.425309528571320428e+00 5.037342904792992959e-01
2.437875899185679707e+00 6.081398975223950565e-01
2.450442269800038542e+00 4.597449710707119941e-01
2.463008640414397821e+00 5.421741007548455116e-01
2.475575011028757100e+00 5.567672058560850790e-01
2.488141381643116379e+00 4.550689907250658472e-01
2.500707752257475658e+00 6.548441823587823896e-01
2.513274122871834493e+00 7.655737698596309926e-01
2.525840493486193772e+00 4.268835266466062262e-01
2.538406864100553051e+00 5.591053531687311118e-01
2.550973234714912330e+00 7.609199609120342878e-01
2.563539605329271165e+00 3.395224995475160101e-01
2.576105975943630444e+00 6.196514760776642428e-01
2.588672346557989723e+00 6.915462734725669192e-01
2.601238717172349002e+00 4.914896342614680225e-01
2.613805087786708281e+00 5.434031033879654915e-01
2.626371458401067116e+00 4.889535239123700694e-01
2.638937829015425951e+00 4.980423993711492470e-01
2.651504199629785230e+00 4.551762333206819111e-01
2.664070570244144509e+00 4.254764114625756433e-01
2.676636940858503788e+00 4.269244541216368760e-01
2.689203311472863067e+00 5.994078413881555045e-01
2.701769682087221902e+00 4.683350181028007597e-01
2.714336052701581181e+00 4.832931780657049869e-01
2.726902423315940460e+00 3.690438521382472525e-01
2.739468793930299739e+00 2.864825556460422473e-01
2.752035164544658574e+00 5.423781843129311664e-01
2.764601535159017853e+00 3.802681533512884959e-01
2.777167905773377132e+00 3.150630909028026005e-01
2.789734276387736411e+00 3.235964050018250715e-01
2.802300647002095690e+00 1.971793823401656043e-01
2.814867017616454525e+00 2.525674389907787143e-01
2.827433388230813804e+00 2.706801826707783132e-01
2.839999758845173083e+00 5.296545482942094374e-01
2.852566129459532362e+00 5.115688783196725709e-01
2.865132500073891642e+00 3.311859387046253156e-01
2.877698870688250476e+00 2.575138219031800069e-01
2.890265241302609756e+00 3.672906969333272764e-01
2.902831611916969035e+00 1.133033420913878708e-02
2.915397982531328314e+00 2.078719941379923442e-01
2.927964353145687149e+00 3.188756941205744821e-01
2.940530723760046428e+00 3.111322008033975406e-01
2.953097094374405707e+00 2.296145936692422507e-01
2.965663464988764986e+00 3.463692414715222045e-02
2.978229835603124265e+00 2.791067417459713873e-05
2.990796206217483100e+00 1.159644048175531711e-01
3.003362576831842379e+00 1.199310135909160135e-01
3.015928947446201214e+00 9.071436119171008561e-03
3.028495318060560493e+00 3.737559551994272533e-02
3.041061688674919772e+00 2.517017356352667379e-02
3.053628059289279051e+00 -5.951224953323759614e-02
3.066194429903637886e+00 2.058350187181208768e-01
3.078760800517997165e+00 -4.924463516578961308e-02
3.091327171132356444e+00 1.040019135711367226e-01
3.103893541746715723e+00 7.357743441132005846e-02
3.116459912361074558e+00 -8.409907367918757759e-02
3.129026282975433837e+00 1.083558161397384090e-01
3.141592653589793116e+00 7.408127570803596518e-02
3.154159024204152395e+00 -9.047087788702966316e-02
3.166725394818511674e+00 -8.128109994361561175e-02
3.179291765432870509e+00 -3.238689103972312855e-02
3.191858136047229788e+00 -3.566565988740165449e-02
3.204424506661589067e+00 9.688661709788530529e-02
3.216990877275948346e+00 -4.447940419915973054e-02
3.229557247890307181e+00 -5.635808235457501203e-02
3.242123618504666460e+00 -1.956147982858994772e-01
3.254689989119025739e+00 7.159496952767825662e-02
3.267256359733385018e+00 -7.126854322322603852e-02
3.279822730347744297e+00 -1.593791632716649864e-01
3.292389100962103132e+00 -1.544876015100078159e-01
3.304955471576462411e+00 -8.863414447757801684e-02
3.317521842190821690e+00 -2.498710106428453925e-01
3.330088212805180969e+00 -1.849767482213713066e-01
3.342654583419540248e+00 -3.267026257793229638e-01
3.355220954033899083e+00 -1.981347794432445630e-01
3.367787324648258362e+00 -2.169637475143031402e-01
3.380353695262617642e+00 -2.117876763320760414e-01
3.392920065876976921e+00 -4.188593598043334199e-01
3.405486436491335756e+00 -1.768465873775076913e-01
3.418052807105695035e+00 -2.917956970551072171e-01
3.430619177720054314e+00 -2.448059899012818563e-01
3.443185548334413593e+00 -2.906975385616401009e-01
3.455751918948772872e+00 -1.407373810177420526e-01
3.468318289563131707e+00 -3.742642264169255828e-01
3.480884660177490986e+00 -3.378407392778330354e-01
3.493451030791850265e+00 -4.362725552348408198e-01
3.506017401406209544e+00 -3.173736033662052369e-01
3.518583772020568823e+00 -3.348646565079479442e-01
3.531150142634927658e+00 -5.053113216856475187e-01
3.543716513249286937e+00 -4.243535283449000883e-01
3.556282883863646216e+00 -3.126542034363880562e-01
3.568849254478005495e+00 -2.816191814748009170e-01
3.581415625092364330e+00 -3.093030195664698279e-01
3.593981995706723609e+00 -3.193895037457057939e-01
3.606548366321082888e+00 -6.761220160017723524e-01
3.619114736935442167e+00 -6.348185108188815207e-01
3.631681107549800558e+00 -3.539325725567110115e-01
3.644247478164159837e+00 -5.070351802600131519e-01
3.656813848778519116e+00 -3.571899467789760863e-01
3.669380219392877951e+00 -3.799242023228753817e-01
3.681946590007237230e+00 -4.678121342741997646e-01
3.694512960621596509e+00 -5.293442296003688652e-01
3.707079331235955788e+00 -5.181369532229211927e-01
3.719645701850315067e+00 -7.239689787457359582e-01
3.732212072464673902e+00 -4.262382045095715055e-01
3.744778443079033181e+00 -5.673237014598077055e-01
3.757344813693392460e+00 -6.590702868457156693e-01
3.769911184307751739e+00 -3.556589188181272787e-01
3.782477554922110574e+00 -6.376537303541498503e-01
3.795043925536469853e+00 -4.432511571196027234e-01
3.807610296150829132e+00 -4.613405554808205355e-01
3.820176666765188411e+00 -6.464677486437477860e-01
3.832743037379547690e+00 -7.630296715804282259e-01
3.845309407993906525e+00 -6.722416450167952862e-01
3.857875778608265804e+00 -7.786215005216629015e-01
3.870442149222625083e+00 -7.402409739923020426e-01
3.883008519836984362e+00 -7.046344547482946696e-01
3.895574890451343641e+00 -7.811255432406769561e-01
3.908141261065702476e+00 -8.742974270907322154e-01
3.920707631680061755e+00 -6.622060860905945034e-01
3.933274002294421035e+00 -7.154068157020241348e-01
3.945840372908780314e+00 -5.345359265467860554e-01
3.958406743523139149e+00 -8.889503038357116083e-01
3.970973114137498428e+00 -9.677640444778446982e-01
3.983539484751857707e+00 -7.069848052895313373e-01
3.996105855366216986e+00 -6.223439420455721960e-01
4.008672225980576265e+00 -8.659808548992903310e-01
4.021238596594935544e+00 -8.096382980117492467e-01
4.033804967209294823e+00 -7.005150310533728719e-01
4.046371337823653214e+00 -4.764699491939470288e-01
4.058937708438012493e+00 -7.481941734930610544e-01
4.071504079052371772e+00 -7.566235229053134281e-01
4.084070449666731051e+00 -9.175903766210782297e-01
4.096636820281090330e+00 -6.942155091846785586e-01
4.109203190895449609e+00 -7.591734581166375007e-01
4.121769561509808888e+00 -9.126803945743867663e-01
4.134335932124168167e+00 -9.868054030381536723e-01
4.146902302738527446e+00 -8.876479535769824514e-01
4.159468673352886725e+00 -9.190674245001473341e-01
4.172035043967245116e+00 -6.858368316140153187e-01
4.184601414581604395e+00 -9.858015505563222369e-01
4.197167785195963674e+00 -7.776769801025386064e-01
4.209734155810322953e+00 -9.560732076901929943e-01
4.222300526424682232e+00 -9.612971681476594199e-01
4.234866897039041511e+00 -9.010253542258531700e-01
4.247433267653400790e+00 -8.974450545061011253e-01
4.259999638267760069e+00 -9.200731826955206305e-01
4.272566008882119348e+00 -8.811975466238591848e-01
4.285132379496477739e+00 -9.791162569910171198e-01
4.297698750110837018e+00 -1.005361064763614642e+00
4.310265120725196297e+00 -8.230187820585612712e-01
4.322831491339555576e+00 -1.012976590592117976e+00
4.335397861953914855e+00 -9.239812205566840797e-01
4.347964232568274134e+00 -1.086187871391696147e+00
4.360530603182633413e+00 -1.000088998700624066e+00
4.373096973796992692e+00 -8.947590026507465932e-01
4.385663344411351972e+00 -8.788532032208830058e-01
4.398229715025710362e+00 -9.032441643649877783e-01
4.410796085640069641e+00 -1.069618623411929148e+00
4.423362456254428032e+00 -8.564264711128997121e-01
4.435928826868787311e+00 -1.025432105753634415e+00
4.448495197483146590e+00 -9.282073655925452416e-01
4.461061568097505869e+00 -9.029836519914893334e-01
4.473627938711865148e+00 -8.864217792735775703e-01
4.486194309326224428e+00 -1.003702353412211812e+00
4.498760679940583707e+00 -8.524365625386030043e-01
4.511327050554942986e+00 -9.355572768263633598e-01
4.523893421169302265e+00 -8.130043054490724286e-01
4.536459791783661544e+00 -9.958846687370321860e-01
4.549026162398019935e+00 -1.163695876062902368e+00
4.561592533012379214e+00 -1.031883581702064401e+00
4.574158903626738493e+00 -9.577917438987691989e-01
4.586725274241097772e+00 -9.040330812055992205e-01
4.599291644855457051e+00 -7.661612622903392067e-01
4.611858015469816330e+00 -8.403227113808802162e-01
4.624424386084175609e+00 -1.015104707134734552e+00
4.636990756698534888e+00 -1.073947310460180438e+00
4.649557127312894167e+00 -1.155078247217557363e+00
4.662123497927252558e+00 -1.158743924631611799e+00
4.674689868541611837e+00 -9.418107150999062149e-01
4.687256239155971116e+00 -9.096061245919749849e-01
4.699822609770330395e+00 -9.538057954054453003e-01
4.712388980384689674e+00 -9.701600719152256858e-01
4.724955350999048953e+00 -1.070843950725402838e+00
4.737521721613408232e+00 -1.135883166482721585e+00
4.750088092227767511e+00 -9.719235303592846931e-01
4.762654462842126790e+00 -1.143849743802798136e+00
4.775220833456485181e+00 -1.129150944645434418e+00
4.787787204070844460e+00 -9.969577998840967181e-01
4.800353574685203739e+00 -1.028908958224564962e+00
4.812919945299563018e+00 -9.219397590070711468e-01
4.825486315913922297e+00 -9.294204237919569955e-01
4.838052686528281576e+00 -1.004904819741064825e+00
4.850619057142640855e+00 -8.425638960021759605e-01
4.863185427757000134e+00 -9.315256881479383466e-01
4.875751798371359413e+00 -8.901036292595587707e-01
4.888318168985717804e+00 -1.072386049160542809e+00
4.900884539600077083e+00 -9.900948347774827241e-01
4.913450910214436362e+00 -8.507081111298417930e-01
4.926017280828795641e+00 -1.112683798603943064e+00
4.938583651443154920e+00 -8.616256912670188228e-01
4.951150022057514200e+00 -8.142946225905473012e-01
4.963716392671873479e+00 -9.263703770989073494e-01
4.976282763286232758e+00 -1.080220798843536167e+00
4.988849133900592037e+00 -9.695591731471470132e-01
5.001415504514951316e+00 -1.048076068891681478e+00
5.013981875129309707e+00 -8.836056177530544620e-01
5.026548245743668986e+00 -8.687075980307530365e-01
5.039114616358028265e+00 -9.235734829512481925e-01
5.051680986972387544e+00 -1.022612205397815055e+00
5.064247357586746823e+00 -9.363399927403240897e-01
5.076813728201106102e+00 -8.132886254458017161e-01
5.089380098815465381e+00 -9.546241979022446200e-01
5.101946469429824660e+00 -9.254437114437717993e-01
5.114512840044183939e+00 -9.396478014312977800e-01
5.127079210658542330e+00 -1.026526815718145302e+00
5.139645581272901609e+00 -9.581123253726502309e-01
5.152211951887260888e+00 -7.607265013834400014e-01
5.164778322501620167e+00 -8.099969654806070674e-01
5.177344693115979446e+00 -8.291950182468026398e-01
5.189911063730338725e+00 -7.895463466297374389e-01
5.202477434344698004e+00 -1.056894958588504574e+00
5.215043804959057283e+00 -8.357921560657579629e-01
5.227610175573416562e+00 -6.313844609561205523e-01
5.240176546187774953e+00 -6.886334243322540516e-01
5.252742916802134232e+00 -8.851587707474073419e-01
5.265309287416492623e+00 -7.784717014666988621e-01
5.277875658030851902e+00 -7.978911256677808650e-01
5.290442028645211181e+00 -8.218035803244349013e-01
5.303008399259570460e+00 -9.172775721138903826e-01
5.315574769873929739e+00 -7.754259174129374266e-01
5.328141140488289018e+00 -7.876374043982203865e-01
5.340707511102648297e+00 -9.385387378656557811e-01
5.353273881717007576e+00 -7.573602620931607632e-01
5.365840252331366855e+00 -7.485899645262483748e-01
5.378406622945726134e+00 -7.842134536534779432e-01
5.390972993560084525e+00 -8.741259719540642736e-01
5.403539364174443804e+00 -6.920409490324015422e-01
5.416105734788803083e+00 -8.211748386810422407e-01
5.428672105403162362e+00 -8.615287163986735663e-01
5.441238476017521641e+00 -9.157920743349439174e-01
5.453804846631880920e+00 -8.682089461014246279e-01
5.466371217246240199e+00 -6.853508552215279437e-01
5.478937587860599479e+00 -8.355496122557183325e-01
5.491503958474958758e+00 -8.110509184673287963e-01
5.504070329089317148e+00 -6.587796160766976605e-01
5.516636699703676427e+00 -7.025652506282635823e-01
5.529203070318035707e+00 -5.031278690075088322e-01
5.541769440932394986e+00 -7.138305868381561448e-01
5.554335811546754265e+00 -6.454511532650542005e-01
5.566902182161113544e+00 -5.844070158905386725e-01
5.579468552775472823e+00 -7.573968246809450466e-01
5.592034923389832102e+00 -7.888749234675939137e-01
5.604601294004191381e+00 -5.527692500880164728e-01
5.617167664618549772e+00 -6.672316496761827587e-01
5.629734035232909051e+00 -6.029553268820025957e-01
5.642300405847268330e+00 -5.162019286376904326e-01
5.654866776461627609e+00 -4.202775907100316788e-01
5.667433147075986888e+00 -5.868823845186608157e-01
5.679999517690346167e+00 -4.373744578272167338e-01
5.692565888304705446e+00 -7.940533130490817770e-01
5.705132258919064725e+00 -4.378898777066652093e-01
5.717698629533424004e+00 -5.452752960014431993e-01
5.730265000147783283e+00 -5.096203339444460578e-01
5.742831370762141674e+00 -4.761661611834808738e-01
5.755397741376500953e+00 -3.766328540833672189e-01
5.767964111990860232e+00 -3.518769082272429349e-01
5.780530482605219511e+00 -4.800983677714670272e-01
5.793096853219578790e+00 -5.002553761872867710e-01
5.805663223833938069e+00 -5.136903147705709216e-01
5.818229594448297348e+00 -5.767489432873530442e-01
5.830795965062656627e+00 -3.613162229421825189e-01
5.843362335677015906e+00 -5.620498691569907335e-01
5.855928706291374297e+00 -5.713541975317661947e-01
5.868495076905733576e+00 -4.140131645717590736e-01
5.881061447520092855e+00 -4.318893536316277815e-01
5.893627818134452134e+00 -2.741591022056293347e-01
5.906194188748811413e+00 -5.067222011854286556e-01
5.918760559363170692e+00 -4.483941652179857518e-01
5.931326929977529971e+00 -3.319494497944193157e-01
5.943893300591889250e+00 -2.423815916660104486e-01
5.956459671206248530e+00 -1.624815890088009140e-01
5.969026041820606920e+00 -4.797421978072132775e-01
5.981592412434966199e+00 -3.275562898461373829e-01
5.994158783049325478e+00 -4.065033805096644470e-01
6.006725153663684758e+00 -2.861110489054149442e-01
6.019291524278044037e+00 -1.494412202210371743e-01
6.031857894892402427e+00 -2.847894889843702315e-01
6.044424265506761706e+00 -1.922337098187938131e-01
6.056990636121120986e+00 -3.610884211127022292e-01
6.069557006735480265e+00 -2.791998151222417901e-01
6.082123377349839544e+00 -3.968339720229532297e-01
6.094689747964198823e+00 -1.566132172503404418e-01
6.107256118578558102e+00 -1.757349405275863141e-01
6.119822489192916493e+00 -1.260511188182870390e-01
6.132388859807275772e+00 -2.880984885659051420e-01
6.144955230421635051e+00 -2.368573053890459246e-01
6.157521601035994330e+00 -1.413974260054688403e-01
6.170087971650353609e+00 -7.932736097120296481e-02
6.182654342264712888e+00 -1.132902976250160509e-01
6.195220712879072167e+00 -3.095004022032138424e-02
6.207787083493431446e+00 -3.466309300604765165e-01
6.220353454107790725e+00 -1.732049416246080054e-02
6.232919824722149116e+00 -7.841605358351295962e-02
6.245486195336508395e+00 2.987075209949204280e-01
6.258052565950867674e+00 5.617585546545154906e-02
6.270618936565226953e+00 -1.883656014694448655e-01
