0.000000000000000000e+00 5.718109901954804286e-02
1.256637061435917323e-02 1.650850885336348217e-01
2.513274122871834645e-02 -6.080934803141181677e-02
3.769911184307751795e-02 -6.232279758355067922e-02
5.026548245743669291e-02 -1.108321435339355843e-02
6.283185307179586787e-02 -1.406986194500330356e-01
7.539822368615503589e-02 1.709777139542431879e-01
8.796459430051420392e-02 2.027702438071463664e-01
1.005309649148733858e-01 9.452885026344434727e-02
1.130973355292325677e-01 -1.147821124752464172e-02
1.256637061435917357e-01 3.430649392213866444e-02
1.382300767579508760e-01 1.977941032274358746e-01
1.507964473723100718e-01 2.304627476276068232e-01
1.633628179866692676e-01 2.493849617132571084e-01
1.759291886010284078e-01 8.040195871090728696e-02
1.884955592153875759e-01 1.954131700169444430e-01
2.010619298297467716e-01 3.109029635080803322e-01
2.136283004441059397e-01 3.260037652951849330e-01
2.261946710584651354e-01 1.997938030323017644e-01
2.387610416728242757e-01 1.173941281089444510e-01
2.513274122871834715e-01 1.383719823687294126e-01
2.638937829015426395e-01 2.743691585984909809e-01
2.764601535159017520e-01 3.372619334713452544e-01
2.890265241302609756e-01 4.046069444104590795e-01
3.015928947446201436e-01 4.368677232660876375e-01
3.141592653589793116e-01 3.277258142404607666e-01
3.267256359733385351e-01 4.943440356851643847e-01
3.392920065876976476e-01 3.095747870207394836e-01
3.518583772020568157e-01 3.387521322432192061e-01
3.644247478164160392e-01 3.067795095671407846e-01
3.769911184307751517e-01 5.111410936540986549e-01
3.895574890451343197e-01 3.938788996736913850e-01
4.021238596594935433e-01 4.100315130493764615e-01
4.146902302738527113e-01 3.609786799172043925e-01
4.272566008882118793e-01 4.130137025943528828e-01
4.398229715025711029e-01 5.579778964840373945e-01
4.523893421169302709e-01 3.904568013240214963e-01
4.649557127312893834e-01 5.421001494804799092e-01
4.775220833456485514e-01 3.411400220461301980e-01
4.900884539600077194e-01 6.044573043579617444e-01
5.026548245743669430e-01 5.818614559410038023e-01
5.152211951887261110e-01 4.898755991465941761e-01
5.277875658030852790e-01 5.540515475289903291e-01
5.403539364174444470e-01 3.184584077436142246e-01
5.529203070318035040e-01 5.926637224864563791e-01
5.654866776461627831e-01 6.089135697877506859e-01
5.780530482605219511e-01 3.970055093685624370e-01
5.906194188748811191e-01 5.519581597510258009e-01
6.031857894892402872e-01 7.901267001539121759e-01
6.157521601035994552e-01 9.379430834326993871e-01
6.283185307179586232e-01 4.132694239384216983e-01
6.408849013323177912e-01 3.315433870570904107e-01
6.534512719466770703e-01 6.000954060948605617e-01
6.660176425610361273e-01 5.649409771191471474e-01
6.785840131753952953e-01 6.463381501488297820e-01
6.911503837897544633e-01 6.884690789225954566e-01
7.037167544041136313e-01 7.596944957815220389e-01
7.162831250184729104e-01 6.197577459023516644e-01
7.288494956328320784e-01 4.776507748994249236e-01
7.414158662471912464e-01 6.273485380733589967e-01
7.539822368615503034e-01 7.472510206417963818e-01
7.665486074759094715e-01 7.188897415565691507e-01
7.791149780902686395e-01 5.331734611402927371e-01
7.916813487046279185e-01 6.587442345476350880e-01
8.042477193189870865e-01 7.281488243300735519e-01
8.168140899333462546e-01 7.613105624062026511e-01
8.293804605477054226e-01 7.852957223106209472e-01
8.419468311620645906e-01 6.707657029333886634e-01
8.545132017764237586e-01 7.777259417481797721e-01
8.670795723907829267e-01 6.554061968316613473e-01
8.796459430051422057e-01 8.707980612501721174e-01
8.922123136195013737e-01 6.643641860620206341e-01
9.047786842338605418e-01 8.724639691002578079e-01
9.173450548482194877e-01 8.713537638501009930e-01
9.299114254625787668e-01 7.875893808979281818e-01
9.424777960769379348e-01 8.024405424448192159e-01
9.550441666912971028e-01 9.409639194040462229e-01
9.676105373056562708e-01 9.656282607370133553e-01
9.801769079200154389e-01 8.305706262066933077e-01
9.927432785343746069e-01 7.166575834212971507e-01
1.005309649148733886e+00 9.598387214711103788e-01
1.017876019763092943e+00 7.682764828724762962e-01
1.030442390377452222e+00 1.084318940207559034e+00
1.043008760991811279e+00 9.051309469003288033e-01
1.055575131606170558e+00 1.000513181311159627e+00
1.068141502220529837e+00 8.587782116432879365e-01
1.080707872834888894e+00 8.402490185521680477e-01
1.093274243449248173e+00 8.085193900956690882e-01
1.105840614063607008e+00 8.769573608213785398e-01
1.118406984677966287e+00 1.189944234189519889e+00
1.130973355292325566e+00 9.085501028401796741e-01
1.143539725906684623e+00 1.034194752375008353e+00
1.156106096521043902e+00 1.046380307037499291e+00
1.168672467135402959e+00 9.647825353079653166e-01
1.181238837749762238e+00 8.808520498223540995e-01
1.193805208364121295e+00 8.884622754354999374e-01
1.206371578978480574e+00 1.017758241976660205e+00
1.218937949592839853e+00 9.300147553189673788e-01
1.231504320207198910e+00 9.925706153191384828e-01
1.244070690821558189e+00 9.675750741813261557e-01
1.256637061435917246e+00 1.011642228291019574e+00
1.269203432050276525e+00 9.876872238425801198e-01
1.281769802664635582e+00 8.164775117591867026e-01
1.294336173278994861e+00 1.017120021594913437e+00
1.306902543893354141e+00 9.406042191958539078e-01
1.319468914507712975e+00 1.085399158050423640e+00
1.332035285122072255e+00 9.352606002730580181e-01
1.344601655736431534e+00 9.492931815124614481e-01
1.357168026350790591e+00 1.084427145251810165e+00
1.369734396965149870e+00 1.128170413637598513e+00
1.382300767579508927e+00 1.061848920497882931e+00
1.394867138193868206e+00 1.064403416123081980e+00
1.407433508808227263e+00 8.661896529040457038e-01
1.419999879422586542e+00 8.875624993320154754e-01
1.432566250036945821e+00 1.171074644195913006e+00
1.445132620651304878e+00 1.041878399409946088e+00
1.457698991265664157e+00 1.106514022959737886e+00
1.470265361880023214e+00 1.085744089855744221e+00
1.482831732494382493e+00 1.055712887865291716e+00
1.495398103108741550e+00 9.857820711575648875e-01
1.507964473723100607e+00 1.130580103798050740e+00
1.520530844337459886e+00 1.180762474501671377e+00
1.533097214951818943e+00 9.442549054158649868e-01
1.545663585566178222e+00 1.087359248117522714e+00
1.558229956180537279e+00 1.155353400516623941e+00
1.570796326794896558e+00 8.921334176868997989e-01
1.583362697409255837e+00 9.513603000545842736e-01
1.595929068023614894e+00 9.684431874302255050e-01
1.608495438637974173e+00 1.086004880666272099e+00
1.621061809252333230e+00 9.871496803248671625e-01
1.633628179866692509e+00 1.101281062058125482e+00
1.646194550481051566e+00 9.307728355742650450e-01
1.658760921095410845e+00 1.058330603157884964e+00
1.671327291709770124e+00 8.449603327081288695e-01
1.683893662324129181e+00 1.156915586672874863e+00
1.696460032938488460e+00 8.438217870176577540e-01
1.709026403552847517e+00 9.673354775339966238e-01
1.721592774167206796e+00 8.896910978352459143e-01
1.734159144781565853e+00 1.025162672264116948e+00
1.746725515395925132e+00 9.174591414315156346e-01
1.759291886010284411e+00 9.127037544270898417e-01
1.771858256624643468e+00 1.038374400466679504e+00
1.784424627239002747e+00 1.088620154337230472e+00
1.796990997853361804e+00 8.349025439126869230e-01
1.809557368467721084e+00 1.032875727307338121e+00
1.822123739082079918e+00 9.993546132596372589e-01
1.834690109696438975e+00 1.025536267488101227e+00
1.847256480310798255e+00 9.655735682530511843e-01
1.859822850925157534e+00 9.088292142894597303e-01
1.872389221539516591e+00 8.728678634401380032e-01
1.884955592153875870e+00 9.100013264762015774e-01
1.897521962768234927e+00 9.743993946882666402e-01
1.910088333382594206e+00 9.170791915000544581e-01
1.922654703996953263e+00 1.143545746917152162e+00
1.935221074611312542e+00 9.093553503343899669e-01
1.947787445225671821e+00 1.100340445928625677e+00
1.960353815840030878e+00 1.069376776858146583e+00
1.972920186454390157e+00 9.570633443662844853e-01
1.985486557068749214e+00 1.012605790945982687e+00
1.998052927683108493e+00 6.884648094250643835e-01
2.010619298297467772e+00 5.913665019816357615e-01
2.023185668911826607e+00 9.600947765151777169e-01
2.035752039526185886e+00 9.403010070628721184e-01
2.048318410140545165e+00 7.950995868912313913e-01
2.060884780754904444e+00 9.447123778593043975e-01
2.073451151369263723e+00 6.920591056956740816e-01
2.086017521983622558e+00 8.868810118233599882e-01
2.098583892597981837e+00 8.088873023229581349e-01
2.111150263212341116e+00 1.095148493598832928e+00
2.123716633826700395e+00 7.750244137494082253e-01
2.136283004441059674e+00 8.158463698855555890e-01
2.148849375055418509e+00 7.933502329314985335e-01
2.161415745669777788e+00 7.772919374577000884e-01
2.173982116284137067e+00 9.639974990443276326e-01
2.186548486898496346e+00 8.762806019412588965e-01
2.199114857512855181e+00 7.403701266809691317e-01
2.211681228127214016e+00 7.231736679032733095e-01
2.224247598741573295e+00 7.547641158031528352e-01
2.236813969355932574e+00 6.785994547113757269e-01
2.249380339970291853e+00 8.193259476874156233e-01
2.261946710584651132e+00 8.022956020293480206e-01
2.274513081199009967e+00 8.488602553596565903e-01
2.287079451813369246e+00 7.490864454458699973e-01
2.299645822427728525e+00 6.545811610956536741e-01
2.312212193042087804e+00 8.304280730447224368e-01
2.324778563656447083e+00 8.182008576442706405e-01
2.337344934270805918e+00 5.978086978009732322e-01
2.349911304885165197e+00 6.005572529201856913e-01
2.362477675499524477e+00 6.551376527032856112e-01
2.375044046113883756e+00 5.787646424539376611e-01
2.387610416728242591e+00 6.483165995964683681e-01
2.400176787342601870e+00 5.769159230690954487e-01
2.412743157956961149e+00 7.438030247305393861e-01
2.425309528571320428e+00 6.324153234231386644e-01
2.437875899185679707e+00 4.804162307308764701e-01
2.450442269800038542e+00 5.871205850117914293e-01
2.463008640414397821e+00 5.927170090625143439e-01
2.475575011028757100e+00 6.815717604350817194e-01
2.488141381643116379e+00 6.022394119851894878e-01
2.500707752257475658e+00 5.551907254010057802e-01
2.513274122871834493e+00 7.438444551630135626e-01
2.525840493486193772e+00 4.731472742992790526e-01
2.538406864100553051e+00 4.730780095717624922e-01
2.550973234714912330e+00 5.055730894920581475e-01
2.563539605329271165e+00 6.567792688505005305e-01
2.576105975943630444e+00 5.309679851906032866e-01
2.588672346557989723e+00 5.644886139740339370e-01
2.601238717172349002e+00 5.508881535956418052e-01
2.613805087786708281e+00 5.868152152458003812e-01
2.626371458401067116e+00 5.082995500079072748e-01
2.638937829015425951e+00 5.753313745782020483e-01
2.651504199629785230e+00 3.596310475447547228e-01
2.664070570244144509e+00 4.083529134975281139e-01
2.676636940858503788e+00 4.759797287346514416e-01
2.689203311472863067e+00 4.555604816734357687e-01
2.701769682087221902e+00 4.761137419121023173e-01
2.714336052701581181e+00 3.452520702863026147e-01
2.726902423315940460e+00 4.011996613066292072e-01
2.739468793930299739e+00 3.875736174446435811e-01
2.752035164544658574e+00 2.179945924094087439e-01
2.764601535159017853e+00 3.854055652686448341e-01
2.777167905773377132e+00 2.437760744719883466e-01
2.789734276387736411e+00 5.442019322838697049e-01
2.802300647002095690e+00 1.564993920207953526e-01
2.814867017616454525e+00 3.780075684925522372e-01
2.827433388230813804e+00 1.961113284381093558e-01
2.839999758845173083e+00 3.293184391951898271e-01
2.852566129459532362e+00 1.934050051081585564e-01
2.865132500073891642e+00 3.546954928016982089e-01
2.877698870688250476e+00 3.031917332772146034e-01
2.890265241302609756e+00 1.239239961095874032e-01
2.902831611916969035e+00 1.517894679930413826e-01
2.915397982531328314e+00 2.434400073562613398e-01
2.927964353145687149e+00 2.781965757144651552e-01
2.940530723760046428e+00 1.182398663622994672e-01
2.953097094374405707e+00 1.569272032283863805e-01
2.965663464988764986e+00 1.086331424244688926e-01
2.978229835603124265e+00 2.142090028713980188e-01
2.990796206217483100e+00 1.197562541334646485e-01
3.003362576831842379e+00 1.788948401310420100e-01
3.015928947446201214e+00 -3.781541233117952094e-02
3.028495318060560493e+00 -2.609082097231096853e-02
3.041061688674919772e+00 1.295713632215574340e-01
3.053628059289279051e+00 5.828809133620381500e-02
3.066194429903637886e+00 2.791419991634591646e-01
3.078760800517997165e+00 -2.441739144703575226e-02
3.091327171132356444e+00 -1.376568257663911971e-02
3.103893541746715723e+00 1.692259677310871957e-01
3.116459912361074558e+00 -7.728234125130845067e-02
3.129026282975433837e+00 3.373197759656454409e-01
3.141592653589793116e+00 -4.098880461585891963e-03
3.154159024204152395e+00 1.332352944190839661e-01
3.166725394818511674e+00 3.916453389387113126e-02
3.179291765432870509e+00 4.716618052493881663e-02
3.191858136047229788e+00 5.251455683060536617e-02
3.204424506661589067e+00 -4.014845795814198093e-02
3.216990877275948346e+00 1.129480171142552281e-02
3.229557247890307181e+00 -4.747956082773723691e-02
3.242123618504666460e+00 -1.220808765881218338e-01
3.254689989119025739e+00 -1.127446011992333935e-01
3.267256359733385018e+00 -2.518544535537736717e-01
3.279822730347744297e+00 -1.392598383265341577e-01
3.292389100962103132e+00 2.852253643110749803e-02
3.304955471576462411e+00 -2.420617488133988693e-01
3.317521842190821690e+00 -3.164974549311637686e-01
3.330088212805180969e+00 -1.863870274745390021e-01
3.342654583419540248e+00 -2.423736958298925992e-01
3.355220954033899083e+00 -2.915112015084537767e-01
3.367787324648258362e+00 -1.548353734436864748e-01
3.380353695262617642e+00 -2.333969729006274696e-01
3.392920065876976921e+00 -1.532020479651789169e-01
3.405486436491335756e+00 -2.762896160311406057e-01
3.418052807105695035e+00 -9.421739272408535815e-02
3.430619177720054314e+00 -2.313833417504130019e-01
3.443185548334413593e+00 -3.330755168023316060e-01
3.455751918948772872e+00 -3.346548197329492491e-01
3.468318289563131707e+00 -4.220716128106219434e-01
3.480884660177490986e+00 -1.629898851191170228e-01
3.493451030791850265e+00 -3.911615383997534279e-01
3.506017401406209544e+00 -4.107215900488028204e-01
3.518583772020568823e+00 -3.987966113384847078e-01
3.531150142634927658e+00 -3.940941811622395985e-01
3.543716513249286937e+00 -1.449468277131136795e-01
3.556282883863646216e+00 -4.270039282617565934e-01
3.568849254478005495e+00 -5.445400618460330966e-01
3.581415625092364330e+00 -2.876212712835110596e-01
3.593981995706723609e+00 -6.632336601034533041e-01
3.606548366321082888e+00 -4.459523084075455168e-01
3.619114736935442167e+00 -4.164721485345780905e-01
3.631681107549800558e+00 -3.932335324634116946e-01
3.644247478164159837e+00 -2.448830150085003488e-01
3.656813848778519116e+00 -6.001951025035512366e-01
3.669380219392877951e+00 -4.727786677837881868e-01
3.681946590007237230e+00 -4.402614236707878548e-01
3.694512960621596509e+00 -5.373476772133869428e-01
3.707079331235955788e+00 -6.227100828130927024e-01
3.719645701850315067e+00 -4.187963532889861229e-01
3.732212072464673902e+00 -4.988283645599462801e-01
3.744778443079033181e+00 -7.585966200889694422e-01
3.757344813693392460e+00 -6.321986726303631121e-01
3.769911184307751739e+00 -5.938377209967249382e-01
3.782477554922110574e+00 -7.300712372466124922e-01
3.795043925536469853e+00 -4.586996399297916804e-01
3.807610296150829132e+00 -6.181340546411101533e-01
3.820176666765188411e+00 -5.741410235759079050e-01
3.832743037379547690e+00 -6.593167474669577865e-01
3.845309407993906525e+00 -6.845875132684341446e-01
3.857875778608265804e+00 -6.211095307057044046e-01
3.870442149222625083e+00 -6.523164472515535772e-01
3.883008519836984362e+00 -7.270383876731419948e-01
3.895574890451343641e+00 -7.682984373232779607e-01
3.908141261065702476e+00 -6.579281552020803669e-01
3.920707631680061755e+00 -8.686251563376039542e-01
3.933274002294421035e+00 -6.937154736765510643e-01
3.945840372908780314e+00 -7.834225452507745935e-01
3.958406743523139149e+00 -8.609790071252659827e-01
3.970973114137498428e+00 -7.318581207497144581e-01
3.983539484751857707e+00 -8.456956784265974303e-01
3.996105855366216986e+00 -7.974174412893387798e-01
4.008672225980576265e+00 -8.438192482943370765e-01
4.021238596594935544e+00 -7.272693235832590197e-01
4.033804967209294823e+00 -6.992380982224157826e-01
4.046371337823653214e+00 -9.098948705432144957e-01
4.058937708438012493e+00 -8.092959976988041149e-01
4.071504079052371772e+00 -8.697531646413400042e-01
4.084070449666731051e+00 -7.493186580579748179e-01
4.096636820281090330e+00 -8.371356254988742140e-01
4.109203190895449609e+00 -7.318259268222326863e-01
4.121769561509808888e+00 -6.522301349591395070e-01
4.134335932124168167e+00 -7.126801206096312624e-01
4.146902302738527446e+00 -8.240424568875356348e-01
4.159468673352886725e+00 -1.008139894546753235e+00
4.172035043967245116e+00 -8.509511053875983277e-01
4.184601414581604395e+00 -8.160680111385595348e-01
4.197167785195963674e+00 -8.454244676731123009e-01
4.209734155810322953e+00 -9.167060014945843660e-01
4.222300526424682232e+00 -9.492169866417631274e-01
4.234866897039041511e+00 -1.039841151639479655e+00
4.247433267653400790e+00 -7.785068418442235849e-01
4.259999638267760069e+00 -9.627364569327804267e-01
4.272566008882119348e+00 -9.389641104444276243e-01
4.285132379496477739e+00 -8.330229879715099761e-01
4.297698750110837018e+00 -8.364217041079129444e-01
4.310265120725196297e+00 -9.812180226974640540e-01
4.322831491339555576e+00 -9.226510150637940999e-01
4.335397861953914855e+00 -1.090397296443731845e+00
4.347964232568274134e+00 -7.853070589381341282e-01
4.360530603182633413e+00 -8.388526255796555642e-01
4.373096973796992692e+00 -8.829101693353550440e-01
4.385663344411351972e+00 -9.335169686575284231e-01
4.398229715025710362e+00 -7.793724798322281266e-01
4.410796085640069641e+00 -7.232641860544585244e-01
4.423362456254428032e+00 -8.668785823465210427e-01
4.435928826868787311e+00 -1.083343889092629242e+00
4.448495197483146590e+00 -9.273650703487436031e-01
4.461061568097505869e+00 -1.029000139845818174e+00
4.473627938711865148e+00 -1.173641478151357997e+00
4.486194309326224428e+00 -9.486132614677313946e-01
4.498760679940583707e+00 -9.990659508965209490e-01
4.511327050554942986e+00 -9.340081936128290518e-01
4.523893421169302265e+00 -9.066954604718818755e-01
4.536459791783661544e+00 -1.055071879303847160e+00
4.549026162398019935e+00 -9.598292900379876702e-01
4.561592533012379214e+00 -9.704632012157321519e-01
4.574158903626738493e+00 -1.102114042237514635e+00
4.586725274241097772e+00 -8.753437315918077832e-01
4.599291644855457051e+00 -1.001280561702182714e+00
4.611858015469816330e+00 -8.640559676433539060e-01
4.624424386084175609e+00 -8.831961965475501053e-01
4.636990756698534888e+00 -8.018484072091101034e-01
4.649557127312894167e+00 -9.441029441658107535e-01
4.662123497927252558e+00 -1.053384960565273865e+00
4.674689868541611837e+00 -9.779814641170661016e-01
4.687256239155971116e+00 -7.663225549176067020e-01
4.699822609770330395e+00 -9.824753200611414661e-01
4.712388980384689674e+00 -9.090215671455293966e-01
4.724955350999048953e+00 -8.571355629949939381e-01
4.737521721613408232e+00 -9.254064650276641046e-01
4.750088092227767511e+00 -7.830412495173638687e-01
4.762654462842126790e+00 -9.138019683951031924e-01
4.775220833456485181e+00 -1.168612786455479169e+00
4.787787204070844460e+00 -9.927395743879734447e-01
4.800353574685203739e+00 -1.091803837821831324e+00
4.812919945299563018e+00 -9.710982446150453473e-01
4.825486315913922297e+00 -1.145301515115600077e+00
4.838052686528281576e+00 -9.354045153074380670e-01
4.850619057142640855e+00 -9.356208908425297510e-01
4.863185427757000134e+00 -9.151239876977479426e-01
4.875751798371359413e+00 -1.059385357144771778e+00
4.888318168985717804e+00 -1.025331729851775009e+00
4.900884539600077083e+00 -1.064280511067983381e+00
4.913450910214436362e+00 -8.999234559695611368e-01
4.926017280828795641e+00 -8.243229872712170003e-01
4.938583651443154920e+00 -9.402298608736308072e-01
4.951150022057514200e+00 -1.031074820578242068e+00
4.963716392671873479e+00 -9.440339817226959251e-01
4.976282763286232758e+00 -9.189010062077995755e-01
4.988849133900592037e+00 -9.128770717999084017e-01
5.001415504514951316e+00 -9.876958024761269828e-01
5.013981875129309707e+00 -1.012450725065769053e+00
5.026548245743668986e+00 -9.144080206832443380e-01
5.039114616358028265e+00 -9.223875864492011578e-01
5.051680986972387544e+00 -9.434326110859083681e-01
5.064247357586746823e+00 -7.966992313762173428e-01
5.076813728201106102e+00 -9.602170705808732443e-01
5.089380098815465381e+00 -9.348043681656288406e-01
5.101946469429824660e+00 -9.691710209864404790e-01
5.114512840044183939e+00 -8.160785755343495929e-01
5.127079210658542330e+00 -9.925657732730660543e-01
5.139645581272901609e+00 -9.780961908924323822e-01
5.152211951887260888e+00 -8.991082864309515310e-01
5.164778322501620167e+00 -8.405101818017375326e-01
5.177344693115979446e+00 -7.862932299918914403e-01
5.189911063730338725e+00 -9.187110709442958267e-01
5.202477434344698004e+00 -7.645389904377910550e-01
5.215043804959057283e+00 -8.715703766333604552e-01
5.227610175573416562e+00 -8.599594146169505793e-01
5.240176546187774953e+00 -9.174027806466474866e-01
5.252742916802134232e+00 -7.687711114553325009e-01
5.265309287416492623e+00 -9.300033095954002293e-01
5.277875658030851902e+00 -8.680613002361692310e-01
5.290442028645211181e+00 -8.309562654848240415e-01
5.303008399259570460e+00 -9.417852457279739520e-01
5.315574769873929739e+00 -7.882897261647894283e-01
5.328141140488289018e+00 -7.035533693327427063e-01
5.340707511102648297e+00 -7.729914328587108585e-01
5.353273881717007576e+00 -7.954423885377993608e-01
5.365840252331366855e+00 -7.706445409387385759e-01
5.378406622945726134e+00 -9.103609655560512826e-01
5.390972993560084525e+00 -8.902378704906239726e-01
5.403539364174443804e+00 -8.032064949557888855e-01
5.416105734788803083e+00 -7.956320373026725123e-01
5.428672105403162362e+00 -8.548725928273008812e-01
5.441238476017521641e+00 -7.369694794972787566e-01
5.453804846631880920e+00 -7.548558252104331512e-01
5.466371217246240199e+00 -5.763890388708109436e-01
5.478937587860599479e+00 -9.970250993448745991e-01
5.491503958474958758e+00 -6.019900998945166837e-01
5.504070329089317148e+00 -5.683606434448009725e-01
5.516636699703676427e+00 -6.526602566732168098e-01
5.529203070318035707e+00 -8.210371387814044963e-01
5.541769440932394986e+00 -6.535464101107467672e-01
5.554335811546754265e+00 -6.507363432164336992e-01
5.566902182161113544e+00 -4.927651661974599140e-01
5.579468552775472823e+00 -5.247124910331246728e-01
5.592034923389832102e+00 -6.304550635766223987e-01
5.604601294004191381e+00 -3.061278232704709445e-01
5.617167664618549772e+00 -7.249731378182453501e-01
5.629734035232909051e+00 -7.160935725452217682e-01
5.642300405847268330e+00 -5.481663138220459475e-01
5.654866776461627609e+00 -5.077182683192476009e-01
5.667433147075986888e+00 -7.466501099144249309e-01
5.679999517690346167e+00 -6.219483216911996237e-01
5.692565888304705446e+00 -5.177242955079705000e-01
5.705132258919064725e+00 -6.548416499923065404e-01
5.717698629533424004e+00 -5.482671818346837034e-01
5.730265000147783283e+00 -4.500777451360218340e-01
5.742831370762141674e+00 -4.889045274212610037e-01
5.755397741376500953e+00 -5.551174159298895017e-01
5.767964111990860232e+00 -5.096330331109586442e-01
5.780530482605219511e+00 -5.279040327160509083e-01
5.793096853219578790e+00 -5.898775147315272749e-01
5.805663223833938069e+00 -4.112472113374994742e-01
5.818229594448297348e+00 -4.764228631897018951e-01
5.830795965062656627e+00 -3.518917336599289847e-01
5.843362335677015906e+00 -4.874702149766527159e-01
5.855928706291374297e+00 -4.840971809458004538e-01
5.868495076905733576e+00 -4.432549925248258638e-01
5.881061447520092855e+00 -2.941277403917786915e-01
5.893627818134452134e+00 -4.522659326958159975e-01
5.906194188748811413e+00 -4.456188607850406491e-01
5.918760559363170692e+00 -2.469698428277222746e-01
5.931326929977529971e+00 -4.714787054419851131e-01
5.943893300591889250e+00 -5.265492511200938752e-01
5.956459671206248530e+00 -2.590066633356740144e-01
5.969026041820606920e+00 -4.910741925729558699e-01
5.981592412434966199e+00 -2.921568769682585942e-01
5.994158783049325478e+00 -1.633284608427673368e-01
6.006725153663684758e+00 -2.425773750167332654e-01
6.019291524278044037e+00 -2.612731985878871122e-01
6.031857894892402427e+00 -1.155481447508180659e-01
6.044424265506761706e+00 -3.205167955653870915e-01
6.056990636121120986e+00 -2.728926661316056768e-01
6.069557006735480265e+00 -1.056724496965084498e-01
6.082123377349839544e+00 -1.159364437833193540e-01
6.094689747964198823e+00 -1.862302251970715805e-01
6.107256118578558102e+00 -3.300095762382255771e-01
6.119822489192916493e+00 -2.458574092373874420e-01
6.132388859807275772e+00 -2.010052464162724317e-01
6.144955230421635051e+00 -5.092848457821458341e-03
6.157521601035994330e+00 -1.763664972917081131e-01
6.170087971650353609e+00 -1.518398797780867449e-01
6.182654342264712888e+00 -1.885418054101640761e-01
6.195220712879072167e+00 -2.950349127218792056e-01
6.207787083493431446e+00 -1.166659107229497394e-01
6.220353454107790725e+00 5.328299962480247121e-02
6.232919824722149116e+00 -1.233236994945559051e-01
6.245486195336508395e+00 2.472384686228240591e-02
6.258052565950867674e+00 -2.016989810020849982e-02
6.270618936565226953e+00 4.576066344969338673e-02
