0.000000000000000000e+00 -2.412243435427035010e-01
1.256637061435917323e-02 1.053497200465007555e-01
2.513274122871834645e-02 9.415245874341951482e-02
3.769911184307751795e-02 -1.860251300069289127e-03
5.026548245743669291e-02 9.221706810444744995e-02
6.283185307179586787e-02 -4.285078973651366974e-02
7.539822368615503589e-02 1.539854421248790795e-01
8.796459430051420392e-02 -1.376595595988468201e-02
1.005309649148733858e-01 2.655248206503170727e-01
1.130973355292325677e-01 1.085517739440253066e-01
1.256637061435917357e-01 1.918376432855986025e-01
1.382300767579508760e-01 1.205013913682612542e-01
1.507964473723100718e-01 2.134559451768758276e-02
1.633628179866692676e-01 2.268485001860998385e-01
1.759291886010284078e-01 3.603705236087488273e-01
1.884955592153875759e-01 1.729259789782082724e-01
2.010619298297467716e-01 1.003540966551177971e-01
2.136283004441059397e-01 -6.849655663859149923e-02
2.261946710584651354e-01 2.696823887631819017e-01
2.387610416728242757e-01 1.655339446915783941e-01
2.513274122871834715e-01 3.026527073412380031e-01
2.638937829015426395e-01 1.664496765728417371e-01
2.764601535159017520e-01 2.904009682354602995e-01
2.890265241302609756e-01 1.559999913210387279e-01
3.015928947446201436e-01 2.374562021941581391e-01
3.141592653589793116e-01 2.497809460597011089e-01
3.267256359733385351e-01 2.285306768567051949e-01
3.392920065876976476e-01 3.025217446591749737e-01
3.518583772020568157e-01 3.787663982053807721e-01
3.644247478164160392e-01 2.968272006173665045e-01
3.769911184307751517e-01 3.422476453502715787e-01
3.895574890451343197e-01 3.016245365813856050e-01
4.021238596594935433e-01 2.795960508719433912e-01
4.146902302738527113e-01 5.568812021093593190e-01
4.272566008882118793e-01 3.733774701789954742e-01
4.398229715025711029e-01 6.016695489317597234e-01
4.523893421169302709e-01 4.307657221921971091e-01
4.649557127312893834e-01 4.565596304579607745e-01
4.775220833456485514e-01 4.657094146456000616e-01
4.900884539600077194e-01 4.956111343034425576e-01
5.026548245743669430e-01 5.077418846734840230e-01
5.152211951887261110e-01 4.749231020837049733e-01
5.277875658030852790e-01 7.044603237444850841e-01
5.403539364174444470e-01 5.282147456186494505e-01
5.529203070318035040e-01 6.186184938355696605e-01
5.654866776461627831e-01 6.057235384883182805e-01
5.780530482605219511e-01 2.969897626431120541e-01
5.906194188748811191e-01 6.911375969135692410e-01
6.031857894892402872e-01 3.746041425323336505e-01
6.157521601035994552e-01 5.644990735417074745e-01
6.283185307179586232e-01 5.802609810638481580e-01
6.408849013323177912e-01 6.655587530682791630e-01
6.534512719466770703e-01 4.824257128727121313e-01
6.660176425610361273e-01 4.250035787865542591e-01
6.785840131753952953e-01 6.382852867639593475e-01
6.911503837897544633e-01 5.690279241838575031e-01
7.037167544041136313e-01 5.929587965909138836e-01
7.162831250184729104e-01 5.690653130077900634e-01
7.288494956328320784e-01 6.938579850085250245e-01
7.414158662471912464e-01 7.667567469457180485e-01
7.539822368615503034e-01 7.197883182221330722e-01
7.665486074759094715e-01 8.339437058156451421e-01
7.791149780902686395e-01 7.375865810795321220e-01
7.916813487046279185e-01 8.199282990888626665e-01
8.042477193189870865e-01 5.187407349452926031e-01
8.168140899333462546e-01 7.696292409354519304e-01
8.293804605477054226e-01 7.679056977811065110e-01
8.419468311620645906e-01 7.380876757393539656e-01
8.545132017764237586e-01 6.672108135089597214e-01
8.670795723907829267e-01 5.504302907943975365e-01
8.796459430051422057e-01 7.125959359855706943e-01
8.922123136195013737e-01 6.488061590987166394e-01
9.047786842338605418e-01 7.581292900410154800e-01
9.173450548482194877e-01 7.661596360021145635e-01
9.299114254625787668e-01 8.823175111849380636e-01
9.424777960769379348e-01 8.898178357274360017e-01
9.550441666912971028e-01 8.630444041340163963e-01
9.676105373056562708e-01 8.046903973320677084e-01
9.801769079200154389e-01 9.254180875575439558e-01
9.927432785343746069e-01 9.082796046700798431e-01
1.005309649148733886e+00 7.867916960137528726e-01
1.017876019763092943e+00 8.994788451579689426e-01
1.030442390377452222e+00 8.488248592176953489e-01
1.043008760991811279e+00 9.129546924218731041e-01
1.055575131606170558e+00 9.783573204011486446e-01
1.068141502220529837e+00 1.139090639074988864e+00
1.080707872834888894e+00 6.909069121163264882e-01
1.093274243449248173e+00 8.229500419482360662e-01
1.105840614063607008e+00 8.455541098278862577e-01
1.118406984677966287e+00 1.022212076378752776e+00
1.130973355292325566e+00 8.703647997970480610e-01
1.143539725906684623e+00 8.822624563069126902e-01
1.156106096521043902e+00 9.561919923924433462e-01
1.168672467135402959e+00 1.086383307211064020e+00
1.181238837749762238e+00 9.378816540237723265e-01
1.193805208364121295e+00 9.932569775458326422e-01
1.206371578978480574e+00 1.008285708730153107e+00
1.218937949592839853e+00 9.676856714497539258e-01
1.231504320207198910e+00 8.955182540355101084e-01
1.244070690821558189e+00 1.070958383846957185e+00
1.256637061435917246e+00 1.122683961785275297e+00
1.269203432050276525e+00 9.372666103421182227e-01
1.281769802664635582e+00 8.782946203162875776e-01
1.294336173278994861e+00 1.086417381027233953e+00
1.306902543893354141e+00 1.057217019549322012e+00
1.319468914507712975e+00 9.359861767520353260e-01
1.332035285122072255e+00 9.587773875749802110e-01
1.344601655736431534e+00 7.945643696917458199e-01
1.357168026350790591e+00 1.146167782208306507e+00
1.369734396965149870e+00 7.956021048466540568e-01
1.382300767579508927e+00 9.244915765706553934e-01
1.394867138193868206e+00 8.966913549328600075e-01
1.407433508808227263e+00 9.540290812326883696e-01
1.419999879422586542e+00 8.232422174754553401e-01
1.432566250036945821e+00 9.775988681958466264e-01
1.445132620651304878e+00 8.135476480078980277e-01
1.457698991265664157e+00 1.088538738198097544e+00
1.470265361880023214e+00 1.050267041998423245e+00
1.482831732494382493e+00 1.070005297173018288e+00
1.495398103108741550e+00 1.020888966027788003e+00
1.507964473723100607e+00 8.776077046304698870e-01
1.520530844337459886e+00 9.627994858554743685e-01
1.533097214951818943e+00 1.049819311354310170e+00
1.545663585566178222e+00 1.096515373880475153e+00
1.558229956180537279e+00 8.432415232938208494e-01
1.570796326794896558e+00 8.619818378894202882e-01
1.583362697409255837e+00 1.111162334937167318e+00
1.595929068023614894e+00 7.978518196179438249e-01
1.608495438637974173e+00 1.060547785442637947e+00
1.621061809252333230e+00 8.440889695647115776e-01
1.633628179866692509e+00 1.045157632380530055e+00
1.646194550481051566e+00 8.910820301423851841e-01
1.658760921095410845e+00 1.122047218637239885e+00
1.671327291709770124e+00 1.032220229291258784e+00
1.683893662324129181e+00 9.374842032579924211e-01
1.696460032938488460e+00 1.093083805926681196e+00
1.709026403552847517e+00 9.778811678871804913e-01
1.721592774167206796e+00 9.761451173451282104e-01
1.734159144781565853e+00 9.411375147871060554e-01
1.746725515395925132e+00 9.792706223087077611e-01
1.759291886010284411e+00 9.613812729943194135e-01
1.771858256624643468e+00 1.032479995841515397e+00
1.784424627239002747e+00 1.154438751940190189e+00
1.796990997853361804e+00 1.062638630761346237e+00
1.809557368467721084e+00 9.384905155670560939e-01
1.822123739082079918e+00 9.234351418764489283e-01
1.834690109696438975e+00 8.902876934026479061e-01
1.847256480310798255e+00 8.610038034760505443e-01
1.859822850925157534e+00 9.506729148599600832e-01
1.872389221539516591e+00 8.831624626531621169e-01
1.884955592153875870e+00 1.005818368667379392e+00
1.897521962768234927e+00 9.792361649118445088e-01
1.910088333382594206e+00 9.353181279253193203e-01
1.922654703996953263e+00 8.247837718353075998e-01
1.935221074611312542e+00 7.799645551474275740e-01
1.947787445225671821e+00 9.824411216253414736e-01
1.960353815840030878e+00 8.817369216816403066e-01
1.972920186454390157e+00 1.021166315938967450e+00
1.985486557068749214e+00 8.172263260740827429e-01
1.998052927683108493e+00 8.130184110736758951e-01
2.010619298297467772e+00 8.095193361045820435e-01
2.023185668911826607e+00 9.121489121765153918e-01
2.035752039526185886e+00 1.062412402991695481e+00
2.048318410140545165e+00 9.197079384393528345e-01
2.060884780754904444e+00 7.084299802884783670e-01
2.073451151369263723e+00 1.023881839970147034e+00
2.086017521983622558e+00 6.636844401794284032e-01
2.098583892597981837e+00 8.872090739574148843e-01
2.111150263212341116e+00 8.901677641115597339e-01
2.123716633826700395e+00 8.972442773275073336e-01
2.136283004441059674e+00 8.037049523983076371e-01
2.148849375055418509e+00 6.756384815404474775e-01
2.161415745669777788e+00 9.554329755456287820e-01
2.173982116284137067e+00 7.903666750738989055e-01
2.186548486898496346e+00 6.760612403008188220e-01
2.199114857512855181e+00 9.162186914843368779e-01
2.211681228127214016e+00 9.120539296538885399e-01
2.224247598741573295e+00 8.093467230082652675e-01
2.236813969355932574e+00 6.921022441954185478e-01
2.249380339970291853e+00 7.561474755531341074e-01
2.261946710584651132e+00 7.625180339189430168e-01
2.274513081199009967e+00 5.387019558452196266e-01
2.287079451813369246e+00 6.427530746516588733e-01
2.299645822427728525e+00 6.332189249827225863e-01
2.312212193042087804e+00 8.408107077389855855e-01
2.324778563656447083e+00 6.894543963331360992e-01
2.337344934270805918e+00 6.002283811322550733e-01
2.349911304885165197e+00 8.629581561544715784e-01
2.362477675499524477e+00 7.140359359635848335e-01
2.375044046113883756e+00 7.541191278048468005e-01
2.387610416728242591e+00 6.095846068149031183e-01
2.400176787342601870e+00 7.396031101013151865e-01
2.412743157956961149e+00 5.013759708378205948e-01
2.425309528571320428e+00 6.096061289814962425e-01
2.437875899185679707e+00 6.741933364707100029e-01
2.450442269800038542e+00 5.526926993362638596e-01
2.463008640414397821e+00 6.236901747084246939e-01
2.475575011028757100e+00 5.935684003277033050e-01
2.488141381643116379e+00 6.956041408526760783e-01
2.500707752257475658e+00 5.048231554068622895e-01
2.513274122871834493e+00 5.620510235653731756e-01
2.525840493486193772e+00 4.001323966239366259e-01
2.538406864100553051e+00 6.109079850914583831e-01
2.550973234714912330e+00 5.438793195834518146e-01
2.563539605329271165e+00 5.799120123186849440e-01
2.576105975943630444e+00 4.851070973001866404e-01
2.588672346557989723e+00 5.692612112765285115e-01
2.601238717172349002e+00 6.231736313991333986e-01
2.613805087786708281e+00 5.596598084287542907e-01
2.626371458401067116e+00 2.708657353193189565e-01
2.638937829015425951e+00 2.817754341198030477e-01
2.651504199629785230e+00 3.569565203782602558e-01
2.664070570244144509e+00 4.390564767674731139e-01
2.676636940858503788e+00 5.669879033137441571e-01
2.689203311472863067e+00 3.052200061125740493e-01
2.701769682087221902e+00 3.536585873126553148e-01
2.714336052701581181e+00 2.862264096938968994e-01
2.726902423315940460e+00 3.542541507618895968e-01
2.739468793930299739e+00 4.268679525157272892e-01
2.752035164544658574e+00 3.924499435356237909e-01
2.764601535159017853e+00 3.657057266028386766e-01
2.777167905773377132e+00 4.709965443293847587e-01
2.789734276387736411e+00 4.513857757506946067e-01
2.802300647002095690e+00 8.897173109580019945e-02
2.814867017616454525e+00 1.807099167461268252e-01
2.827433388230813804e+00 1.981847241875760723e-01
2.839999758845173083e+00 1.715300154693287504e-01
2.852566129459532362e+00 2.765827731947821388e-01
2.865132500073891642e+00 8.940347711155352539e-02
2.877698870688250476e+00 2.647871716953231758e-01
2.890265241302609756e+00 2.496177482201533959e-01
2.902831611916969035e+00 8.208920344751682863e-02
2.915397982531328314e+00 3.916721595762002739e-01
2.927964353145687149e+00 1.680943243733758197e-01
2.940530723760046428e+00 2.115110214779754860e-01
2.953097094374405707e+00 2.868484876614912915e-02
2.965663464988764986e+00 1.870782720097078633e-01
2.978229835603124265e+00 1.447731119800554356e-01
2.990796206217483100e+00 1.348611204421362730e-01
3.003362576831842379e+00 7.734330670752527503e-02
3.015928947446201214e+00 -1.358346888032588851e-01
3.028495318060560493e+00 1.518205352490627214e-02
3.041061688674919772e+00 1.367816363162052962e-01
3.053628059289279051e+00 -7.570194428271961873e-03
3.066194429903637886e+00 2.189282565980444351e-01
3.078760800517997165e+00 1.897007923472230351e-01
3.091327171132356444e+00 4.261121753286332969e-02
3.103893541746715723e+00 -5.570556799503832007e-02
3.116459912361074558e+00 8.270156499152936380e-02
3.129026282975433837e+00 -2.473429026864317620e-02
3.141592653589793116e+00 -2.431898263555553469e-02
3.154159024204152395e+00 -1.055401730207415900e-01
3.166725394818511674e+00 -1.000298658723119405e-01
3.179291765432870509e+00 1.366940957819976488e-01
3.191858136047229788e+00 -3.166960406524917393e-01
3.204424506661589067e+00 -6.805493534801650146e-03
3.216990877275948346e+00 -1.295002540503075728e-01
3.229557247890307181e+00 -2.954898504572323753e-02
3.242123618504666460e+00 1.209025198017002478e-02
3.254689989119025739e+00 -2.563054316524245313e-01
3.267256359733385018e+00 -1.497209925331512981e-01
3.279822730347744297e+00 -3.080941782948841690e-01
3.292389100962103132e+00 -7.127378689770839937e-02
3.304955471576462411e+00 -1.678999426217600566e-01
3.317521842190821690e+00 -3.894175786672975370e-01
3.330088212805180969e+00 -3.767874895550090697e-01
3.342654583419540248e+00 -1.432520312534231177e-01
3.355220954033899083e+00 -6.469762029636605405e-02
3.367787324648258362e+00 -3.696359614683495387e-01
3.380353695262617642e+00 -2.503064938379651050e-01
3.392920065876976921e+00 -2.577873820105973657e-01
3.405486436491335756e+00 -2.374699001779857765e-01
3.418052807105695035e+00 -3.376735199670134469e-01
3.430619177720054314e+00 -5.232219187029388818e-01
3.443185548334413593e+00 -3.765209887202812244e-01
3.455751918948772872e+00 -8.172323407233483827e-02
3.468318289563131707e+00 -2.804227419190900017e-01
3.480884660177490986e+00 -3.571587835801292576e-01
3.493451030791850265e+00 -1.961163532596477133e-01
3.506017401406209544e+00 -4.257322713900553723e-01
3.518583772020568823e+00 -5.588806076568861858e-01
3.531150142634927658e+00 -4.575278837062780601e-01
3.543716513249286937e+00 -5.380293784803553692e-01
3.556282883863646216e+00 -5.117093176459874826e-01
3.568849254478005495e+00 -3.374853964978355991e-01
3.581415625092364330e+00 -5.214257050403339200e-01
3.593981995706723609e+00 -4.196816006227619966e-01
3.606548366321082888e+00 -4.905496388279809161e-01
3.619114736935442167e+00 -4.540468886794567505e-01
3.631681107549800558e+00 -3.018744585351669785e-01
3.644247478164159837e+00 -4.079583175340137924e-01
3.656813848778519116e+00 -5.768852665482349096e-01
3.669380219392877951e+00 -3.811038594874869845e-01
3.681946590007237230e+00 -3.806721759887104484e-01
3.694512960621596509e+00 -4.438268673701713518e-01
3.707079331235955788e+00 -4.235066237820570012e-01
3.719645701850315067e+00 -4.254675371358824232e-01
3.732212072464673902e+00 -5.436152079546976434e-01
3.744778443079033181e+00 -7.695880014652816126e-01
3.757344813693392460e+00 -7.779175553717256886e-01
3.769911184307751739e+00 -6.282998687214910172e-01
3.782477554922110574e+00 -6.632324008554821848e-01
3.795043925536469853e+00 -7.082979523429387969e-01
3.807610296150829132e+00 -4.632006690536496496e-01
3.820176666765188411e+00 -5.545943890935526310e-01
3.832743037379547690e+00 -6.293844713806051594e-01
3.845309407993906525e+00 -5.123936755222574524e-01
3.857875778608265804e+00 -6.670269306494293060e-01
3.870442149222625083e+00 -5.546102681349154295e-01
3.883008519836984362e+00 -6.724257166279303810e-01
3.895574890451343641e+00 -6.658558919847280544e-01
3.908141261065702476e+00 -6.361940433653514582e-01
3.920707631680061755e+00 -4.858294285526780776e-01
3.933274002294421035e+00 -7.400817793461768046e-01
3.945840372908780314e+00 -7.162526176043509940e-01
3.958406743523139149e+00 -8.458187485294549335e-01
3.970973114137498428e+00 -9.108573922416131063e-01
3.983539484751857707e+00 -8.250944931405193028e-01
3.996105855366216986e+00 -6.553747649970562694e-01
4.008672225980576265e+00 -7.262221349568319662e-01
4.021238596594935544e+00 -8.532487449742728325e-01
4.033804967209294823e+00 -8.210031086215372476e-01
4.046371337823653214e+00 -6.895568004936699635e-01
4.058937708438012493e+00 -8.390489065072346264e-01
4.071504079052371772e+00 -9.586971791031663193e-01
4.084070449666731051e+00 -6.557728805886050560e-01
4.096636820281090330e+00 -6.807278968216390336e-01
4.109203190895449609e+00 -6.579428373820015441e-01
4.121769561509808888e+00 -9.513794523444005780e-01
4.134335932124168167e+00 -9.040843481245333102e-01
4.146902302738527446e+00 -1.003992378766021432e+00
4.159468673352886725e+00 -7.195475635798461722e-01
4.172035043967245116e+00 -7.943125733029334778e-01
4.184601414581604395e+00 -1.041272579807253518e+00
4.197167785195963674e+00 -6.882093533908809624e-01
4.209734155810322953e+00 -9.753688380341452024e-01
4.222300526424682232e+00 -7.902233456118126220e-01
4.234866897039041511e+00 -8.997529146579857917e-01
4.247433267653400790e+00 -7.985653340924643295e-01
4.259999638267760069e+00 -7.811816674805254213e-01
4.272566008882119348e+00 -9.247801992659987480e-01
4.285132379496477739e+00 -9.540587946589470514e-01
4.297698750110837018e+00 -1.005366227015943137e+00
4.310265120725196297e+00 -9.074467666740123617e-01
4.322831491339555576e+00 -9.257586821210702643e-01
4.335397861953914855e+00 -8.010823528329815701e-01
4.347964232568274134e+00 -9.225709035466341801e-01
4.360530603182633413e+00 -9.741043672610515403e-01
4.373096973796992692e+00 -8.835687747880659471e-01
4.385663344411351972e+00 -1.034412257755770836e+00
4.398229715025710362e+00 -1.090882357825362359e+00
4.410796085640069641e+00 -7.470501641225614220e-01
4.423362456254428032e+00 -8.946780827392868396e-01
4.435928826868787311e+00 -8.549835903298299566e-01
4.448495197483146590e+00 -1.142088568647613434e+00
4.461061568097505869e+00 -9.637704454491754502e-01
4.473627938711865148e+00 -1.046701379456725478e+00
4.486194309326224428e+00 -8.183296238720955129e-01
4.498760679940583707e+00 -8.432193069742299762e-01
4.511327050554942986e+00 -9.145718981458449415e-01
4.523893421169302265e+00 -9.011699171057134805e-01
4.536459791783661544e+00 -1.023657805337564008e+00
4.549026162398019935e+00 -1.069920795050443907e+00
4.561592533012379214e+00 -9.022132493595276248e-01
4.574158903626738493e+00 -8.886598233046338891e-01
4.586725274241097772e+00 -1.092491269049205904e+00
4.599291644855457051e+00 -9.960804095876660824e-01
4.611858015469816330e+00 -8.940107603072908748e-01
4.624424386084175609e+00 -9.963405453403627599e-01
4.636990756698534888e+00 -8.394177848602635272e-01
4.649557127312894167e+00 -1.043557085423568509e+00
4.662123497927252558e+00 -8.970980043125313941e-01
4.674689868541611837e+00 -9.189763004319133621e-01
4.687256239155971116e+00 -9.317046669469711828e-01
4.699822609770330395e+00 -9.694361272719103084e-01
4.712388980384689674e+00 -9.030818792666415185e-01
4.724955350999048953e+00 -9.419811567650802075e-01
4.737521721613408232e+00 -1.097405994254879280e+00
4.750088092227767511e+00 -1.031411729816104961e+00
4.762654462842126790e+00 -8.806030459398392907e-01
4.775220833456485181e+00 -8.649880690392474092e-01
4.787787204070844460e+00 -9.246799226966475604e-01
4.800353574685203739e+00 -9.962755986347013870e-01
4.812919945299563018e+00 -1.191609631873834729e+00
4.825486315913922297e+00 -1.021133992048135042e+00
4.838052686528281576e+00 -1.006797499038828869e+00
4.850619057142640855e+00 -1.056118844825441272e+00
4.863185427757000134e+00 -1.095548381056919762e+00
4.875751798371359413e+00 -1.126431254710509533e+00
4.888318168985717804e+00 -1.152213767842957370e+00
4.900884539600077083e+00 -1.099793023533859770e+00
4.913450910214436362e+00 -1.047559192405303152e+00
4.926017280828795641e+00 -9.867661321019984833e-01
4.938583651443154920e+00 -8.119051280063364073e-01
4.951150022057514200e+00 -1.045185530988774536e+00
4.963716392671873479e+00 -1.050482073760614643e+00
4.976282763286232758e+00 -1.022900681730559258e+00
4.988849133900592037e+00 -8.592823784654651798e-01
5.001415504514951316e+00 -9.772675191121956706e-01
5.013981875129309707e+00 -1.101924963946995906e+00
5.026548245743668986e+00 -1.030601825966369178e+00
5.039114616358028265e+00 -9.238114060938731331e-01
5.051680986972387544e+00 -9.117987206077309281e-01
5.064247357586746823e+00 -9.726603561925124541e-01
5.076813728201106102e+00 -1.183738243094795806e+00
5.089380098815465381e+00 -9.587618746471834319e-01
5.101946469429824660e+00 -9.775104613769515227e-01
5.114512840044183939e+00 -9.246120522679597276e-01
5.127079210658542330e+00 -1.002713509607093822e+00
5.139645581272901609e+00 -9.824106805303369772e-01
5.152211951887260888e+00 -8.901197063678265575e-01
5.164778322501620167e+00 -1.036548035765566311e+00
5.177344693115979446e+00 -8.666388154118094267e-01
5.189911063730338725e+00 -9.737155664922331200e-01
5.202477434344698004e+00 -9.546147409931087235e-01
5.215043804959057283e+00 -8.030649751298509775e-01
5.227610175573416562e+00 -8.368586952845087357e-01
5.240176546187774953e+00 -7.546238610053470630e-01
5.252742916802134232e+00 -8.121740935643745329e-01
5.265309287416492623e+00 -7.964785593482610615e-01
5.277875658030851902e+00 -9.413217285913256793e-01
5.290442028645211181e+00 -8.120692708578282071e-01
5.303008399259570460e+00 -9.262793051641124986e-01
5.315574769873929739e+00 -7.512126759054664760e-01
5.328141140488289018e+00 -8.631518446901914610e-01
5.340707511102648297e+00 -8.161392060770374934e-01
5.353273881717007576e+00 -8.620779167522611974e-01
5.365840252331366855e+00 -8.162036820722394781e-01
5.378406622945726134e+00 -7.843841072449884155e-01
5.390972993560084525e+00 -7.160262916101266528e-01
5.403539364174443804e+00 -7.559666107815525837e-01
5.416105734788803083e+00 -7.019756064795532602e-01
5.428672105403162362e+00 -7.814395118264636508e-01
5.441238476017521641e+00 -7.597320031849730260e-01
5.453804846631880920e+00 -7.375400341939595261e-01
5.466371217246240199e+00 -8.050004837365285493e-01
5.478937587860599479e+00 -8.467385060578045408e-01
5.491503958474958758e+00 -7.996235727176451702e-01
5.504070329089317148e+00 -5.010532983730422441e-01
5.516636699703676427e+00 -7.538759970292487900e-01
5.529203070318035707e+00 -5.473621210562369388e-01
5.541769440932394986e+00 -7.615115307900499619e-01
5.554335811546754265e+00 -6.083837722772138523e-01
5.566902182161113544e+00 -6.112869791955295451e-01
5.579468552775472823e+00 -4.990050437675802586e-01
5.592034923389832102e+00 -5.503845747759903428e-01
5.604601294004191381e+00 -7.067129483219835029e-01
5.617167664618549772e+00 -5.181719788273357885e-01
5.629734035232909051e+00 -6.969076076929550112e-01
5.642300405847268330e+00 -8.262406317491861607e-01
5.654866776461627609e+00 -5.424713598801147452e-01
5.667433147075986888e+00 -6.614908853565573121e-01
5.679999517690346167e+00 -5.818882039723601851e-01
5.692565888304705446e+00 -6.720924061122455218e-01
5.705132258919064725e+00 -4.618699327610036320e-01
5.717698629533424004e+00 -5.068650007204561492e-01
5.730265000147783283e+00 -6.381624090686993656e-01
5.742831370762141674e+00 -6.054085188720135235e-01
5.755397741376500953e+00 -5.054472610983714587e-01
5.767964111990860232e+00 -5.329751097086276035e-01
5.780530482605219511e+00 -5.591285071733902434e-01
5.793096853219578790e+00 -4.721866044681894969e-01
5.805663223833938069e+00 -6.015878142853362531e-01
5.818229594448297348e+00 -3.780144283985094056e-01
5.830795965062656627e+00 -4.912019922727213772e-01
5.843362335677015906e+00 -1.627475841780799959e-01
5.855928706291374297e+00 -2.802337395467361381e-01
5.868495076905733576e+00 -3.325938070614786746e-01
5.881061447520092855e+00 -4.377310896970588727e-01
5.893627818134452134e+00 -4.659623604094200178e-01
5.906194188748811413e+00 -4.715605416823103191e-01
5.918760559363170692e+00 -4.815005769965693405e-01
5.931326929977529971e+00 -4.345954813421959995e-01
5.943893300591889250e+00 -3.402784107988491846e-01
5.956459671206248530e+00 -3.323178770478385502e-01
5.969026041820606920e+00 -4.948434163365412752e-01
5.981592412434966199e+00 -2.040144773662990740e-01
5.994158783049325478e+00 -8.374600406152366006e-02
6.006725153663684758e+00 -1.521836059234764615e-01
6.019291524278044037e+00 -4.733544823786561828e-02
6.031857894892402427e+00 -3.946041517705480839e-01
6.044424265506761706e+00 -3.435434573630377075e-01
6.056990636121120986e+00 -6.968772383543092586e-02
6.069557006735480265e+00 -1.757451115004974584e-01
6.082123377349839544e+00 -2.150165072307494152e-01
6.094689747964198823e+00 -3.790452421899911384e-01
6.107256118578558102e+00 -1.772384277394410124e-01
6.119822489192916493e+00 -8.803122440588057041e-02
6.132388859807275772e+00 -2.130457527968881992e-01
6.144955230421635051e+00 -1.821462038056734511e-01
6.157521601035994330e+00 -1.173739581576826174e-01
6.170087971650353609e+00 -1.391037186946171011e-01
6.182654342264712888e+00 -1.870386710475864800e-01
6.195220712879072167e+00 -4.843622603472479832e-02
6.207787083493431446e+00 -2.354779060603788554e-01
6.220353454107790725e+00 3.301278953313734055e-02
6.232919824722149116e+00 1.224761731848473673e-01
6.245486195336508395e+00 -1.775347184230694625e-02
6.258052565950867674e+00 -1.365615447147668256e-02
6.270618936565226953e+00 8.875292071310909858e-02
