0.000000000000000000e+00 7.389552011585336609e-03
1.256637061435917323e-02 -1.665184607780455933e-02
2.513274122871834645e-02 -8.856997472530139803e-02
3.769911184307751795e-02 5.845270352553742776e-03
5.026548245743669291e-02 -1.445415675014372625e-01
6.283185307179586787e-02 -9.535547470981786677e-03
7.539822368615503589e-02 9.543876213569801870e-02
8.796459430051420392e-02 -3.336436378114551737e-02
1.005309649148733858e-01 2.352409541037120133e-01
1.130973355292325677e-01 2.377202346419264589e-02
1.256637061435917357e-01 1.264659639265399704e-01
1.382300767579508760e-01 7.550539746039142130e-02
1.507964473723100718e-01 2.669389011359975528e-01
1.633628179866692676e-01 2.249310760770154571e-01
1.759291886010284078e-01 7.859256005611249540e-02
1.884955592153875759e-01 2.155920966045810627e-01
2.010619298297467716e-01 1.843699894557195296e-01
2.136283004441059397e-01 1.763454615527613456e-01
2.261946710584651354e-01 1.319319503866947518e-01
2.387610416728242757e-01 4.632447456474546588e-01
2.513274122871834715e-01 1.977410751909244868e-01
2.638937829015426395e-01 1.660368869155240401e-01
2.764601535159017520e-01 2.606483480616350601e-01
2.890265241302609756e-01 3.331844386372129763e-01
3.015928947446201436e-01 1.801683381115347649e-01
3.141592653589793116e-01 3.182711378741772679e-01
3.267256359733385351e-01 2.493282867122627589e-01
3.392920065876976476e-01 3.668658977712130898e-01
3.518583772020568157e-01 5.723688507778960100e-01
3.644247478164160392e-01 3.045926068608358905e-01
3.769911184307751517e-01 2.253933285684242283e-01
3.895574890451343197e-01 2.839379989402721627e-01
4.021238596594935433e-01 3.766480257488920014e-01
4.146902302738527113e-01 2.720091280050042082e-01
4.272566008882118793e-01 5.029041389836472753e-01
4.398229715025711029e-01 4.219959945198639151e-01
4.523893421169302709e-01 5.019737455015423899e-01
4.649557127312893834e-01 5.474125217246075259e-01
4.775220833456485514e-01 3.804064211592211864e-01
4.900884539600077194e-01 4.807796429895243584e-01
5.026548245743669430e-01 4.442233437553957387e-01
5.152211951887261110e-01 3.796529642451997311e-01
5.277875658030852790e-01 4.939154815089701889e-01
5.403539364174444470e-01 3.293850536919735728e-01
5.529203070318035040e-01 5.195305920141334299e-01
5.654866776461627831e-01 7.091803762499701014e-01
5.780530482605219511e-01 5.634881780811041851e-01
5.906194188748811191e-01 6.172439909649858336e-01
6.031857894892402872e-01 5.572521753719321680e-01
6.157521601035994552e-01 6.437530554892871848e-01
6.283185307179586232e-01 8.728740423634056000e-01
6.408849013323177912e-01 6.024489705856533872e-01
6.534512719466770703e-01 6.188196956041865926e-01
6.660176425610361273e-01 5.318894328003498373e-01
6.785840131753952953e-01 6.966276669576338954e-01
6.911503837897544633e-01 5.897687221425604864e-01
7.037167544041136313e-01 6.249827447029268068e-01
7.162831250184729104e-01 8.594170090334269929e-01
7.288494956328320784e-01 5.766000358896760103e-01
7.414158662471912464e-01 6.943301868188969106e-01
7.539822368615503034e-01 6.390586018862942641e-01
7.665486074759094715e-01 5.174991788688665384e-01
7.791149780902686395e-01 6.075555399099702436e-01
7.916813487046279185e-01 8.303918166309369742e-01
8.042477193189870865e-01 6.985937787821873135e-01
8.168140899333462546e-01 6.738679739699612314e-01
8.293804605477054226e-01 8.481382064811279209e-01
8.419468311620645906e-01 8.054549193415010411e-01
8.545132017764237586e-01 7.826631047944292430e-01
8.670795723907829267e-01 8.298359436716239435e-01
8.796459430051422057e-01 8.173570819282690580e-01
8.922123136195013737e-01 7.101439476008701845e-01
9.047786842338605418e-01 6.699779960238868570e-01
9.173450548482194877e-01 8.979829048256650070e-01
9.299114254625787668e-01 5.276923919295875010e-01
9.424777960769379348e-01 7.834855272414105176e-01
9.550441666912971028e-01 9.254648825287982161e-01
9.676105373056562708e-01 8.737478649616068349e-01
9.801769079200154389e-01 9.280804268973066318e-01
9.927432785343746069e-01 8.873433718371643852e-01
1.005309649148733886e+00 8.434281791363215097e-01
1.017876019763092943e+00 8.577731119613295485e-01
1.030442390377452222e+00 9.584095980263582781e-01
1.043008760991811279e+00 7.941041894356297703e-01
1.055575131606170558e+00 1.054800286919115093e+00
1.068141502220529837e+00 8.507092853237957497e-01
1.080707872834888894e+00 9.409959462765198346e-01
1.093274243449248173e+00 7.595360651948043218e-01
1.105840614063607008e+00 9.794714044236881856e-01
1.118406984677966287e+00 8.261063304747288116e-01
1.130973355292325566e+00 8.986835461891041765e-01
1.143539725906684623e+00 9.946931861899702687e-01
1.156106096521043902e+00 7.728997841893514575e-01
1.168672467135402959e+00 9.912896271836100226e-01
1.181238837749762238e+00 9.267549342206826690e-01
1.193805208364121295e+00 9.069474097424778947e-01
1.206371578978480574e+00 8.588025681952979884e-01
1.218937949592839853e+00 9.083937185020356520e-01
1.231504320207198910e+00 1.044050894333525825e+00
1.244070690821558189e+00 9.325256284383002248e-01
1.256637061435917246e+00 8.856299610109354958e-01
1.269203432050276525e+00 1.117118930096581364e+00
1.281769802664635582e+00 8.672408528784418813e-01
1.294336173278994861e+00 1.081345424919462506e+00
1.306902543893354141e+00 1.133189335796537911e+00
1.319468914507712975e+00 7.818656956496476962e-01
1.332035285122072255e+00 1.022642541324698451e+00
1.344601655736431534e+00 9.194271630755717073e-01
1.357168026350790591e+00 9.194903910671379244e-01
1.369734396965149870e+00 9.103312993658373431e-01
1.382300767579508927e+00 9.178725448515258067e-01
1.394867138193868206e+00 9.345450818719105435e-01
1.407433508808227263e+00 9.307682917343864659e-01
1.419999879422586542e+00 1.004303715853624546e+00
1.432566250036945821e+00 9.624134031703783787e-01
1.445132620651304878e+00 9.536050077037953043e-01
1.457698991265664157e+00 1.082778709800661376e+00
1.470265361880023214e+00 1.066618606912412170e+00
1.482831732494382493e+00 9.438721628821952203e-01
1.495398103108741550e+00 1.026234319010773444e+00
1.507964473723100607e+00 1.125931030492731466e+00
1.520530844337459886e+00 8.923498213282237135e-01
1.533097214951818943e+00 9.736481480679107792e-01
1.545663585566178222e+00 8.817621554984104160e-01
1.558229956180537279e+00 9.288785029928480208e-01
1.570796326794896558e+00 1.008273476081331887e+00
1.583362697409255837e+00 1.064707235769814853e+00
1.595929068023614894e+00 1.089336706860693837e+00
1.608495438637974173e+00 1.201906193974131787e+00
1.621061809252333230e+00 1.073379657166860790e+00
1.633628179866692509e+00 1.009145173774668836e+00
1.646194550481051566e+00 1.075349586225069709e+00
1.658760921095410845e+00 1.042531221236404182e+00
1.671327291709770124e+00 8.477748859779118407e-01
1.683893662324129181e+00 9.443310967635931696e-01
1.696460032938488460e+00 1.112523428717289375e+00
1.709026403552847517e+00 1.085974107304021663e+00
1.721592774167206796e+00 9.611953585665476973e-01
1.734159144781565853e+00 9.870071013224104295e-01
1.746725515395925132e+00 1.099651701864667652e+00
1.759291886010284411e+00 1.119696190290775828e+00
1.771858256624643468e+00 9.263502797946883138e-01
1.784424627239002747e+00 9.911709137459293606e-01
1.796990997853361804e+00 1.006596722967612045e+00
1.809557368467721084e+00 1.151692671761375575e+00
1.822123739082079918e+00 8.540044099325649896e-01
1.834690109696438975e+00 9.237812203443892534e-01
1.847256480310798255e+00 9.568466794844462386e-01
1.859822850925157534e+00 9.601369044983260048e-01
1.872389221539516591e+00 9.262041354500023527e-01
1.884955592153875870e+00 9.538205888765085572e-01
1.897521962768234927e+00 9.973283760015828614e-01
1.910088333382594206e+00 1.067873960356324758e+00
1.922654703996953263e+00 1.005736710905782427e+00
1.935221074611312542e+00 1.022144083383142554e+00
1.947787445225671821e+00 9.796043289387712516e-01
1.960353815840030878e+00 8.194723692179993746e-01
1.972920186454390157e+00 8.598866984097973676e-01
1.985486557068749214e+00 1.001426725829098086e+00
1.998052927683108493e+00 9.978100225417775304e-01
2.010619298297467772e+00 8.271018582948043152e-01
2.023185668911826607e+00 9.778191184431295202e-01
2.035752039526185886e+00 9.533253515414960022e-01
2.048318410140545165e+00 1.068441318756431446e+00
2.060884780754904444e+00 9.251463234222261356e-01
2.073451151369263723e+00 7.895315033377972025e-01
2.086017521983622558e+00 9.319433407980364237e-01
2.098583892597981837e+00 7.498607942268933346e-01
2.111150263212341116e+00 7.537027975575971706e-01
2.123716633826700395e+00 8.152689391653388240e-01
2.136283004441059674e+00 7.964649506113654631e-01
2.148849375055418509e+00 8.476577005142116317e-01
2.161415745669777788e+00 8.982633522618784783e-01
2.173982116284137067e+00 9.210347681593362701e-01
2.186548486898496346e+00 7.838241193854749156e-01
2.199114857512855181e+00 8.815884255993886587e-01
2.211681228127214016e+00 8.018533567174223053e-01
2.224247598741573295e+00 8.940245904945386402e-01
2.236813969355932574e+00 6.568900303184804779e-01
2.249380339970291853e+00 9.102202894387225740e-01
2.261946710584651132e+00 8.194044125265297351e-01
2.274513081199009967e+00 8.663612234315951621e-01
2.287079451813369246e+00 9.178375625948057559e-01
2.299645822427728525e+00 5.796100127620308351e-01
2.312212193042087804e+00 5.825767995431946344e-01
2.324778563656447083e+00 6.153025649572702038e-01
2.337344934270805918e+00 8.042500781717880631e-01
2.349911304885165197e+00 8.325425595716915428e-01
2.362477675499524477e+00 7.588517741009783713e-01
2.375044046113883756e+00 7.520024228123112220e-01
2.387610416728242591e+00 7.232077746732186174e-01
2.400176787342601870e+00 7.298361943489699577e-01
2.412743157956961149e+00 6.062855850939159463e-01
2.425309528571320428e+00 5.757344019303862748e-01
2.437875899185679707e+00 6.483088729394745897e-01
2.450442269800038542e+00 5.891512329026229455e-01
2.463008640414397821e+00 5.384184228942988648e-01
2.475575011028757100e+00 5.520836693709254561e-01
2.488141381643116379e+00 7.126087613326115289e-01
2.500707752257475658e+00 4.607970094631994584e-01
2.513274122871834493e+00 3.995911654503568333e-01
2.525840493486193772e+00 5.963533537125303985e-01
2.538406864100553051e+00 5.460413122022538257e-01
2.550973234714912330e+00 5.853773188021405005e-01
2.563539605329271165e+00 6.278401481060450484e-01
2.576105975943630444e+00 5.421395588664786880e-01
2.588672346557989723e+00 6.412047664368336619e-01
2.601238717172349002e+00 5.714980929964884604e-01
2.613805087786708281e+00 4.286092627042449865e-01
2.626371458401067116e+00 4.263405727575223514e-01
2.638937829015425951e+00 3.038143241827653274e-01
2.651504199629785230e+00 4.515488061966937416e-01
2.664070570244144509e+00 3.791846390275627199e-01
2.676636940858503788e+00 6.011539140896347000e-01
2.689203311472863067e+00 4.695763625201809788e-01
2.701769682087221902e+00 3.372853871514010504e-01
2.714336052701581181e+00 2.564077679240203134e-01
2.726902423315940460e+00 5.503203482656601198e-01
2.739468793930299739e+00 5.551640635480158403e-01
2.752035164544658574e+00 1.397793982747007613e-01
2.764601535159017853e+00 4.128561444773235500e-01
2.777167905773377132e+00 3.336443081747749728e-01
2.789734276387736411e+00 4.710690914466478807e-01
2.802300647002095690e+00 2.503287569061615203e-01
2.814867017616454525e+00 2.824295053824866231e-01
2.827433388230813804e+00 3.958478879353402036e-01
2.839999758845173083e+00 2.780949169877703353e-01
2.852566129459532362e+00 2.391711052647481073e-01
2.865132500073891642e+00 3.847611036828034181e-01
2.877698870688250476e+00 4.198387100233803015e-01
2.890265241302609756e+00 1.856185809546872512e-01
2.902831611916969035e+00 8.947590125215240664e-02
2.915397982531328314e+00 2.849934092613127246e-01
2.927964353145687149e+00 1.063080594995153283e-01
2.940530723760046428e+00 -3.075365320048170648e-02
2.953097094374405707e+00 6.531971994583184171e-02
2.965663464988764986e+00 2.573447234607433853e-01
2.978229835603124265e+00 1.653703852027914867e-01
2.990796206217483100e+00 6.071129621664569931e-02
3.003362576831842379e+00 5.356275526312663515e-02
3.015928947446201214e+00 1.291386338926701904e-02
3.028495318060560493e+00 9.781939990331713075e-02
3.041061688674919772e+00 3.708738185935849252e-01
3.053628059289279051e+00 1.731071964584739442e-01
3.066194429903637886e+00 8.877225550846494506e-02
3.078760800517997165e+00 -1.324586947822547212e-01
3.091327171132356444e+00 4.566265032919590572e-02
3.103893541746715723e+00 1.639357132851805843e-01
3.116459912361074558e+00 4.244852847628664827e-02
3.129026282975433837e+00 -5.531343334422227087e-02
3.141592653589793116e+00 5.467491161533809263e-02
3.154159024204152395e+00 -5.694098814655954022e-02
3.166725394818511674e+00 -4.021183152269051930e-02
3.179291765432870509e+00 2.857582849193247843e-02
3.191858136047229788e+00 -5.220668082620193162e-03
3.204424506661589067e+00 -1.845365386782045758e-01
3.216990877275948346e+00 -8.993939974467485277e-03
3.229557247890307181e+00 -2.013457082029775913e-01
3.242123618504666460e+00 -1.359561368650751834e-01
3.254689989119025739e+00 -2.090582136279588166e-02
3.267256359733385018e+00 -2.702739003285605790e-01
3.279822730347744297e+00 -3.384191055334285769e-01
3.292389100962103132e+00 -2.580688650208518009e-01
3.304955471576462411e+00 -9.166730449741740394e-02
3.317521842190821690e+00 -6.212996740303636245e-02
3.330088212805180969e+00 -2.187071086895239769e-01
3.342654583419540248e+00 -2.819418787489436085e-01
3.355220954033899083e+00 -3.734445706396609665e-01
3.367787324648258362e+00 -2.721241478934775526e-01
3.380353695262617642e+00 -1.882021925720926137e-01
3.392920065876976921e+00 -4.664336768219725649e-01
3.405486436491335756e+00 -2.360547811296785370e-01
3.418052807105695035e+00 -1.541448736840333456e-01
3.430619177720054314e+00 -1.245486135460939503e-01
3.443185548334413593e+00 -2.712778730120278814e-01
3.455751918948772872e+00 -2.476788994425684898e-01
3.468318289563131707e+00 -6.063918369471971159e-02
3.480884660177490986e+00 -3.818732251308813996e-01
3.493451030791850265e+00 -2.555751684401803003e-01
3.506017401406209544e+00 -4.673753799377100560e-01
3.518583772020568823e+00 -2.379562527854121590e-01
3.531150142634927658e+00 -3.733115920913878116e-01
3.543716513249286937e+00 -3.204656254571218721e-01
3.556282883863646216e+00 -3.336581273901963463e-01
3.568849254478005495e+00 -5.069171603707931517e-01
3.581415625092364330e+00 -2.173761003575083450e-01
3.593981995706723609e+00 -3.978294193986315341e-01
3.606548366321082888e+00 -2.748451649891142656e-01
3.619114736935442167e+00 -5.033602040238277509e-01
3.631681107549800558e+00 -4.665047785705709882e-01
3.644247478164159837e+00 -5.802962685719921243e-01
3.656813848778519116e+00 -3.665556407347248524e-01
3.669380219392877951e+00 -3.031797241332605530e-01
3.681946590007237230e+00 -4.738383943938635490e-01
3.694512960621596509e+00 -4.635891138857079485e-01
3.707079331235955788e+00 -5.159972185782528697e-01
3.719645701850315067e+00 -3.654709672559766642e-01
3.732212072464673902e+00 -4.949128316254652882e-01
3.744778443079033181e+00 -4.957867891066848887e-01
3.757344813693392460e+00 -6.171533884363762379e-01
3.769911184307751739e+00 -6.747348535267325698e-01
3.782477554922110574e+00 -6.263604810713497839e-01
3.795043925536469853e+00 -5.306524904011169497e-01
3.807610296150829132e+00 -4.966847407768625322e-01
3.820176666765188411e+00 -5.104397015404124049e-01
3.832743037379547690e+00 -7.712961212299903613e-01
3.845309407993906525e+00 -6.067912389881090496e-01
3.857875778608265804e+00 -7.569203171938221342e-01
3.870442149222625083e+00 -6.175005803098263524e-01
3.883008519836984362e+00 -7.632816181401547162e-01
3.895574890451343641e+00 -5.083401464258666680e-01
3.908141261065702476e+00 -7.642667958406568207e-01
3.920707631680061755e+00 -7.307384785344867018e-01
3.933274002294421035e+00 -6.782617409705957723e-01
3.945840372908780314e+00 -7.612984395580282282e-01
3.958406743523139149e+00 -5.634962673113629306e-01
3.970973114137498428e+00 -7.811429778713321337e-01
3.983539484751857707e+00 -7.790877849686258516e-01
3.996105855366216986e+00 -8.220763135510339437e-01
4.008672225980576265e+00 -5.674079782755961920e-01
4.021238596594935544e+00 -7.950134642193541490e-01
4.033804967209294823e+00 -8.019480151187782235e-01
4.046371337823653214e+00 -7.767800271230654863e-01
4.058937708438012493e+00 -6.806264886345755327e-01
4.071504079052371772e+00 -9.167989180299832563e-01
4.084070449666731051e+00 -7.498887195729140309e-01
4.096636820281090330e+00 -7.721880464604461425e-01
4.109203190895449609e+00 -1.118025533056942633e+00
4.121769561509808888e+00 -7.044682006454752177e-01
4.134335932124168167e+00 -9.313943440484336866e-01
4.146902302738527446e+00 -8.817059027868212606e-01
4.159468673352886725e+00 -8.508313559629304690e-01
4.172035043967245116e+00 -9.921678604952492986e-01
4.184601414581604395e+00 -7.807354357006264234e-01
4.197167785195963674e+00 -7.773640144387047313e-01
4.209734155810322953e+00 -9.886023085859202419e-01
4.222300526424682232e+00 -9.740453784998743814e-01
4.234866897039041511e+00 -9.437502826804951006e-01
4.247433267653400790e+00 -8.566820562417861717e-01
4.259999638267760069e+00 -9.306822771536468197e-01
4.272566008882119348e+00 -1.071913656488620470e+00
4.285132379496477739e+00 -1.107414338765169814e+00
4.297698750110837018e+00 -8.448684959542999140e-01
4.310265120725196297e+00 -7.820204441404196016e-01
4.322831491339555576e+00 -8.688935143166987007e-01
4.335397861953914855e+00 -1.017505023665635111e+00
4.347964232568274134e+00 -9.907872389569493121e-01
4.360530603182633413e+00 -1.056946816639692921e+00
4.373096973796992692e+00 -8.676980318601389408e-01
4.385663344411351972e+00 -8.896700141011718577e-01
4.398229715025710362e+00 -9.586927596525074424e-01
4.410796085640069641e+00 -1.051296741628505060e+00
4.423362456254428032e+00 -9.435370434720087296e-01
4.435928826868787311e+00 -9.893953889790358946e-01
4.448495197483146590e+00 -8.164939571306324417e-01
4.461061568097505869e+00 -9.118753901287244279e-01
4.473627938711865148e+00 -9.701056672704225781e-01
4.486194309326224428e+00 -9.597084502837396336e-01
4.498760679940583707e+00 -9.285774539830481400e-01
4.511327050554942986e+00 -1.018665532089242598e+00
4.523893421169302265e+00 -8.144584866344515284e-01
4.536459791783661544e+00 -1.090425062044831250e+00
4.549026162398019935e+00 -6.870581370594104342e-01
4.561592533012379214e+00 -8.722267946943904615e-01
4.574158903626738493e+00 -8.692071246525668871e-01
4.586725274241097772e+00 -1.097194132904104169e+00
4.599291644855457051e+00 -1.249840721027839940e+00
4.611858015469816330e+00 -1.216302888025730056e+00
4.624424386084175609e+00 -8.542700555205593460e-01
4.636990756698534888e+00 -9.582063586542414191e-01
4.649557127312894167e+00 -1.037994292018883602e+00
4.662123497927252558e+00 -1.109275950401772404e+00
4.674689868541611837e+00 -9.551409226338973824e-01
4.687256239155971116e+00 -8.421058041076892042e-01
4.699822609770330395e+00 -9.530378049836424337e-01
4.712388980384689674e+00 -1.059096894327033134e+00
4.724955350999048953e+00 -1.210852038401922126e+00
4.737521721613408232e+00 -9.200121588762367741e-01
4.750088092227767511e+00 -1.217365217197061478e+00
4.762654462842126790e+00 -1.100391513489942241e+00
4.775220833456485181e+00 -1.159582795867341254e+00
4.787787204070844460e+00 -1.025031392056945823e+00
4.800353574685203739e+00 -1.079548755088008294e+00
4.812919945299563018e+00 -8.307453900422595572e-01
4.825486315913922297e+00 -1.154639995563512267e+00
4.838052686528281576e+00 -1.054463778788590878e+00
4.850619057142640855e+00 -9.179866491209958124e-01
4.863185427757000134e+00 -1.069326038801407419e+00
4.875751798371359413e+00 -9.164715315668869877e-01
4.888318168985717804e+00 -1.119423228842707285e+00
4.900884539600077083e+00 -9.295835481569901804e-01
4.913450910214436362e+00 -9.316318628727141560e-01
4.926017280828795641e+00 -8.962685257350622159e-01
4.938583651443154920e+00 -9.571608825488107097e-01
4.951150022057514200e+00 -9.627542350800790683e-01
4.963716392671873479e+00 -8.843638898220244071e-01
4.976282763286232758e+00 -1.023548773519527222e+00
4.988849133900592037e+00 -1.009092060085682530e+00
5.001415504514951316e+00 -1.016209436454206694e+00
5.013981875129309707e+00 -9.320466859468342635e-01
5.026548245743668986e+00 -9.774770368853521463e-01
5.039114616358028265e+00 -9.915085724343870588e-01
5.051680986972387544e+00 -9.432481994785938406e-01
5.064247357586746823e+00 -8.574816776092057946e-01
5.076813728201106102e+00 -9.912499032755949235e-01
5.089380098815465381e+00 -9.557871070831843729e-01
5.101946469429824660e+00 -1.076299043749334494e+00
5.114512840044183939e+00 -1.098678613177941799e+00
5.127079210658542330e+00 -9.282017558491502118e-01
5.139645581272901609e+00 -7.986372988975077858e-01
5.152211951887260888e+00 -9.160056195086435649e-01
5.164778322501620167e+00 -9.273043185735979632e-01
5.177344693115979446e+00 -9.234150161436991411e-01
5.189911063730338725e+00 -9.387901275618272257e-01
5.202477434344698004e+00 -1.053873219653708837e+00
5.215043804959057283e+00 -7.972969735115129630e-01
5.227610175573416562e+00 -8.281293465351133865e-01
5.240176546187774953e+00 -8.235623682976586091e-01
5.252742916802134232e+00 -7.480880131319096460e-01
5.265309287416492623e+00 -8.667789214028372990e-01
5.277875658030851902e+00 -8.476137756465689232e-01
5.290442028645211181e+00 -8.584398896782572397e-01
5.303008399259570460e+00 -7.106076295901052609e-01
5.315574769873929739e+00 -8.061327294984906855e-01
5.328141140488289018e+00 -6.914222422973885784e-01
5.340707511102648297e+00 -9.195081849937287721e-01
5.353273881717007576e+00 -7.969119051786193175e-01
5.365840252331366855e+00 -9.306363851491938899e-01
5.378406622945726134e+00 -8.690185769295020179e-01
5.390972993560084525e+00 -7.646216642021237408e-01
5.403539364174443804e+00 -8.544159762729641727e-01
5.416105734788803083e+00 -7.426219650318242049e-01
5.428672105403162362e+00 -7.553631986268696252e-01
5.441238476017521641e+00 -9.017469038757154332e-01
5.453804846631880920e+00 -6.763252981747218673e-01
5.466371217246240199e+00 -8.779824939825211505e-01
5.478937587860599479e+00 -6.356229710761686080e-01
5.491503958474958758e+00 -7.021276345340798919e-01
5.504070329089317148e+00 -6.745502851184560500e-01
5.516636699703676427e+00 -6.014313099680993480e-01
5.529203070318035707e+00 -7.360155226042105481e-01
5.541769440932394986e+00 -6.948545598386465239e-01
5.554335811546754265e+00 -5.400932372152973393e-01
5.566902182161113544e+00 -6.247445266629408911e-01
5.579468552775472823e+00 -5.359853840354483756e-01
5.592034923389832102e+00 -5.828095213655988260e-01
5.604601294004191381e+00 -6.179985446393785331e-01
5.617167664618549772e+00 -8.106774937416546534e-01
5.629734035232909051e+00 -6.001405916819012587e-01
5.642300405847268330e+00 -5.629752906102968302e-01
5.654866776461627609e+00 -6.210374275580012871e-01
5.667433147075986888e+00 -6.018689697654766579e-01
5.679999517690346167e+00 -4.271010288864909299e-01
5.692565888304705446e+00 -4.916865632331532399e-01
5.705132258919064725e+00 -5.853653930859311627e-01
5.717698629533424004e+00 -4.504838006903710834e-01
5.730265000147783283e+00 -4.670884168226815958e-01
5.742831370762141674e+00 -5.756456749586306154e-01
5.755397741376500953e+00 -4.317156458344073577e-01
5.767964111990860232e+00 -5.426690154675614108e-01
5.780530482605219511e+00 -5.019016017811610553e-01
5.793096853219578790e+00 -5.519383310960401801e-01
5.805663223833938069e+00 -2.399125318860929057e-01
5.818229594448297348e+00 -3.922540129884796722e-01
5.830795965062656627e+00 -3.564480763594867208e-01
5.843362335677015906e+00 -4.417068552581827068e-01
5.855928706291374297e+00 -4.651707803288034904e-01
5.868495076905733576e+00 -3.785418294760696245e-01
5.881061447520092855e+00 -3.925883314426341086e-01
5.893627818134452134e+00 -4.992419980360058296e-01
5.906194188748811413e+00 -4.081997447796377188e-01
5.918760559363170692e+00 -3.716556160435640077e-01
5.931326929977529971e+00 -3.460089412466293424e-01
5.943893300591889250e+00 -2.954990063988368054e-01
5.956459671206248530e+00 -1.242050736726008908e-01
5.969026041820606920e+00 -3.884371712765592455e-01
5.981592412434966199e+00 -3.489811321340828831e-01
5.994158783049325478e+00 -3.797076577099207650e-01
6.006725153663684758e+00 -4.503941294470537038e-01
6.019291524278044037e+00 -2.655541685454137490e-01
6.031857894892402427e+00 -2.903762165276430052e-01
6.044424265506761706e+00 -3.279217790823823475e-01
6.056990636121120986e+00 -1.242950463756541113e-01
6.069557006735480265e+00 -2.321724623400892029e-01
6.082123377349839544e+00 -1.892162797387821338e-01
6.094689747964198823e+00 -2.405451291504594746e-01
6.107256118578558102e+00 -1.418021770641778034e-01
6.119822489192916493e+00 -1.901341232471167042e-01
6.132388859807275772e+00 -2.102082656969670726e-01
6.144955230421635051e+00 -2.795138094453362143e-01
6.157521601035994330e+00 -3.045480927000496774e-01
6.170087971650353609e+00 -4.276377648748178051e-02
6.182654342264712888e+00 3.558452425372801708e-02
6.195220712879072167e+00 -5.725100833131435696e-03
6.207787083493431446e+00 -8.284716212180948114e-02
6.220353454107790725e+00 -7.997989696103835477e-02
6.232919824722149116e+00 -4.088536820855707271e-02
6.245486195336508395e+00 -9.326595145366475825e-02
6.258052565950867674e+00 4.706995258381808933e-02
6.270618936565226953e+00 3.960904925240978092e-02
