0.000000000000000000e+00 -2.042427404157167725e-01
1.256637061435917323e-02 6.906824475243418526e-02
2.513274122871834645e-02 -1.467496415517412778e-01
3.769911184307751795e-02 3.319157032176690836e-02
5.026548245743669291e-02 -2.854592123146705573e-02
6.283185307179586787e-02 2.945439101695161710e-02
7.539822368615503589e-02 -9.388251822587156958e-02
8.796459430051420392e-02 -2.359509056356319523e-01
1.005309649148733858e-01 1.049179594363609386e-01
1.130973355292325677e-01 -1.049756191203254918e-02
1.256637061435917357e-01 1.297515440572332424e-01
1.382300767579508760e-01 4.650150458630081252e-02
1.507964473723100718e-01 2.070833228853155572e-01
1.633628179866692676e-01 3.345662955165917829e-02
1.759291886010284078e-01 2.543192123507185820e-01
1.884955592153875759e-01 1.620957562243677264e-02
2.010619298297467716e-01 3.512988965647790285e-01
2.136283004441059397e-01 3.839709116818110779e-01
2.261946710584651354e-01 2.562467133434928046e-01
2.387610416728242757e-01 3.290715377625467175e-01
2.513274122871834715e-01 2.712277279437185218e-01
2.638937829015426395e-01 5.811580385166228990e-02
2.764601535159017520e-01 2.499652883942195536e-01
2.890265241302609756e-01 1.732118253380173778e-01
3.015928947446201436e-01 2.853182035355650847e-01
3.141592653589793116e-01 2.181122005931770969e-01
3.267256359733385351e-01 3.553654845337339552e-01
3.392920065876976476e-01 3.963560676424745521e-01
3.518583772020568157e-01 4.804431032836005144e-01
3.644247478164160392e-01 2.855524063704530935e-01
3.769911184307751517e-01 3.500293353597471180e-01
3.895574890451343197e-01 2.871144087670682854e-01
4.021238596594935433e-01 5.705355322551444175e-01
4.146902302738527113e-01 4.184801123883082896e-01
4.272566008882118793e-01 5.287489825077199557e-01
4.398229715025711029e-01 5.760270052650247052e-01
4.523893421169302709e-01 3.884998129218904528e-01
4.649557127312893834e-01 3.597074727031145391e-01
4.775220833456485514e-01 6.222746594340514692e-01
4.900884539600077194e-01 4.918951000907096360e-01
5.026548245743669430e-01 5.126630920590196094e-01
5.152211951887261110e-01 3.819381225108497979e-01
5.277875658030852790e-01 2.565310015585191561e-01
5.403539364174444470e-01 5.191418473161444336e-01
5.529203070318035040e-01 5.548238305454069597e-01
5.654866776461627831e-01 6.058967751016884895e-01
5.780530482605219511e-01 6.341632030703525658e-01
5.906194188748811191e-01 6.967455965861948375e-01
6.031857894892402872e-01 4.203999811484133153e-01
6.157521601035994552e-01 6.246039026876896161e-01
6.283185307179586232e-01 5.308335762263827196e-01
6.408849013323177912e-01 5.167195657399046294e-01
6.534512719466770703e-01 6.031657472932135944e-01
6.660176425610361273e-01 7.133498800954559682e-01
6.785840131753952953e-01 5.393669840483429345e-01
6.911503837897544633e-01 7.530723121585561897e-01
7.037167544041136313e-01 7.436588764924357831e-01
7.162831250184729104e-01 7.099400164519751311e-01
7.288494956328320784e-01 7.443581571220837523e-01
7.414158662471912464e-01 6.949480139613499752e-01
7.539822368615503034e-01 4.929652721117202541e-01
7.665486074759094715e-01 6.589943265879110168e-01
7.791149780902686395e-01 6.913635050929309855e-01
7.916813487046279185e-01 5.376012189107289840e-01
8.042477193189870865e-01 6.282299186755790910e-01
8.168140899333462546e-01 8.905023979831810932e-01
8.293804605477054226e-01 7.829731123647997171e-01
8.419468311620645906e-01 6.449224005435876261e-01
8.545132017764237586e-01 5.026122059863415981e-01
8.670795723907829267e-01 7.309421731939217404e-01
8.796459430051422057e-01 7.177847761985153285e-01
8.922123136195013737e-01 7.750786577440266223e-01
9.047786842338605418e-01 7.512293140981111117e-01
9.173450548482194877e-01 7.440309145309833561e-01
9.299114254625787668e-01 8.079457834642617131e-01
9.424777960769379348e-01 7.146930229606374141e-01
9.550441666912971028e-01 9.223492767862823127e-01
9.676105373056562708e-01 9.049385889923204918e-01
9.801769079200154389e-01 9.031387160413905102e-01
9.927432785343746069e-01 7.840532738369639931e-01
1.005309649148733886e+00 6.639285992444847739e-01
1.017876019763092943e+00 9.192553788927131375e-01
1.030442390377452222e+00 1.076117554611456972e+00
1.043008760991811279e+00 9.287765943914637612e-01
1.055575131606170558e+00 7.769783635843864333e-01
1.068141502220529837e+00 7.353672436733427187e-01
1.080707872834888894e+00 8.771799406665096166e-01
1.093274243449248173e+00 9.463317448538189902e-01
1.105840614063607008e+00 9.472801111218525083e-01
1.118406984677966287e+00 7.634359881057122266e-01
1.130973355292325566e+00 9.429275746359471189e-01
1.143539725906684623e+00 8.709215928965606812e-01
1.156106096521043902e+00 1.084424863514923620e+00
1.168672467135402959e+00 9.168536946626434370e-01
1.181238837749762238e+00 9.469864640807000855e-01
1.193805208364121295e+00 8.445901410101444018e-01
1.206371578978480574e+00 8.784126798515656809e-01
1.218937949592839853e+00 8.809769596340092379e-01
1.231504320207198910e+00 8.208721881972066425e-01
1.244070690821558189e+00 1.112708875728100288e+00
1.256637061435917246e+00 1.014063939246135027e+00
1.269203432050276525e+00 8.855390105947597013e-01
1.281769802664635582e+00 8.859886901967568562e-01
1.294336173278994861e+00 8.390723080067630235e-01
1.306902543893354141e+00 7.750208751265877938e-01
1.319468914507712975e+00 9.505113605827754109e-01
1.332035285122072255e+00 9.812805603317145131e-01
1.344601655736431534e+00 8.766384254665547937e-01
1.357168026350790591e+00 8.686871742180694023e-01
1.369734396965149870e+00 9.259855278782053167e-01
1.382300767579508927e+00 1.034346611913667280e+00
1.394867138193868206e+00 9.861519163112174580e-01
1.407433508808227263e+00 9.452994787910391494e-01
1.419999879422586542e+00 7.836141715851909773e-01
1.432566250036945821e+00 8.347211127732434566e-01
1.445132620651304878e+00 9.873535423465837901e-01
1.457698991265664157e+00 9.238810710942458870e-01
1.470265361880023214e+00 8.884151889725969697e-01
1.482831732494382493e+00 9.679410277361376602e-01
1.495398103108741550e+00 1.111020078046246917e+00
1.507964473723100607e+00 1.097502556439303500e+00
1.520530844337459886e+00 1.036297313656141306e+00
1.533097214951818943e+00 1.112092008673989385e+00
1.545663585566178222e+00 8.251290216636284480e-01
1.558229956180537279e+00 8.642844917398098126e-01
1.570796326794896558e+00 8.403499486894370207e-01
1.583362697409255837e+00 1.027254404399499110e+00
1.595929068023614894e+00 1.124678296644593400e+00
1.608495438637974173e+00 1.212401348591336525e+00
1.621061809252333230e+00 8.725272813715971854e-01
1.633628179866692509e+00 7.777103033127205078e-01
1.646194550481051566e+00 8.809211835048539330e-01
1.658760921095410845e+00 9.461153421950045939e-01
1.671327291709770124e+00 9.957400549632338116e-01
1.683893662324129181e+00 9.222627221485266702e-01
1.696460032938488460e+00 1.095527078516355335e+00
1.709026403552847517e+00 1.070523724117645958e+00
1.721592774167206796e+00 8.168279274307621574e-01
1.734159144781565853e+00 9.802539800685008409e-01
1.746725515395925132e+00 1.026309761311468449e+00
1.759291886010284411e+00 1.003589701443561744e+00
1.771858256624643468e+00 9.243647698984178707e-01
1.784424627239002747e+00 1.143831035667298934e+00
1.796990997853361804e+00 1.044147903859875992e+00
1.809557368467721084e+00 9.572909212450050331e-01
1.822123739082079918e+00 8.666834122064579482e-01
1.834690109696438975e+00 9.478551386203122320e-01
1.847256480310798255e+00 7.990426869527635922e-01
1.859822850925157534e+00 1.012786558036507634e+00
1.872389221539516591e+00 8.509450973477737934e-01
1.884955592153875870e+00 9.202571382286532931e-01
1.897521962768234927e+00 9.330277945254203953e-01
1.910088333382594206e+00 8.716193964603377031e-01
1.922654703996953263e+00 9.654348164296873147e-01
1.935221074611312542e+00 8.569781325361065516e-01
1.947787445225671821e+00 9.268071378281937944e-01
1.960353815840030878e+00 8.101275379094119433e-01
1.972920186454390157e+00 1.150780032049505852e+00
1.985486557068749214e+00 9.724174686721561711e-01
1.998052927683108493e+00 8.532262941156720792e-01
2.010619298297467772e+00 9.625973534055853875e-01
2.023185668911826607e+00 9.696039469506948505e-01
2.035752039526185886e+00 7.829529024582845276e-01
2.048318410140545165e+00 7.902409202930895660e-01
2.060884780754904444e+00 8.565814867593769533e-01
2.073451151369263723e+00 9.435268330081642008e-01
2.086017521983622558e+00 7.331163970918601613e-01
2.098583892597981837e+00 7.978376671469221693e-01
2.111150263212341116e+00 6.907283539724030641e-01
2.123716633826700395e+00 8.650838750233749153e-01
2.136283004441059674e+00 8.623820956388114078e-01
2.148849375055418509e+00 1.088729714337123733e+00
2.161415745669777788e+00 6.785001795134028013e-01
2.173982116284137067e+00 7.568555177660230004e-01
2.186548486898496346e+00 8.057187903902222059e-01
2.199114857512855181e+00 8.426354276315873859e-01
2.211681228127214016e+00 7.962432738104897600e-01
2.224247598741573295e+00 8.351971024740518779e-01
2.236813969355932574e+00 9.654607829086518933e-01
2.249380339970291853e+00 8.888955163519121072e-01
2.261946710584651132e+00 7.865326650148408705e-01
2.274513081199009967e+00 7.572745567215016793e-01
2.287079451813369246e+00 7.347793115662516472e-01
2.299645822427728525e+00 8.613346590195957164e-01
2.312212193042087804e+00 7.931026833399054121e-01
2.324778563656447083e+00 7.212557772336085637e-01
2.337344934270805918e+00 6.185488174049451615e-01
2.349911304885165197e+00 6.368785474156338777e-01
2.362477675499524477e+00 6.637242195913206633e-01
2.375044046113883756e+00 7.547603343157347489e-01
2.387610416728242591e+00 6.192509310804867884e-01
2.400176787342601870e+00 6.816629126354717405e-01
2.412743157956961149e+00 5.651428371460920363e-01
2.425309528571320428e+00 5.241013202491604517e-01
2.437875899185679707e+00 6.159877387417205252e-01
2.450442269800038542e+00 5.615345110155809394e-01
2.463008640414397821e+00 5.727499750308409077e-01
2.475575011028757100e+00 6.484160299261743088e-01
2.488141381643116379e+00 5.355107263345977309e-01
2.500707752257475658e+00 7.371041424853069790e-01
2.513274122871834493e+00 5.327307029209960021e-01
2.525840493486193772e+00 3.984576141062948218e-01
2.538406864100553051e+00 6.051809773720706609e-01
2.550973234714912330e+00 6.112047420806993037e-01
2.563539605329271165e+00 6.448466198358696611e-01
2.576105975943630444e+00 5.810926711352223384e-01
2.588672346557989723e+00 5.591068576121092093e-01
2.601238717172349002e+00 5.123485204707086682e-01
2.613805087786708281e+00 4.598443503391314580e-01
2.626371458401067116e+00 5.706932278116950696e-01
2.638937829015425951e+00 6.366539639889698954e-01
2.651504199629785230e+00 4.239746309509361821e-01
2.664070570244144509e+00 4.143515448022603298e-01
2.676636940858503788e+00 2.864239411204121399e-01
2.689203311472863067e+00 2.628796166236784249e-01
2.701769682087221902e+00 5.057281035572451788e-01
2.714336052701581181e+00 2.759357958403103606e-01
2.726902423315940460e+00 2.356820110256141743e-01
2.739468793930299739e+00 6.225062417974596141e-01
2.752035164544658574e+00 1.245349390740694284e-01
2.764601535159017853e+00 3.617057153540172987e-01
2.777167905773377132e+00 2.379043418927639930e-01
2.789734276387736411e+00 3.650326204971966471e-01
2.802300647002095690e+00 4.746948980085167191e-01
2.814867017616454525e+00 3.051006818736164972e-01
2.827433388230813804e+00 4.117716575258363876e-01
2.839999758845173083e+00 2.052541324478758256e-01
2.852566129459532362e+00 3.930382786661492100e-01
2.865132500073891642e+00 4.311621059987240101e-01
2.877698870688250476e+00 2.281631691915949334e-01
2.890265241302609756e+00 3.168674081289408195e-01
2.902831611916969035e+00 3.059479842780769010e-01
2.915397982531328314e+00 1.482522083061805496e-01
2.927964353145687149e+00 2.240131386523121493e-01
2.940530723760046428e+00 1.772416512871710648e-01
2.953097094374405707e+00 2.167122009816644101e-01
2.965663464988764986e+00 1.500257743801564625e-01
2.978229835603124265e+00 2.694036856686645165e-01
2.990796206217483100e+00 7.127490222314623869e-02
3.003362576831842379e+00 8.806554595586796319e-02
3.015928947446201214e+00 -1.161905451795904598e-01
3.028495318060560493e+00 1.635398648184533121e-01
3.041061688674919772e+00 1.807222973401511057e-01
3.053628059289279051e+00 8.136877140036929967e-02
3.066194429903637886e+00 4.599495781840893388e-02
3.078760800517997165e+00 9.350327645887124284e-02
3.091327171132356444e+00 1.326778729005426427e-01
3.103893541746715723e+00 1.280014064398398710e-01
3.116459912361074558e+00 -6.898703092875675680e-02
3.129026282975433837e+00 5.422447568513475563e-02
3.141592653589793116e+00 1.293251303239638210e-02
3.154159024204152395e+00 7.066473680221145234e-03
3.166725394818511674e+00 4.818368416965258805e-02
3.179291765432870509e+00 -9.438500272187966278e-02
3.191858136047229788e+00 -1.044406401528674977e-01
3.204424506661589067e+00 -6.970477312922909729e-02
3.216990877275948346e+00 -4.932146705297232869e-02
3.229557247890307181e+00 -3.016797937381498346e-02
3.242123618504666460e+00 -1.206931871937465955e-01
3.254689989119025739e+00 -1.986487195943972273e-01
3.267256359733385018e+00 -1.664712485923742491e-01
3.279822730347744297e+00 6.426539426709465541e-02
3.292389100962103132e+00 -1.726284996806458638e-01
3.304955471576462411e+00 -1.164433990267182972e-02
3.317521842190821690e+00 -1.618877900380966683e-01
3.330088212805180969e+00 -4.997514854698908993e-02
3.342654583419540248e+00 -2.437243977619123758e-01
3.355220954033899083e+00 -3.000281187145676931e-01
3.367787324648258362e+00 -2.286579240052533379e-01
3.380353695262617642e+00 -3.433628650652889580e-01
3.392920065876976921e+00 -1.946759653040631699e-01
3.405486436491335756e+00 -2.537428735432047389e-01
3.418052807105695035e+00 4.254186705141471680e-02
3.430619177720054314e+00 -3.858779300229158715e-01
3.443185548334413593e+00 -2.870836748156804230e-01
3.455751918948772872e+00 -1.044416978521704176e-01
3.468318289563131707e+00 -3.436496029525814566e-01
3.480884660177490986e+00 -3.089447567022450269e-01
3.493451030791850265e+00 -4.492967813612687156e-01
3.506017401406209544e+00 -4.224769708671217150e-01
3.518583772020568823e+00 -1.695206760219662712e-01
3.531150142634927658e+00 -4.395805112964455974e-01
3.543716513249286937e+00 -2.880783022250924530e-01
3.556282883863646216e+00 -4.303209534813854931e-01
3.568849254478005495e+00 -4.303412130870985508e-01
3.581415625092364330e+00 -4.323183338604263959e-01
3.593981995706723609e+00 -5.630566763513950024e-01
3.606548366321082888e+00 -6.016769382048766657e-01
3.619114736935442167e+00 -4.506507909621612629e-01
3.631681107549800558e+00 -3.559250160660477058e-01
3.644247478164159837e+00 -4.845911331562091640e-01
3.656813848778519116e+00 -5.797197116251057158e-01
3.669380219392877951e+00 -6.575779864767345995e-01
3.681946590007237230e+00 -6.851943489730670800e-01
3.694512960621596509e+00 -6.046800991579662776e-01
3.707079331235955788e+00 -4.571201124781751890e-01
3.719645701850315067e+00 -4.426377435613268463e-01
3.732212072464673902e+00 -5.136782767920105019e-01
3.744778443079033181e+00 -5.802578583275156410e-01
3.757344813693392460e+00 -6.850045064166340181e-01
3.769911184307751739e+00 -6.139055001768085607e-01
3.782477554922110574e+00 -4.818210156615598261e-01
3.795043925536469853e+00 -6.323271670404470024e-01
3.807610296150829132e+00 -6.050405487793429904e-01
3.820176666765188411e+00 -6.198672910089789712e-01
3.832743037379547690e+00 -6.881532335781640475e-01
3.845309407993906525e+00 -6.739107548796406943e-01
3.857875778608265804e+00 -7.599089753754515453e-01
3.870442149222625083e+00 -7.925096800972994959e-01
3.883008519836984362e+00 -7.520555514265039321e-01
3.895574890451343641e+00 -8.172320599791531581e-01
3.908141261065702476e+00 -6.402777211264240043e-01
3.920707631680061755e+00 -7.484996225377438250e-01
3.933274002294421035e+00 -7.233959398370319871e-01
3.945840372908780314e+00 -6.675842686522102110e-01
3.958406743523139149e+00 -6.763693245205760762e-01
3.970973114137498428e+00 -7.102632270462383435e-01
3.983539484751857707e+00 -7.779141308871980742e-01
3.996105855366216986e+00 -8.143838240798323413e-01
4.008672225980576265e+00 -7.843415228393072480e-01
4.021238596594935544e+00 -7.197037941266384298e-01
4.033804967209294823e+00 -1.011005536224249379e+00
4.046371337823653214e+00 -8.506197797927240734e-01
4.058937708438012493e+00 -6.900657685774742589e-01
4.071504079052371772e+00 -7.184815484051073620e-01
4.084070449666731051e+00 -8.260277024104483168e-01
4.096636820281090330e+00 -7.936248375785213138e-01
4.109203190895449609e+00 -8.463372510372589863e-01
4.121769561509808888e+00 -9.252705702093915185e-01
4.134335932124168167e+00 -7.286834472157985854e-01
4.146902302738527446e+00 -6.949876442166084134e-01
4.159468673352886725e+00 -8.310982220098244166e-01
4.172035043967245116e+00 -8.025898782620454197e-01
4.184601414581604395e+00 -9.173469266974914049e-01
4.197167785195963674e+00 -1.011486478387856103e+00
4.209734155810322953e+00 -8.807748375721837775e-01
4.222300526424682232e+00 -1.003323499156590692e+00
4.234866897039041511e+00 -9.892593152785364996e-01
4.247433267653400790e+00 -9.843605573507278050e-01
4.259999638267760069e+00 -8.749825771925239248e-01
4.272566008882119348e+00 -1.127439475450333628e+00
4.285132379496477739e+00 -8.958120421634503394e-01
4.297698750110837018e+00 -1.023778178359173285e+00
4.310265120725196297e+00 -8.127089735972014006e-01
4.322831491339555576e+00 -7.657794893126417257e-01
4.335397861953914855e+00 -9.494083907795509703e-01
4.347964232568274134e+00 -1.035220020204482783e+00
4.360530603182633413e+00 -1.038507878843204946e+00
4.373096973796992692e+00 -9.680077381745810783e-01
4.385663344411351972e+00 -8.727490235890379422e-01
4.398229715025710362e+00 -1.101248656947112048e+00
4.410796085640069641e+00 -9.062697602397006280e-01
4.423362456254428032e+00 -1.020304092237472871e+00
4.435928826868787311e+00 -1.026712350589254807e+00
4.448495197483146590e+00 -1.052340880268101131e+00
4.461061568097505869e+00 -1.049569432835772975e+00
4.473627938711865148e+00 -9.738624915229970869e-01
4.486194309326224428e+00 -9.284149640459127273e-01
4.498760679940583707e+00 -1.092800939521572090e+00
4.511327050554942986e+00 -1.063595634461552697e+00
4.523893421169302265e+00 -1.059512398740469541e+00
4.536459791783661544e+00 -7.908358549758031097e-01
4.549026162398019935e+00 -9.332406174703922197e-01
4.561592533012379214e+00 -1.054258942145287037e+00
4.574158903626738493e+00 -1.046202820453444371e+00
4.586725274241097772e+00 -9.815163050625426155e-01
4.599291644855457051e+00 -8.988331548524730596e-01
4.611858015469816330e+00 -8.918257918105508830e-01
4.624424386084175609e+00 -1.018268920063285954e+00
4.636990756698534888e+00 -7.950548491413573782e-01
4.649557127312894167e+00 -1.063871369861602023e+00
4.662123497927252558e+00 -1.126892831614482171e+00
4.674689868541611837e+00 -1.086909515548650784e+00
4.687256239155971116e+00 -1.041811013767703686e+00
4.699822609770330395e+00 -1.025343220188930982e+00
4.712388980384689674e+00 -9.980844691505971200e-01
4.724955350999048953e+00 -9.955453571584774730e-01
4.737521721613408232e+00 -9.686447063167021865e-01
4.750088092227767511e+00 -1.036241864693269177e+00
4.762654462842126790e+00 -9.752376024625536433e-01
4.775220833456485181e+00 -1.010121861146530575e+00
4.787787204070844460e+00 -9.770744174019877493e-01
4.800353574685203739e+00 -1.177680265602070175e+00
4.812919945299563018e+00 -9.251667853247982354e-01
4.825486315913922297e+00 -1.161486294015146026e+00
4.838052686528281576e+00 -1.136143249906131025e+00
4.850619057142640855e+00 -9.136748457286615333e-01
4.863185427757000134e+00 -9.842859233719554179e-01
4.875751798371359413e+00 -1.016399572263961604e+00
4.888318168985717804e+00 -1.107082271627998438e+00
4.900884539600077083e+00 -1.013196415550416729e+00
4.913450910214436362e+00 -8.947708207896696297e-01
4.926017280828795641e+00 -9.256012198099461408e-01
4.938583651443154920e+00 -1.167421062387131503e+00
4.951150022057514200e+00 -9.803985836380377794e-01
4.963716392671873479e+00 -9.402140832943245430e-01
4.976282763286232758e+00 -8.991826744750515132e-01
4.988849133900592037e+00 -9.444625378246958025e-01
5.001415504514951316e+00 -9.027837106926126509e-01
5.013981875129309707e+00 -9.623934424239899421e-01
5.026548245743668986e+00 -9.750838121871039377e-01
5.039114616358028265e+00 -7.800154663907219454e-01
5.051680986972387544e+00 -1.204817844336722565e+00
5.064247357586746823e+00 -9.972934135780019416e-01
5.076813728201106102e+00 -9.573148120146778295e-01
5.089380098815465381e+00 -8.401061286656953397e-01
5.101946469429824660e+00 -7.922366643995897295e-01
5.114512840044183939e+00 -9.315992351730962850e-01
5.127079210658542330e+00 -1.132772330728005983e+00
5.139645581272901609e+00 -9.602897456569128298e-01
5.152211951887260888e+00 -1.116570651418177684e+00
5.164778322501620167e+00 -1.077089552444008502e+00
5.177344693115979446e+00 -8.557184874033522126e-01
5.189911063730338725e+00 -8.535314948237703314e-01
5.202477434344698004e+00 -9.496814023031038277e-01
5.215043804959057283e+00 -8.059869512852384510e-01
5.227610175573416562e+00 -6.006693614726077435e-01
5.240176546187774953e+00 -8.439088275150586904e-01
5.252742916802134232e+00 -9.054323211159471807e-01
5.265309287416492623e+00 -5.780928852026903098e-01
5.277875658030851902e+00 -7.945855022640431198e-01
5.290442028645211181e+00 -6.073093479379325643e-01
5.303008399259570460e+00 -7.713729988468985832e-01
5.315574769873929739e+00 -9.300331173788999317e-01
5.328141140488289018e+00 -1.016209324140525450e+00
5.340707511102648297e+00 -7.429169603768976948e-01
5.353273881717007576e+00 -9.597342968189181978e-01
5.365840252331366855e+00 -9.610044809982035696e-01
5.378406622945726134e+00 -7.586536079091393825e-01
5.390972993560084525e+00 -6.376240872840114315e-01
5.403539364174443804e+00 -7.177330364197360701e-01
5.416105734788803083e+00 -7.803482298211363855e-01
5.428672105403162362e+00 -8.570627296328412470e-01
5.441238476017521641e+00 -7.239221615636672880e-01
5.453804846631880920e+00 -5.054445198220900437e-01
5.466371217246240199e+00 -7.075291956788034575e-01
5.478937587860599479e+00 -5.763153170837136408e-01
5.491503958474958758e+00 -4.394379951754951441e-01
5.504070329089317148e+00 -7.819178563133567517e-01
5.516636699703676427e+00 -7.295867787727490228e-01
5.529203070318035707e+00 -7.002073760168353589e-01
5.541769440932394986e+00 -6.933183608610467008e-01
5.554335811546754265e+00 -8.120469168720916286e-01
5.566902182161113544e+00 -6.369112788841081452e-01
5.579468552775472823e+00 -7.152780741296711486e-01
5.592034923389832102e+00 -5.090053488954594529e-01
5.604601294004191381e+00 -5.908056832890091759e-01
5.617167664618549772e+00 -6.828064803202972266e-01
5.629734035232909051e+00 -6.533390138789549884e-01
5.642300405847268330e+00 -7.584577827291680840e-01
5.654866776461627609e+00 -7.650904705123761085e-01
5.667433147075986888e+00 -6.220521662245226402e-01
5.679999517690346167e+00 -6.260471533993497983e-01
5.692565888304705446e+00 -5.617380939048219890e-01
5.705132258919064725e+00 -6.035054209972894323e-01
5.717698629533424004e+00 -4.372318128358683720e-01
5.730265000147783283e+00 -3.994556770742710983e-01
5.742831370762141674e+00 -4.724200015776898187e-01
5.755397741376500953e+00 -6.978811788415609785e-01
5.767964111990860232e+00 -4.864230273807391147e-01
5.780530482605219511e+00 -3.841743290728020788e-01
5.793096853219578790e+00 -4.223868432392676731e-01
5.805663223833938069e+00 -4.505017247220891030e-01
5.818229594448297348e+00 -3.796776944375334639e-01
5.830795965062656627e+00 -4.223226342218071583e-01
5.843362335677015906e+00 -4.004162761254722591e-01
5.855928706291374297e+00 -5.367870289198243272e-01
5.868495076905733576e+00 -4.912063938870407376e-01
5.881061447520092855e+00 -3.628029108045696116e-01
5.893627818134452134e+00 -2.192170953533073563e-01
5.906194188748811413e+00 -5.004631552113185666e-01
5.918760559363170692e+00 -5.036139781511936864e-01
5.931326929977529971e+00 -2.999924203822588731e-01
5.943893300591889250e+00 -4.246021348132377748e-01
5.956459671206248530e+00 -2.073270583164387171e-01
5.969026041820606920e+00 -3.874950592406873895e-01
5.981592412434966199e+00 -3.673337700742316247e-01
5.994158783049325478e+00 -3.510045730742186176e-01
6.006725153663684758e+00 -1.104503331378315079e-01
6.019291524278044037e+00 -2.311328189450404802e-01
6.031857894892402427e+00 -2.038489749136157547e-01
6.044424265506761706e+00 -8.758647765104649041e-02
6.056990636121120986e+00 -1.348992753209825313e-01
6.069557006735480265e+00 -1.645976238372947043e-01
6.082123377349839544e+00 -1.336998081800677418e-01
6.094689747964198823e+00 -1.702072765532418874e-01
6.107256118578558102e+00 -3.318967323337493336e-02
6.119822489192916493e+00 -1.726833592886463098e-01
6.132388859807275772e+00 -2.002580418777186178e-01
6.144955230421635051e+00 -7.172066107488207776e-02
6.157521601035994330e+00 -1.289437967093487736e-01
6.170087971650353609e+00 -1.027302883277893819e-01
6.182654342264712888e+00 3.594144210910635295e-02
6.195220712879072167e+00 6.391709210200979818e-02
6.207787083493431446e+00 -1.713834759390940321e-01
6.220353454107790725e+00 4.663901769979188205e-02
6.232919824722149116e+00 -2.109101321494057935e-01
6.245486195336508395e+00 -2.114578686695104681e-01
6.258052565950867674e+00 2.008972131991157775e-02
6.270618936565226953e+00 -1.162061618924217950e-02
