0.000000000000000000e+00 3.287544819955570685e-02
1.256637061435917323e-02 5.504927405574051164e-02
2.513274122871834645e-02 -6.533325562725718350e-02
3.769911184307751795e-02 1.332343024272817089e-01
5.026548245743669291e-02 1.405898060062170940e-01
6.283185307179586787e-02 1.672022141876390033e-01
7.539822368615503589e-02 1.364900121449288128e-01
8.796459430051420392e-02 -7.634304403268268868e-02
1.005309649148733858e-01 2.375774510939979156e-01
1.130973355292325677e-01 5.680159391136412744e-02
1.256637061435917357e-01 1.393392723040792203e-01
1.382300767579508760e-01 1.004318658632186168e-02
1.507964473723100718e-01 2.225663491778817615e-01
1.633628179866692676e-01 6.394280863074601473e-02
1.759291886010284078e-01 3.652575131271073028e-01
1.884955592153875759e-01 4.490027058695782447e-01
2.010619298297467716e-01 4.098512446187310143e-01
2.136283004441059397e-01 2.546976594981975595e-01
2.261946710584651354e-01 2.164968064896556632e-01
2.387610416728242757e-01 3.193627377719797655e-01
2.513274122871834715e-01 2.717034855270779037e-01
2.638937829015426395e-01 2.055123396029162330e-01
2.764601535159017520e-01 1.104523944543900627e-01
2.890265241302609756e-01 3.961530020408288166e-01
3.015928947446201436e-01 2.387699011218864520e-01
3.141592653589793116e-01 3.595282070728855195e-01
3.267256359733385351e-01 3.704514794017660373e-01
3.392920065876976476e-01 2.583463826895448512e-01
3.518583772020568157e-01 4.974234276105300445e-01
3.644247478164160392e-01 3.176205660640583628e-01
3.769911184307751517e-01 4.040203116608026557e-01
3.895574890451343197e-01 4.908416209498517313e-01
4.021238596594935433e-01 4.010841482533081259e-01
4.146902302738527113e-01 2.741124645807038185e-01
4.272566008882118793e-01 3.010693204057590111e-01
4.398229715025711029e-01 5.556124332133123289e-01
4.523893421169302709e-01 4.775942122810283852e-01
4.649557127312893834e-01 5.049758680531741817e-01
4.775220833456485514e-01 2.812577042606435596e-01
4.900884539600077194e-01 4.242677140631057053e-01
5.026548245743669430e-01 6.942973678928181513e-01
5.152211951887261110e-01 5.354155331388252836e-01
5.277875658030852790e-01 7.413024810509267759e-01
5.403539364174444470e-01 4.904957421017507313e-01
5.529203070318035040e-01 4.590222894892894701e-01
5.654866776461627831e-01 3.929987692676891742e-01
5.780530482605219511e-01 4.859620448001433224e-01
5.906194188748811191e-01 5.097853185041045787e-01
6.031857894892402872e-01 6.713088895187162564e-01
6.157521601035994552e-01 5.108408289520683931e-01
6.283185307179586232e-01 3.243071114468914495e-01
6.408849013323177912e-01 6.584431428695307620e-01
6.534512719466770703e-01 6.709339428154305063e-01
6.660176425610361273e-01 6.586263475825144820e-01
6.785840131753952953e-01 5.899241610696639437e-01
6.911503837897544633e-01 7.377705818353192946e-01
7.037167544041136313e-01 7.260480961706424763e-01
7.162831250184729104e-01 8.444292354121483157e-01
7.288494956328320784e-01 5.679037300336249317e-01
7.414158662471912464e-01 5.647366690904292996e-01
7.539822368615503034e-01 7.733457616353949238e-01
7.665486074759094715e-01 6.494688290384293960e-01
7.791149780902686395e-01 6.864308161626918592e-01
7.916813487046279185e-01 6.004425055940723066e-01
8.042477193189870865e-01 8.205015851902918156e-01
8.168140899333462546e-01 6.599681684084623967e-01
8.293804605477054226e-01 6.597447134145068004e-01
8.419468311620645906e-01 6.046743787673758419e-01
8.545132017764237586e-01 8.532492573797585411e-01
8.670795723907829267e-01 8.805481643749556442e-01
8.796459430051422057e-01 8.495015964007747167e-01
8.922123136195013737e-01 8.606104853026963486e-01
9.047786842338605418e-01 7.556809124677337230e-01
9.173450548482194877e-01 5.040516812142101788e-01
9.299114254625787668e-01 8.661378875884075956e-01
9.424777960769379348e-01 7.562993474345693912e-01
9.550441666912971028e-01 6.468075904218961725e-01
9.676105373056562708e-01 8.594492750525015712e-01
9.801769079200154389e-01 9.332213412319148027e-01
9.927432785343746069e-01 8.723467898684810207e-01
1.005309649148733886e+00 6.856291753483942930e-01
1.017876019763092943e+00 9.025794438666691066e-01
1.030442390377452222e+00 9.347712539708930013e-01
1.043008760991811279e+00 7.224532716965674783e-01
1.055575131606170558e+00 9.112745942322734161e-01
1.068141502220529837e+00 8.551765623815257289e-01
1.080707872834888894e+00 9.186887193190913514e-01
1.093274243449248173e+00 1.001872073935800245e+00
1.105840614063607008e+00 9.206102357877455900e-01
1.118406984677966287e+00 9.323806487350366767e-01
1.130973355292325566e+00 8.698399156341662941e-01
1.143539725906684623e+00 9.837787185852067129e-01
1.156106096521043902e+00 9.143383662388455679e-01
1.168672467135402959e+00 8.643769660552853562e-01
1.181238837749762238e+00 9.867228418258530143e-01
1.193805208364121295e+00 8.867798602950577314e-01
1.206371578978480574e+00 9.778464199120018296e-01
1.218937949592839853e+00 9.318472760158459378e-01
1.231504320207198910e+00 7.670443134980181599e-01
1.244070690821558189e+00 9.144151502177254587e-01
1.256637061435917246e+00 8.973092027830249506e-01
1.269203432050276525e+00 8.813122035797733567e-01
1.281769802664635582e+00 8.212538450769863996e-01
1.294336173278994861e+00 1.069360537328522875e+00
1.306902543893354141e+00 1.106287582490786736e+00
1.319468914507712975e+00 1.090034506182191665e+00
1.332035285122072255e+00 9.120396660650562648e-01
1.344601655736431534e+00 1.057605043216662599e+00
1.357168026350790591e+00 9.479976896595286862e-01
1.369734396965149870e+00 8.655086704556992361e-01
1.382300767579508927e+00 9.580819110604514854e-01
1.394867138193868206e+00 9.706062325846774863e-01
1.407433508808227263e+00 1.126935111194249828e+00
1.419999879422586542e+00 1.201136903158220193e+00
1.432566250036945821e+00 1.089564304463639610e+00
1.445132620651304878e+00 1.075294426210429588e+00
1.457698991265664157e+00 1.047027493655283248e+00
1.470265361880023214e+00 1.226708704731536592e+00
1.482831732494382493e+00 1.018415311238913379e+00
1.495398103108741550e+00 1.034426311050579583e+00
1.507964473723100607e+00 8.237040176945961134e-01
1.520530844337459886e+00 9.757958211114570179e-01
1.533097214951818943e+00 9.637959077965453369e-01
1.545663585566178222e+00 9.413225703294840763e-01
1.558229956180537279e+00 9.429619921310667952e-01
1.570796326794896558e+00 1.086819440498817180e+00
1.583362697409255837e+00 8.485676891736049221e-01
1.595929068023614894e+00 8.744345685995951190e-01
1.608495438637974173e+00 9.248846663579335381e-01
1.621061809252333230e+00 8.849208371887390401e-01
1.633628179866692509e+00 9.201606434641786958e-01
1.646194550481051566e+00 8.964086659433104787e-01
1.658760921095410845e+00 1.089481500570253836e+00
1.671327291709770124e+00 1.012059818948921164e+00
1.683893662324129181e+00 1.050614051760721868e+00
1.696460032938488460e+00 1.036679692711543366e+00
1.709026403552847517e+00 9.611596864804043960e-01
1.721592774167206796e+00 1.105314090255290260e+00
1.734159144781565853e+00 9.151653029267294848e-01
1.746725515395925132e+00 1.010598683556911848e+00
1.759291886010284411e+00 9.999633056004280096e-01
1.771858256624643468e+00 1.165371168289389470e+00
1.784424627239002747e+00 1.094400192293838447e+00
1.796990997853361804e+00 1.051310753649915775e+00
1.809557368467721084e+00 1.019569262308364532e+00
1.822123739082079918e+00 1.135279639008838215e+00
1.834690109696438975e+00 1.001539066991032678e+00
1.847256480310798255e+00 9.270449137262044559e-01
1.859822850925157534e+00 9.300907872774301088e-01
1.872389221539516591e+00 9.222073678759534765e-01
1.884955592153875870e+00 8.047513802945834849e-01
1.897521962768234927e+00 8.735745249001760637e-01
1.910088333382594206e+00 8.785606902467574253e-01
1.922654703996953263e+00 8.877731918356644991e-01
1.935221074611312542e+00 9.810531186242640311e-01
1.947787445225671821e+00 9.245209637832454419e-01
1.960353815840030878e+00 8.675121548944930705e-01
1.972920186454390157e+00 8.813031513898195168e-01
1.985486557068749214e+00 9.221564631813168322e-01
1.998052927683108493e+00 8.366062740870086056e-01
2.010619298297467772e+00 8.861691945862619768e-01
2.023185668911826607e+00 1.116942238798615650e+00
2.035752039526185886e+00 7.841145676069819492e-01
2.048318410140545165e+00 8.413071369034954561e-01
2.060884780754904444e+00 9.912893298972973444e-01
2.073451151369263723e+00 8.130071346528251475e-01
2.086017521983622558e+00 8.793026293901133883e-01
2.098583892597981837e+00 7.245261823460894535e-01
2.111150263212341116e+00 9.005354239114854442e-01
2.123716633826700395e+00 9.118327153912167971e-01
2.136283004441059674e+00 7.448942075038784694e-01
2.148849375055418509e+00 8.599243386006032441e-01
2.161415745669777788e+00 8.171312216017281305e-01
2.173982116284137067e+00 7.512080175587565467e-01
2.186548486898496346e+00 8.091183852909922258e-01
2.199114857512855181e+00 9.562776519102456074e-01
2.211681228127214016e+00 7.136312232464748773e-01
2.224247598741573295e+00 7.524281594801445205e-01
2.236813969355932574e+00 9.578478837175324889e-01
2.249380339970291853e+00 6.586570238029784141e-01
2.261946710584651132e+00 7.250941677198076141e-01
2.274513081199009967e+00 5.774567288133570786e-01
2.287079451813369246e+00 6.395572312156583283e-01
2.299645822427728525e+00 9.072588517037484257e-01
2.312212193042087804e+00 7.788668705043046980e-01
2.324778563656447083e+00 6.836051864817670465e-01
2.337344934270805918e+00 5.602449606883355138e-01
2.349911304885165197e+00 7.068704594378503181e-01
2.362477675499524477e+00 8.579360474478043841e-01
2.375044046113883756e+00 6.828818876501807633e-01
2.387610416728242591e+00 6.706040821759053916e-01
2.400176787342601870e+00 5.732585031160108979e-01
2.412743157956961149e+00 7.177537088240227847e-01
2.425309528571320428e+00 6.187479887886138119e-01
2.437875899185679707e+00 6.413605896572185383e-01
2.450442269800038542e+00 7.383238736301026561e-01
2.463008640414397821e+00 6.457525771126317871e-01
2.475575011028757100e+00 6.944124549205678010e-01
2.488141381643116379e+00 8.422385016809650349e-01
2.500707752257475658e+00 8.636009357126630537e-01
2.513274122871834493e+00 5.867522741437244393e-01
2.525840493486193772e+00 6.010795570320668357e-01
2.538406864100553051e+00 6.315518978462808519e-01
2.550973234714912330e+00 4.586421684790370490e-01
2.563539605329271165e+00 5.656648414637993616e-01
2.576105975943630444e+00 4.491881990743188391e-01
2.588672346557989723e+00 6.197249245316919231e-01
2.601238717172349002e+00 6.659464939679209383e-01
2.613805087786708281e+00 6.178834096410105170e-01
2.626371458401067116e+00 3.888259689598569935e-01
2.638937829015425951e+00 4.662368677450851595e-01
2.651504199629785230e+00 5.227508976839536636e-01
2.664070570244144509e+00 4.674424223558102942e-01
2.676636940858503788e+00 4.465734792592746527e-01
2.689203311472863067e+00 3.943334073070225987e-01
2.701769682087221902e+00 4.092116574291010389e-01
2.714336052701581181e+00 4.460079755926391054e-01
2.726902423315940460e+00 3.683779835383161338e-01
2.739468793930299739e+00 5.345944869591354731e-01
2.752035164544658574e+00 2.861598830087572765e-01
2.764601535159017853e+00 2.841266338940301450e-01
2.777167905773377132e+00 3.578730061903432347e-01
2.789734276387736411e+00 3.166839523891815111e-01
2.802300647002095690e+00 4.440178400443815510e-01
2.814867017616454525e+00 4.096007751972806643e-01
2.827433388230813804e+00 4.467247531291275164e-01
2.839999758845173083e+00 3.122147555940875119e-01
2.852566129459532362e+00 1.727574693149095397e-01
2.865132500073891642e+00 2.132287046257639040e-01
2.877698870688250476e+00 3.239432578498411264e-01
2.890265241302609756e+00 2.557575019878198797e-01
2.902831611916969035e+00 7.752020732476960774e-02
2.915397982531328314e+00 3.771943085098230508e-01
2.927964353145687149e+00 1.271629261019974200e-01
2.940530723760046428e+00 7.955851183423837125e-02
2.953097094374405707e+00 2.346382209168415278e-01
2.965663464988764986e+00 2.030221405905457965e-01
2.978229835603124265e+00 1.162236783203025453e-01
2.990796206217483100e+00 -1.416630292684928349e-02
3.003362576831842379e+00 9.337083912640736783e-02
3.015928947446201214e+00 3.112940799705284367e-01
3.028495318060560493e+00 9.408869882744258506e-02
3.041061688674919772e+00 9.845703148714363140e-02
3.053628059289279051e+00 -7.008825940663300502e-02
3.066194429903637886e+00 5.639895356573715324e-02
3.078760800517997165e+00 1.346550013405119206e-03
3.091327171132356444e+00 1.326137770198241306e-01
3.103893541746715723e+00 -9.833839698064858470e-02
3.116459912361074558e+00 -7.666896390507040027e-02
3.129026282975433837e+00 7.594355613932625426e-02
3.141592653589793116e+00 -1.930879187081141826e-02
3.154159024204152395e+00 -6.470731717430036611e-02
3.166725394818511674e+00 -1.768158145084985089e-01
3.179291765432870509e+00 -7.199454328192889108e-02
3.191858136047229788e+00 -2.143793714686255125e-01
3.204424506661589067e+00 -2.366080986008623627e-02
3.216990877275948346e+00 -2.178258607176491446e-01
3.229557247890307181e+00 -1.276844809424735883e-01
3.242123618504666460e+00 -2.264247661177026250e-01
3.254689989119025739e+00 7.040828047013221458e-02
3.267256359733385018e+00 6.299860847475191594e-03
3.279822730347744297e+00 -1.841403335953387399e-01
3.292389100962103132e+00 -3.487950714084903092e-01
3.304955471576462411e+00 -8.981343705949230982e-02
3.317521842190821690e+00 -3.915667993074467557e-02
3.330088212805180969e+00 -1.387132132164420883e-01
3.342654583419540248e+00 -1.311845179231691527e-01
3.355220954033899083e+00 -8.769220514180062209e-02
3.367787324648258362e+00 -1.771832890032214447e-01
3.380353695262617642e+00 -2.320814159562085699e-01
3.392920065876976921e+00 -1.352564689252718777e-01
3.405486436491335756e+00 -3.410872750619786675e-01
3.418052807105695035e+00 -4.163603384691326736e-01
3.430619177720054314e+00 -4.908676232969899633e-01
3.443185548334413593e+00 -3.029543444289492515e-01
3.455751918948772872e+00 -3.354640391202644012e-01
3.468318289563131707e+00 -3.730767077563452716e-01
3.480884660177490986e+00 -2.532350817493551065e-01
3.493451030791850265e+00 -4.389384219515830576e-01
3.506017401406209544e+00 -4.125817384630827700e-01
3.518583772020568823e+00 -4.085182509917126836e-01
3.531150142634927658e+00 -6.253559812592380807e-01
3.543716513249286937e+00 -5.441713586861249841e-01
3.556282883863646216e+00 -4.938002529225197779e-01
3.568849254478005495e+00 -2.737206103751410602e-01
3.581415625092364330e+00 -5.927060169063287365e-01
3.593981995706723609e+00 -2.046212950590989010e-01
3.606548366321082888e+00 -4.449189729029276452e-01
3.619114736935442167e+00 -3.615715372951485707e-01
3.631681107549800558e+00 -3.281036742814610330e-01
3.644247478164159837e+00 -4.800952405952112478e-01
3.656813848778519116e+00 -6.244556914934478176e-01
3.669380219392877951e+00 -4.814782091215546456e-01
3.681946590007237230e+00 -6.022552465010894140e-01
3.694512960621596509e+00 -6.948350531577106581e-01
3.707079331235955788e+00 -5.976307209488578298e-01
3.719645701850315067e+00 -6.252064736155459324e-01
3.732212072464673902e+00 -4.097255633054175394e-01
3.744778443079033181e+00 -8.019723789993215002e-01
3.757344813693392460e+00 -5.276379556947139449e-01
3.769911184307751739e+00 -5.876067978887603571e-01
3.782477554922110574e+00 -6.023177119338922747e-01
3.795043925536469853e+00 -6.513331835797949720e-01
3.807610296150829132e+00 -5.228402408124335210e-01
3.820176666765188411e+00 -6.608179951528865281e-01
3.832743037379547690e+00 -5.486962528072526490e-01
3.845309407993906525e+00 -5.957513230045548003e-01
3.857875778608265804e+00 -6.861898306452718366e-01
3.870442149222625083e+00 -5.796103672885748459e-01
3.883008519836984362e+00 -6.190772047762135299e-01
3.895574890451343641e+00 -6.448685402145082346e-01
3.908141261065702476e+00 -6.852030067654034662e-01
3.920707631680061755e+00 -5.553654733912104513e-01
3.933274002294421035e+00 -8.148637719602846996e-01
3.945840372908780314e+00 -6.578209379569466275e-01
3.958406743523139149e+00 -5.187231593120134043e-01
3.970973114137498428e+00 -4.731571998294421544e-01
3.983539484751857707e+00 -9.523305962091055399e-01
3.996105855366216986e+00 -7.653441864544923146e-01
4.008672225980576265e+00 -7.149656839046876211e-01
4.021238596594935544e+00 -8.949635939431366261e-01
4.033804967209294823e+00 -9.761779363928883013e-01
4.046371337823653214e+00 -9.020804766975956124e-01
4.058937708438012493e+00 -5.864051363620730317e-01
4.071504079052371772e+00 -7.900397621375158108e-01
4.084070449666731051e+00 -7.350217510755767680e-01
4.096636820281090330e+00 -6.769944987327427555e-01
4.109203190895449609e+00 -6.909218435293977834e-01
4.121769561509808888e+00 -8.233929361591254548e-01
4.134335932124168167e+00 -8.688657638337706768e-01
4.146902302738527446e+00 -9.047390805491291044e-01
4.159468673352886725e+00 -9.267298715575539303e-01
4.172035043967245116e+00 -7.521167243388214851e-01
4.184601414581604395e+00 -9.528783920724404055e-01
4.197167785195963674e+00 -9.473602788708739286e-01
4.209734155810322953e+00 -7.059256430514527780e-01
4.222300526424682232e+00 -1.016762471730770612e+00
4.234866897039041511e+00 -9.215818565937026197e-01
4.247433267653400790e+00 -7.840373188493272583e-01
4.259999638267760069e+00 -9.066048712833222334e-01
4.272566008882119348e+00 -8.112699592374779112e-01
4.285132379496477739e+00 -8.425073189107601390e-01
4.297698750110837018e+00 -8.097964149467623551e-01
4.310265120725196297e+00 -1.142296084050615557e+00
4.322831491339555576e+00 -8.348804717630462502e-01
4.335397861953914855e+00 -9.656157091377564061e-01
4.347964232568274134e+00 -8.199803213206738883e-01
4.360530603182633413e+00 -9.093254528710325024e-01
4.373096973796992692e+00 -7.010932613526772439e-01
4.385663344411351972e+00 -9.631438768601493505e-01
4.398229715025710362e+00 -1.028258375175546746e+00
4.410796085640069641e+00 -8.353042638095741212e-01
4.423362456254428032e+00 -1.115660946320048197e+00
4.435928826868787311e+00 -9.461764366890992317e-01
4.448495197483146590e+00 -9.336524008053054269e-01
4.461061568097505869e+00 -8.961608228727019343e-01
4.473627938711865148e+00 -1.129534887465445392e+00
4.486194309326224428e+00 -9.437390881226480621e-01
4.498760679940583707e+00 -9.208926586713421791e-01
4.511327050554942986e+00 -1.071211602755381964e+00
4.523893421169302265e+00 -1.030785458241110231e+00
4.536459791783661544e+00 -9.396502881551214159e-01
4.549026162398019935e+00 -1.015365873205116953e+00
4.561592533012379214e+00 -9.837043450252477284e-01
4.574158903626738493e+00 -8.654232163006988499e-01
4.586725274241097772e+00 -9.947652791798106131e-01
4.599291644855457051e+00 -9.603969351721186598e-01
4.611858015469816330e+00 -1.111466917819086131e+00
4.624424386084175609e+00 -9.449516858811459752e-01
4.636990756698534888e+00 -1.159295079021122277e+00
4.649557127312894167e+00 -7.848051764511139172e-01
4.662123497927252558e+00 -8.826649110187236857e-01
4.674689868541611837e+00 -1.021426959580166827e+00
4.687256239155971116e+00 -8.976236804584113438e-01
4.699822609770330395e+00 -9.690840009537793343e-01
4.712388980384689674e+00 -1.075328949642024412e+00
4.724955350999048953e+00 -9.766529056526339625e-01
4.737521721613408232e+00 -1.064702688130523267e+00
4.750088092227767511e+00 -1.139129397170443481e+00
4.762654462842126790e+00 -9.694256679614736694e-01
4.775220833456485181e+00 -9.094020160124871577e-01
4.787787204070844460e+00 -1.122398656306538234e+00
4.800353574685203739e+00 -1.051024759649950013e+00
4.812919945299563018e+00 -1.016025347857754335e+00
4.825486315913922297e+00 -9.589966909913757442e-01
4.838052686528281576e+00 -1.038130432240609968e+00
4.850619057142640855e+00 -9.339949235542875927e-01
4.863185427757000134e+00 -8.343800100270721831e-01
4.875751798371359413e+00 -9.805086191833866094e-01
4.888318168985717804e+00 -8.843858512364615176e-01
4.900884539600077083e+00 -8.836740519511325775e-01
4.913450910214436362e+00 -9.911561187740971501e-01
4.926017280828795641e+00 -8.721296293686666701e-01
4.938583651443154920e+00 -1.031749524104842219e+00
4.951150022057514200e+00 -1.004059297099787029e+00
4.963716392671873479e+00 -8.857046442488578641e-01
4.976282763286232758e+00 -1.006654979760293278e+00
4.988849133900592037e+00 -9.180531239352083261e-01
5.001415504514951316e+00 -8.841314038624796812e-01
5.013981875129309707e+00 -9.961096563266014225e-01
5.026548245743668986e+00 -9.931695105894994269e-01
5.039114616358028265e+00 -8.779774835239851916e-01
5.051680986972387544e+00 -7.026858405475642222e-01
5.064247357586746823e+00 -8.555450321749799025e-01
5.076813728201106102e+00 -9.961509083861715963e-01
5.089380098815465381e+00 -9.262980959339870424e-01
5.101946469429824660e+00 -9.977945965154917385e-01
5.114512840044183939e+00 -9.569263589373743217e-01
5.127079210658542330e+00 -9.202656934949668965e-01
5.139645581272901609e+00 -9.815559302098517680e-01
5.152211951887260888e+00 -8.535818537182381371e-01
5.164778322501620167e+00 -8.883200843396718005e-01
5.177344693115979446e+00 -7.617156373043892925e-01
5.189911063730338725e+00 -7.193355813408970345e-01
5.202477434344698004e+00 -9.635692357503568006e-01
5.215043804959057283e+00 -9.541131514969365401e-01
5.227610175573416562e+00 -9.973342395144089156e-01
5.240176546187774953e+00 -8.735310598380967573e-01
5.252742916802134232e+00 -9.020137092487751085e-01
5.265309287416492623e+00 -7.674837210198646176e-01
5.277875658030851902e+00 -8.692353502043267399e-01
5.290442028645211181e+00 -8.042479766442488520e-01
5.303008399259570460e+00 -8.974500749939272604e-01
5.315574769873929739e+00 -9.122856578017093376e-01
5.328141140488289018e+00 -7.204842291353140693e-01
5.340707511102648297e+00 -8.625547145122078874e-01
5.353273881717007576e+00 -6.538811686123676692e-01
5.365840252331366855e+00 -9.749525719606870755e-01
5.378406622945726134e+00 -8.665498617873437226e-01
5.390972993560084525e+00 -8.495520357226207242e-01
5.403539364174443804e+00 -7.045863402922416530e-01
5.416105734788803083e+00 -6.857288536515691035e-01
5.428672105403162362e+00 -7.314577890255412607e-01
5.441238476017521641e+00 -5.666863880763300942e-01
5.453804846631880920e+00 -5.969895336059669599e-01
5.466371217246240199e+00 -7.420645959564613481e-01
5.478937587860599479e+00 -9.266561617911953652e-01
5.491503958474958758e+00 -6.400085017670833487e-01
5.504070329089317148e+00 -5.843263755068112131e-01
5.516636699703676427e+00 -6.221566472515736024e-01
5.529203070318035707e+00 -5.710933996408404933e-01
5.541769440932394986e+00 -6.407717822923808537e-01
5.554335811546754265e+00 -6.225791708790689993e-01
5.566902182161113544e+00 -8.162430344208806421e-01
5.579468552775472823e+00 -5.245919352388065393e-01
5.592034923389832102e+00 -6.042407321420647515e-01
5.604601294004191381e+00 -6.535527205899341885e-01
5.617167664618549772e+00 -6.765235402005949084e-01
5.629734035232909051e+00 -6.717829603275993211e-01
5.642300405847268330e+00 -5.996057825346546855e-01
5.654866776461627609e+00 -6.537284753708565432e-01
5.667433147075986888e+00 -4.615325061738214663e-01
5.679999517690346167e+00 -5.535617611974490426e-01
5.692565888304705446e+00 -6.442104439835126817e-01
5.705132258919064725e+00 -5.112335062574461242e-01
5.717698629533424004e+00 -6.880226282048067521e-01
5.730265000147783283e+00 -5.580419082510466033e-01
5.742831370762141674e+00 -5.998635492286843451e-01
5.755397741376500953e+00 -6.395076177762912817e-01
5.767964111990860232e+00 -5.168864954427795366e-01
5.780530482605219511e+00 -4.347746293423997987e-01
5.793096853219578790e+00 -4.664983047082844059e-01
5.805663223833938069e+00 -6.070215863978971615e-01
5.818229594448297348e+00 -4.512945584412678124e-01
5.830795965062656627e+00 -3.563188099276329290e-01
5.843362335677015906e+00 -4.537550168984386678e-01
5.855928706291374297e+00 -1.863254695879847656e-01
5.868495076905733576e+00 -6.468077336902439134e-01
5.881061447520092855e+00 -3.725352022479919145e-01
5.893627818134452134e+00 -3.774403070981939279e-01
5.906194188748811413e+00 -3.669318046647764286e-01
5.918760559363170692e+00 -3.397916772261746488e-01
5.931326929977529971e+00 -3.655090478442756252e-01
5.943893300591889250e+00 -4.283722225313095211e-01
5.956459671206248530e+00 -1.572746952017681499e-01
5.969026041820606920e+00 -2.600616190003134376e-01
5.981592412434966199e+00 -1.674588732753485021e-01
5.994158783049325478e+00 -3.321342011196636856e-01
6.006725153663684758e+00 -2.340101838154873548e-01
6.019291524278044037e+00 -3.466431870555955475e-01
6.031857894892402427e+00 -2.664519659702309640e-01
6.044424265506761706e+00 -3.654188332535897588e-01
6.056990636121120986e+00 -2.895246105803274683e-01
6.069557006735480265e+00 -2.595476377774124099e-01
6.082123377349839544e+00 -1.028641219091741971e-01
6.094689747964198823e+00 -1.466105264369153838e-01
6.107256118578558102e+00 -2.375195348405626239e-01
6.119822489192916493e+00 -1.480553528774224969e-01
6.132388859807275772e+00 -9.337784157637471494e-02
6.144955230421635051e+00 -8.629141111488947136e-02
6.157521601035994330e+00 -3.286544935380144583e-01
6.170087971650353609e+00 -1.791593269477029793e-01
6.182654342264712888e+00 -6.046138950286703007e-02
6.195220712879072167e+00 -1.263588208731528106e-01
6.207787083493431446e+00 -4.420062249510147562e-02
6.220353454107790725e+00 6.587888021406913819e-02
6.232919824722149116e+00 -8.724679534146337345e-03
6.245486195336508395e+00 -3.762037719606937947e-02
6.258052565950867674e+00 -5.422436744773329043e-02
6.270618936565226953e+00 -1.017028481358396297e-01
