0.000000000000000000e+00 -1.855590667513402625e-01
1.256637061435917323e-02 -3.397607776955349074e-02
2.513274122871834645e-02 6.048984010780002196e-04
3.769911184307751795e-02 9.058186700209540365e-02
5.026548245743669291e-02 -1.970947472719564164e-01
6.283185307179586787e-02 3.092487625450117406e-02
7.539822368615503589e-02 1.067125602937686324e-01
8.796459430051420392e-02 1.215808806028650380e-01
1.005309649148733858e-01 2.617941947630970656e-01
1.130973355292325677e-01 -5.911269063990483297e-02
1.256637061435917357e-01 9.293283648497616123e-02
1.382300767579508760e-01 -2.292338075382610585e-02
1.507964473723100718e-01 5.033098997679773257e-02
1.633628179866692676e-01 2.185432086204464885e-01
1.759291886010284078e-01 5.177285800599763788e-02
1.884955592153875759e-01 1.528294315347301091e-01
2.010619298297467716e-01 -7.546845243086047761e-03
2.136283004441059397e-01 9.552991318358498851e-02
2.261946710584651354e-01 5.512208234721496791e-02
2.387610416728242757e-01 3.070960812765884951e-01
2.513274122871834715e-01 2.593172612261024357e-01
2.638937829015426395e-01 2.932832720316084218e-01
2.764601535159017520e-01 2.113370982779703422e-01
2.890265241302609756e-01 2.060531475362192833e-01
3.015928947446201436e-01 3.038216078010968491e-01
3.141592653589793116e-01 4.244989377737971026e-01
3.267256359733385351e-01 3.500704028894511266e-01
3.392920065876976476e-01 3.475218601437539134e-01
3.518583772020568157e-01 3.148821908984826279e-01
3.644247478164160392e-01 3.418581224795835816e-01
3.769911184307751517e-01 4.044706605432250024e-01
3.895574890451343197e-01 2.864202616015928404e-01
4.021238596594935433e-01 5.684538228147052452e-01
4.146902302738527113e-01 3.356070148183797897e-01
4.272566008882118793e-01 3.941983762641247391e-01
4.398229715025711029e-01 3.763395332114037317e-01
4.523893421169302709e-01 4.847812880499873800e-01
4.649557127312893834e-01 6.267034787984693267e-01
4.775220833456485514e-01 4.817305639889362112e-01
4.900884539600077194e-01 4.681845858427783891e-01
5.026548245743669430e-01 4.381621730114721447e-01
5.152211951887261110e-01 5.529189638289032649e-01
5.277875658030852790e-01 4.565868478209178516e-01
5.403539364174444470e-01 5.003686410356468217e-01
5.529203070318035040e-01 4.888684983362281411e-01
5.654866776461627831e-01 5.806781738736834786e-01
5.780530482605219511e-01 5.495891083581913028e-01
5.906194188748811191e-01 7.185336617778738111e-01
6.031857894892402872e-01 6.027595120373765436e-01
6.157521601035994552e-01 4.298619962076076773e-01
6.283185307179586232e-01 7.696548130123171960e-01
6.408849013323177912e-01 5.374597027841008234e-01
6.534512719466770703e-01 6.315372928182678702e-01
6.660176425610361273e-01 5.630869721292314223e-01
6.785840131753952953e-01 5.709978050076013334e-01
6.911503837897544633e-01 6.739035222059587271e-01
7.037167544041136313e-01 5.836520429017910683e-01
7.162831250184729104e-01 5.249467308298574331e-01
7.288494956328320784e-01 7.117687193712421978e-01
7.414158662471912464e-01 7.212180466391768796e-01
7.539822368615503034e-01 7.710210856119757983e-01
7.665486074759094715e-01 6.233626216552810018e-01
7.791149780902686395e-01 7.072911054185270219e-01
7.916813487046279185e-01 6.380748863094387602e-01
8.042477193189870865e-01 8.480305408984432081e-01
8.168140899333462546e-01 7.415237886983059301e-01
8.293804605477054226e-01 7.840395568148686989e-01
8.419468311620645906e-01 7.336612895205125717e-01
8.545132017764237586e-01 6.694978061930507707e-01
8.670795723907829267e-01 6.983269012034243328e-01
8.796459430051422057e-01 8.172993180878668218e-01
8.922123136195013737e-01 6.693133744768556825e-01
9.047786842338605418e-01 7.946077845581670518e-01
9.173450548482194877e-01 7.785386899579517239e-01
9.299114254625787668e-01 1.014019947700538715e+00
9.424777960769379348e-01 7.634820407711269130e-01
9.550441666912971028e-01 7.791147275343492939e-01
9.676105373056562708e-01 8.759913537987391585e-01
9.801769079200154389e-01 7.159180460032106286e-01
9.927432785343746069e-01 8.807692513772721332e-01
1.005309649148733886e+00 8.584685366884868829e-01
1.017876019763092943e+00 8.478139572397030976e-01
1.030442390377452222e+00 8.021671166253557805e-01
1.043008760991811279e+00 9.344102551647426314e-01
1.055575131606170558e+00 8.412389396612101056e-01
1.068141502220529837e+00 9.494151439456088859e-01
1.080707872834888894e+00 9.729599593004097935e-01
1.093274243449248173e+00 8.479998875149349358e-01
1.105840614063607008e+00 9.037140420955436237e-01
1.118406984677966287e+00 1.046761592726317636e+00
1.130973355292325566e+00 1.023794910239805400e+00
1.143539725906684623e+00 1.023673885544564177e+00
1.156106096521043902e+00 9.502073266676619445e-01
1.168672467135402959e+00 9.054978495049920140e-01
1.181238837749762238e+00 8.857993427368373585e-01
1.193805208364121295e+00 7.968882466822387878e-01
1.206371578978480574e+00 1.066136303253284456e+00
1.218937949592839853e+00 8.882544384258439507e-01
1.231504320207198910e+00 1.021793153828270517e+00
1.244070690821558189e+00 1.134530948221617486e+00
1.256637061435917246e+00 9.050315042408704214e-01
1.269203432050276525e+00 9.207685197030732738e-01
1.281769802664635582e+00 9.062426934559314473e-01
1.294336173278994861e+00 7.757766556781309220e-01
1.306902543893354141e+00 1.025050513484543124e+00
1.319468914507712975e+00 1.059542732840955015e+00
1.332035285122072255e+00 9.437861655051675847e-01
1.344601655736431534e+00 8.589204358674712436e-01
1.357168026350790591e+00 8.964071782212305051e-01
1.369734396965149870e+00 6.909966153404174527e-01
1.382300767579508927e+00 8.921772639494953694e-01
1.394867138193868206e+00 1.115250778963109646e+00
1.407433508808227263e+00 1.048332603309500843e+00
1.419999879422586542e+00 1.202801080863372007e+00
1.432566250036945821e+00 1.069348621217911965e+00
1.445132620651304878e+00 9.728630305684270452e-01
1.457698991265664157e+00 9.914514507180388625e-01
1.470265361880023214e+00 1.189375417883973274e+00
1.482831732494382493e+00 6.993771623274627203e-01
1.495398103108741550e+00 1.085178355937732375e+00
1.507964473723100607e+00 1.035852946238108530e+00
1.520530844337459886e+00 1.132172575610116194e+00
1.533097214951818943e+00 8.197302969372020076e-01
1.545663585566178222e+00 9.654200574470566121e-01
1.558229956180537279e+00 1.047774689838156137e+00
1.570796326794896558e+00 1.061562240888811459e+00
1.583362697409255837e+00 9.474087535923839676e-01
1.595929068023614894e+00 1.136252333964818950e+00
1.608495438637974173e+00 9.684929720248559581e-01
1.621061809252333230e+00 9.655414139482781932e-01
1.633628179866692509e+00 1.081621382595610248e+00
1.646194550481051566e+00 1.178665147314397865e+00
1.658760921095410845e+00 9.250773514526454688e-01
1.671327291709770124e+00 9.910956837329919500e-01
1.683893662324129181e+00 1.115642248097126865e+00
1.696460032938488460e+00 1.262018913329117753e+00
1.709026403552847517e+00 8.356961990194780032e-01
1.721592774167206796e+00 1.095686901767121579e+00
1.734159144781565853e+00 1.146176269021704552e+00
1.746725515395925132e+00 1.020473930974451271e+00
1.759291886010284411e+00 1.135644359151983362e+00
1.771858256624643468e+00 9.609351235996310692e-01
1.784424627239002747e+00 1.036387505811062093e+00
1.796990997853361804e+00 1.210111146170537610e+00
1.809557368467721084e+00 9.101214755241980869e-01
1.822123739082079918e+00 1.052464388997695455e+00
1.834690109696438975e+00 1.072327733432328012e+00
1.847256480310798255e+00 1.031084105802129391e+00
1.859822850925157534e+00 9.887491465558836401e-01
1.872389221539516591e+00 7.829853890706699460e-01
1.884955592153875870e+00 8.555016312269687617e-01
1.897521962768234927e+00 9.256844425445246438e-01
1.910088333382594206e+00 8.982447680537525292e-01
1.922654703996953263e+00 1.154183770053776037e+00
1.935221074611312542e+00 8.428975829610148018e-01
1.947787445225671821e+00 8.885740979694992658e-01
1.960353815840030878e+00 9.393563257287270707e-01
1.972920186454390157e+00 8.051048794062830583e-01
1.985486557068749214e+00 7.780855007895854936e-01
1.998052927683108493e+00 7.484134855149014998e-01
2.010619298297467772e+00 8.539177653623236663e-01
2.023185668911826607e+00 1.050337014759514132e+00
2.035752039526185886e+00 8.733626049714359185e-01
2.048318410140545165e+00 9.034486731480685373e-01
2.060884780754904444e+00 8.028813956421742004e-01
2.073451151369263723e+00 1.001680726203676652e+00
2.086017521983622558e+00 9.765789180480267673e-01
2.098583892597981837e+00 1.006066554427362369e+00
2.111150263212341116e+00 9.073817763181519780e-01
2.123716633826700395e+00 9.256311148050870852e-01
2.136283004441059674e+00 7.334037541844531383e-01
2.148849375055418509e+00 9.345797606386805345e-01
2.161415745669777788e+00 7.821225988417679353e-01
2.173982116284137067e+00 7.733858232736958715e-01
2.186548486898496346e+00 6.974096341133241284e-01
2.199114857512855181e+00 7.107448304987751264e-01
2.211681228127214016e+00 7.916857238641146211e-01
2.224247598741573295e+00 7.115156581021413462e-01
2.236813969355932574e+00 7.068018083359022263e-01
2.249380339970291853e+00 6.809028899209860208e-01
2.261946710584651132e+00 5.554357134704293042e-01
2.274513081199009967e+00 8.096731404500189244e-01
2.287079451813369246e+00 6.721971255858611993e-01
2.299645822427728525e+00 8.122565001332542334e-01
2.312212193042087804e+00 7.325104147286957135e-01
2.324778563656447083e+00 8.489745600629142741e-01
2.337344934270805918e+00 8.439146639369965452e-01
2.349911304885165197e+00 5.315147261484691743e-01
2.362477675499524477e+00 6.275333147052967186e-01
2.375044046113883756e+00 6.243745904676958336e-01
2.387610416728242591e+00 6.943608193374494197e-01
2.400176787342601870e+00 6.759683860874433625e-01
2.412743157956961149e+00 6.487099617246449013e-01
2.425309528571320428e+00 7.598109577552092375e-01
2.437875899185679707e+00 8.077693199414088809e-01
2.450442269800038542e+00 6.848103562635200481e-01
2.463008640414397821e+00 7.053973005953366737e-01
2.475575011028757100e+00 6.435760745223837453e-01
2.488141381643116379e+00 6.406164950491003429e-01
2.500707752257475658e+00 8.872528512072781481e-01
2.513274122871834493e+00 7.186434965659609375e-01
2.525840493486193772e+00 5.870505360161593078e-01
2.538406864100553051e+00 4.517736635703484271e-01
2.550973234714912330e+00 5.360969155405880260e-01
2.563539605329271165e+00 4.704835080978829742e-01
2.576105975943630444e+00 5.431043862078931417e-01
2.588672346557989723e+00 7.086283755868488798e-01
2.601238717172349002e+00 3.952203751440224178e-01
2.613805087786708281e+00 6.294271072889447982e-01
2.626371458401067116e+00 2.399814451383645575e-01
2.638937829015425951e+00 4.014167665066825652e-01
2.651504199629785230e+00 5.024489969714646120e-01
2.664070570244144509e+00 3.175887115046587272e-01
2.676636940858503788e+00 4.849386877205301150e-01
2.689203311472863067e+00 5.033579720387583167e-01
2.701769682087221902e+00 4.421746490639091864e-01
2.714336052701581181e+00 3.583671303721276402e-01
2.726902423315940460e+00 3.718060996886312641e-01
2.739468793930299739e+00 4.291931682413583915e-01
2.752035164544658574e+00 2.728439814014336218e-01
2.764601535159017853e+00 4.735114585824420907e-01
2.777167905773377132e+00 3.628461641678681904e-01
2.789734276387736411e+00 3.399012476753878187e-01
2.802300647002095690e+00 5.201185209647536389e-01
2.814867017616454525e+00 3.824299054506206663e-01
2.827433388230813804e+00 2.603965806283092821e-01
2.839999758845173083e+00 3.309635720297519068e-01
2.852566129459532362e+00 1.353928960558732630e-01
2.865132500073891642e+00 2.145069616852681438e-01
2.877698870688250476e+00 2.239717531757730862e-01
2.890265241302609756e+00 2.630798160538603270e-01
2.902831611916969035e+00 3.284643287527327926e-01
2.915397982531328314e+00 3.388081430671484595e-01
2.927964353145687149e+00 2.847578276668541464e-01
2.940530723760046428e+00 2.203392243411859686e-01
2.953097094374405707e+00 2.679443078289181490e-02
2.965663464988764986e+00 7.802279121290617292e-02
2.978229835603124265e+00 9.990391813841485724e-02
2.990796206217483100e+00 1.396215910129806059e-01
3.003362576831842379e+00 1.162984284600386137e-01
3.015928947446201214e+00 7.870339328176051419e-02
3.028495318060560493e+00 8.855317101028969962e-02
3.041061688674919772e+00 2.388598097316586844e-01
3.053628059289279051e+00 1.485979730245353680e-01
3.066194429903637886e+00 8.350672992330678002e-02
3.078760800517997165e+00 -6.905652930115926957e-03
3.091327171132356444e+00 -6.327263774271385532e-02
3.103893541746715723e+00 -8.588097731232124943e-02
3.116459912361074558e+00 -8.442864508408799706e-02
3.129026282975433837e+00 -1.536037289194565336e-01
3.141592653589793116e+00 -2.456165342351587441e-02
3.154159024204152395e+00 8.524510389207166916e-02
3.166725394818511674e+00 -6.427739161469393780e-02
3.179291765432870509e+00 -2.833471726101964849e-01
3.191858136047229788e+00 3.928367262173854124e-03
3.204424506661589067e+00 -1.092358825707576836e-01
3.216990877275948346e+00 -2.276509392833785395e-01
3.229557247890307181e+00 1.508800102128981524e-01
3.242123618504666460e+00 -1.560171551675875456e-01
3.254689989119025739e+00 -1.932594848937604914e-01
3.267256359733385018e+00 -2.623034074652604852e-01
3.279822730347744297e+00 -3.358252787499733105e-01
3.292389100962103132e+00 -3.726624555219003321e-02
3.304955471576462411e+00 -1.336574852154758797e-01
3.317521842190821690e+00 -1.805703801821973153e-01
3.330088212805180969e+00 -1.300999804171460161e-01
3.342654583419540248e+00 -1.291431225088240931e-01
3.355220954033899083e+00 -2.260339143507138493e-01
3.367787324648258362e+00 -3.512005369708378621e-01
3.380353695262617642e+00 -1.588004058944309516e-01
3.392920065876976921e+00 -1.720168934944207584e-01
3.405486436491335756e+00 -2.649432434134048608e-01
3.418052807105695035e+00 -2.545524439411531170e-01
3.430619177720054314e+00 -2.998713172070555100e-01
3.443185548334413593e+00 -1.990394610632993944e-01
3.455751918948772872e+00 -3.229249158787116381e-01
3.468318289563131707e+00 -3.491461400652411950e-01
3.480884660177490986e+00 -3.862548319397824947e-01
3.493451030791850265e+00 -2.001345338682891384e-01
3.506017401406209544e+00 -5.432173752194671135e-01
3.518583772020568823e+00 -2.549914697232405492e-01
3.531150142634927658e+00 -4.681825710965286103e-01
3.543716513249286937e+00 -1.528612848612551089e-01
3.556282883863646216e+00 -3.966281395420038214e-01
3.568849254478005495e+00 -2.603205854850672019e-01
3.581415625092364330e+00 -4.983065996816742893e-01
3.593981995706723609e+00 -4.007861983136941086e-01
3.606548366321082888e+00 -5.689179030793461989e-01
3.619114736935442167e+00 -2.928297899275215666e-01
3.631681107549800558e+00 -3.077915604346457834e-01
3.644247478164159837e+00 -4.328095077159010429e-01
3.656813848778519116e+00 -4.031855768316335853e-01
3.669380219392877951e+00 -4.043382049910715925e-01
3.681946590007237230e+00 -4.181405232830568419e-01
3.694512960621596509e+00 -5.856497804135639695e-01
3.707079331235955788e+00 -6.466535710583600771e-01
3.719645701850315067e+00 -5.470546007995975568e-01
3.732212072464673902e+00 -4.986524146431763893e-01
3.744778443079033181e+00 -6.449639188848181881e-01
3.757344813693392460e+00 -6.407124457144178775e-01
3.769911184307751739e+00 -6.265963276054890008e-01
3.782477554922110574e+00 -5.712491275057399731e-01
3.795043925536469853e+00 -6.343076086312446904e-01
3.807610296150829132e+00 -5.771455201015989189e-01
3.820176666765188411e+00 -6.265666318037532712e-01
3.832743037379547690e+00 -5.775543496680090039e-01
3.845309407993906525e+00 -5.486516613656584607e-01
3.857875778608265804e+00 -6.563857393558312214e-01
3.870442149222625083e+00 -5.690484602826708649e-01
3.883008519836984362e+00 -6.441680462163410503e-01
3.895574890451343641e+00 -6.388900160508916848e-01
3.908141261065702476e+00 -7.153607031116241410e-01
3.920707631680061755e+00 -4.741993692080301859e-01
3.933274002294421035e+00 -7.262774362356458902e-01
3.945840372908780314e+00 -6.208231923746345693e-01
3.958406743523139149e+00 -8.418256078984706070e-01
3.970973114137498428e+00 -6.255899486002256538e-01
3.983539484751857707e+00 -8.199712035498684104e-01
3.996105855366216986e+00 -7.250492570004561932e-01
4.008672225980576265e+00 -7.346168943200321877e-01
4.021238596594935544e+00 -6.112410249208051205e-01
4.033804967209294823e+00 -8.676306323656624020e-01
4.046371337823653214e+00 -8.097066539855839462e-01
4.058937708438012493e+00 -8.168237941162520555e-01
4.071504079052371772e+00 -7.351235480585334159e-01
4.084070449666731051e+00 -7.567200592562971506e-01
4.096636820281090330e+00 -8.763834308517655103e-01
4.109203190895449609e+00 -7.168361167401449130e-01
4.121769561509808888e+00 -6.934393112251024949e-01
4.134335932124168167e+00 -8.083234553799913957e-01
4.146902302738527446e+00 -8.916965360884194780e-01
4.159468673352886725e+00 -9.445700327319623835e-01
4.172035043967245116e+00 -8.548416432809412546e-01
4.184601414581604395e+00 -8.425581843982008490e-01
4.197167785195963674e+00 -7.590180483608884865e-01
4.209734155810322953e+00 -9.022776105079798326e-01
4.222300526424682232e+00 -8.246784283979593511e-01
4.234866897039041511e+00 -8.707033129387309334e-01
4.247433267653400790e+00 -9.001286376210019258e-01
4.259999638267760069e+00 -9.356313989456231939e-01
4.272566008882119348e+00 -9.909420173581822144e-01
4.285132379496477739e+00 -1.002712039645113240e+00
4.297698750110837018e+00 -9.673740067488126870e-01
4.310265120725196297e+00 -1.004525984578037212e+00
4.322831491339555576e+00 -9.736874141047406894e-01
4.335397861953914855e+00 -7.838094892375955247e-01
4.347964232568274134e+00 -9.698198870879403133e-01
4.360530603182633413e+00 -1.030911685759077656e+00
4.373096973796992692e+00 -9.801330596776630655e-01
4.385663344411351972e+00 -9.073750583384393442e-01
4.398229715025710362e+00 -1.027316170751019664e+00
4.410796085640069641e+00 -9.128595224191259350e-01
4.423362456254428032e+00 -8.998798149913852518e-01
4.435928826868787311e+00 -9.598700038331021700e-01
4.448495197483146590e+00 -1.012020445456224937e+00
4.461061568097505869e+00 -8.437245994510762515e-01
4.473627938711865148e+00 -8.977955569086220056e-01
4.486194309326224428e+00 -9.901426514477128515e-01
4.498760679940583707e+00 -9.579429803195549376e-01
4.511327050554942986e+00 -1.069265447038548755e+00
4.523893421169302265e+00 -1.121160577652410062e+00
4.536459791783661544e+00 -1.035256314571504799e+00
4.549026162398019935e+00 -1.050185652306721895e+00
4.561592533012379214e+00 -8.972808611761576847e-01
4.574158903626738493e+00 -9.310813147603071993e-01
4.586725274241097772e+00 -9.616861368139454358e-01
4.599291644855457051e+00 -9.617523014019967453e-01
4.611858015469816330e+00 -8.359733493413882277e-01
4.624424386084175609e+00 -1.037182132771953702e+00
4.636990756698534888e+00 -1.116360858106108189e+00
4.649557127312894167e+00 -1.145645117730735185e+00
4.662123497927252558e+00 -1.043256197603954938e+00
4.674689868541611837e+00 -1.088455301225818905e+00
4.687256239155971116e+00 -9.088566219467186791e-01
4.699822609770330395e+00 -1.139767388891791855e+00
4.712388980384689674e+00 -9.726193313136053398e-01
4.724955350999048953e+00 -1.034390515941518318e+00
4.737521721613408232e+00 -1.069168236424619112e+00
4.750088092227767511e+00 -8.927093408294582977e-01
4.762654462842126790e+00 -1.184143821329254553e+00
4.775220833456485181e+00 -1.205435822499117293e+00
4.787787204070844460e+00 -8.463351409251986812e-01
4.800353574685203739e+00 -1.105056142408789466e+00
4.812919945299563018e+00 -1.061547024374162262e+00
4.825486315913922297e+00 -1.020949628197063364e+00
4.838052686528281576e+00 -1.111019889201396271e+00
4.850619057142640855e+00 -9.359043578679313580e-01
4.863185427757000134e+00 -9.778517795323417028e-01
4.875751798371359413e+00 -9.570030556128817922e-01
4.888318168985717804e+00 -9.887578032080909241e-01
4.900884539600077083e+00 -1.107888448800328218e+00
4.913450910214436362e+00 -9.376315752801536174e-01
4.926017280828795641e+00 -1.144603139312874163e+00
4.938583651443154920e+00 -9.953283469233807912e-01
4.951150022057514200e+00 -7.338661099284120581e-01
4.963716392671873479e+00 -1.005775939348976245e+00
4.976282763286232758e+00 -1.078072258208177647e+00
4.988849133900592037e+00 -9.638604171059583781e-01
5.001415504514951316e+00 -9.162742911895370712e-01
5.013981875129309707e+00 -8.013118725960671762e-01
5.026548245743668986e+00 -1.094377204805598192e+00
5.039114616358028265e+00 -9.322598199210262448e-01
5.051680986972387544e+00 -1.164493856082123413e+00
5.064247357586746823e+00 -7.222364792706567060e-01
5.076813728201106102e+00 -9.376825309633605166e-01
5.089380098815465381e+00 -8.397523149868771908e-01
5.101946469429824660e+00 -8.696689724985785519e-01
5.114512840044183939e+00 -9.396727129600146444e-01
5.127079210658542330e+00 -9.885001105249104913e-01
5.139645581272901609e+00 -9.629154801646869766e-01
5.152211951887260888e+00 -8.979910881076624829e-01
5.164778322501620167e+00 -9.690645129481374465e-01
5.177344693115979446e+00 -8.596467858383504135e-01
5.189911063730338725e+00 -9.069718632297503191e-01
5.202477434344698004e+00 -1.133028315925086904e+00
5.215043804959057283e+00 -8.182420854084766493e-01
5.227610175573416562e+00 -9.919120039081712470e-01
5.240176546187774953e+00 -6.964279110041902143e-01
5.252742916802134232e+00 -1.070438773050054859e+00
5.265309287416492623e+00 -7.524287655010724052e-01
5.277875658030851902e+00 -7.510867297037034929e-01
5.290442028645211181e+00 -7.407112107657893851e-01
5.303008399259570460e+00 -1.003558009022420316e+00
5.315574769873929739e+00 -7.337272333289942550e-01
5.328141140488289018e+00 -7.227485969638373087e-01
5.340707511102648297e+00 -7.202177193524250676e-01
5.353273881717007576e+00 -7.789658419237023290e-01
5.365840252331366855e+00 -7.966877184996923322e-01
5.378406622945726134e+00 -8.383230295990092840e-01
5.390972993560084525e+00 -8.114818264018167637e-01
5.403539364174443804e+00 -8.941695995884619830e-01
5.416105734788803083e+00 -8.171869435369363277e-01
5.428672105403162362e+00 -7.638248245980491236e-01
5.441238476017521641e+00 -7.624381100567482195e-01
5.453804846631880920e+00 -7.198649909409586822e-01
5.466371217246240199e+00 -7.081228934744833170e-01
5.478937587860599479e+00 -7.616966162937265361e-01
5.491503958474958758e+00 -6.413497812335076098e-01
5.504070329089317148e+00 -7.069063734696793277e-01
5.516636699703676427e+00 -8.444544676025085295e-01
5.529203070318035707e+00 -5.888570992254631431e-01
5.541769440932394986e+00 -4.355394589714788323e-01
5.554335811546754265e+00 -6.818198231162404532e-01
5.566902182161113544e+00 -7.315782169305966587e-01
5.579468552775472823e+00 -5.733362738235507905e-01
5.592034923389832102e+00 -5.403860350654510203e-01
5.604601294004191381e+00 -6.852047144109534305e-01
5.617167664618549772e+00 -6.114440123463792398e-01
5.629734035232909051e+00 -5.725762536404001013e-01
5.642300405847268330e+00 -6.406501376802392622e-01
5.654866776461627609e+00 -5.344578323598838665e-01
5.667433147075986888e+00 -6.270668703354318474e-01
5.679999517690346167e+00 -7.128987798725746616e-01
5.692565888304705446e+00 -5.645520776754132664e-01
5.705132258919064725e+00 -5.513114244135790543e-01
5.717698629533424004e+00 -5.727625609491057146e-01
5.730265000147783283e+00 -6.355902394318326820e-01
5.742831370762141674e+00 -5.672261413990539181e-01
5.755397741376500953e+00 -6.302321266034646152e-01
5.767964111990860232e+00 -4.925551805844354258e-01
5.780530482605219511e+00 -6.139494191278274116e-01
5.793096853219578790e+00 -3.378812411108546021e-01
5.805663223833938069e+00 -5.140111680831709329e-01
5.818229594448297348e+00 -5.052673125213155148e-01
5.830795965062656627e+00 -4.346977285659568979e-01
5.843362335677015906e+00 -4.520355144446612239e-01
5.855928706291374297e+00 -3.871533169762809146e-01
5.868495076905733576e+00 -3.568216736822965585e-01
5.881061447520092855e+00 -4.831816088933403308e-01
5.893627818134452134e+00 -4.029799879840391119e-01
5.906194188748811413e+00 -3.472737456932492583e-01
5.918760559363170692e+00 -2.848386812579728478e-01
5.931326929977529971e+00 -4.964109492836400461e-01
5.943893300591889250e+00 -3.213086490612215296e-01
5.956459671206248530e+00 -2.408581589673498280e-01
5.969026041820606920e+00 -5.340270519719281239e-01
5.981592412434966199e+00 -2.653047624013665784e-01
5.994158783049325478e+00 -3.081543767392580513e-01
6.006725153663684758e+00 -3.537104558282624378e-01
6.019291524278044037e+00 -1.006047225033791515e-01
6.031857894892402427e+00 -1.408537372385142428e-01
6.044424265506761706e+00 -1.746183927093660770e-01
6.056990636121120986e+00 -2.184187108598108773e-01
6.069557006735480265e+00 -2.390998135301266037e-01
6.082123377349839544e+00 -1.334715745044178226e-01
6.094689747964198823e+00 -2.407621110026600675e-01
6.107256118578558102e+00 -1.993162876226048097e-01
6.119822489192916493e+00 -6.159508016798759256e-02
6.132388859807275772e+00 -1.966742536210115411e-01
6.144955230421635051e+00 -1.695254559356403345e-01
6.157521601035994330e+00 -1.650230351939140361e-01
6.170087971650353609e+00 -1.199401101746814247e-01
6.182654342264712888e+00 -1.138015223252313024e-01
6.195220712879072167e+00 -1.034907808862455397e-01
6.207787083493431446e+00 -5.836894922915080580e-02
6.220353454107790725e+00 -1.572793070414232330e-01
6.232919824722149116e+00 -7.879828934030125298e-02
6.245486195336508395e+00 2.886757553298608531e-02
6.258052565950867674e+00 -1.190326530094170526e-01
6.270618936565226953e+00 -5.246004165750525056e-02
