0.000000000000000000e+00 3.852263018336712225e-02
1.256637061435917323e-02 -1.432065828109660433e-04
2.513274122871834645e-02 2.856979683029813727e-02
3.769911184307751795e-02 -1.448288775471163470e-01
5.026548245743669291e-02 -1.311890073368968124e-02
6.283185307179586787e-02 7.488871990085653463e-03
7.539822368615503589e-02 5.234609210973924232e-02
8.796459430051420392e-02 4.219277044407674510e-02
1.005309649148733858e-01 -3.719983014287678302e-03
1.130973355292325677e-01 1.182230630148197736e-01
1.256637061435917357e-01 1.551578345008755022e-01
1.382300767579508760e-01 1.549269446386368487e-01
1.507964473723100718e-01 8.537500675091853897e-02
1.633628179866692676e-01 2.560243989611257209e-01
1.759291886010284078e-01 -9.371779705719784914e-03
1.884955592153875759e-01 1.819628144453417362e-01
2.010619298297467716e-01 7.776012844164219284e-02
2.136283004441059397e-01 3.272100246592572481e-01
2.261946710584651354e-01 3.674152730386668342e-01
2.387610416728242757e-01 1.021455870532000376e-01
2.513274122871834715e-01 2.287868141770739161e-01
2.638937829015426395e-01 1.289659106608369021e-01
2.764601535159017520e-01 2.801818747565847922e-01
2.890265241302609756e-01 3.698538779915236940e-01
3.015928947446201436e-01 2.760920744985528863e-01
3.141592653589793116e-01 4.437997334232401392e-01
3.267256359733385351e-01 4.773217544253638978e-01
3.392920065876976476e-01 2.565129540488798043e-01
3.518583772020568157e-01 3.199031380758228793e-01
3.644247478164160392e-01 2.620076258646839018e-01
3.769911184307751517e-01 3.979651866425810702e-01
3.895574890451343197e-01 4.703431271206325315e-01
4.021238596594935433e-01 4.400427036327838604e-01
4.146902302738527113e-01 4.949535100866441772e-01
4.272566008882118793e-01 4.385532793720570144e-01
4.398229715025711029e-01 2.400264113514708197e-01
4.523893421169302709e-01 5.181584273604766810e-01
4.649557127312893834e-01 4.052503288607579024e-01
4.775220833456485514e-01 3.873624077471219396e-01
4.900884539600077194e-01 3.336542217817751732e-01
5.026548245743669430e-01 5.555042536605808712e-01
5.152211951887261110e-01 4.842492742306956921e-01
5.277875658030852790e-01 4.785571524658296383e-01
5.403539364174444470e-01 7.774335675050595418e-01
5.529203070318035040e-01 5.621973594675410135e-01
5.654866776461627831e-01 5.391870448346118838e-01
5.780530482605219511e-01 7.825240770275567748e-01
5.906194188748811191e-01 6.374849426143461839e-01
6.031857894892402872e-01 5.075436891753681845e-01
6.157521601035994552e-01 4.477373541339420004e-01
6.283185307179586232e-01 5.454235598546759434e-01
6.408849013323177912e-01 5.807947427080201175e-01
6.534512719466770703e-01 5.068251024306886787e-01
6.660176425610361273e-01 6.021879727039032293e-01
6.785840131753952953e-01 6.895185166835103852e-01
6.911503837897544633e-01 5.849111834189970605e-01
7.037167544041136313e-01 7.091376890546912115e-01
7.162831250184729104e-01 6.174817263578917803e-01
7.288494956328320784e-01 5.074303164809739197e-01
7.414158662471912464e-01 6.041023136515426550e-01
7.539822368615503034e-01 7.453020029601582497e-01
7.665486074759094715e-01 6.645688084171236243e-01
7.791149780902686395e-01 5.592510795038537763e-01
7.916813487046279185e-01 6.743150127465251664e-01
8.042477193189870865e-01 7.242544030728768067e-01
8.168140899333462546e-01 9.349179778387004536e-01
8.293804605477054226e-01 6.628217495254521419e-01
8.419468311620645906e-01 9.034327915663344921e-01
8.545132017764237586e-01 7.628212025705833899e-01
8.670795723907829267e-01 8.107996575933120731e-01
8.796459430051422057e-01 8.492125811275313962e-01
8.922123136195013737e-01 7.124221094542995125e-01
9.047786842338605418e-01 6.955805156296357428e-01
9.173450548482194877e-01 7.845528728193041923e-01
9.299114254625787668e-01 7.970479405999698619e-01
9.424777960769379348e-01 7.692301287651636121e-01
9.550441666912971028e-01 8.101341993845055933e-01
9.676105373056562708e-01 8.301372090225114242e-01
9.801769079200154389e-01 9.622956538982005981e-01
9.927432785343746069e-01 7.917005732339456037e-01
1.005309649148733886e+00 9.514731418689609255e-01
1.017876019763092943e+00 7.794670523823092889e-01
1.030442390377452222e+00 8.464057354133879274e-01
1.043008760991811279e+00 7.930448817024919883e-01
1.055575131606170558e+00 7.806464401214414650e-01
1.068141502220529837e+00 7.939640997789544352e-01
1.080707872834888894e+00 8.459693026794526949e-01
1.093274243449248173e+00 8.254378255364669403e-01
1.105840614063607008e+00 9.768051313635975896e-01
1.118406984677966287e+00 9.162067680478224174e-01
1.130973355292325566e+00 8.663332449271708979e-01
1.143539725906684623e+00 1.168857834849960087e+00
1.156106096521043902e+00 6.911476228031814273e-01
1.168672467135402959e+00 9.332587361229026657e-01
1.181238837749762238e+00 1.048384261482765201e+00
1.193805208364121295e+00 8.295897454523832870e-01
1.206371578978480574e+00 1.111798780309988466e+00
1.218937949592839853e+00 7.858560324633775407e-01
1.231504320207198910e+00 9.488099018276686669e-01
1.244070690821558189e+00 8.596616459486872142e-01
1.256637061435917246e+00 1.012865378598841737e+00
1.269203432050276525e+00 9.459580565208728364e-01
1.281769802664635582e+00 8.326022160098982550e-01
1.294336173278994861e+00 7.972863353583971024e-01
1.306902543893354141e+00 1.141460310216184215e+00
1.319468914507712975e+00 9.650007878710664677e-01
1.332035285122072255e+00 9.960526878358018088e-01
1.344601655736431534e+00 9.001016014421031608e-01
1.357168026350790591e+00 9.802210319242555814e-01
1.369734396965149870e+00 1.069028099101917650e+00
1.382300767579508927e+00 1.057554806659547930e+00
1.394867138193868206e+00 9.390243108424608520e-01
1.407433508808227263e+00 9.502664893642540633e-01
1.419999879422586542e+00 8.843547242035291189e-01
1.432566250036945821e+00 8.705227526205968624e-01
1.445132620651304878e+00 1.131990863435746286e+00
1.457698991265664157e+00 9.511767183719448404e-01
1.470265361880023214e+00 1.157103668417152287e+00
1.482831732494382493e+00 7.223757524367351301e-01
1.495398103108741550e+00 1.073501863937285083e+00
1.507964473723100607e+00 1.033998205819224081e+00
1.520530844337459886e+00 1.107912545055499187e+00
1.533097214951818943e+00 9.206371340568646477e-01
1.545663585566178222e+00 1.036086480159932544e+00
1.558229956180537279e+00 1.085518072327879446e+00
1.570796326794896558e+00 1.108287429689331027e+00
1.583362697409255837e+00 1.133699634529183431e+00
1.595929068023614894e+00 1.006249684039598469e+00
1.608495438637974173e+00 1.000942079553659214e+00
1.621061809252333230e+00 9.292893471974010833e-01
1.633628179866692509e+00 1.140879591658497949e+00
1.646194550481051566e+00 8.939096272496518392e-01
1.658760921095410845e+00 9.132672382988102910e-01
1.671327291709770124e+00 1.048819239716343166e+00
1.683893662324129181e+00 1.093102085102400478e+00
1.696460032938488460e+00 1.034765122507414592e+00
1.709026403552847517e+00 1.008624015575910748e+00
1.721592774167206796e+00 1.107251431096716976e+00
1.734159144781565853e+00 1.118795611089329345e+00
1.746725515395925132e+00 1.039387062058081845e+00
1.759291886010284411e+00 8.919278073773664328e-01
1.771858256624643468e+00 9.234732714692200917e-01
1.784424627239002747e+00 9.518969929154217358e-01
1.796990997853361804e+00 9.809045111844912901e-01
1.809557368467721084e+00 1.052896870934596496e+00
1.822123739082079918e+00 1.157105744729365782e+00
1.834690109696438975e+00 1.065902449679793973e+00
1.847256480310798255e+00 9.260400673733247823e-01
1.859822850925157534e+00 1.094255089907626877e+00
1.872389221539516591e+00 1.099726956588335858e+00
1.884955592153875870e+00 9.488157372383166921e-01
1.897521962768234927e+00 9.958997238110596228e-01
1.910088333382594206e+00 1.036658599737831032e+00
1.922654703996953263e+00 9.896898736538698449e-01
1.935221074611312542e+00 1.009897342143864396e+00
1.947787445225671821e+00 8.183167362269369027e-01
1.960353815840030878e+00 9.814011999628854399e-01
1.972920186454390157e+00 9.035033221301305151e-01
1.985486557068749214e+00 7.822765595864915600e-01
1.998052927683108493e+00 1.081444280495701182e+00
2.010619298297467772e+00 1.151192487797303432e+00
2.023185668911826607e+00 8.901615147262398331e-01
2.035752039526185886e+00 9.272836699065248878e-01
2.048318410140545165e+00 8.677800832587103663e-01
2.060884780754904444e+00 1.037999661035996057e+00
2.073451151369263723e+00 1.049927644612780764e+00
2.086017521983622558e+00 9.214282623976604025e-01
2.098583892597981837e+00 9.252562976295870545e-01
2.111150263212341116e+00 8.176127475307332082e-01
2.123716633826700395e+00 7.448358564018140449e-01
2.136283004441059674e+00 6.122806239067375422e-01
2.148849375055418509e+00 7.831492204107998178e-01
2.161415745669777788e+00 8.459492195042086493e-01
2.173982116284137067e+00 6.620442368971910518e-01
2.186548486898496346e+00 8.077452648893342912e-01
2.199114857512855181e+00 6.239094707685421959e-01
2.211681228127214016e+00 7.199997856269981789e-01
2.224247598741573295e+00 9.262483130424306044e-01
2.236813969355932574e+00 6.693194536692068652e-01
2.249380339970291853e+00 7.214018404527371420e-01
2.261946710584651132e+00 5.642821100261776746e-01
2.274513081199009967e+00 8.840203299060154229e-01
2.287079451813369246e+00 6.169037943055104556e-01
2.299645822427728525e+00 6.505867452744129587e-01
2.312212193042087804e+00 8.737176856859267815e-01
2.324778563656447083e+00 6.683564953393715813e-01
2.337344934270805918e+00 6.046572178777243067e-01
2.349911304885165197e+00 9.841672331283233266e-01
2.362477675499524477e+00 5.938273648881947642e-01
2.375044046113883756e+00 5.753040603428953847e-01
2.387610416728242591e+00 8.222778387311319159e-01
2.400176787342601870e+00 6.417822166977041887e-01
2.412743157956961149e+00 7.019526249852044986e-01
2.425309528571320428e+00 4.606884699969651109e-01
2.437875899185679707e+00 6.938440086324496603e-01
2.450442269800038542e+00 7.750892611455095782e-01
2.463008640414397821e+00 7.024702303491855426e-01
2.475575011028757100e+00 6.426348030546722434e-01
2.488141381643116379e+00 7.410975923165983303e-01
2.500707752257475658e+00 6.160138342435382830e-01
2.513274122871834493e+00 7.009462510287191028e-01
2.525840493486193772e+00 4.203203768195614698e-01
2.538406864100553051e+00 6.855456587555615044e-01
2.550973234714912330e+00 5.361385543689822786e-01
2.563539605329271165e+00 6.041825398791351720e-01
2.576105975943630444e+00 5.702438518586834260e-01
2.588672346557989723e+00 5.056423968531914559e-01
2.601238717172349002e+00 4.338414651056018423e-01
2.613805087786708281e+00 3.969308829779547021e-01
2.626371458401067116e+00 4.627268017978917181e-01
2.638937829015425951e+00 5.000369202906020938e-01
2.651504199629785230e+00 5.595708843302191760e-01
2.664070570244144509e+00 4.908048206341708575e-01
2.676636940858503788e+00 4.400530355650740799e-01
2.689203311472863067e+00 3.930854442804022630e-01
2.701769682087221902e+00 3.666762222505968727e-01
2.714336052701581181e+00 2.796625942583350621e-01
2.726902423315940460e+00 2.696925516634069431e-01
2.739468793930299739e+00 1.771935474710754632e-01
2.752035164544658574e+00 3.582872853502779842e-01
2.764601535159017853e+00 4.317845665926295373e-01
2.777167905773377132e+00 3.323349205509883442e-01
2.789734276387736411e+00 5.037758175475540723e-01
2.802300647002095690e+00 3.201492380831831297e-01
2.814867017616454525e+00 3.257215657052150992e-01
2.827433388230813804e+00 3.416245290478716612e-01
2.839999758845173083e+00 4.403857225390375163e-01
2.852566129459532362e+00 3.213675399574989489e-01
2.865132500073891642e+00 3.408387556557824771e-01
2.877698870688250476e+00 2.444781726296038349e-01
2.890265241302609756e+00 3.053157899837896094e-01
2.902831611916969035e+00 1.513697192163152017e-01
2.915397982531328314e+00 1.847102393787792562e-01
2.927964353145687149e+00 2.864858247079055120e-02
2.940530723760046428e+00 1.679704981722034696e-01
2.953097094374405707e+00 1.630561571923471176e-01
2.965663464988764986e+00 1.136276677738767699e-01
2.978229835603124265e+00 2.549624745518643820e-01
2.990796206217483100e+00 1.820636969794784399e-01
3.003362576831842379e+00 1.494932856828127266e-01
3.015928947446201214e+00 1.331453114242902858e-01
3.028495318060560493e+00 1.434463839294183030e-01
3.041061688674919772e+00 8.771320305172733423e-03
3.053628059289279051e+00 2.298391181106831382e-01
3.066194429903637886e+00 1.129391277079357381e-01
3.078760800517997165e+00 4.652331545929623557e-02
3.091327171132356444e+00 8.905288238578834559e-02
3.103893541746715723e+00 1.922891021093789746e-02
3.116459912361074558e+00 9.033234259291465784e-02
3.129026282975433837e+00 1.020062166285997801e-01
3.141592653589793116e+00 1.445606385629329312e-02
3.154159024204152395e+00 -1.900544991368117997e-02
3.166725394818511674e+00 -1.326197210904938965e-02
3.179291765432870509e+00 -1.494770138601995146e-01
3.191858136047229788e+00 -1.936884223324658594e-01
3.204424506661589067e+00 3.938260595097795025e-02
3.216990877275948346e+00 -2.244597891472891460e-01
3.229557247890307181e+00 -6.103320462742864438e-02
3.242123618504666460e+00 -1.945270841760813330e-01
3.254689989119025739e+00 -1.871414478380926394e-01
3.267256359733385018e+00 -1.957960283915920197e-02
3.279822730347744297e+00 -7.736344752110073386e-02
3.292389100962103132e+00 -1.433502685298473633e-01
3.304955471576462411e+00 -1.471810887979387028e-01
3.317521842190821690e+00 -1.982648884546142631e-02
3.330088212805180969e+00 -2.014051075202160646e-01
3.342654583419540248e+00 -2.004283711047916416e-01
3.355220954033899083e+00 -2.635827759723757824e-01
3.367787324648258362e+00 -2.960386467443507086e-01
3.380353695262617642e+00 -2.341162015270976393e-01
3.392920065876976921e+00 -1.736540719412772993e-01
3.405486436491335756e+00 -3.398493811123226016e-01
3.418052807105695035e+00 -3.032951235441823101e-01
3.430619177720054314e+00 -3.552046843697218015e-01
3.443185548334413593e+00 -1.795550137798549162e-01
3.455751918948772872e+00 -3.547259601854945710e-01
3.468318289563131707e+00 -3.228533881231061553e-01
3.480884660177490986e+00 -1.517789359863420118e-01
3.493451030791850265e+00 -4.609893449611074945e-01
3.506017401406209544e+00 -3.303788633491763771e-01
3.518583772020568823e+00 -5.403571263535762448e-01
3.531150142634927658e+00 -3.374566651071708168e-01
3.543716513249286937e+00 -3.757986297993289315e-01
3.556282883863646216e+00 -3.909868449729062001e-01
3.568849254478005495e+00 -3.817430257785164316e-01
3.581415625092364330e+00 -3.274351467144663297e-01
3.593981995706723609e+00 -5.516854465326532786e-01
3.606548366321082888e+00 -4.295587357999018363e-01
3.619114736935442167e+00 -3.201739863701178468e-01
3.631681107549800558e+00 -4.161978278071185589e-01
3.644247478164159837e+00 -5.666802850587802087e-01
3.656813848778519116e+00 -5.090484394092879006e-01
3.669380219392877951e+00 -5.136197144815506377e-01
3.681946590007237230e+00 -3.933503739179760594e-01
3.694512960621596509e+00 -6.160397096178682474e-01
3.707079331235955788e+00 -5.451621467969650636e-01
3.719645701850315067e+00 -6.402472867085292618e-01
3.732212072464673902e+00 -5.643486745959775952e-01
3.744778443079033181e+00 -5.918250312677547642e-01
3.757344813693392460e+00 -5.744689529592855726e-01
3.769911184307751739e+00 -5.989956898375782268e-01
3.782477554922110574e+00 -6.375201023625851615e-01
3.795043925536469853e+00 -6.938838492258757595e-01
3.807610296150829132e+00 -6.935556952589667645e-01
3.820176666765188411e+00 -6.388354979078951779e-01
3.832743037379547690e+00 -6.542226984500010278e-01
3.845309407993906525e+00 -7.275083674882631968e-01
3.857875778608265804e+00 -7.095075789041017655e-01
3.870442149222625083e+00 -6.210721554790870069e-01
3.883008519836984362e+00 -6.757967794356721791e-01
3.895574890451343641e+00 -7.272199090215335504e-01
3.908141261065702476e+00 -5.256187298515553330e-01
3.920707631680061755e+00 -8.414756822398415936e-01
3.933274002294421035e+00 -8.055503218504203033e-01
3.945840372908780314e+00 -7.116300047158481412e-01
3.958406743523139149e+00 -6.890145963953706598e-01
3.970973114137498428e+00 -8.556519529308110883e-01
3.983539484751857707e+00 -8.928687560585515381e-01
3.996105855366216986e+00 -7.670340275532632202e-01
4.008672225980576265e+00 -6.214533568365657734e-01
4.021238596594935544e+00 -6.815107259682611218e-01
4.033804967209294823e+00 -7.536735185799458003e-01
4.046371337823653214e+00 -7.914130081137594752e-01
4.058937708438012493e+00 -9.070161859620869960e-01
4.071504079052371772e+00 -6.776168892502513197e-01
4.084070449666731051e+00 -8.614899962339512829e-01
4.096636820281090330e+00 -7.040959461430397193e-01
4.109203190895449609e+00 -9.832534619959780731e-01
4.121769561509808888e+00 -8.559448323048951535e-01
4.134335932124168167e+00 -7.469132875268600369e-01
4.146902302738527446e+00 -9.445404994624342354e-01
4.159468673352886725e+00 -7.549952415467138245e-01
4.172035043967245116e+00 -9.665573143737917761e-01
4.184601414581604395e+00 -8.949524867066191991e-01
4.197167785195963674e+00 -9.047792562695146090e-01
4.209734155810322953e+00 -8.352046414076443881e-01
4.222300526424682232e+00 -7.838501499052755728e-01
4.234866897039041511e+00 -8.667166995203038349e-01
4.247433267653400790e+00 -8.056710046235200373e-01
4.259999638267760069e+00 -9.687062502916216067e-01
4.272566008882119348e+00 -8.930763436370188213e-01
4.285132379496477739e+00 -8.013951026021969293e-01
4.297698750110837018e+00 -8.433405946925743857e-01
4.310265120725196297e+00 -8.909784536773465158e-01
4.322831491339555576e+00 -8.338642178975309571e-01
4.335397861953914855e+00 -9.034161299290627278e-01
4.347964232568274134e+00 -8.028120165355194793e-01
4.360530603182633413e+00 -1.062809127561388678e+00
4.373096973796992692e+00 -9.700644025357206823e-01
4.385663344411351972e+00 -1.004935065156935758e+00
4.398229715025710362e+00 -8.795549739005397161e-01
4.410796085640069641e+00 -7.774542636289492048e-01
4.423362456254428032e+00 -9.678020755132084041e-01
4.435928826868787311e+00 -1.138892572968295269e+00
4.448495197483146590e+00 -9.159043518347649293e-01
4.461061568097505869e+00 -1.263326409647877346e+00
4.473627938711865148e+00 -9.939345467868896389e-01
4.486194309326224428e+00 -1.145167121642330699e+00
4.498760679940583707e+00 -9.163447734791989596e-01
4.511327050554942986e+00 -9.016934184895579740e-01
4.523893421169302265e+00 -1.004429145084424935e+00
4.536459791783661544e+00 -1.118000897610416544e+00
4.549026162398019935e+00 -1.067271351167556448e+00
4.561592533012379214e+00 -9.982613473895504130e-01
4.574158903626738493e+00 -1.066925199113742950e+00
4.586725274241097772e+00 -8.957804871442818229e-01
4.599291644855457051e+00 -9.320827786157169781e-01
4.611858015469816330e+00 -9.754340470681605035e-01
4.624424386084175609e+00 -9.804142802570622317e-01
4.636990756698534888e+00 -1.021330963340734588e+00
4.649557127312894167e+00 -1.028130041647989934e+00
4.662123497927252558e+00 -1.029091762076085992e+00
4.674689868541611837e+00 -9.461022239056412486e-01
4.687256239155971116e+00 -1.005790903198377606e+00
4.699822609770330395e+00 -1.001074206342280171e+00
4.712388980384689674e+00 -1.085857758946166207e+00
4.724955350999048953e+00 -9.452573276173117378e-01
4.737521721613408232e+00 -1.130254111187702915e+00
4.750088092227767511e+00 -1.106784911127915105e+00
4.762654462842126790e+00 -1.035349902809334255e+00
4.775220833456485181e+00 -1.107243559735262117e+00
4.787787204070844460e+00 -9.815219848940500702e-01
4.800353574685203739e+00 -8.717853707837293076e-01
4.812919945299563018e+00 -9.624301461397019031e-01
4.825486315913922297e+00 -1.033133387926380653e+00
4.838052686528281576e+00 -1.074928727444537602e+00
4.850619057142640855e+00 -8.043236127185372508e-01
4.863185427757000134e+00 -9.424969260351099276e-01
4.875751798371359413e+00 -8.942842484174834405e-01
4.888318168985717804e+00 -1.026893536047958966e+00
4.900884539600077083e+00 -9.099865785299093845e-01
4.913450910214436362e+00 -9.463497698876094377e-01
4.926017280828795641e+00 -9.875899782225961987e-01
4.938583651443154920e+00 -1.038853132021388070e+00
4.951150022057514200e+00 -9.354172936929041615e-01
4.963716392671873479e+00 -8.683438328924225624e-01
4.976282763286232758e+00 -1.005815740843938322e+00
4.988849133900592037e+00 -1.012142699355624176e+00
5.001415504514951316e+00 -1.042518897208266182e+00
5.013981875129309707e+00 -1.105476013620732667e+00
5.026548245743668986e+00 -1.006596350831590714e+00
5.039114616358028265e+00 -9.122443357262767227e-01
5.051680986972387544e+00 -8.606144617878498382e-01
5.064247357586746823e+00 -8.369356633971211101e-01
5.076813728201106102e+00 -9.241081644851841803e-01
5.089380098815465381e+00 -9.622916725370906921e-01
5.101946469429824660e+00 -1.003677817903563030e+00
5.114512840044183939e+00 -9.320462071558168748e-01
5.127079210658542330e+00 -7.656159687307916295e-01
5.139645581272901609e+00 -8.845128714692690464e-01
5.152211951887260888e+00 -9.486011509431609978e-01
5.164778322501620167e+00 -7.926185952632783804e-01
5.177344693115979446e+00 -8.893419478880453255e-01
5.189911063730338725e+00 -7.282808213843715572e-01
5.202477434344698004e+00 -9.281538628810002134e-01
5.215043804959057283e+00 -7.915336884471902978e-01
5.227610175573416562e+00 -7.912138218509523480e-01
5.240176546187774953e+00 -9.622103245055774190e-01
5.252742916802134232e+00 -8.991485677488650907e-01
5.265309287416492623e+00 -8.898306444701136186e-01
5.277875658030851902e+00 -8.272925092599704433e-01
5.290442028645211181e+00 -9.796352260667218204e-01
5.303008399259570460e+00 -9.449942878851602668e-01
5.315574769873929739e+00 -6.626824574224259301e-01
5.328141140488289018e+00 -7.204071551025283959e-01
5.340707511102648297e+00 -7.483556171222905951e-01
5.353273881717007576e+00 -6.658988693383506297e-01
5.365840252331366855e+00 -7.810286009904688909e-01
5.378406622945726134e+00 -7.185779708872154226e-01
5.390972993560084525e+00 -7.194774650776967206e-01
5.403539364174443804e+00 -7.669178489563402978e-01
5.416105734788803083e+00 -5.141172171889827336e-01
5.428672105403162362e+00 -7.210266278094703551e-01
5.441238476017521641e+00 -7.088509005697285481e-01
5.453804846631880920e+00 -6.031618449318507658e-01
5.466371217246240199e+00 -8.830222734396355744e-01
5.478937587860599479e+00 -7.626323296004855479e-01
5.491503958474958758e+00 -6.307173929221214781e-01
5.504070329089317148e+00 -6.893680677258866574e-01
5.516636699703676427e+00 -6.171300685294729416e-01
5.529203070318035707e+00 -7.094643757006832141e-01
5.541769440932394986e+00 -6.920080679133653323e-01
5.554335811546754265e+00 -8.200617600705832899e-01
5.566902182161113544e+00 -5.136735902497631123e-01
5.579468552775472823e+00 -6.954407407957237108e-01
5.592034923389832102e+00 -6.802473341985033617e-01
5.604601294004191381e+00 -6.005864749478189157e-01
5.617167664618549772e+00 -6.391707385297528132e-01
5.629734035232909051e+00 -5.070889588730553843e-01
5.642300405847268330e+00 -7.104768513646015915e-01
5.654866776461627609e+00 -3.860724070003115349e-01
5.667433147075986888e+00 -4.384994670332149624e-01
5.679999517690346167e+00 -5.213327776892060506e-01
5.692565888304705446e+00 -4.917754346908465024e-01
5.705132258919064725e+00 -4.626470822868067878e-01
5.717698629533424004e+00 -5.863459807383137878e-01
5.730265000147783283e+00 -4.023762005332735536e-01
5.742831370762141674e+00 -6.601027064238824682e-01
5.755397741376500953e+00 -5.956317761202817307e-01
5.767964111990860232e+00 -5.271654336414255404e-01
5.780530482605219511e+00 -5.610168048345653968e-01
5.793096853219578790e+00 -4.982086080072436474e-01
5.805663223833938069e+00 -3.803864669230972440e-01
5.818229594448297348e+00 -5.725131865175344670e-01
5.830795965062656627e+00 -4.715722145585123926e-01
5.843362335677015906e+00 -4.558533448772471575e-01
5.855928706291374297e+00 -2.827523512592776678e-01
5.868495076905733576e+00 -3.300598034689657956e-01
5.881061447520092855e+00 -6.334042304387433875e-01
5.893627818134452134e+00 -4.076179824214879455e-01
5.906194188748811413e+00 -3.205397226911781972e-01
5.918760559363170692e+00 -2.812793773793982877e-01
5.931326929977529971e+00 -3.965809194291885498e-01
5.943893300591889250e+00 -1.787370737730878956e-01
5.956459671206248530e+00 -3.770302826288893794e-01
5.969026041820606920e+00 -5.477008906456861670e-01
5.981592412434966199e+00 -3.281752732574311215e-01
5.994158783049325478e+00 -4.003430331612533588e-01
6.006725153663684758e+00 -2.700845669753048628e-01
6.019291524278044037e+00 -3.192332017216802376e-01
6.031857894892402427e+00 -2.365701937301078472e-01
6.044424265506761706e+00 -1.365767761795408097e-01
6.056990636121120986e+00 -3.559496693115161703e-01
6.069557006735480265e+00 -1.534140944945900642e-01
6.082123377349839544e+00 -1.859667968160976237e-01
6.094689747964198823e+00 -1.362280108741282802e-01
6.107256118578558102e+00 -1.079492814813404755e-01
6.119822489192916493e+00 -2.511066975322844286e-01
6.132388859807275772e+00 6.675781191149221527e-02
6.144955230421635051e+00 -5.410065248626264034e-02
6.157521601035994330e+00 -1.507084783040185116e-01
6.170087971650353609e+00 8.042523602801883442e-02
6.182654342264712888e+00 -2.685252609629275033e-01
6.195220712879072167e+00 -2.089832354625571764e-02
6.207787083493431446e+00 -6.953497257071190873e-02
6.220353454107790725e+00 -1.621523161970539473e-01
6.232919824722149116e+00 -5.615238040289495525e-03
6.245486195336508395e+00 1.475560621138127804e-02
6.258052565950867674e+00 -7.138865793915874502e-02
6.270618936565226953e+00 1.173639357205010642e-01
