0.000000000000000000e+00 -2.048283112162280206e-01
1.256637061435917323e-02 -5.778337566684627752e-03
2.513274122871834645e-02 4.105181450756362205e-02
3.769911184307751795e-02 -8.334126730448671028e-03
5.026548245743669291e-02 1.125231910144574438e-01
6.283185307179586787e-02 -3.099293566818436818e-02
7.539822368615503589e-02 1.352882288455503901e-01
8.796459430051420392e-02 1.927278777738548332e-01
1.005309649148733858e-01 7.717453480155209156e-02
1.130973355292325677e-01 3.286984136684513169e-01
1.256637061435917357e-01 -3.586480811784675815e-02
1.382300767579508760e-01 1.098480434620609791e-01
1.507964473723100718e-01 8.149783334785301592e-02
1.633628179866692676e-01 1.008155779869654989e-01
1.759291886010284078e-01 9.323252657629990670e-02
1.884955592153875759e-01 1.223902872529170072e-02
2.010619298297467716e-01 1.628882055873159818e-01
2.136283004441059397e-01 4.894581486404393500e-01
2.261946710584651354e-01 2.312166010973065178e-01
2.387610416728242757e-01 1.364698523374115458e-01
2.513274122871834715e-01 2.829503430475533432e-01
2.638937829015426395e-01 2.769183185462500418e-01
2.764601535159017520e-01 3.142803360026480974e-01
2.890265241302609756e-01 3.866756830443183190e-01
3.015928947446201436e-01 3.231638289306526524e-01
3.141592653589793116e-01 3.742198220077240234e-01
3.267256359733385351e-01 2.411560306706553303e-01
3.392920065876976476e-01 2.242671206433123898e-01
3.518583772020568157e-01 4.537968622152088183e-01
3.644247478164160392e-01 3.803493141650056697e-01
3.769911184307751517e-01 3.210762394665167552e-01
3.895574890451343197e-01 2.034937231289225268e-01
4.021238596594935433e-01 6.415642013124918108e-01
4.146902302738527113e-01 5.699391777308817630e-01
4.272566008882118793e-01 5.029639444295662676e-01
4.398229715025711029e-01 2.312022388071795220e-01
4.523893421169302709e-01 5.526134563134684763e-01
4.649557127312893834e-01 5.340713871474800367e-01
4.775220833456485514e-01 5.321256129209464003e-01
4.900884539600077194e-01 4.896794553943929484e-01
5.026548245743669430e-01 3.243915295798482368e-01
5.152211951887261110e-01 4.126133944774028617e-01
5.277875658030852790e-01 5.808876343012225885e-01
5.403539364174444470e-01 4.151307493186927600e-01
5.529203070318035040e-01 3.788166607424986454e-01
5.654866776461627831e-01 6.103297257574912260e-01
5.780530482605219511e-01 5.635053558214125902e-01
5.906194188748811191e-01 5.187590106653252597e-01
6.031857894892402872e-01 5.601974948605855653e-01
6.157521601035994552e-01 5.786732036146791103e-01
6.283185307179586232e-01 7.797613576147105485e-01
6.408849013323177912e-01 6.053752600105486437e-01
6.534512719466770703e-01 5.892324499089822698e-01
6.660176425610361273e-01 7.342294190188146663e-01
6.785840131753952953e-01 6.564178053493194831e-01
6.911503837897544633e-01 6.764392381510190289e-01
7.037167544041136313e-01 6.261863785479794275e-01
7.162831250184729104e-01 7.772734978742587009e-01
7.288494956328320784e-01 6.149910098632931366e-01
7.414158662471912464e-01 6.300459448298391107e-01
7.539822368615503034e-01 4.245503152911828670e-01
7.665486074759094715e-01 6.769708575206470069e-01
7.791149780902686395e-01 7.424615823320345198e-01
7.916813487046279185e-01 6.313645592866902190e-01
8.042477193189870865e-01 7.721439794737998685e-01
8.168140899333462546e-01 8.614414051895604718e-01
8.293804605477054226e-01 7.338579282025952111e-01
8.419468311620645906e-01 7.666561928686752569e-01
8.545132017764237586e-01 7.128953887496976005e-01
8.670795723907829267e-01 6.823111905301353364e-01
8.796459430051422057e-01 7.784493013458745336e-01
8.922123136195013737e-01 8.241399660279966621e-01
9.047786842338605418e-01 7.147362110468584717e-01
9.173450548482194877e-01 8.158245062719391427e-01
9.299114254625787668e-01 8.878338492029080875e-01
9.424777960769379348e-01 8.710406270639647897e-01
9.550441666912971028e-01 7.760416249032731084e-01
9.676105373056562708e-01 8.080443767050836668e-01
9.801769079200154389e-01 8.158152718784630331e-01
9.927432785343746069e-01 9.372403444926173943e-01
1.005309649148733886e+00 7.600109427153605157e-01
1.017876019763092943e+00 8.766726463593740304e-01
1.030442390377452222e+00 7.447418271259288458e-01
1.043008760991811279e+00 1.005226176743567734e+00
1.055575131606170558e+00 8.470671787082137971e-01
1.068141502220529837e+00 8.130137287649964462e-01
1.080707872834888894e+00 1.186171437780020099e+00
1.093274243449248173e+00 9.553298223926043331e-01
1.105840614063607008e+00 8.531971489449960977e-01
1.118406984677966287e+00 9.393709898488491472e-01
1.130973355292325566e+00 8.669576265418553751e-01
1.143539725906684623e+00 1.051727436177592345e+00
1.156106096521043902e+00 8.998315206703391134e-01
1.168672467135402959e+00 9.769190042430746512e-01
1.181238837749762238e+00 9.591250561660293883e-01
1.193805208364121295e+00 9.935101128127669101e-01
1.206371578978480574e+00 8.243169250634828638e-01
1.218937949592839853e+00 1.010012968223042762e+00
1.231504320207198910e+00 1.001644442589007866e+00
1.244070690821558189e+00 8.992639265620646638e-01
1.256637061435917246e+00 9.896939439415475270e-01
1.269203432050276525e+00 1.062777769088012469e+00
1.281769802664635582e+00 1.134261388361119227e+00
1.294336173278994861e+00 9.393126677385497114e-01
1.306902543893354141e+00 6.936909402862401208e-01
1.319468914507712975e+00 9.965593427070025268e-01
1.332035285122072255e+00 8.718159443554944765e-01
1.344601655736431534e+00 9.711224830549707310e-01
1.357168026350790591e+00 9.004742285144446967e-01
1.369734396965149870e+00 7.692107472417910596e-01
1.382300767579508927e+00 9.638140387050447844e-01
1.394867138193868206e+00 9.317154187411950117e-01
1.407433508808227263e+00 8.922937757111194523e-01
1.419999879422586542e+00 9.065440949481864408e-01
1.432566250036945821e+00 7.579508154878122905e-01
1.445132620651304878e+00 8.822044831222867201e-01
1.457698991265664157e+00 1.018357384240307306e+00
1.470265361880023214e+00 1.064575566376963378e+00
1.482831732494382493e+00 9.324877922500566241e-01
1.495398103108741550e+00 8.490922067001305251e-01
1.507964473723100607e+00 1.094679749438248084e+00
1.520530844337459886e+00 1.191571630114474312e+00
1.533097214951818943e+00 1.067777205348816816e+00
1.545663585566178222e+00 9.771005554662927084e-01
1.558229956180537279e+00 9.774745590271360918e-01
1.570796326794896558e+00 1.123271421588178498e+00
1.583362697409255837e+00 9.337021454377699703e-01
1.595929068023614894e+00 1.003688588738571807e+00
1.608495438637974173e+00 1.098270651765684169e+00
1.621061809252333230e+00 9.835030992517570514e-01
1.633628179866692509e+00 7.439831459760555266e-01
1.646194550481051566e+00 9.059113678736331332e-01
1.658760921095410845e+00 1.191716555976003900e+00
1.671327291709770124e+00 9.501955403273124601e-01
1.683893662324129181e+00 1.073421960678939691e+00
1.696460032938488460e+00 1.093821886176189695e+00
1.709026403552847517e+00 9.643094332492344600e-01
1.721592774167206796e+00 9.872060300267129218e-01
1.734159144781565853e+00 9.511806598319698658e-01
1.746725515395925132e+00 9.990032182375038206e-01
1.759291886010284411e+00 1.044594553227388589e+00
1.771858256624643468e+00 1.189965421971776571e+00
1.784424627239002747e+00 1.083548634807535604e+00
1.796990997853361804e+00 9.161697115784505074e-01
1.809557368467721084e+00 8.662443866744985455e-01
1.822123739082079918e+00 1.102151609137143939e+00
1.834690109696438975e+00 7.930524588631437943e-01
1.847256480310798255e+00 9.475219062056501329e-01
1.859822850925157534e+00 1.008070322404431174e+00
1.872389221539516591e+00 1.040072275842149452e+00
1.884955592153875870e+00 9.892892566015981659e-01
1.897521962768234927e+00 8.396844470188709053e-01
1.910088333382594206e+00 9.975227703037284899e-01
1.922654703996953263e+00 9.879817783179032364e-01
1.935221074611312542e+00 9.455227706942594956e-01
1.947787445225671821e+00 1.070773168474889570e+00
1.960353815840030878e+00 9.735885951207454703e-01
1.972920186454390157e+00 8.766139830758192808e-01
1.985486557068749214e+00 9.423855742315279116e-01
1.998052927683108493e+00 8.634893601474149527e-01
2.010619298297467772e+00 9.703541091253666817e-01
2.023185668911826607e+00 8.599781569000478632e-01
2.035752039526185886e+00 8.261703171411095559e-01
2.048318410140545165e+00 9.462220691254612515e-01
2.060884780754904444e+00 7.903601914413571627e-01
2.073451151369263723e+00 9.040071512059628667e-01
2.086017521983622558e+00 9.328622210328302300e-01
2.098583892597981837e+00 1.071675987691824261e+00
2.111150263212341116e+00 8.496920173757388506e-01
2.123716633826700395e+00 7.767323147274273198e-01
2.136283004441059674e+00 8.207157086850599415e-01
2.148849375055418509e+00 7.953215633841091980e-01
2.161415745669777788e+00 1.090133300232011493e+00
2.173982116284137067e+00 5.931645806525389641e-01
2.186548486898496346e+00 9.684919307091238716e-01
2.199114857512855181e+00 1.004700647176725692e+00
2.211681228127214016e+00 8.291994890073638436e-01
2.224247598741573295e+00 6.289031065103933837e-01
2.236813969355932574e+00 7.023325778279714271e-01
2.249380339970291853e+00 9.105824091518535113e-01
2.261946710584651132e+00 7.860334649036186949e-01
2.274513081199009967e+00 7.133621274639003751e-01
2.287079451813369246e+00 6.624057429349621273e-01
2.299645822427728525e+00 6.690473029785625192e-01
2.312212193042087804e+00 5.288832429358718557e-01
2.324778563656447083e+00 7.595193245186098174e-01
2.337344934270805918e+00 8.345879870786387933e-01
2.349911304885165197e+00 7.829029580287538703e-01
2.362477675499524477e+00 7.490875501408328363e-01
2.375044046113883756e+00 7.769518763167615472e-01
2.387610416728242591e+00 6.133781415572714391e-01
2.400176787342601870e+00 7.724044165119489103e-01
2.412743157956961149e+00 7.357343525229860237e-01
2.425309528571320428e+00 6.310176936872959885e-01
2.437875899185679707e+00 5.063935042802063524e-01
2.450442269800038542e+00 6.678441997995753221e-01
2.463008640414397821e+00 5.457646850289199492e-01
2.475575011028757100e+00 6.702791452995900956e-01
2.488141381643116379e+00 6.423052894539162949e-01
2.500707752257475658e+00 5.847400453848123902e-01
2.513274122871834493e+00 6.234903369434039444e-01
2.525840493486193772e+00 7.992031478923454779e-01
2.538406864100553051e+00 6.982432867212061689e-01
2.550973234714912330e+00 6.367155853357572282e-01
2.563539605329271165e+00 3.716063580773897868e-01
2.576105975943630444e+00 3.146895073427570244e-01
2.588672346557989723e+00 4.819722566658659613e-01
2.601238717172349002e+00 5.567938006768649029e-01
2.613805087786708281e+00 5.558715031293340880e-01
2.626371458401067116e+00 4.102504658827962336e-01
2.638937829015425951e+00 5.840273643813983506e-01
2.651504199629785230e+00 5.394312783658753441e-01
2.664070570244144509e+00 6.250738541895380918e-01
2.676636940858503788e+00 4.788275095832364991e-01
2.689203311472863067e+00 4.112952794651275057e-01
2.701769682087221902e+00 4.471781125879682461e-01
2.714336052701581181e+00 5.084359325064539137e-01
2.726902423315940460e+00 2.801507390452244728e-01
2.739468793930299739e+00 4.102263835627606436e-01
2.752035164544658574e+00 1.447268932798815577e-01
2.764601535159017853e+00 3.678855693263833326e-01
2.777167905773377132e+00 4.581885303587261982e-01
2.789734276387736411e+00 5.313963204033380627e-01
2.802300647002095690e+00 3.736727901608593028e-01
2.814867017616454525e+00 2.423255460193727562e-01
2.827433388230813804e+00 2.503122595686416707e-01
2.839999758845173083e+00 3.527456387519083414e-01
2.852566129459532362e+00 9.701088142401914638e-02
2.865132500073891642e+00 5.223508737146191905e-01
2.877698870688250476e+00 2.440770707297482967e-01
2.890265241302609756e+00 2.818164941675327384e-01
2.902831611916969035e+00 3.618795462565381760e-01
2.915397982531328314e+00 1.591544711527231593e-01
2.927964353145687149e+00 2.602006720841967269e-01
2.940530723760046428e+00 1.236921852558914015e-01
2.953097094374405707e+00 1.318979614986812154e-01
2.965663464988764986e+00 2.975542407410207701e-01
2.978229835603124265e+00 9.776961400386062484e-02
2.990796206217483100e+00 1.366203789625628218e-01
3.003362576831842379e+00 -5.450730438281703449e-04
3.015928947446201214e+00 1.083856804392616113e-01
3.028495318060560493e+00 5.696853801086621677e-02
3.041061688674919772e+00 2.126818697299215910e-01
3.053628059289279051e+00 2.350775811352387445e-02
3.066194429903637886e+00 5.904013118516086844e-02
3.078760800517997165e+00 1.835355668808766882e-01
3.091327171132356444e+00 1.824057236569976426e-01
3.103893541746715723e+00 2.801074821686599381e-01
3.116459912361074558e+00 -3.714942177156517478e-02
3.129026282975433837e+00 -5.359819982993679899e-02
3.141592653589793116e+00 -3.822885012730899840e-02
3.154159024204152395e+00 2.643921619689021396e-01
3.166725394818511674e+00 6.211357438957790245e-02
3.179291765432870509e+00 3.563913110094261982e-02
3.191858136047229788e+00 -1.177544277834198516e-01
3.204424506661589067e+00 9.988720744575742272e-02
3.216990877275948346e+00 3.563703095052263292e-02
3.229557247890307181e+00 -3.605792565702720803e-02
3.242123618504666460e+00 -3.188665392694714495e-02
3.254689989119025739e+00 -3.276337530445704860e-01
3.267256359733385018e+00 -1.091191691058861629e-01
3.279822730347744297e+00 -1.793982366954615937e-01
3.292389100962103132e+00 -2.009789761851032142e-01
3.304955471576462411e+00 -1.082263687329714785e-01
3.317521842190821690e+00 -2.919430265666665969e-01
3.330088212805180969e+00 -2.032728242314323919e-01
3.342654583419540248e+00 -1.555501436922033520e-01
3.355220954033899083e+00 -2.350275776584623277e-01
3.367787324648258362e+00 -3.121908230359574099e-01
3.380353695262617642e+00 -2.924922235336069876e-01
3.392920065876976921e+00 -7.613087796937004215e-02
3.405486436491335756e+00 -2.768235010810391472e-01
3.418052807105695035e+00 -3.916046603843744145e-01
3.430619177720054314e+00 -1.278326776958773614e-01
3.443185548334413593e+00 -2.650120889996237517e-01
3.455751918948772872e+00 -1.967442928956303905e-01
3.468318289563131707e+00 -4.120733151519656579e-01
3.480884660177490986e+00 -3.192711092041957133e-01
3.493451030791850265e+00 -2.341716031388649255e-01
3.506017401406209544e+00 -4.264396715710145891e-01
3.518583772020568823e+00 -5.900719047337740220e-01
3.531150142634927658e+00 -3.203832177943689019e-01
3.543716513249286937e+00 -3.400572754205519743e-01
3.556282883863646216e+00 -2.958373454181323914e-01
3.568849254478005495e+00 -3.546168924282052659e-01
3.581415625092364330e+00 -3.614263906758124478e-01
3.593981995706723609e+00 -5.315244785469954714e-01
3.606548366321082888e+00 -5.009514726767732018e-01
3.619114736935442167e+00 -4.463081013446708600e-01
3.631681107549800558e+00 -4.080020986141814632e-01
3.644247478164159837e+00 -3.590302820555706931e-01
3.656813848778519116e+00 -4.312112657459907794e-01
3.669380219392877951e+00 -6.173860283765859602e-01
3.681946590007237230e+00 -6.530435729242998200e-01
3.694512960621596509e+00 -4.205404734725888272e-01
3.707079331235955788e+00 -3.680328396626233456e-01
3.719645701850315067e+00 -3.033058326272997651e-01
3.732212072464673902e+00 -5.526838344344529030e-01
3.744778443079033181e+00 -6.536460333036404613e-01
3.757344813693392460e+00 -6.503270254143431739e-01
3.769911184307751739e+00 -5.814140990800212849e-01
3.782477554922110574e+00 -5.658403405906177186e-01
3.795043925536469853e+00 -4.930898750779030837e-01
3.807610296150829132e+00 -6.120706428655460218e-01
3.820176666765188411e+00 -6.307452383828284770e-01
3.832743037379547690e+00 -6.493493292331631306e-01
3.845309407993906525e+00 -6.950603378180837399e-01
3.857875778608265804e+00 -6.813145304583784201e-01
3.870442149222625083e+00 -6.455190482642370053e-01
3.883008519836984362e+00 -6.232030510358378406e-01
3.895574890451343641e+00 -6.070784537512645684e-01
3.908141261065702476e+00 -7.058907956305551235e-01
3.920707631680061755e+00 -6.212082833400569548e-01
3.933274002294421035e+00 -8.763935979732854209e-01
3.945840372908780314e+00 -7.424768474827239118e-01
3.958406743523139149e+00 -6.473269559823897623e-01
3.970973114137498428e+00 -8.246394463537053410e-01
3.983539484751857707e+00 -8.276923876219819398e-01
3.996105855366216986e+00 -7.414381076132940951e-01
4.008672225980576265e+00 -6.071802581913634533e-01
4.021238596594935544e+00 -8.867999258951360098e-01
4.033804967209294823e+00 -7.265292428864034147e-01
4.046371337823653214e+00 -7.430792605988609800e-01
4.058937708438012493e+00 -7.506936059681306173e-01
4.071504079052371772e+00 -8.977418261223766294e-01
4.084070449666731051e+00 -8.477494751661414085e-01
4.096636820281090330e+00 -7.549165735983262016e-01
4.109203190895449609e+00 -7.097040439640239784e-01
4.121769561509808888e+00 -7.700091394473639328e-01
4.134335932124168167e+00 -9.464843897938397532e-01
4.146902302738527446e+00 -8.142286115370163113e-01
4.159468673352886725e+00 -8.658042557664028527e-01
4.172035043967245116e+00 -7.758787948806580292e-01
4.184601414581604395e+00 -8.123578386668028894e-01
4.197167785195963674e+00 -1.054045289779378614e+00
4.209734155810322953e+00 -1.231433076190063591e+00
4.222300526424682232e+00 -9.472307181077355143e-01
4.234866897039041511e+00 -9.356386531728698719e-01
4.247433267653400790e+00 -8.917756718255956949e-01
4.259999638267760069e+00 -9.040952380609655892e-01
4.272566008882119348e+00 -7.999375685219174414e-01
4.285132379496477739e+00 -1.031304003799502933e+00
4.297698750110837018e+00 -9.196153497927299636e-01
4.310265120725196297e+00 -8.373529240342272306e-01
4.322831491339555576e+00 -8.127686746951848784e-01
4.335397861953914855e+00 -9.962035799294897132e-01
4.347964232568274134e+00 -1.054906070234095994e+00
4.360530603182633413e+00 -9.855253292150192301e-01
4.373096973796992692e+00 -9.242221652191047188e-01
4.385663344411351972e+00 -9.845089528360445597e-01
4.398229715025710362e+00 -1.087338665489957723e+00
4.410796085640069641e+00 -1.065418283693735368e+00
4.423362456254428032e+00 -1.026677740794587290e+00
4.435928826868787311e+00 -1.086667992232951407e+00
4.448495197483146590e+00 -1.060479285738365807e+00
4.461061568097505869e+00 -8.159438297476453439e-01
4.473627938711865148e+00 -1.078850622079160493e+00
4.486194309326224428e+00 -1.110726240301717960e+00
4.498760679940583707e+00 -9.034697590136259171e-01
4.511327050554942986e+00 -9.106357505361949434e-01
4.523893421169302265e+00 -1.045773048123448845e+00
4.536459791783661544e+00 -1.030561270639628102e+00
4.549026162398019935e+00 -1.086978616856910218e+00
4.561592533012379214e+00 -8.907549640968491778e-01
4.574158903626738493e+00 -9.846099587953544008e-01
4.586725274241097772e+00 -1.049116806562259363e+00
4.599291644855457051e+00 -1.074948110587411021e+00
4.611858015469816330e+00 -9.497842680956900541e-01
4.624424386084175609e+00 -9.888791731143575792e-01
4.636990756698534888e+00 -9.989313764170244525e-01
4.649557127312894167e+00 -1.106776993940985943e+00
4.662123497927252558e+00 -1.053288550495232068e+00
4.674689868541611837e+00 -8.808557188589655196e-01
4.687256239155971116e+00 -9.444066379406808043e-01
4.699822609770330395e+00 -9.226867332402478583e-01
4.712388980384689674e+00 -8.800800537304765969e-01
4.724955350999048953e+00 -9.574258501078858341e-01
4.737521721613408232e+00 -1.061444538331509868e+00
4.750088092227767511e+00 -1.094160045103309109e+00
4.762654462842126790e+00 -1.164391538497403955e+00
4.775220833456485181e+00 -1.100698130293642718e+00
4.787787204070844460e+00 -9.937901723006001831e-01
4.800353574685203739e+00 -9.286301017421833004e-01
4.812919945299563018e+00 -8.198559683895839667e-01
4.825486315913922297e+00 -9.881624314509998008e-01
4.838052686528281576e+00 -9.645286471488883073e-01
4.850619057142640855e+00 -9.898965359480810244e-01
4.863185427757000134e+00 -1.101300508846114745e+00
4.875751798371359413e+00 -1.118361483091841801e+00
4.888318168985717804e+00 -9.565516449916265929e-01
4.900884539600077083e+00 -9.724493202581945273e-01
4.913450910214436362e+00 -9.954064333747243420e-01
4.926017280828795641e+00 -8.808854882779871831e-01
4.938583651443154920e+00 -1.061944054520500336e+00
4.951150022057514200e+00 -1.010570340746292484e+00
4.963716392671873479e+00 -8.514663788847859349e-01
4.976282763286232758e+00 -9.433117497953121822e-01
4.988849133900592037e+00 -9.644358673347032118e-01
5.001415504514951316e+00 -9.296273851572152136e-01
5.013981875129309707e+00 -9.233438683684832560e-01
5.026548245743668986e+00 -9.123279494234382003e-01
5.039114616358028265e+00 -1.032441236200468460e+00
5.051680986972387544e+00 -1.076696167456999031e+00
5.064247357586746823e+00 -9.608382553636145573e-01
5.076813728201106102e+00 -1.026145734052065439e+00
5.089380098815465381e+00 -8.709928737471815952e-01
5.101946469429824660e+00 -8.977389814346387054e-01
5.114512840044183939e+00 -8.953693905921409346e-01
5.127079210658542330e+00 -7.137093307336321857e-01
5.139645581272901609e+00 -9.216998892059999893e-01
5.152211951887260888e+00 -9.210728020583694997e-01
5.164778322501620167e+00 -1.136190197629162624e+00
5.177344693115979446e+00 -8.749851312026784012e-01
5.189911063730338725e+00 -8.618343574969016263e-01
5.202477434344698004e+00 -9.270149282940477464e-01
5.215043804959057283e+00 -8.697985729501777064e-01
5.227610175573416562e+00 -9.035899045051690726e-01
5.240176546187774953e+00 -8.321946346919101289e-01
5.252742916802134232e+00 -1.081471636201682518e+00
5.265309287416492623e+00 -8.956880839204592881e-01
5.277875658030851902e+00 -8.232622455648987980e-01
5.290442028645211181e+00 -8.982909172202919734e-01
5.303008399259570460e+00 -7.412285294015852344e-01
5.315574769873929739e+00 -9.148578877678499310e-01
5.328141140488289018e+00 -7.235960049418965756e-01
5.340707511102648297e+00 -7.863821934579632300e-01
5.353273881717007576e+00 -1.075283521513993090e+00
5.365840252331366855e+00 -7.384332885958104775e-01
5.378406622945726134e+00 -8.705680740743334534e-01
5.390972993560084525e+00 -7.181471113879130952e-01
5.403539364174443804e+00 -6.290067650011745837e-01
5.416105734788803083e+00 -8.121590160292497806e-01
5.428672105403162362e+00 -5.050303144120684706e-01
5.441238476017521641e+00 -8.262828325975235533e-01
5.453804846631880920e+00 -5.894240059962808642e-01
5.466371217246240199e+00 -7.374535358661400419e-01
5.478937587860599479e+00 -5.728165623176313392e-01
5.491503958474958758e+00 -6.631971919939236848e-01
5.504070329089317148e+00 -7.972559970813599683e-01
5.516636699703676427e+00 -6.557134425208559492e-01
5.529203070318035707e+00 -6.787437598367943581e-01
5.541769440932394986e+00 -7.712182878732598557e-01
5.554335811546754265e+00 -6.280630972696310543e-01
5.566902182161113544e+00 -6.654084710067988961e-01
5.579468552775472823e+00 -6.172099239256195746e-01
5.592034923389832102e+00 -6.472563590522648624e-01
5.604601294004191381e+00 -6.656173829543848841e-01
5.617167664618549772e+00 -5.482013805481009694e-01
5.629734035232909051e+00 -4.952673706275353416e-01
5.642300405847268330e+00 -5.799255003187492319e-01
5.654866776461627609e+00 -5.358966575207058103e-01
5.667433147075986888e+00 -7.501030795650862615e-01
5.679999517690346167e+00 -6.967051054967157153e-01
5.692565888304705446e+00 -7.333192999119195754e-01
5.705132258919064725e+00 -5.555430040923078350e-01
5.717698629533424004e+00 -2.955920701124067351e-01
5.730265000147783283e+00 -6.222556517550097421e-01
5.742831370762141674e+00 -4.449093236614224955e-01
5.755397741376500953e+00 -4.934096479574694993e-01
5.767964111990860232e+00 -5.419579491527375392e-01
5.780530482605219511e+00 -3.490432498048327004e-01
5.793096853219578790e+00 -3.032534068293329943e-01
5.805663223833938069e+00 -3.701558860300120379e-01
5.818229594448297348e+00 -3.509210487002238366e-01
5.830795965062656627e+00 -3.774218544239237860e-01
5.843362335677015906e+00 -4.862118826215101608e-01
5.855928706291374297e+00 -6.012045190514009319e-01
5.868495076905733576e+00 -3.238552727495812578e-01
5.881061447520092855e+00 -3.896909494604684498e-01
5.893627818134452134e+00 -3.571237989914499145e-01
5.906194188748811413e+00 -5.452870228805575259e-01
5.918760559363170692e+00 -3.714916809838790246e-01
5.931326929977529971e+00 -3.599712857475049210e-01
5.943893300591889250e+00 -4.104680139139730288e-01
5.956459671206248530e+00 -3.326043632457709731e-01
5.969026041820606920e+00 -2.370370283787186505e-01
5.981592412434966199e+00 -2.244353140221907461e-01
5.994158783049325478e+00 -4.753030366927393779e-02
6.006725153663684758e+00 -3.126001421415085524e-01
6.019291524278044037e+00 -9.538841025842725863e-02
6.031857894892402427e+00 -2.901782050970336813e-01
6.044424265506761706e+00 -2.812511985526506830e-01
6.056990636121120986e+00 -1.566049921252858634e-01
6.069557006735480265e+00 -2.118255126337813543e-01
6.082123377349839544e+00 -8.132746347920682961e-02
6.094689747964198823e+00 -4.110266371405093544e-01
6.107256118578558102e+00 -2.021684303462021326e-01
6.119822489192916493e+00 -1.762461803786529446e-01
6.132388859807275772e+00 -1.317766977309579590e-01
6.144955230421635051e+00 -6.240404220781527178e-02
6.157521601035994330e+00 -3.655859687317413731e-01
6.170087971650353609e+00 -1.742380046994596032e-02
6.182654342264712888e+00 -2.576421982741213257e-01
6.195220712879072167e+00 -9.642001540360416179e-02
6.207787083493431446e+00 -4.629469722220896921e-02
6.220353454107790725e+00 -1.188807993849467226e-01
6.232919824722149116e+00 -1.804843200329579039e-02
6.245486195336508395e+00 -9.276937192225226392e-02
6.258052565950867674e+00 -2.738776352340954734e-01
6.270618936565226953e+00 -3.552544572626505776e-02
