0.000000000000000000e+00 -1.019665532326918672e-01
1.256637061435917323e-02 1.474488507491640010e-01
2.513274122871834645e-02 4.921014041639096281e-02
3.769911184307751795e-02 6.080565092102156732e-02
5.026548245743669291e-02 -7.657724801323122221e-02
6.283185307179586787e-02 1.695192739771187174e-01
7.539822368615503589e-02 8.357803407656291816e-02
8.796459430051420392e-02 1.589342531769034617e-01
1.005309649148733858e-01 2.943565785673379898e-01
1.130973355292325677e-01 2.203661154918105658e-01
1.256637061435917357e-01 2.254754590824818994e-01
1.382300767579508760e-01 2.034759593555254820e-01
1.507964473723100718e-01 3.299563887428260678e-01
1.633628179866692676e-01 2.616742869200534560e-01
1.759291886010284078e-01 1.941887089171586700e-01
1.884955592153875759e-01 1.927691371205584869e-01
2.010619298297467716e-01 3.090506293553243466e-01
2.136283004441059397e-01 2.082438434375795677e-01
2.261946710584651354e-01 1.829951910919888070e-01
2.387610416728242757e-01 -7.123149481842311337e-03
2.513274122871834715e-01 2.934538374854392395e-01
2.638937829015426395e-01 2.768462578776685890e-01
2.764601535159017520e-01 1.855939039279957958e-01
2.890265241302609756e-01 1.583099265651918552e-01
3.015928947446201436e-01 1.613345673453097928e-01
3.141592653589793116e-01 2.147175479316866253e-01
3.267256359733385351e-01 3.614744372303295705e-01
3.392920065876976476e-01 1.871062955744781930e-01
3.518583772020568157e-01 2.240759334204933395e-01
3.644247478164160392e-01 4.967817521510229373e-01
3.769911184307751517e-01 3.028117254615474985e-01
3.895574890451343197e-01 3.373401885193962890e-01
4.021238596594935433e-01 4.351301631047092000e-01
4.146902302738527113e-01 5.896442325119981565e-01
4.272566008882118793e-01 4.729566626695700382e-01
4.398229715025711029e-01 4.934648636708609537e-01
4.523893421169302709e-01 6.490812872854498927e-01
4.649557127312893834e-01 4.245153674891741225e-01
4.775220833456485514e-01 2.463634271408803589e-01
4.900884539600077194e-01 3.953830408724985368e-01
5.026548245743669430e-01 5.248964514141974957e-01
5.152211951887261110e-01 4.768931242240913027e-01
5.277875658030852790e-01 3.481253749014531218e-01
5.403539364174444470e-01 5.657677733492538774e-01
5.529203070318035040e-01 4.035731187704593159e-01
5.654866776461627831e-01 6.323602397419240129e-01
5.780530482605219511e-01 4.087359670075853546e-01
5.906194188748811191e-01 6.785798026285120299e-01
6.031857894892402872e-01 7.250454685928309218e-01
6.157521601035994552e-01 6.363424825678627439e-01
6.283185307179586232e-01 5.983357655464989211e-01
6.408849013323177912e-01 7.930192653753536103e-01
6.534512719466770703e-01 6.399976004369745120e-01
6.660176425610361273e-01 6.085051332832271953e-01
6.785840131753952953e-01 5.504535135149425384e-01
6.911503837897544633e-01 5.759082524187604246e-01
7.037167544041136313e-01 5.824935989481416776e-01
7.162831250184729104e-01 6.340165819163520178e-01
7.288494956328320784e-01 9.384542671398610203e-01
7.414158662471912464e-01 6.871952110063870300e-01
7.539822368615503034e-01 7.249376115968479972e-01
7.665486074759094715e-01 7.473552112755348364e-01
7.791149780902686395e-01 6.838198629429897979e-01
7.916813487046279185e-01 7.040396660515263472e-01
8.042477193189870865e-01 5.906933757093203452e-01
8.168140899333462546e-01 6.586015150494536341e-01
8.293804605477054226e-01 8.140156475558578686e-01
8.419468311620645906e-01 7.962894617371428785e-01
8.545132017764237586e-01 8.463407955715525066e-01
8.670795723907829267e-01 6.971583785017101409e-01
8.796459430051422057e-01 9.719884371018536751e-01
8.922123136195013737e-01 7.500227036406774683e-01
9.047786842338605418e-01 9.488736568169033880e-01
9.173450548482194877e-01 9.216678504962309004e-01
9.299114254625787668e-01 7.606437900930573814e-01
9.424777960769379348e-01 6.421587419422423171e-01
9.550441666912971028e-01 7.232632564258769658e-01
9.676105373056562708e-01 8.479794072024734453e-01
9.801769079200154389e-01 8.660112568650830678e-01
9.927432785343746069e-01 9.055244260711707849e-01
1.005309649148733886e+00 7.505244957673407047e-01
1.017876019763092943e+00 8.581861942921841235e-01
1.030442390377452222e+00 8.262259354775793874e-01
1.043008760991811279e+00 9.208521765330840436e-01
1.055575131606170558e+00 9.102688097011489843e-01
1.068141502220529837e+00 8.578004332773935259e-01
1.080707872834888894e+00 8.283486029060121991e-01
1.093274243449248173e+00 8.058070604058588104e-01
1.105840614063607008e+00 7.042516244146831417e-01
1.118406984677966287e+00 7.819445687245478727e-01
1.130973355292325566e+00 9.590710540578641918e-01
1.143539725906684623e+00 9.237900782563346347e-01
1.156106096521043902e+00 1.108339270151516676e+00
1.168672467135402959e+00 1.003270220612016539e+00
1.181238837749762238e+00 7.951445101803576998e-01
1.193805208364121295e+00 9.522735591971590585e-01
1.206371578978480574e+00 8.664823998083421852e-01
1.218937949592839853e+00 8.756830401312503120e-01
1.231504320207198910e+00 9.268482396489865494e-01
1.244070690821558189e+00 1.003836899612085887e+00
1.256637061435917246e+00 9.542537196911270447e-01
1.269203432050276525e+00 1.154810938383448393e+00
1.281769802664635582e+00 9.209744809640848517e-01
1.294336173278994861e+00 9.020699939269022360e-01
1.306902543893354141e+00 1.003367679533763601e+00
1.319468914507712975e+00 9.477539556093665940e-01
1.332035285122072255e+00 8.433446147125032155e-01
1.344601655736431534e+00 9.733578776579520087e-01
1.357168026350790591e+00 9.151395402432384030e-01
1.369734396965149870e+00 1.080104976086679880e+00
1.382300767579508927e+00 1.003975575405726683e+00
1.394867138193868206e+00 9.545635389785449565e-01
1.407433508808227263e+00 8.717606517846118175e-01
1.419999879422586542e+00 1.145270265668328236e+00
1.432566250036945821e+00 1.076614773594228192e+00
1.445132620651304878e+00 1.015146448206626806e+00
1.457698991265664157e+00 1.103218223399869302e+00
1.470265361880023214e+00 8.557311985280753319e-01
1.482831732494382493e+00 9.940090188083028355e-01
1.495398103108741550e+00 9.672656379184806363e-01
1.507964473723100607e+00 7.365092061202132001e-01
1.520530844337459886e+00 1.196197788465180434e+00
1.533097214951818943e+00 1.075393045858864305e+00
1.545663585566178222e+00 9.216340525368716952e-01
1.558229956180537279e+00 9.852207061204070193e-01
1.570796326794896558e+00 8.723909102400370097e-01
1.583362697409255837e+00 9.315474152509514161e-01
1.595929068023614894e+00 1.053817981319344010e+00
1.608495438637974173e+00 8.507650842998968344e-01
1.621061809252333230e+00 9.313796018622171324e-01
1.633628179866692509e+00 9.200465745033925558e-01
1.646194550481051566e+00 8.600493364184738088e-01
1.658760921095410845e+00 1.011817810544032303e+00
1.671327291709770124e+00 9.098286916784927847e-01
1.683893662324129181e+00 1.041314082176225009e+00
1.696460032938488460e+00 1.084839253499391143e+00
1.709026403552847517e+00 1.132404154886456960e+00
1.721592774167206796e+00 1.021337751756354661e+00
1.734159144781565853e+00 1.063855376541111175e+00
1.746725515395925132e+00 9.608061641338545567e-01
1.759291886010284411e+00 9.455964812144663778e-01
1.771858256624643468e+00 8.032333684235071214e-01
1.784424627239002747e+00 9.905811574046903267e-01
1.796990997853361804e+00 1.091730013124414533e+00
1.809557368467721084e+00 9.007348725114558974e-01
1.822123739082079918e+00 1.032302471804220412e+00
1.834690109696438975e+00 7.891243772954028568e-01
1.847256480310798255e+00 8.554747774781990000e-01
1.859822850925157534e+00 8.590814794305060564e-01
1.872389221539516591e+00 9.293724831799772268e-01
1.884955592153875870e+00 1.036531016652396220e+00
1.897521962768234927e+00 9.565454180303464282e-01
1.910088333382594206e+00 9.482415290343940706e-01
1.922654703996953263e+00 1.081157208033169503e+00
1.935221074611312542e+00 9.696562259299124076e-01
1.947787445225671821e+00 9.901761942045704812e-01
1.960353815840030878e+00 8.793153385436848213e-01
1.972920186454390157e+00 8.915683226258876992e-01
1.985486557068749214e+00 8.951081249217246461e-01
1.998052927683108493e+00 9.277089509950507962e-01
2.010619298297467772e+00 8.844575870446026444e-01
2.023185668911826607e+00 7.414850369909324890e-01
2.035752039526185886e+00 6.408342560533852872e-01
2.048318410140545165e+00 8.662615060166375391e-01
2.060884780754904444e+00 8.640034940727420176e-01
2.073451151369263723e+00 8.688031239911104819e-01
2.086017521983622558e+00 9.967701155591816020e-01
2.098583892597981837e+00 9.903370864901266390e-01
2.111150263212341116e+00 9.435339181239366102e-01
2.123716633826700395e+00 7.976069017963579588e-01
2.136283004441059674e+00 9.002471271126767371e-01
2.148849375055418509e+00 8.036763193970971608e-01
2.161415745669777788e+00 8.773599551424596799e-01
2.173982116284137067e+00 1.046083903611349175e+00
2.186548486898496346e+00 8.225565975851737432e-01
2.199114857512855181e+00 9.181729801854963124e-01
2.211681228127214016e+00 9.261963618549780008e-01
2.224247598741573295e+00 9.048717537940813571e-01
2.236813969355932574e+00 6.009446053476716898e-01
2.249380339970291853e+00 8.298235687809426553e-01
2.261946710584651132e+00 7.624696928340775059e-01
2.274513081199009967e+00 8.248253221098156285e-01
2.287079451813369246e+00 8.252730993065195975e-01
2.299645822427728525e+00 8.686545398322433886e-01
2.312212193042087804e+00 6.928175015080662025e-01
2.324778563656447083e+00 7.659055086890443897e-01
2.337344934270805918e+00 6.075599101263453594e-01
2.349911304885165197e+00 8.644741508077709025e-01
2.362477675499524477e+00 6.606185314185214486e-01
2.375044046113883756e+00 8.441630318253987575e-01
2.387610416728242591e+00 6.945615055153738782e-01
2.400176787342601870e+00 4.899586786398972826e-01
2.412743157956961149e+00 5.245652384394247081e-01
2.425309528571320428e+00 6.331259384431775494e-01
2.437875899185679707e+00 7.176933652016600496e-01
2.450442269800038542e+00 8.586752100923102926e-01
2.463008640414397821e+00 4.242568062339651114e-01
2.475575011028757100e+00 7.030281564852171039e-01
2.488141381643116379e+00 6.883634030848534424e-01
2.500707752257475658e+00 5.130339718868126564e-01
2.513274122871834493e+00 7.221480523141505792e-01
2.525840493486193772e+00 6.806679323207294185e-01
2.538406864100553051e+00 5.345396315545981603e-01
2.550973234714912330e+00 4.206045157955271563e-01
2.563539605329271165e+00 7.478574379945782669e-01
2.576105975943630444e+00 6.614006200247506406e-01
2.588672346557989723e+00 4.590509328573247894e-01
2.601238717172349002e+00 4.791650175394792655e-01
2.613805087786708281e+00 4.172750059427673963e-01
2.626371458401067116e+00 5.309911979420861572e-01
2.638937829015425951e+00 5.095234370285028902e-01
2.651504199629785230e+00 5.747576286465019280e-01
2.664070570244144509e+00 5.976161916640189142e-01
2.676636940858503788e+00 3.972529177500395692e-01
2.689203311472863067e+00 4.828053920416255917e-01
2.701769682087221902e+00 3.751616037173522988e-01
2.714336052701581181e+00 4.877979757318861020e-01
2.726902423315940460e+00 4.394359606222252301e-01
2.739468793930299739e+00 3.238908547331105225e-01
2.752035164544658574e+00 4.074553944791620141e-01
2.764601535159017853e+00 3.819333655911321124e-01
2.777167905773377132e+00 4.677848599762977067e-01
2.789734276387736411e+00 1.348964890238474601e-01
2.802300647002095690e+00 3.653857668662966462e-01
2.814867017616454525e+00 2.938587285227814982e-01
2.827433388230813804e+00 3.733050057391095189e-01
2.839999758845173083e+00 3.904192230311803180e-01
2.852566129459532362e+00 3.471408090725464080e-01
2.865132500073891642e+00 2.712504426180253891e-01
2.877698870688250476e+00 2.237703375359678393e-01
2.890265241302609756e+00 3.672322571449764261e-01
2.902831611916969035e+00 1.683458785022681203e-01
2.915397982531328314e+00 7.567094278540253960e-02
2.927964353145687149e+00 2.902437772556413220e-01
2.940530723760046428e+00 2.460167932051486039e-01
2.953097094374405707e+00 1.712068815395291210e-01
2.965663464988764986e+00 4.151778904399293646e-01
2.978229835603124265e+00 3.203736142241435658e-01
2.990796206217483100e+00 2.113252251076924715e-01
3.003362576831842379e+00 4.744057069427154438e-03
3.015928947446201214e+00 1.095236456638910283e-01
3.028495318060560493e+00 1.122420489962654144e-01
3.041061688674919772e+00 1.077270422921202814e-01
3.053628059289279051e+00 2.745670768582401111e-01
3.066194429903637886e+00 1.391589437387395073e-02
3.078760800517997165e+00 1.070781711273376124e-01
3.091327171132356444e+00 -1.148204243890794257e-02
3.103893541746715723e+00 9.212477152394579760e-02
3.116459912361074558e+00 -4.122066299672454137e-02
3.129026282975433837e+00 -9.658982505217930670e-02
3.141592653589793116e+00 -5.758585427836401122e-02
3.154159024204152395e+00 -6.425849849585459073e-02
3.166725394818511674e+00 8.879286321079499916e-03
3.179291765432870509e+00 1.975248580955714373e-02
3.191858136047229788e+00 3.616818257210024923e-03
3.204424506661589067e+00 -6.549698231763545486e-02
3.216990877275948346e+00 4.246821632221997600e-02
3.229557247890307181e+00 -1.565696032344503219e-01
3.242123618504666460e+00 -2.148610369458020530e-01
3.254689989119025739e+00 -8.802786347809302137e-03
3.267256359733385018e+00 -4.725030654701285748e-02
3.279822730347744297e+00 -2.907599615786924385e-01
3.292389100962103132e+00 -2.017418077451699210e-01
3.304955471576462411e+00 -1.172731628660389491e-02
3.317521842190821690e+00 -1.266771321866130839e-01
3.330088212805180969e+00 -2.764072613363430797e-01
3.342654583419540248e+00 -1.960358111122736668e-01
3.355220954033899083e+00 -1.781659706774334495e-01
3.367787324648258362e+00 -2.904979344406203312e-01
3.380353695262617642e+00 -2.612180607883717309e-01
3.392920065876976921e+00 -2.958108479054794571e-01
3.405486436491335756e+00 -3.870994875406329472e-01
3.418052807105695035e+00 -3.357804791395488375e-01
3.430619177720054314e+00 -2.344294457797028719e-01
3.443185548334413593e+00 -3.564473121085149909e-01
3.455751918948772872e+00 -1.166954262040711954e-01
3.468318289563131707e+00 -4.718526595632139831e-01
3.480884660177490986e+00 -2.815334450302247049e-01
3.493451030791850265e+00 -4.982545183676103107e-01
3.506017401406209544e+00 -4.872440846125383196e-01
3.518583772020568823e+00 -5.348309411478979758e-01
3.531150142634927658e+00 -4.570449428551067728e-01
3.543716513249286937e+00 -3.160296363995739877e-01
3.556282883863646216e+00 -4.611746537713188876e-01
3.568849254478005495e+00 -3.130900968149671892e-01
3.581415625092364330e+00 -3.036713637723535975e-01
3.593981995706723609e+00 -3.886298256819870622e-01
3.606548366321082888e+00 -4.989950482876268079e-01
3.619114736935442167e+00 -4.600884355915082491e-01
3.631681107549800558e+00 -5.863179930097632830e-01
3.644247478164159837e+00 -4.429158757115099210e-01
3.656813848778519116e+00 -4.690905312958338347e-01
3.669380219392877951e+00 -5.713137573377634615e-01
3.681946590007237230e+00 -6.081484841576907385e-01
3.694512960621596509e+00 -6.512689766744136355e-01
3.707079331235955788e+00 -4.583295364710210928e-01
3.719645701850315067e+00 -5.795022107878311513e-01
3.732212072464673902e+00 -4.510684602392566189e-01
3.744778443079033181e+00 -5.520700181014072117e-01
3.757344813693392460e+00 -4.079588055252157952e-01
3.769911184307751739e+00 -7.054881431707211714e-01
3.782477554922110574e+00 -7.066749199633916012e-01
3.795043925536469853e+00 -6.653097226966375732e-01
3.807610296150829132e+00 -5.945981559591866361e-01
3.820176666765188411e+00 -6.955456754712766587e-01
3.832743037379547690e+00 -6.756139273136021473e-01
3.845309407993906525e+00 -5.910688923348689228e-01
3.857875778608265804e+00 -5.826571347665961964e-01
3.870442149222625083e+00 -7.296000112158604889e-01
3.883008519836984362e+00 -6.402158284653515219e-01
3.895574890451343641e+00 -8.949454629588061705e-01
3.908141261065702476e+00 -7.473451012041942843e-01
3.920707631680061755e+00 -5.206891912576280257e-01
3.933274002294421035e+00 -6.728370959182100597e-01
3.945840372908780314e+00 -7.101569382712927814e-01
3.958406743523139149e+00 -8.269654119265108516e-01
3.970973114137498428e+00 -7.195439079589454057e-01
3.983539484751857707e+00 -7.147855304707118052e-01
3.996105855366216986e+00 -7.843499955303741000e-01
4.008672225980576265e+00 -8.207981475303500751e-01
4.021238596594935544e+00 -6.576088184188811914e-01
4.033804967209294823e+00 -6.601880896721772363e-01
4.046371337823653214e+00 -6.825127932251949803e-01
4.058937708438012493e+00 -7.090554149421910424e-01
4.071504079052371772e+00 -8.887360279517881878e-01
4.084070449666731051e+00 -7.991517741902853800e-01
4.096636820281090330e+00 -7.010676457251052707e-01
4.109203190895449609e+00 -8.924416347335989430e-01
4.121769561509808888e+00 -8.634113310580662226e-01
4.134335932124168167e+00 -8.001993893765573240e-01
4.146902302738527446e+00 -9.171317684648160329e-01
4.159468673352886725e+00 -7.684403279556932809e-01
4.172035043967245116e+00 -1.044888468522749747e+00
4.184601414581604395e+00 -7.352724892260111833e-01
4.197167785195963674e+00 -9.480549327852908492e-01
4.209734155810322953e+00 -8.670561429466394632e-01
4.222300526424682232e+00 -8.367815599124872605e-01
4.234866897039041511e+00 -7.303950876697383743e-01
4.247433267653400790e+00 -7.477675451628960079e-01
4.259999638267760069e+00 -1.010180124007915126e+00
4.272566008882119348e+00 -1.031115851816310602e+00
4.285132379496477739e+00 -9.248474768569242555e-01
4.297698750110837018e+00 -6.811814737110353235e-01
4.310265120725196297e+00 -9.069479537526790036e-01
4.322831491339555576e+00 -9.539776866204170425e-01
4.335397861953914855e+00 -9.257023863379875150e-01
4.347964232568274134e+00 -1.199679053601819589e+00
4.360530603182633413e+00 -9.729009531812506939e-01
4.373096973796992692e+00 -9.316633045014175440e-01
4.385663344411351972e+00 -1.046985266845954277e+00
4.398229715025710362e+00 -9.825718319279163060e-01
4.410796085640069641e+00 -1.002503646908314616e+00
4.423362456254428032e+00 -9.665744184110962589e-01
4.435928826868787311e+00 -9.452433001191830053e-01
4.448495197483146590e+00 -9.529455609031671770e-01
4.461061568097505869e+00 -1.152521765716689073e+00
4.473627938711865148e+00 -8.410322505669185489e-01
4.486194309326224428e+00 -1.118931556946121342e+00
4.498760679940583707e+00 -1.118575314624333350e+00
4.511327050554942986e+00 -1.032106373947877520e+00
4.523893421169302265e+00 -8.548790521386565588e-01
4.536459791783661544e+00 -1.018802438941968980e+00
4.549026162398019935e+00 -9.196171335213292330e-01
4.561592533012379214e+00 -9.684994934901104413e-01
4.574158903626738493e+00 -9.208955160542882101e-01
4.586725274241097772e+00 -1.048002933052081254e+00
4.599291644855457051e+00 -9.337198638508923398e-01
4.611858015469816330e+00 -1.194728817203327242e+00
4.624424386084175609e+00 -9.601868759373983764e-01
4.636990756698534888e+00 -1.062083729116781283e+00
4.649557127312894167e+00 -1.070013585281290647e+00
4.662123497927252558e+00 -1.134510151848221460e+00
4.674689868541611837e+00 -1.084930834087781459e+00
4.687256239155971116e+00 -1.023773254630378826e+00
4.699822609770330395e+00 -1.104491489420442729e+00
4.712388980384689674e+00 -9.466299128697350795e-01
4.724955350999048953e+00 -1.129315256344653573e+00
4.737521721613408232e+00 -9.473535902297207656e-01
4.750088092227767511e+00 -9.349637643019370614e-01
4.762654462842126790e+00 -9.758600020434712308e-01
4.775220833456485181e+00 -8.290125930025193934e-01
4.787787204070844460e+00 -9.867195270381304839e-01
4.800353574685203739e+00 -1.120671294627205938e+00
4.812919945299563018e+00 -1.015398454340173950e+00
4.825486315913922297e+00 -8.951561688806293215e-01
4.838052686528281576e+00 -9.506616045008169369e-01
4.850619057142640855e+00 -9.487214449529435267e-01
4.863185427757000134e+00 -8.810959188290409250e-01
4.875751798371359413e+00 -1.002216814775515719e+00
4.888318168985717804e+00 -1.048520923970974739e+00
4.900884539600077083e+00 -9.295139478894297591e-01
4.913450910214436362e+00 -1.059571169361431364e+00
4.926017280828795641e+00 -9.152693429611303833e-01
4.938583651443154920e+00 -9.562334337419721164e-01
4.951150022057514200e+00 -9.575290079816256572e-01
4.963716392671873479e+00 -9.849103848096774083e-01
4.976282763286232758e+00 -9.874526259945503037e-01
4.988849133900592037e+00 -1.202014092995271177e+00
5.001415504514951316e+00 -1.093836941033895727e+00
5.013981875129309707e+00 -1.070963479462076151e+00
5.026548245743668986e+00 -9.641887018706537527e-01
5.039114616358028265e+00 -8.200115981598119497e-01
5.051680986972387544e+00 -8.446646815368845651e-01
5.064247357586746823e+00 -8.519568929909941968e-01
5.076813728201106102e+00 -1.077997202764261031e+00
5.089380098815465381e+00 -8.260820368178055650e-01
5.101946469429824660e+00 -9.905802856747076834e-01
5.114512840044183939e+00 -9.429814223842012400e-01
5.127079210658542330e+00 -1.095860505692779485e+00
5.139645581272901609e+00 -9.318665144883023777e-01
5.152211951887260888e+00 -9.028742173175279273e-01
5.164778322501620167e+00 -8.311864980411370896e-01
5.177344693115979446e+00 -9.653797798157057741e-01
5.189911063730338725e+00 -8.781005621232758074e-01
5.202477434344698004e+00 -9.132883211574716054e-01
5.215043804959057283e+00 -7.591602962936363497e-01
5.227610175573416562e+00 -8.722950929664967656e-01
5.240176546187774953e+00 -8.086397225483545892e-01
5.252742916802134232e+00 -9.449239310292758542e-01
5.265309287416492623e+00 -8.069774126629424282e-01
5.277875658030851902e+00 -9.111877982082239313e-01
5.290442028645211181e+00 -9.136268295511629223e-01
5.303008399259570460e+00 -7.046843483819044129e-01
5.315574769873929739e+00 -7.526557968417089128e-01
5.328141140488289018e+00 -8.712814114444411562e-01
5.340707511102648297e+00 -9.663246225891607422e-01
5.353273881717007576e+00 -7.454243558643834922e-01
5.365840252331366855e+00 -7.184405545129103343e-01
5.378406622945726134e+00 -7.840211253377458167e-01
5.390972993560084525e+00 -8.602052124877218597e-01
5.403539364174443804e+00 -7.512162519486524914e-01
5.416105734788803083e+00 -8.054586792457129052e-01
5.428672105403162362e+00 -5.545074594162526793e-01
5.441238476017521641e+00 -5.844448548857671399e-01
5.453804846631880920e+00 -7.262927645430640178e-01
5.466371217246240199e+00 -8.095417067234350617e-01
5.478937587860599479e+00 -7.900224299000668804e-01
5.491503958474958758e+00 -5.955468671894152966e-01
5.504070329089317148e+00 -6.545214311904170579e-01
5.516636699703676427e+00 -7.630602234635976977e-01
5.529203070318035707e+00 -7.785504878731082101e-01
5.541769440932394986e+00 -6.541589694658269671e-01
5.554335811546754265e+00 -8.613500384446982627e-01
5.566902182161113544e+00 -6.257403636375570288e-01
5.579468552775472823e+00 -7.105349905828066692e-01
5.592034923389832102e+00 -7.798825213278754998e-01
5.604601294004191381e+00 -7.679672978113607495e-01
5.617167664618549772e+00 -7.251444327084218822e-01
5.629734035232909051e+00 -7.042580303178070933e-01
5.642300405847268330e+00 -7.085017394557241444e-01
5.654866776461627609e+00 -5.518694606559820803e-01
5.667433147075986888e+00 -6.931986190294582295e-01
5.679999517690346167e+00 -4.003387630903706418e-01
5.692565888304705446e+00 -4.987874907868752317e-01
5.705132258919064725e+00 -4.793813877528008693e-01
5.717698629533424004e+00 -5.253227151719277455e-01
5.730265000147783283e+00 -4.961381801814935821e-01
5.742831370762141674e+00 -6.085426271743038518e-01
5.755397741376500953e+00 -5.340646399356915319e-01
5.767964111990860232e+00 -5.391747334864325225e-01
5.780530482605219511e+00 -5.752250855554027487e-01
5.793096853219578790e+00 -4.569446967791825909e-01
5.805663223833938069e+00 -4.672117700638362403e-01
5.818229594448297348e+00 -4.012859511626839515e-01
5.830795965062656627e+00 -3.833298447649046148e-01
5.843362335677015906e+00 -4.330786587970941737e-01
5.855928706291374297e+00 -4.881658882430903179e-01
5.868495076905733576e+00 -3.936244155221925722e-01
5.881061447520092855e+00 -4.028244269191827986e-01
5.893627818134452134e+00 -4.582260563072436677e-01
5.906194188748811413e+00 -4.503958455501214653e-01
5.918760559363170692e+00 -3.355040946499977528e-01
5.931326929977529971e+00 -4.867738471352313634e-01
5.943893300591889250e+00 -5.410312155705070403e-01
5.956459671206248530e+00 -3.769472335366643723e-01
5.969026041820606920e+00 -2.265364381829172158e-01
5.981592412434966199e+00 -4.203927018214289602e-01
5.994158783049325478e+00 -4.771170729921462850e-01
6.006725153663684758e+00 -2.895530616410760261e-01
6.019291524278044037e+00 -3.747820963653129001e-01
6.031857894892402427e+00 -2.726758807293637732e-01
6.044424265506761706e+00 -3.156441998680823424e-01
6.056990636121120986e+00 -1.268842872782616205e-01
6.069557006735480265e+00 -1.526951387912164337e-01
6.082123377349839544e+00 -2.206842539776648349e-01
6.094689747964198823e+00 -3.964481234232127282e-01
6.107256118578558102e+00 -1.828339419019662515e-01
6.119822489192916493e+00 -3.274633460405773633e-01
6.132388859807275772e+00 -1.683552196362371189e-01
6.144955230421635051e+00 -1.733476156570814830e-01
6.157521601035994330e+00 -1.508349655632441888e-01
6.170087971650353609e+00 -7.195791331693117410e-02
6.182654342264712888e+00 3.621217440210991456e-02
6.195220712879072167e+00 1.464083098908593450e-01
6.207787083493431446e+00 -1.219025547399587156e-01
6.220353454107790725e+00 -2.563692285031358292e-02
6.232919824722149116e+00 1.316887000937598806e-01
6.245486195336508395e+00 -2.666384930434246431e-02
6.258052565950867674e+00 -1.312756102799113832e-02
6.270618936565226953e+00 8.087538951957304323e-02
