0.000000000000000000e+00 -1.539942743540124725e-01
1.256637061435917323e-02 -2.803915500687412937e-02
2.513274122871834645e-02 -4.809211388489322003e-02
3.769911184307751795e-02 1.826388227165295086e-01
5.026548245743669291e-02 5.319234133417565652e-02
6.283185307179586787e-02 -5.253737908443321947e-02
7.539822368615503589e-02 2.609118901498691523e-02
8.796459430051420392e-02 1.534268773098168004e-01
1.005309649148733858e-01 1.860577185909519371e-01
1.130973355292325677e-01 3.284407076141141468e-01
1.256637061435917357e-01 1.823807634083932649e-01
1.382300767579508760e-01 2.981057136040334843e-01
1.507964473723100718e-01 1.176468700117511978e-01
1.633628179866692676e-01 4.396947958685116786e-01
1.759291886010284078e-01 7.630006549297205232e-02
1.884955592153875759e-01 -2.559138800733837260e-02
2.010619298297467716e-01 3.818942203037550831e-01
2.136283004441059397e-01 -3.299084462957224684e-02
2.261946710584651354e-01 7.444288543638222233e-02
2.387610416728242757e-01 1.832004179747108163e-01
2.513274122871834715e-01 1.939720874953757002e-02
2.638937829015426395e-01 2.336901434895642393e-01
2.764601535159017520e-01 3.669246024574251974e-01
2.890265241302609756e-01 2.654786785129798488e-01
3.015928947446201436e-01 1.768467346442898491e-01
3.141592653589793116e-01 2.095524474311577512e-01
3.267256359733385351e-01 3.792509278181599441e-01
3.392920065876976476e-01 1.485136949623547253e-01
3.518583772020568157e-01 2.336464301895180007e-01
3.644247478164160392e-01 4.250706688558364976e-01
3.769911184307751517e-01 3.149122548799193622e-01
3.895574890451343197e-01 2.547270758162563098e-01
4.021238596594935433e-01 4.482338260544390662e-01
4.146902302738527113e-01 4.081525687928148627e-01
4.272566008882118793e-01 3.985985334579301154e-01
4.398229715025711029e-01 2.685146674868032490e-01
4.523893421169302709e-01 5.525104709949519854e-01
4.649557127312893834e-01 4.815381317427877561e-01
4.775220833456485514e-01 2.966259178535242125e-01
4.900884539600077194e-01 4.450172833369574477e-01
5.026548245743669430e-01 4.211315840905401342e-01
5.152211951887261110e-01 5.459816125426342204e-01
5.277875658030852790e-01 6.036029381240197722e-01
5.403539364174444470e-01 7.187162942352307571e-01
5.529203070318035040e-01 3.908520730062164938e-01
5.654866776461627831e-01 4.842777107103319323e-01
5.780530482605219511e-01 5.205241619982837742e-01
5.906194188748811191e-01 6.090341042728636411e-01
6.031857894892402872e-01 5.725951157494365562e-01
6.157521601035994552e-01 5.386747408816348059e-01
6.283185307179586232e-01 5.405279490344606641e-01
6.408849013323177912e-01 7.022796587951833924e-01
6.534512719466770703e-01 5.255244405695976839e-01
6.660176425610361273e-01 7.270544524053901281e-01
6.785840131753952953e-01 6.542635255589387411e-01
6.911503837897544633e-01 6.628561035206703700e-01
7.037167544041136313e-01 5.463294542049390579e-01
7.162831250184729104e-01 6.622201585365247167e-01
7.288494956328320784e-01 7.266780534013782544e-01
7.414158662471912464e-01 6.223543417740137196e-01
7.539822368615503034e-01 7.104298428389985709e-01
7.665486074759094715e-01 6.362165383167383004e-01
7.791149780902686395e-01 5.970960906260964762e-01
7.916813487046279185e-01 5.255117938576140402e-01
8.042477193189870865e-01 6.923414779058679747e-01
8.168140899333462546e-01 8.399601405417862487e-01
8.293804605477054226e-01 7.877801756386768606e-01
8.419468311620645906e-01 6.141249194756722707e-01
8.545132017764237586e-01 7.271480176940807727e-01
8.670795723907829267e-01 7.483478343613387818e-01
8.796459430051422057e-01 8.385134933148801206e-01
8.922123136195013737e-01 7.465081515926899058e-01
9.047786842338605418e-01 7.999280851900451017e-01
9.173450548482194877e-01 6.727555183633684432e-01
9.299114254625787668e-01 7.688298189894807733e-01
9.424777960769379348e-01 8.839050389282004927e-01
9.550441666912971028e-01 7.471482194190557369e-01
9.676105373056562708e-01 9.928570201203334999e-01
9.801769079200154389e-01 8.185076676900239212e-01
9.927432785343746069e-01 6.071365888380138021e-01
1.005309649148733886e+00 9.420765603036914682e-01
1.017876019763092943e+00 8.805809936548733008e-01
1.030442390377452222e+00 8.958528914882259997e-01
1.043008760991811279e+00 9.813772858523168718e-01
1.055575131606170558e+00 8.209329535266041145e-01
1.068141502220529837e+00 1.010015626414703105e+00
1.080707872834888894e+00 8.248022429434163083e-01
1.093274243449248173e+00 7.553099128788737238e-01
1.105840614063607008e+00 9.026612010883710013e-01
1.118406984677966287e+00 8.672139341363102050e-01
1.130973355292325566e+00 7.190005866394337808e-01
1.143539725906684623e+00 7.816420709192750671e-01
1.156106096521043902e+00 9.929497088361284307e-01
1.168672467135402959e+00 8.803310095426342130e-01
1.181238837749762238e+00 9.028954168967284755e-01
1.193805208364121295e+00 9.705624597931287179e-01
1.206371578978480574e+00 7.280552698612463569e-01
1.218937949592839853e+00 9.166183698440264482e-01
1.231504320207198910e+00 9.311988803108646184e-01
1.244070690821558189e+00 1.084584568020773299e+00
1.256637061435917246e+00 1.005870475394393893e+00
1.269203432050276525e+00 9.106364141179673632e-01
1.281769802664635582e+00 6.967513348235214732e-01
1.294336173278994861e+00 1.105201398861815676e+00
1.306902543893354141e+00 9.121243249638272266e-01
1.319468914507712975e+00 9.265830111526456303e-01
1.332035285122072255e+00 9.656529347726077184e-01
1.344601655736431534e+00 1.021242763306331236e+00
1.357168026350790591e+00 9.422379926854280718e-01
1.369734396965149870e+00 8.957581790705111402e-01
1.382300767579508927e+00 1.003535910531741404e+00
1.394867138193868206e+00 1.133957556919757081e+00
1.407433508808227263e+00 1.088534462448442763e+00
1.419999879422586542e+00 9.350741048018786916e-01
1.432566250036945821e+00 1.308457666585893797e+00
1.445132620651304878e+00 1.029761142259536966e+00
1.457698991265664157e+00 1.072342809178974843e+00
1.470265361880023214e+00 9.437798728078728994e-01
1.482831732494382493e+00 1.007495997741291838e+00
1.495398103108741550e+00 9.225702056891023073e-01
1.507964473723100607e+00 1.215479437009438612e+00
1.520530844337459886e+00 8.869461457569702834e-01
1.533097214951818943e+00 1.048604984859131672e+00
1.545663585566178222e+00 1.047852858424705769e+00
1.558229956180537279e+00 1.060765039911677476e+00
1.570796326794896558e+00 1.187190164375495627e+00
1.583362697409255837e+00 9.705191371541409540e-01
1.595929068023614894e+00 9.398694244984093782e-01
1.608495438637974173e+00 9.781847261948322103e-01
1.621061809252333230e+00 1.055476585834872250e+00
1.633628179866692509e+00 1.084048251453295642e+00
1.646194550481051566e+00 1.032903451088384328e+00
1.658760921095410845e+00 1.083075010399292326e+00
1.671327291709770124e+00 9.303344052830285760e-01
1.683893662324129181e+00 9.662141690456637066e-01
1.696460032938488460e+00 1.035182745179736408e+00
1.709026403552847517e+00 9.952794914782606694e-01
1.721592774167206796e+00 1.067037059662641063e+00
1.734159144781565853e+00 9.901687515018456898e-01
1.746725515395925132e+00 9.503212458819634278e-01
1.759291886010284411e+00 1.020686475719488451e+00
1.771858256624643468e+00 1.001581358031851110e+00
1.784424627239002747e+00 1.100206491838151557e+00
1.796990997853361804e+00 8.912821287235028755e-01
1.809557368467721084e+00 1.124753267328460815e+00
1.822123739082079918e+00 1.042751388850562622e+00
1.834690109696438975e+00 1.103938193841982551e+00
1.847256480310798255e+00 7.595547827891269144e-01
1.859822850925157534e+00 8.032532526182917243e-01
1.872389221539516591e+00 9.639136102933459904e-01
1.884955592153875870e+00 1.036632455359886240e+00
1.897521962768234927e+00 1.021014171176139129e+00
1.910088333382594206e+00 1.000920944654970501e+00
1.922654703996953263e+00 1.191888197983575592e+00
1.935221074611312542e+00 9.736625046210889423e-01
1.947787445225671821e+00 1.121305850847858609e+00
1.960353815840030878e+00 9.692700302624528419e-01
1.972920186454390157e+00 1.124444028416730523e+00
1.985486557068749214e+00 1.125615009726234517e+00
1.998052927683108493e+00 9.308180247381200312e-01
2.010619298297467772e+00 9.322599614795807899e-01
2.023185668911826607e+00 8.969399574809597819e-01
2.035752039526185886e+00 9.577707628246940885e-01
2.048318410140545165e+00 8.523225138427155123e-01
2.060884780754904444e+00 7.946563612734586224e-01
2.073451151369263723e+00 8.019802050338228350e-01
2.086017521983622558e+00 7.967825168331846841e-01
2.098583892597981837e+00 9.588092597929667171e-01
2.111150263212341116e+00 7.434884173360468695e-01
2.123716633826700395e+00 8.177311077567414044e-01
2.136283004441059674e+00 8.400350847234296925e-01
2.148849375055418509e+00 6.688489588912180928e-01
2.161415745669777788e+00 8.266950161339373659e-01
2.173982116284137067e+00 8.970747467806510222e-01
2.186548486898496346e+00 8.831224446916234871e-01
2.199114857512855181e+00 8.207300857171678787e-01
2.211681228127214016e+00 5.480610280247700805e-01
2.224247598741573295e+00 7.459397660370441496e-01
2.236813969355932574e+00 6.999257761346421303e-01
2.249380339970291853e+00 8.126508399990052256e-01
2.261946710584651132e+00 7.196299981191760509e-01
2.274513081199009967e+00 8.968948685592676995e-01
2.287079451813369246e+00 6.724310966982678384e-01
2.299645822427728525e+00 8.853185961058660514e-01
2.312212193042087804e+00 6.371952535424940667e-01
2.324778563656447083e+00 7.086316653969214618e-01
2.337344934270805918e+00 7.253229479752595354e-01
2.349911304885165197e+00 5.859686309861155129e-01
2.362477675499524477e+00 5.643252266946208184e-01
2.375044046113883756e+00 9.234467015566563131e-01
2.387610416728242591e+00 6.627094021020972781e-01
2.400176787342601870e+00 4.803599535701667533e-01
2.412743157956961149e+00 6.659660012972721255e-01
2.425309528571320428e+00 9.088301807328152959e-01
2.437875899185679707e+00 4.687337254576314227e-01
2.450442269800038542e+00 7.967363072054762796e-01
2.463008640414397821e+00 5.970799301478600940e-01
2.475575011028757100e+00 5.842131016792825315e-01
2.488141381643116379e+00 6.363600224978345210e-01
2.500707752257475658e+00 6.620276219271685747e-01
2.513274122871834493e+00 4.243693233442267232e-01
2.525840493486193772e+00 5.662895213917643611e-01
2.538406864100553051e+00 5.624158531219960455e-01
2.550973234714912330e+00 4.926776406083915871e-01
2.563539605329271165e+00 7.661182409686804196e-01
2.576105975943630444e+00 6.644318465134055884e-01
2.588672346557989723e+00 6.712560953882016346e-01
2.601238717172349002e+00 4.134377545894312167e-01
2.613805087786708281e+00 3.430883170444601338e-01
2.626371458401067116e+00 3.357584565876096105e-01
2.638937829015425951e+00 4.099548554923395094e-01
2.651504199629785230e+00 7.269949365534001950e-01
2.664070570244144509e+00 5.534533528118740220e-01
2.676636940858503788e+00 5.080608896444064326e-01
2.689203311472863067e+00 4.678492666088982510e-01
2.701769682087221902e+00 3.040159634147492351e-01
2.714336052701581181e+00 2.876047151166782334e-01
2.726902423315940460e+00 4.505804125959991246e-01
2.739468793930299739e+00 3.944803547137684108e-01
2.752035164544658574e+00 3.633450321064477517e-01
2.764601535159017853e+00 3.764955729272480567e-01
2.777167905773377132e+00 2.590415785441476659e-01
2.789734276387736411e+00 4.441934102894523062e-01
2.802300647002095690e+00 3.249001392478946815e-01
2.814867017616454525e+00 3.527961981150445347e-01
2.827433388230813804e+00 3.532723401021421461e-01
2.839999758845173083e+00 4.626080476631117544e-01
2.852566129459532362e+00 2.391646742430392492e-01
2.865132500073891642e+00 2.700675545113542797e-01
2.877698870688250476e+00 3.848620630291014200e-01
2.890265241302609756e+00 3.081130703167143658e-01
2.902831611916969035e+00 2.120808264696576462e-01
2.915397982531328314e+00 1.768658368551176419e-01
2.927964353145687149e+00 2.402399575195214299e-01
2.940530723760046428e+00 7.436366995128368407e-02
2.953097094374405707e+00 1.423499608413978101e-01
2.965663464988764986e+00 5.641233155626237949e-02
2.978229835603124265e+00 1.247308705654323613e-01
2.990796206217483100e+00 1.526847977576837601e-01
3.003362576831842379e+00 2.359405044441558463e-01
3.015928947446201214e+00 1.334026105864044021e-01
3.028495318060560493e+00 1.727421576534223790e-01
3.041061688674919772e+00 3.120311509333466571e-01
3.053628059289279051e+00 -9.336424071100413169e-03
3.066194429903637886e+00 1.667152343567397388e-01
3.078760800517997165e+00 3.803488654289170767e-02
3.091327171132356444e+00 1.932309259337290641e-01
3.103893541746715723e+00 -4.358733695488457155e-02
3.116459912361074558e+00 -4.181305571024479528e-02
3.129026282975433837e+00 1.322556944011528957e-01
3.141592653589793116e+00 -1.530537372806787810e-01
3.154159024204152395e+00 -5.159032676024413039e-02
3.166725394818511674e+00 -7.197686427601301951e-02
3.179291765432870509e+00 -3.737975157131710052e-02
3.191858136047229788e+00 -2.248698220545113438e-02
3.204424506661589067e+00 -2.564156619263892323e-02
3.216990877275948346e+00 5.107661099005318672e-02
3.229557247890307181e+00 4.272427099286320307e-02
3.242123618504666460e+00 -1.691871961830039850e-01
3.254689989119025739e+00 -9.965250319284146840e-02
3.267256359733385018e+00 -1.358846931896012800e-01
3.279822730347744297e+00 3.279141634403265337e-03
3.292389100962103132e+00 2.610846615670017745e-02
3.304955471576462411e+00 -2.846411224103431170e-01
3.317521842190821690e+00 -1.342412864681314932e-01
3.330088212805180969e+00 -1.892865777001555561e-01
3.342654583419540248e+00 -2.888290499181250803e-01
3.355220954033899083e+00 -1.401815491173622197e-01
3.367787324648258362e+00 -3.486999547455292281e-01
3.380353695262617642e+00 -2.991742258002308419e-01
3.392920065876976921e+00 -1.913137837192412094e-01
3.405486436491335756e+00 -1.289550190764851556e-02
3.418052807105695035e+00 -2.991228102028323788e-01
3.430619177720054314e+00 -1.021746217977056170e-01
3.443185548334413593e+00 -3.590279980410930327e-01
3.455751918948772872e+00 -3.938511973823545786e-01
3.468318289563131707e+00 -4.074839781144889983e-01
3.480884660177490986e+00 -2.966529265767720580e-01
3.493451030791850265e+00 -1.974619521756225959e-01
3.506017401406209544e+00 -4.524823524384484763e-01
3.518583772020568823e+00 -3.668839093274912644e-01
3.531150142634927658e+00 -4.262628141402614590e-01
3.543716513249286937e+00 -3.636584522138979203e-01
3.556282883863646216e+00 -2.760245725214178769e-01
3.568849254478005495e+00 -4.953471609411452814e-01
3.581415625092364330e+00 -4.728385220658041788e-01
3.593981995706723609e+00 -4.096620298298782048e-01
3.606548366321082888e+00 -2.227638600862543727e-01
3.619114736935442167e+00 -2.468737508944655878e-01
3.631681107549800558e+00 -6.559417362147048625e-01
3.644247478164159837e+00 -3.429402561530869864e-01
3.656813848778519116e+00 -5.009281816539906673e-01
3.669380219392877951e+00 -5.638622946114426604e-01
3.681946590007237230e+00 -4.594757628315737086e-01
3.694512960621596509e+00 -5.073911276784414115e-01
3.707079331235955788e+00 -5.614514684877467410e-01
3.719645701850315067e+00 -7.180576719928686291e-01
3.732212072464673902e+00 -4.569915684118415755e-01
3.744778443079033181e+00 -5.567006769844194958e-01
3.757344813693392460e+00 -5.993424035965954078e-01
3.769911184307751739e+00 -6.410931369638961375e-01
3.782477554922110574e+00 -8.104188547679305188e-01
3.795043925536469853e+00 -5.850462389921283757e-01
3.807610296150829132e+00 -4.424683904818945690e-01
3.820176666765188411e+00 -7.038612439104428020e-01
3.832743037379547690e+00 -6.832114795632044935e-01
3.845309407993906525e+00 -6.374549768307870012e-01
3.857875778608265804e+00 -9.568414810125647207e-01
3.870442149222625083e+00 -6.085414210637762888e-01
3.883008519836984362e+00 -6.693432121334537133e-01
3.895574890451343641e+00 -7.158048522981639294e-01
3.908141261065702476e+00 -4.420085342268369466e-01
3.920707631680061755e+00 -7.704924406742966747e-01
3.933274002294421035e+00 -8.360085645785398922e-01
3.945840372908780314e+00 -9.090097570687279971e-01
3.958406743523139149e+00 -6.520435763469203394e-01
3.970973114137498428e+00 -7.635727662997209286e-01
3.983539484751857707e+00 -6.941934732843624278e-01
3.996105855366216986e+00 -5.657911948670237834e-01
4.008672225980576265e+00 -6.913727783577374719e-01
4.021238596594935544e+00 -7.303172691788477611e-01
4.033804967209294823e+00 -7.665122687357591724e-01
4.046371337823653214e+00 -8.172214356211533470e-01
4.058937708438012493e+00 -8.041676781738784641e-01
4.071504079052371772e+00 -6.531023186194105934e-01
4.084070449666731051e+00 -8.300699098807111653e-01
4.096636820281090330e+00 -9.830775541196933309e-01
4.109203190895449609e+00 -6.437133446859260033e-01
4.121769561509808888e+00 -9.249682177074757261e-01
4.134335932124168167e+00 -7.575814916039614877e-01
4.146902302738527446e+00 -7.662583527573861852e-01
4.159468673352886725e+00 -7.915161977872987586e-01
4.172035043967245116e+00 -7.744858777199961075e-01
4.184601414581604395e+00 -8.944128103666068030e-01
4.197167785195963674e+00 -7.244755859454533597e-01
4.209734155810322953e+00 -9.355692518707193761e-01
4.222300526424682232e+00 -1.074396012680804313e+00
4.234866897039041511e+00 -7.242306650719168015e-01
4.247433267653400790e+00 -6.277732409948100223e-01
4.259999638267760069e+00 -1.087593675204983956e+00
4.272566008882119348e+00 -9.175172205982770057e-01
4.285132379496477739e+00 -9.834854663244332329e-01
4.297698750110837018e+00 -8.892645213960649331e-01
4.310265120725196297e+00 -9.252096691601522371e-01
4.322831491339555576e+00 -8.797431178426943221e-01
4.335397861953914855e+00 -9.917493802236638789e-01
4.347964232568274134e+00 -9.899504640416019186e-01
4.360530603182633413e+00 -1.013934532362961161e+00
4.373096973796992692e+00 -9.177500425854540067e-01
4.385663344411351972e+00 -9.742514396125196985e-01
4.398229715025710362e+00 -9.142569681514092217e-01
4.410796085640069641e+00 -9.054280957248252992e-01
4.423362456254428032e+00 -8.961343564231992742e-01
4.435928826868787311e+00 -9.504319582744361616e-01
4.448495197483146590e+00 -1.079376504739258280e+00
4.461061568097505869e+00 -9.603344638335489236e-01
4.473627938711865148e+00 -9.051658547453033110e-01
4.486194309326224428e+00 -9.883166368191173001e-01
4.498760679940583707e+00 -9.995003525479728701e-01
4.511327050554942986e+00 -9.805247878039340392e-01
4.523893421169302265e+00 -8.149192241195195585e-01
4.536459791783661544e+00 -8.940633587293483897e-01
4.549026162398019935e+00 -9.503024203044545537e-01
4.561592533012379214e+00 -9.103070222644236154e-01
4.574158903626738493e+00 -1.088287204508860961e+00
4.586725274241097772e+00 -8.363995636499881314e-01
4.599291644855457051e+00 -1.139649604977432729e+00
4.611858015469816330e+00 -8.610135348658622956e-01
4.624424386084175609e+00 -8.573421004580985549e-01
4.636990756698534888e+00 -1.083873889374434185e+00
4.649557127312894167e+00 -7.330013930015232271e-01
4.662123497927252558e+00 -8.740753656580340092e-01
4.674689868541611837e+00 -1.064434060567111429e+00
4.687256239155971116e+00 -1.015761092228624207e+00
4.699822609770330395e+00 -1.174045894164525983e+00
4.712388980384689674e+00 -1.039150312695123146e+00
4.724955350999048953e+00 -9.225017414499895319e-01
4.737521721613408232e+00 -1.001632296002733513e+00
4.750088092227767511e+00 -9.397986344369828604e-01
4.762654462842126790e+00 -9.996091716874787592e-01
4.775220833456485181e+00 -1.042125609026811839e+00
4.787787204070844460e+00 -1.077131456418453093e+00
4.800353574685203739e+00 -9.798164967050109198e-01
4.812919945299563018e+00 -1.009447991642559606e+00
4.825486315913922297e+00 -1.142874202315048882e+00
4.838052686528281576e+00 -8.510801880114029494e-01
4.850619057142640855e+00 -1.007287104701550140e+00
4.863185427757000134e+00 -1.011503587577034624e+00
4.875751798371359413e+00 -9.718559673282129996e-01
4.888318168985717804e+00 -9.747765786580658842e-01
4.900884539600077083e+00 -9.969763751678976105e-01
4.913450910214436362e+00 -8.816017375422915414e-01
4.926017280828795641e+00 -8.490445984640597743e-01
4.938583651443154920e+00 -1.038203673088548440e+00
4.951150022057514200e+00 -9.878467749553528909e-01
4.963716392671873479e+00 -9.752154086364953622e-01
4.976282763286232758e+00 -1.067305489081632475e+00
4.988849133900592037e+00 -9.884675886813980572e-01
5.001415504514951316e+00 -9.225214909984787992e-01
5.013981875129309707e+00 -1.056732773022004857e+00
5.026548245743668986e+00 -9.994474325108536616e-01
5.039114616358028265e+00 -8.993157238306920265e-01
5.051680986972387544e+00 -8.513643240454887851e-01
5.064247357586746823e+00 -7.417418983189758563e-01
5.076813728201106102e+00 -8.924052883910490452e-01
5.089380098815465381e+00 -9.126867869374113429e-01
5.101946469429824660e+00 -9.796443769941292068e-01
5.114512840044183939e+00 -9.294421422970279290e-01
5.127079210658542330e+00 -8.385117867289012539e-01
5.139645581272901609e+00 -8.941211211089821198e-01
5.152211951887260888e+00 -9.523284736954882312e-01
5.164778322501620167e+00 -8.466040177471773065e-01
5.177344693115979446e+00 -1.032567388421283594e+00
5.189911063730338725e+00 -7.880969980132972452e-01
5.202477434344698004e+00 -9.541943103381305136e-01
5.215043804959057283e+00 -1.011346326635913062e+00
5.227610175573416562e+00 -7.633939506435041267e-01
5.240176546187774953e+00 -6.271071828137629867e-01
5.252742916802134232e+00 -8.714375825957051402e-01
5.265309287416492623e+00 -9.518329130271774297e-01
5.277875658030851902e+00 -8.737518497594763955e-01
5.290442028645211181e+00 -9.465936513500909921e-01
5.303008399259570460e+00 -1.061941054605059387e+00
5.315574769873929739e+00 -6.458109268695516603e-01
5.328141140488289018e+00 -8.903771089546410611e-01
5.340707511102648297e+00 -7.862379860510499974e-01
5.353273881717007576e+00 -8.722835572526739245e-01
5.365840252331366855e+00 -6.907993475187058641e-01
5.378406622945726134e+00 -6.099146461542995779e-01
5.390972993560084525e+00 -9.043407321106980978e-01
5.403539364174443804e+00 -8.380926374931618739e-01
5.416105734788803083e+00 -8.834899394128740147e-01
5.428672105403162362e+00 -6.164343509274946564e-01
5.441238476017521641e+00 -5.953415575966350959e-01
5.453804846631880920e+00 -6.463158389350902588e-01
5.466371217246240199e+00 -5.933443943511333973e-01
5.478937587860599479e+00 -8.462046821254336493e-01
5.491503958474958758e+00 -8.332036347513771535e-01
5.504070329089317148e+00 -7.726062057827385310e-01
5.516636699703676427e+00 -6.449537664243506496e-01
5.529203070318035707e+00 -8.176466999537399527e-01
5.541769440932394986e+00 -6.158331616785922558e-01
5.554335811546754265e+00 -7.675580698385644496e-01
5.566902182161113544e+00 -4.025191695061631214e-01
5.579468552775472823e+00 -7.160940429749474978e-01
5.592034923389832102e+00 -7.044532130266826231e-01
5.604601294004191381e+00 -6.662436665376090250e-01
5.617167664618549772e+00 -4.436436891123353154e-01
5.629734035232909051e+00 -4.838159214407659059e-01
5.642300405847268330e+00 -6.438368394573577014e-01
5.654866776461627609e+00 -6.116508426748423766e-01
5.667433147075986888e+00 -5.107293152216598742e-01
5.679999517690346167e+00 -7.630638390493795775e-01
5.692565888304705446e+00 -6.818214782086227110e-01
5.705132258919064725e+00 -5.275929621099827438e-01
5.717698629533424004e+00 -7.447633933051688304e-01
5.730265000147783283e+00 -5.228613413318853320e-01
5.742831370762141674e+00 -6.741605353068538253e-01
5.755397741376500953e+00 -3.189867062439293299e-01
5.767964111990860232e+00 -2.909437475052014666e-01
5.780530482605219511e+00 -5.017276818184046583e-01
5.793096853219578790e+00 -6.151625825795047353e-01
5.805663223833938069e+00 -5.388788765945197179e-01
5.818229594448297348e+00 -5.326330496995808073e-01
5.830795965062656627e+00 -4.628347148072674555e-01
5.843362335677015906e+00 -4.443417852820431002e-01
5.855928706291374297e+00 -3.145324670230626452e-01
5.868495076905733576e+00 -5.358132531084590644e-01
5.881061447520092855e+00 -4.945757159674757375e-01
5.893627818134452134e+00 -2.704198304065659197e-01
5.906194188748811413e+00 -6.721619608458428985e-01
5.918760559363170692e+00 -3.790450541620463132e-01
5.931326929977529971e+00 -3.501276586598773277e-01
5.943893300591889250e+00 -1.381947022635847400e-01
5.956459671206248530e+00 -2.942157401855322596e-01
5.969026041820606920e+00 -3.761767233387880993e-01
5.981592412434966199e+00 -1.207985810193899778e-01
5.994158783049325478e+00 -4.096323903715528569e-01
6.006725153663684758e+00 -2.335490629744619295e-01
6.019291524278044037e+00 -2.995139946825619015e-01
6.031857894892402427e+00 -3.403846092434621995e-01
6.044424265506761706e+00 -9.071768820425513136e-02
6.056990636121120986e+00 -1.857409083727030452e-01
6.069557006735480265e+00 9.087543249960194913e-03
6.082123377349839544e+00 -2.630535374162698004e-01
6.094689747964198823e+00 -1.635645828608449925e-01
6.107256118578558102e+00 -6.790000393305271886e-02
6.119822489192916493e+00 -1.306866561930434545e-01
6.132388859807275772e+00 1.596360175577649088e-02
6.144955230421635051e+00 -3.994491506012481929e-01
6.157521601035994330e+00 -5.953506250135445765e-02
6.170087971650353609e+00 -1.565174417921634531e-02
6.182654342264712888e+00 -1.218561851752316127e-01
6.195220712879072167e+00 -3.889743996491568101e-02
6.207787083493431446e+00 -1.602543877594669874e-01
6.220353454107790725e+00 1.149739361195126625e-01
6.232919824722149116e+00 -1.508408894500821995e-02
6.245486195336508395e+00 -1.647800793333263278e-02
6.258052565950867674e+00 1.182395170623340430e-01
6.270618936565226953e+00 5.501119199903728441e-02
