0.000000000000000000e+00 -8.085308318426395746e-03
1.256637061435917323e-02 1.992868107897668717e-01
2.513274122871834645e-02 2.163724941872793295e-01
3.769911184307751795e-02 -1.191251401157030626e-02
5.026548245743669291e-02 2.041177775975469566e-03
6.283185307179586787e-02 7.187102051327026730e-02
7.539822368615503589e-02 1.183614878749967292e-01
8.796459430051420392e-02 -1.820685643532260478e-02
1.005309649148733858e-01 -1.796307851455625215e-03
1.130973355292325677e-01 1.197368996586500450e-01
1.256637061435917357e-01 1.676578328483021851e-01
1.382300767579508760e-01 3.240921301262294496e-01
1.507964473723100718e-01 2.666375939981124876e-01
1.633628179866692676e-01 2.388658083286072098e-01
1.759291886010284078e-01 2.448425530722924404e-01
1.884955592153875759e-01 2.392165565164069974e-01
2.010619298297467716e-01 6.135918200625947727e-02
2.136283004441059397e-01 3.040037808561276145e-01
2.261946710584651354e-01 2.878421822218505399e-01
2.387610416728242757e-01 3.355400474188943716e-01
2.513274122871834715e-01 2.201152849603973949e-01
2.638937829015426395e-01 3.640622647912320486e-01
2.764601535159017520e-01 9.752481668791196379e-02
2.890265241302609756e-01 1.544471294075644707e-01
3.015928947446201436e-01 2.032622115136799856e-01
3.141592653589793116e-01 2.553686519769725605e-01
3.267256359733385351e-01 4.170488122097105177e-01
3.392920065876976476e-01 5.014472457934504579e-01
3.518583772020568157e-01 2.584964802232251890e-01
3.644247478164160392e-01 1.976801461273882121e-01
3.769911184307751517e-01 4.054363510707947316e-01
3.895574890451343197e-01 4.368999846349086447e-01
4.021238596594935433e-01 3.000990102580073371e-01
4.146902302738527113e-01 4.461946517329819506e-01
4.272566008882118793e-01 6.396580185072737734e-01
4.398229715025711029e-01 4.327524593983315682e-01
4.523893421169302709e-01 5.237416949893396456e-01
4.649557127312893834e-01 7.394213236209150608e-01
4.775220833456485514e-01 3.308424067191214624e-01
4.900884539600077194e-01 4.257767965131863397e-01
5.026548245743669430e-01 7.480521671096358460e-01
5.152211951887261110e-01 4.303445221911988972e-01
5.277875658030852790e-01 6.186740933085073113e-01
5.403539364174444470e-01 5.273246739673256300e-01
5.529203070318035040e-01 5.488107761687788244e-01
5.654866776461627831e-01 5.303094612551079168e-01
5.780530482605219511e-01 5.517955391951987476e-01
5.906194188748811191e-01 6.627179993792650103e-01
6.031857894892402872e-01 3.769320643244717939e-01
6.157521601035994552e-01 5.433831400237153497e-01
6.283185307179586232e-01 6.015041334183105493e-01
6.408849013323177912e-01 4.861736220522199781e-01
6.534512719466770703e-01 8.363438527701201330e-01
6.660176425610361273e-01 4.928698651181185331e-01
6.785840131753952953e-01 5.170982293783485950e-01
6.911503837897544633e-01 6.349385434344175794e-01
7.037167544041136313e-01 5.409998667414775975e-01
7.162831250184729104e-01 5.918302569870619312e-01
7.288494956328320784e-01 5.932850131909752633e-01
7.414158662471912464e-01 6.719249291101346833e-01
7.539822368615503034e-01 6.729389052551469907e-01
7.665486074759094715e-01 6.190418125289454121e-01
7.791149780902686395e-01 7.204166604469128821e-01
7.916813487046279185e-01 8.022238465188045176e-01
8.042477193189870865e-01 7.401946527044649393e-01
8.168140899333462546e-01 8.107827091764713279e-01
8.293804605477054226e-01 7.107535519877641317e-01
8.419468311620645906e-01 6.706690501010155181e-01
8.545132017764237586e-01 8.415762410543774497e-01
8.670795723907829267e-01 7.648882339859683910e-01
8.796459430051422057e-01 6.858090997693037094e-01
8.922123136195013737e-01 8.604758862634251937e-01
9.047786842338605418e-01 1.001719274835268347e+00
9.173450548482194877e-01 6.145402637395528389e-01
9.299114254625787668e-01 8.118653870253067506e-01
9.424777960769379348e-01 8.541697647603052612e-01
9.550441666912971028e-01 7.136592924607458865e-01
9.676105373056562708e-01 6.910327856553418746e-01
9.801769079200154389e-01 8.232820342283060366e-01
9.927432785343746069e-01 7.395781137749324330e-01
1.005309649148733886e+00 8.741475040246068362e-01
1.017876019763092943e+00 8.432373544329786474e-01
1.030442390377452222e+00 1.067266904681572370e+00
1.043008760991811279e+00 8.706214446900452097e-01
1.055575131606170558e+00 8.699684219157980403e-01
1.068141502220529837e+00 9.396831418022330018e-01
1.080707872834888894e+00 8.132752268659140249e-01
1.093274243449248173e+00 9.323775573987242993e-01
1.105840614063607008e+00 1.010118312926373552e+00
1.118406984677966287e+00 8.170559822282322804e-01
1.130973355292325566e+00 9.664477551612531414e-01
1.143539725906684623e+00 1.006140742502542151e+00
1.156106096521043902e+00 9.637437825724747276e-01
1.168672467135402959e+00 7.214103309102598560e-01
1.181238837749762238e+00 8.648887555171076436e-01
1.193805208364121295e+00 9.477228127555183956e-01
1.206371578978480574e+00 9.383581063536700073e-01
1.218937949592839853e+00 1.075084899433323304e+00
1.231504320207198910e+00 7.804625647957702528e-01
1.244070690821558189e+00 9.302696967928238969e-01
1.256637061435917246e+00 1.005909803745457465e+00
1.269203432050276525e+00 7.988316823112192600e-01
1.281769802664635582e+00 9.817850846722350200e-01
1.294336173278994861e+00 8.087078900154088812e-01
1.306902543893354141e+00 9.651558919773024492e-01
1.319468914507712975e+00 1.009607660584750821e+00
1.332035285122072255e+00 1.092000155727505417e+00
1.344601655736431534e+00 1.137718936459610308e+00
1.357168026350790591e+00 1.093240257175733809e+00
1.369734396965149870e+00 9.985241244607480082e-01
1.382300767579508927e+00 1.059845083920166076e+00
1.394867138193868206e+00 9.683478346536961157e-01
1.407433508808227263e+00 1.074650977777077188e+00
1.419999879422586542e+00 7.881842353472962026e-01
1.432566250036945821e+00 8.592901403102521929e-01
1.445132620651304878e+00 1.018128656808037213e+00
1.457698991265664157e+00 1.070833953223022883e+00
1.470265361880023214e+00 9.098485550048320825e-01
1.482831732494382493e+00 1.095237189888799589e+00
1.495398103108741550e+00 9.647048215649896008e-01
1.507964473723100607e+00 8.886463309748234840e-01
1.520530844337459886e+00 9.969984527776695193e-01
1.533097214951818943e+00 9.968793270374460835e-01
1.545663585566178222e+00 9.430687803834525429e-01
1.558229956180537279e+00 9.832568409812408872e-01
1.570796326794896558e+00 1.057564192359815136e+00
1.583362697409255837e+00 9.213313320994261924e-01
1.595929068023614894e+00 1.010885831136647539e+00
1.608495438637974173e+00 8.994428946290523585e-01
1.621061809252333230e+00 1.040970668624863205e+00
1.633628179866692509e+00 1.042692701740479455e+00
1.646194550481051566e+00 8.514394827405619148e-01
1.658760921095410845e+00 1.051055227081079790e+00
1.671327291709770124e+00 1.030443932872920687e+00
1.683893662324129181e+00 8.875920360956486288e-01
1.696460032938488460e+00 1.044295380782614746e+00
1.709026403552847517e+00 1.010060758442796081e+00
1.721592774167206796e+00 1.030978432118272226e+00
1.734159144781565853e+00 1.058512470397462213e+00
1.746725515395925132e+00 1.019484742250102105e+00
1.759291886010284411e+00 1.050945947134364511e+00
1.771858256624643468e+00 1.022506305364208057e+00
1.784424627239002747e+00 9.444985203934349594e-01
1.796990997853361804e+00 9.698509712105752856e-01
1.809557368467721084e+00 1.078842360210975126e+00
1.822123739082079918e+00 1.083340128590864593e+00
1.834690109696438975e+00 9.272356026943919804e-01
1.847256480310798255e+00 1.066153769520987726e+00
1.859822850925157534e+00 8.687032110371210036e-01
1.872389221539516591e+00 1.058873282943005867e+00
1.884955592153875870e+00 9.303334388962877233e-01
1.897521962768234927e+00 1.013148841204315920e+00
1.910088333382594206e+00 8.886158317296699582e-01
1.922654703996953263e+00 8.613336925598356064e-01
1.935221074611312542e+00 9.193275959059035163e-01
1.947787445225671821e+00 1.009181467923133457e+00
1.960353815840030878e+00 9.244818720863015038e-01
1.972920186454390157e+00 1.011975755411870681e+00
1.985486557068749214e+00 1.055043949837621176e+00
1.998052927683108493e+00 7.104102638607492359e-01
2.010619298297467772e+00 8.629050705191809723e-01
2.023185668911826607e+00 8.273955992841588447e-01
2.035752039526185886e+00 6.844864017109423271e-01
2.048318410140545165e+00 1.014310168737512896e+00
2.060884780754904444e+00 7.487682751912962953e-01
2.073451151369263723e+00 9.252632940497760305e-01
2.086017521983622558e+00 9.249672675583203718e-01
2.098583892597981837e+00 1.113228881581568963e+00
2.111150263212341116e+00 8.730205218557838265e-01
2.123716633826700395e+00 7.209698638587511699e-01
2.136283004441059674e+00 9.394304048293036224e-01
2.148849375055418509e+00 9.713004120314290279e-01
2.161415745669777788e+00 8.663959756878207852e-01
2.173982116284137067e+00 8.349607340075090312e-01
2.186548486898496346e+00 7.302860425310051529e-01
2.199114857512855181e+00 8.321362628573584219e-01
2.211681228127214016e+00 6.861115740437071508e-01
2.224247598741573295e+00 7.644573060522432684e-01
2.236813969355932574e+00 7.781978320263757132e-01
2.249380339970291853e+00 8.028933790195769138e-01
2.261946710584651132e+00 7.774260881980554760e-01
2.274513081199009967e+00 8.396995138472879150e-01
2.287079451813369246e+00 6.699309934877596406e-01
2.299645822427728525e+00 8.374960390490467921e-01
2.312212193042087804e+00 8.805332440493253143e-01
2.324778563656447083e+00 7.959739049684042556e-01
2.337344934270805918e+00 6.268326147091846101e-01
2.349911304885165197e+00 9.562421956954677560e-01
2.362477675499524477e+00 8.011480959261397805e-01
2.375044046113883756e+00 6.067539863399155076e-01
2.387610416728242591e+00 7.170116905649490668e-01
2.400176787342601870e+00 8.300986978201539968e-01
2.412743157956961149e+00 5.938002135911824020e-01
2.425309528571320428e+00 5.855771201687292038e-01
2.437875899185679707e+00 7.138504373189198393e-01
2.450442269800038542e+00 6.129405642689995659e-01
2.463008640414397821e+00 6.549370580865225833e-01
2.475575011028757100e+00 5.745645101008323152e-01
2.488141381643116379e+00 5.609342005868755976e-01
2.500707752257475658e+00 8.275848280737722051e-01
2.513274122871834493e+00 5.990368460764075031e-01
2.525840493486193772e+00 6.576618418107631481e-01
2.538406864100553051e+00 7.615204036557925438e-01
2.550973234714912330e+00 4.753461269924337818e-01
2.563539605329271165e+00 4.356872387062541430e-01
2.576105975943630444e+00 4.784673234318657098e-01
2.588672346557989723e+00 5.436413460009269505e-01
2.601238717172349002e+00 5.980901362893222828e-01
2.613805087786708281e+00 5.933576791173762466e-01
2.626371458401067116e+00 3.771729636985506340e-01
2.638937829015425951e+00 4.752259497326458693e-01
2.651504199629785230e+00 4.854610885488944705e-01
2.664070570244144509e+00 4.022545196866820771e-01
2.676636940858503788e+00 3.584254175991742342e-01
2.689203311472863067e+00 6.255058025719533177e-01
2.701769682087221902e+00 5.602016913842484680e-01
2.714336052701581181e+00 2.022536359354980828e-01
2.726902423315940460e+00 4.081497019161083872e-01
2.739468793930299739e+00 5.773550865296785961e-01
2.752035164544658574e+00 3.863313804816991270e-01
2.764601535159017853e+00 4.914471996865588110e-01
2.777167905773377132e+00 4.178928142963500569e-01
2.789734276387736411e+00 5.059470557722364203e-01
2.802300647002095690e+00 5.701901825346566977e-01
2.814867017616454525e+00 4.045078252952333808e-01
2.827433388230813804e+00 1.764943301974997436e-01
2.839999758845173083e+00 3.498242164972129031e-01
2.852566129459532362e+00 1.692606837063022618e-01
2.865132500073891642e+00 2.022919253896404146e-01
2.877698870688250476e+00 3.172492444105167730e-01
2.890265241302609756e+00 2.245332178497902453e-01
2.902831611916969035e+00 3.150179714741928039e-01
2.915397982531328314e+00 2.432451573010245560e-01
2.927964353145687149e+00 1.516962146431260483e-01
2.940530723760046428e+00 2.787891608938246613e-01
2.953097094374405707e+00 2.236562677082887807e-01
2.965663464988764986e+00 2.754047307075684348e-01
2.978229835603124265e+00 2.086848335926693720e-01
2.990796206217483100e+00 1.483324666079732235e-01
3.003362576831842379e+00 2.088943779955333979e-01
3.015928947446201214e+00 1.487557512319714337e-01
3.028495318060560493e+00 -2.411250800369882374e-02
3.041061688674919772e+00 2.093587331746410429e-01
3.053628059289279051e+00 4.871487949433823267e-02
3.066194429903637886e+00 -4.386239142907866206e-03
3.078760800517997165e+00 1.041987815053230237e-01
3.091327171132356444e+00 1.589155964095949058e-01
3.103893541746715723e+00 1.078420897558506064e-01
3.116459912361074558e+00 4.592516196864480926e-02
3.129026282975433837e+00 5.897897663084354647e-02
3.141592653589793116e+00 4.152299562339260841e-02
3.154159024204152395e+00 -6.468251454463226635e-02
3.166725394818511674e+00 -1.337532325795679454e-02
3.179291765432870509e+00 -5.477674738060589466e-02
3.191858136047229788e+00 9.062012647766133633e-02
3.204424506661589067e+00 -1.011735598191837171e-01
3.216990877275948346e+00 9.517422836057319591e-02
3.229557247890307181e+00 1.994749519864573162e-01
3.242123618504666460e+00 -4.895814048100168014e-02
3.254689989119025739e+00 -1.215733172046037369e-01
3.267256359733385018e+00 -7.871189800614047938e-02
3.279822730347744297e+00 -8.840824608247482841e-02
3.292389100962103132e+00 -1.609527942066939221e-01
3.304955471576462411e+00 -1.133944253751306419e-01
3.317521842190821690e+00 -2.569651826544433471e-01
3.330088212805180969e+00 -5.974653029620916045e-02
3.342654583419540248e+00 -4.862477033702461426e-02
3.355220954033899083e+00 -4.387935260474190580e-01
3.367787324648258362e+00 -3.762413625759572500e-01
3.380353695262617642e+00 -1.172684017990818367e-01
3.392920065876976921e+00 -1.951540786647552317e-01
3.405486436491335756e+00 -2.417950785651154233e-01
3.418052807105695035e+00 -2.397185522579454720e-01
3.430619177720054314e+00 -2.437558156627259720e-01
3.443185548334413593e+00 -2.740981041812382557e-01
3.455751918948772872e+00 -3.363802891716804466e-01
3.468318289563131707e+00 -3.853295630080595391e-01
3.480884660177490986e+00 -3.128568837188778762e-01
3.493451030791850265e+00 -1.874152340238882108e-01
3.506017401406209544e+00 -4.100515264952602212e-01
3.518583772020568823e+00 -2.257632711873796549e-01
3.531150142634927658e+00 -3.797403567786024614e-01
3.543716513249286937e+00 -4.218729014895040152e-01
3.556282883863646216e+00 -4.115221424753696122e-01
3.568849254478005495e+00 -5.566341973501972573e-01
3.581415625092364330e+00 -4.035886513105541584e-01
3.593981995706723609e+00 -6.695390792560560467e-01
3.606548366321082888e+00 -3.306296757993067992e-01
3.619114736935442167e+00 -4.101535090048642473e-01
3.631681107549800558e+00 -5.477862782099831573e-01
3.644247478164159837e+00 -5.016047897269761968e-01
3.656813848778519116e+00 -4.297246842844242298e-01
3.669380219392877951e+00 -4.992463998307012929e-01
3.681946590007237230e+00 -5.523186423009811552e-01
3.694512960621596509e+00 -6.369371892318603789e-01
3.707079331235955788e+00 -5.164444061542567965e-01
3.719645701850315067e+00 -5.446899916733154434e-01
3.732212072464673902e+00 -4.490145843431731509e-01
3.744778443079033181e+00 -5.445285738764229500e-01
3.757344813693392460e+00 -5.329390601438102060e-01
3.769911184307751739e+00 -4.975062761047092108e-01
3.782477554922110574e+00 -6.484002682909565385e-01
3.795043925536469853e+00 -5.774651858954990002e-01
3.807610296150829132e+00 -6.424112929754159929e-01
3.820176666765188411e+00 -6.348580651807176345e-01
3.832743037379547690e+00 -6.953440224400425640e-01
3.845309407993906525e+00 -5.507971195911728346e-01
3.857875778608265804e+00 -6.453108349691509815e-01
3.870442149222625083e+00 -6.637163470916369601e-01
3.883008519836984362e+00 -5.952488254720409433e-01
3.895574890451343641e+00 -4.800668154925373798e-01
3.908141261065702476e+00 -5.894108362619240316e-01
3.920707631680061755e+00 -7.171516816624297075e-01
3.933274002294421035e+00 -8.207339265937868555e-01
3.945840372908780314e+00 -6.255234662536306445e-01
3.958406743523139149e+00 -6.616094361202659035e-01
3.970973114137498428e+00 -8.825101299162058099e-01
3.983539484751857707e+00 -4.550592488311426820e-01
3.996105855366216986e+00 -8.672671246848644433e-01
4.008672225980576265e+00 -7.593899075191874459e-01
4.021238596594935544e+00 -8.061959424554592246e-01
4.033804967209294823e+00 -8.582059279971470112e-01
4.046371337823653214e+00 -9.435677606829332431e-01
4.058937708438012493e+00 -1.004514947206444297e+00
4.071504079052371772e+00 -7.969603697831809663e-01
4.084070449666731051e+00 -1.017466763948187358e+00
4.096636820281090330e+00 -7.619525527137711585e-01
4.109203190895449609e+00 -7.548371223902786697e-01
4.121769561509808888e+00 -7.767920662794093323e-01
4.134335932124168167e+00 -7.858863562961362348e-01
4.146902302738527446e+00 -9.285977689297043591e-01
4.159468673352886725e+00 -8.862586355261532489e-01
4.172035043967245116e+00 -8.476523930482009472e-01
4.184601414581604395e+00 -1.041381432590165357e+00
4.197167785195963674e+00 -9.337766825941938853e-01
4.209734155810322953e+00 -8.634221083881964409e-01
4.222300526424682232e+00 -9.480233251448398901e-01
4.234866897039041511e+00 -7.746872062557618177e-01
4.247433267653400790e+00 -9.970602538314379260e-01
4.259999638267760069e+00 -9.589473457745626428e-01
4.272566008882119348e+00 -7.843719839800072924e-01
4.285132379496477739e+00 -9.532067336711864680e-01
4.297698750110837018e+00 -9.147360278835270364e-01
4.310265120725196297e+00 -8.958206915075033194e-01
4.322831491339555576e+00 -1.007933267125066923e+00
4.335397861953914855e+00 -1.061186732753105488e+00
4.347964232568274134e+00 -1.101814039443216542e+00
4.360530603182633413e+00 -9.657452553097842785e-01
4.373096973796992692e+00 -1.037014048641398567e+00
4.385663344411351972e+00 -1.071356034124776091e+00
4.398229715025710362e+00 -1.071661939070648550e+00
4.410796085640069641e+00 -9.133526479155447131e-01
4.423362456254428032e+00 -8.864194704513047585e-01
4.435928826868787311e+00 -9.590971832719763501e-01
4.448495197483146590e+00 -8.942328037856250855e-01
4.461061568097505869e+00 -1.178727594180128069e+00
4.473627938711865148e+00 -9.992022176980954740e-01
4.486194309326224428e+00 -1.001819890860526474e+00
4.498760679940583707e+00 -1.004257110305985634e+00
4.511327050554942986e+00 -8.818924140836414960e-01
4.523893421169302265e+00 -1.028182057917428560e+00
4.536459791783661544e+00 -8.178581837909362218e-01
4.549026162398019935e+00 -1.103035041448082509e+00
4.561592533012379214e+00 -8.753641824739946120e-01
4.574158903626738493e+00 -1.113533203801489124e+00
4.586725274241097772e+00 -9.787340833590699729e-01
4.599291644855457051e+00 -1.026342886810040600e+00
4.611858015469816330e+00 -7.898901817547738791e-01
4.624424386084175609e+00 -1.139230727678669286e+00
4.636990756698534888e+00 -9.005867701693213156e-01
4.649557127312894167e+00 -8.779225287674536915e-01
4.662123497927252558e+00 -1.070828412507184746e+00
4.674689868541611837e+00 -1.018297716153548693e+00
4.687256239155971116e+00 -9.337201386088593846e-01
4.699822609770330395e+00 -1.069732137526609561e+00
4.712388980384689674e+00 -9.742797416645728736e-01
4.724955350999048953e+00 -1.180410077524684187e+00
4.737521721613408232e+00 -9.802093245905434404e-01
4.750088092227767511e+00 -9.528616653125383529e-01
4.762654462842126790e+00 -9.629331020644152916e-01
4.775220833456485181e+00 -7.141690142269501163e-01
4.787787204070844460e+00 -1.159311203902779752e+00
4.800353574685203739e+00 -1.063223023716045157e+00
4.812919945299563018e+00 -9.460854960136370062e-01
4.825486315913922297e+00 -9.325592492711723969e-01
4.838052686528281576e+00 -1.080734978560645265e+00
4.850619057142640855e+00 -1.135314381114466142e+00
4.863185427757000134e+00 -1.030135266946222927e+00
4.875751798371359413e+00 -9.297825757758638732e-01
4.888318168985717804e+00 -9.594403293518917186e-01
4.900884539600077083e+00 -1.042545960247424963e+00
4.913450910214436362e+00 -1.003505294799875935e+00
4.926017280828795641e+00 -1.011299589010548505e+00
4.938583651443154920e+00 -7.515412977848644482e-01
4.951150022057514200e+00 -1.041154005572113128e+00
4.963716392671873479e+00 -1.078469696310248693e+00
4.976282763286232758e+00 -1.064966855284152025e+00
4.988849133900592037e+00 -8.808398942864738013e-01
5.001415504514951316e+00 -9.641291793745853100e-01
5.013981875129309707e+00 -1.007808044275416481e+00
5.026548245743668986e+00 -7.798668851882155639e-01
5.039114616358028265e+00 -1.008383527843396799e+00
5.051680986972387544e+00 -8.861146597859522744e-01
5.064247357586746823e+00 -9.922743556308610824e-01
5.076813728201106102e+00 -9.014221089154837996e-01
5.089380098815465381e+00 -8.364646741139585284e-01
5.101946469429824660e+00 -8.622935047871073122e-01
5.114512840044183939e+00 -9.137681588990211878e-01
5.127079210658542330e+00 -7.058266336873030289e-01
5.139645581272901609e+00 -8.100112610172950367e-01
5.152211951887260888e+00 -8.195480272456071580e-01
5.164778322501620167e+00 -7.770575400982129288e-01
5.177344693115979446e+00 -1.049352299616422179e+00
5.189911063730338725e+00 -7.738071200226932511e-01
5.202477434344698004e+00 -9.065935879520352625e-01
5.215043804959057283e+00 -9.128761557708801044e-01
5.227610175573416562e+00 -9.877238571990982763e-01
5.240176546187774953e+00 -9.126739861093451367e-01
5.252742916802134232e+00 -7.544278569837610249e-01
5.265309287416492623e+00 -8.093734967259116342e-01
5.277875658030851902e+00 -9.197557099228542699e-01
5.290442028645211181e+00 -8.843649254438319396e-01
5.303008399259570460e+00 -9.235986154597652931e-01
5.315574769873929739e+00 -9.596563755575898691e-01
5.328141140488289018e+00 -1.013610449289038096e+00
5.340707511102648297e+00 -9.390227527618113523e-01
5.353273881717007576e+00 -7.324801478311654401e-01
5.365840252331366855e+00 -8.657754000195995170e-01
5.378406622945726134e+00 -6.504048451877971759e-01
5.390972993560084525e+00 -8.496955564625512380e-01
5.403539364174443804e+00 -4.724644127986983855e-01
5.416105734788803083e+00 -5.976434511996489007e-01
5.428672105403162362e+00 -8.182693788106715216e-01
5.441238476017521641e+00 -7.058936217424683912e-01
5.453804846631880920e+00 -5.955204086923227003e-01
5.466371217246240199e+00 -6.457984059628070206e-01
5.478937587860599479e+00 -6.206425794007518482e-01
5.491503958474958758e+00 -7.824303093474860304e-01
5.504070329089317148e+00 -7.287261085814291661e-01
5.516636699703676427e+00 -6.011762791157088115e-01
5.529203070318035707e+00 -6.020788101074112664e-01
5.541769440932394986e+00 -4.631877688856820274e-01
5.554335811546754265e+00 -6.954951602667530652e-01
5.566902182161113544e+00 -6.209568194672692165e-01
5.579468552775472823e+00 -6.943162521768220241e-01
5.592034923389832102e+00 -5.975229450305977741e-01
5.604601294004191381e+00 -6.918599229187663013e-01
5.617167664618549772e+00 -5.788720228959637337e-01
5.629734035232909051e+00 -5.341864066729463678e-01
5.642300405847268330e+00 -6.784448519181469628e-01
5.654866776461627609e+00 -5.391949806022356961e-01
5.667433147075986888e+00 -7.015171167857509049e-01
5.679999517690346167e+00 -5.827187078406637077e-01
5.692565888304705446e+00 -6.635389101169522075e-01
5.705132258919064725e+00 -6.631386031546560034e-01
5.717698629533424004e+00 -4.173188964089679098e-01
5.730265000147783283e+00 -5.232867260859576097e-01
5.742831370762141674e+00 -5.348426052720162138e-01
5.755397741376500953e+00 -3.864340936114132874e-01
5.767964111990860232e+00 -5.138600041852552369e-01
5.780530482605219511e+00 -5.274750598814711422e-01
5.793096853219578790e+00 -5.244498602312479552e-01
5.805663223833938069e+00 -4.916100689943780910e-01
5.818229594448297348e+00 -2.636975984273695617e-01
5.830795965062656627e+00 -3.197073584673001956e-01
5.843362335677015906e+00 -5.881936514644888758e-01
5.855928706291374297e+00 -5.771431984730364118e-01
5.868495076905733576e+00 -3.992498817580099613e-01
5.881061447520092855e+00 -4.339026956127065016e-01
5.893627818134452134e+00 -3.174706367006864816e-01
5.906194188748811413e+00 -3.874770459463527383e-01
5.918760559363170692e+00 -3.041884702839911525e-01
5.931326929977529971e+00 -3.936855939648908898e-01
5.943893300591889250e+00 -3.732586855177583152e-01
5.956459671206248530e+00 -1.867745249913942696e-01
5.969026041820606920e+00 -3.105804319708386219e-01
5.981592412434966199e+00 -2.501990880225720693e-01
5.994158783049325478e+00 -2.056210521505938416e-01
6.006725153663684758e+00 -1.950008259921631737e-02
6.019291524278044037e+00 -3.183617439870428667e-01
6.031857894892402427e+00 -2.477558646236932005e-01
6.044424265506761706e+00 -1.338849654556800439e-01
6.056990636121120986e+00 -1.457935036620998659e-01
6.069557006735480265e+00 -1.066809381026878889e-01
6.082123377349839544e+00 -1.029483591083063254e-01
6.094689747964198823e+00 -2.776758904289462482e-01
6.107256118578558102e+00 -3.337456627220627414e-01
6.119822489192916493e+00 -2.224774071186930158e-01
6.132388859807275772e+00 -5.431495499097835356e-02
6.144955230421635051e+00 -2.394331941396967978e-01
6.157521601035994330e+00 -1.891408169203038503e-01
6.170087971650353609e+00 -1.433619103250112214e-01
6.182654342264712888e+00 5.349682456202226044e-02
6.195220712879072167e+00 5.822701544204916813e-03
6.207787083493431446e+00 1.368936801030485317e-01
6.220353454107790725e+00 -1.783633698115166533e-01
6.232919824722149116e+00 8.726779728693019600e-02
6.245486195336508395e+00 6.596267855591236851e-02
6.258052565950867674e+00 -7.090985713483255459e-02
6.270618936565226953e+00 1.738365320831912475e-02
