0.000000000000000000e+00 3.744398201535231729e-02
1.256637061435917323e-02 -4.549268304157273041e-02
2.513274122871834645e-02 4.630401587510103723e-02
3.769911184307751795e-02 1.283736849923267642e-01
5.026548245743669291e-02 -2.313257210543727405e-03
6.283185307179586787e-02 5.790605990350390642e-02
7.539822368615503589e-02 4.971923494053073767e-02
8.796459430051420392e-02 2.877197636031284533e-01
1.005309649148733858e-01 4.489676612386204330e-02
1.130973355292325677e-01 3.676932508700074542e-02
1.256637061435917357e-01 4.042986063306902578e-02
1.382300767579508760e-01 2.131861594098199142e-01
1.507964473723100718e-01 7.952045811121274954e-02
1.633628179866692676e-01 1.125123219571902144e-01
1.759291886010284078e-01 2.039852288542381153e-01
1.884955592153875759e-01 2.710080840919252276e-01
2.010619298297467716e-01 1.124244226076095421e-01
2.136283004441059397e-01 3.439492948760470292e-01
2.261946710584651354e-01 3.318997627803860762e-01
2.387610416728242757e-01 2.039788269943944576e-01
2.513274122871834715e-01 2.455843910838164112e-01
2.638937829015426395e-01 3.336244858652303580e-01
2.764601535159017520e-01 3.503492050045363126e-01
2.890265241302609756e-01 3.114379574458995270e-01
3.015928947446201436e-01 3.257284592427016623e-01
3.141592653589793116e-01 3.295733183398015242e-01
3.267256359733385351e-01 4.006078588052128242e-01
3.392920065876976476e-01 3.970841033916371332e-01
3.518583772020568157e-01 2.059820445335171224e-01
3.644247478164160392e-01 3.264013160905922528e-01
3.769911184307751517e-01 4.865726164325572256e-01
3.895574890451343197e-01 4.846108831582727206e-01
4.021238596594935433e-01 3.152648542269972376e-01
4.146902302738527113e-01 3.074912607767416040e-01
4.272566008882118793e-01 5.371223123626303053e-01
4.398229715025711029e-01 5.745017302061090625e-01
4.523893421169302709e-01 4.380388800879381206e-01
4.649557127312893834e-01 4.854955809501659836e-01
4.775220833456485514e-01 5.011222826476185999e-01
4.900884539600077194e-01 3.146133707610798136e-01
5.026548245743669430e-01 5.228880496919647847e-01
5.152211951887261110e-01 5.201694747202103564e-01
5.277875658030852790e-01 5.827566521203363381e-01
5.403539364174444470e-01 4.568212146176097721e-01
5.529203070318035040e-01 5.966032002236968390e-01
5.654866776461627831e-01 3.256339844737438094e-01
5.780530482605219511e-01 4.398891120778700703e-01
5.906194188748811191e-01 4.865860970101422156e-01
6.031857894892402872e-01 7.106314381648766165e-01
6.157521601035994552e-01 5.175656466812137424e-01
6.283185307179586232e-01 4.295597730114942281e-01
6.408849013323177912e-01 6.870911508767646447e-01
6.534512719466770703e-01 7.594293043598999704e-01
6.660176425610361273e-01 5.660901686849645342e-01
6.785840131753952953e-01 5.954855003806334146e-01
6.911503837897544633e-01 5.908166523759058597e-01
7.037167544041136313e-01 6.347404604072530709e-01
7.162831250184729104e-01 6.253788660387895604e-01
7.288494956328320784e-01 6.515298341141020355e-01
7.414158662471912464e-01 7.007635104866605236e-01
7.539822368615503034e-01 7.328968953361705285e-01
7.665486074759094715e-01 6.541449333123416920e-01
7.791149780902686395e-01 9.125779010214100095e-01
7.916813487046279185e-01 7.498211890476134123e-01
8.042477193189870865e-01 7.592251689662125047e-01
8.168140899333462546e-01 7.383877847021850238e-01
8.293804605477054226e-01 7.045527939610872759e-01
8.419468311620645906e-01 7.650992413951099858e-01
8.545132017764237586e-01 8.751086805703981453e-01
8.670795723907829267e-01 7.415732129407406337e-01
8.796459430051422057e-01 7.168479540593424293e-01
8.922123136195013737e-01 8.335020652945637210e-01
9.047786842338605418e-01 6.637114747435972628e-01
9.173450548482194877e-01 5.975023554105152179e-01
9.299114254625787668e-01 8.203041734633191862e-01
9.424777960769379348e-01 9.861451618595323820e-01
9.550441666912971028e-01 7.416375886401236350e-01
9.676105373056562708e-01 9.153315955868185361e-01
9.801769079200154389e-01 9.661494380010859917e-01
9.927432785343746069e-01 8.286029282389575368e-01
1.005309649148733886e+00 9.577185559643230928e-01
1.017876019763092943e+00 8.861029566673604974e-01
1.030442390377452222e+00 9.253364428965832333e-01
1.043008760991811279e+00 8.498459906151480947e-01
1.055575131606170558e+00 1.031960156655159278e+00
1.068141502220529837e+00 8.174823595615781091e-01
1.080707872834888894e+00 8.519772997234434930e-01
1.093274243449248173e+00 8.033562201583751561e-01
1.105840614063607008e+00 8.079900584853879630e-01
1.118406984677966287e+00 7.668928102493886012e-01
1.130973355292325566e+00 6.719588675937735456e-01
1.143539725906684623e+00 8.365145998883320999e-01
1.156106096521043902e+00 9.475395531649749570e-01
1.168672467135402959e+00 8.581058457664330064e-01
1.181238837749762238e+00 1.031251848436481877e+00
1.193805208364121295e+00 9.772940385527838503e-01
1.206371578978480574e+00 9.758856423087973742e-01
1.218937949592839853e+00 7.955911341851996665e-01
1.231504320207198910e+00 8.777651814443154787e-01
1.244070690821558189e+00 8.430618183207341243e-01
1.256637061435917246e+00 8.986107677098178481e-01
1.269203432050276525e+00 8.367388223598423158e-01
1.281769802664635582e+00 8.905798000182457708e-01
1.294336173278994861e+00 8.138588008623665049e-01
1.306902543893354141e+00 1.089231138956802347e+00
1.319468914507712975e+00 8.371067047622288149e-01
1.332035285122072255e+00 1.116188600257268071e+00
1.344601655736431534e+00 1.070235721578410404e+00
1.357168026350790591e+00 9.991411386115243154e-01
1.369734396965149870e+00 9.259028476425075205e-01
1.382300767579508927e+00 9.117337898153702325e-01
1.394867138193868206e+00 9.125833964525330577e-01
1.407433508808227263e+00 8.548924072045149813e-01
1.419999879422586542e+00 1.045115659995196511e+00
1.432566250036945821e+00 8.409762337060681103e-01
1.445132620651304878e+00 1.006153435872634283e+00
1.457698991265664157e+00 1.094670221703089474e+00
1.470265361880023214e+00 1.048677837970452664e+00
1.482831732494382493e+00 9.468901990870790542e-01
1.495398103108741550e+00 9.114052203204783265e-01
1.507964473723100607e+00 1.025849241884850604e+00
1.520530844337459886e+00 1.062265760706945894e+00
1.533097214951818943e+00 9.034651321043156713e-01
1.545663585566178222e+00 1.025725880116080457e+00
1.558229956180537279e+00 1.083917710372016563e+00
1.570796326794896558e+00 1.042663825597166749e+00
1.583362697409255837e+00 1.095109987708059451e+00
1.595929068023614894e+00 1.004134739025199563e+00
1.608495438637974173e+00 1.081902187885870559e+00
1.621061809252333230e+00 8.860160634963869519e-01
1.633628179866692509e+00 1.013009782115025459e+00
1.646194550481051566e+00 9.209492376531760449e-01
1.658760921095410845e+00 1.067797176732126596e+00
1.671327291709770124e+00 8.388923202610241159e-01
1.683893662324129181e+00 8.534319932852956203e-01
1.696460032938488460e+00 1.124238817329427986e+00
1.709026403552847517e+00 1.153367606755974606e+00
1.721592774167206796e+00 9.548603672262195863e-01
1.734159144781565853e+00 1.123597523273734078e+00
1.746725515395925132e+00 1.073499990770673040e+00
1.759291886010284411e+00 1.069205288639770934e+00
1.771858256624643468e+00 1.020953876289294016e+00
1.784424627239002747e+00 9.134432668264357291e-01
1.796990997853361804e+00 1.001829420989082120e+00
1.809557368467721084e+00 8.861453084776095279e-01
1.822123739082079918e+00 1.065144271043578339e+00
1.834690109696438975e+00 8.718289273892000368e-01
1.847256480310798255e+00 8.755968109997974702e-01
1.859822850925157534e+00 1.007042763572776334e+00
1.872389221539516591e+00 1.003502495481880752e+00
1.884955592153875870e+00 1.109535610268194139e+00
1.897521962768234927e+00 8.270373204095584629e-01
1.910088333382594206e+00 9.297248257555621453e-01
1.922654703996953263e+00 8.313712169879198255e-01
1.935221074611312542e+00 9.524743917661627757e-01
1.947787445225671821e+00 9.103266266671913298e-01
1.960353815840030878e+00 9.081100133295493260e-01
1.972920186454390157e+00 8.862630002917493144e-01
1.985486557068749214e+00 9.069527339821791267e-01
1.998052927683108493e+00 9.797208791708370557e-01
2.010619298297467772e+00 8.091932996641493236e-01
2.023185668911826607e+00 8.413481878535855607e-01
2.035752039526185886e+00 9.508881160503709351e-01
2.048318410140545165e+00 7.293158437587563547e-01
2.060884780754904444e+00 9.055892601787710605e-01
2.073451151369263723e+00 8.610123865144968525e-01
2.086017521983622558e+00 7.011419599726272933e-01
2.098583892597981837e+00 1.021742214201009968e+00
2.111150263212341116e+00 1.052287397745133024e+00
2.123716633826700395e+00 8.079132913551594353e-01
2.136283004441059674e+00 9.191429118501258655e-01
2.148849375055418509e+00 8.597487399771612804e-01
2.161415745669777788e+00 8.648931314476722143e-01
2.173982116284137067e+00 5.743303047292740438e-01
2.186548486898496346e+00 8.671840354668894912e-01
2.199114857512855181e+00 9.806055262394900440e-01
2.211681228127214016e+00 7.286956479541805143e-01
2.224247598741573295e+00 8.280903327764700395e-01
2.236813969355932574e+00 7.064751572027326842e-01
2.249380339970291853e+00 8.037696410756578480e-01
2.261946710584651132e+00 8.957804278801310138e-01
2.274513081199009967e+00 5.726655327619923908e-01
2.287079451813369246e+00 7.708480547312162035e-01
2.299645822427728525e+00 7.984791760869418553e-01
2.312212193042087804e+00 6.969218606630742663e-01
2.324778563656447083e+00 8.722693342461940169e-01
2.337344934270805918e+00 6.791802845196338589e-01
2.349911304885165197e+00 6.538267056505173702e-01
2.362477675499524477e+00 7.320481292045932786e-01
2.375044046113883756e+00 7.484342700604351695e-01
2.387610416728242591e+00 7.297908895246340011e-01
2.400176787342601870e+00 6.624839116333122169e-01
2.412743157956961149e+00 6.044479412484533576e-01
2.425309528571320428e+00 6.958510882634207917e-01
2.437875899185679707e+00 5.993237330602732005e-01
2.450442269800038542e+00 4.904463053780996340e-01
2.463008640414397821e+00 7.131659416065165846e-01
2.475575011028757100e+00 7.059813030096382391e-01
2.488141381643116379e+00 5.945245985228948538e-01
2.500707752257475658e+00 7.222506002755323395e-01
2.513274122871834493e+00 5.859226054062525169e-01
2.525840493486193772e+00 3.978531085890377739e-01
2.538406864100553051e+00 5.493169908293300541e-01
2.550973234714912330e+00 7.479242284425341447e-01
2.563539605329271165e+00 7.409011233317239764e-01
2.576105975943630444e+00 3.160400331228089277e-01
2.588672346557989723e+00 5.483109871200069207e-01
2.601238717172349002e+00 5.749063414805869465e-01
2.613805087786708281e+00 4.433165073919369537e-01
2.626371458401067116e+00 4.891107394774092398e-01
2.638937829015425951e+00 4.788064360035545475e-01
2.651504199629785230e+00 3.346900892736217048e-01
2.664070570244144509e+00 2.743749490940116109e-01
2.676636940858503788e+00 5.039169294621280715e-01
2.689203311472863067e+00 7.135920521138507944e-01
2.701769682087221902e+00 3.710588450221600776e-01
2.714336052701581181e+00 3.250567220509423816e-01
2.726902423315940460e+00 4.645423443579771994e-01
2.739468793930299739e+00 3.154730425418015294e-01
2.752035164544658574e+00 3.484501166377292347e-01
2.764601535159017853e+00 3.470629802722227653e-01
2.777167905773377132e+00 3.504414001917444677e-01
2.789734276387736411e+00 3.573785233941528805e-01
2.802300647002095690e+00 3.123020092751850885e-01
2.814867017616454525e+00 2.334533769806523273e-01
2.827433388230813804e+00 2.584408821873631634e-01
2.839999758845173083e+00 2.751963732624155834e-01
2.852566129459532362e+00 4.420567009774735712e-01
2.865132500073891642e+00 2.135826805184348476e-01
2.877698870688250476e+00 3.928754038761818057e-01
2.890265241302609756e+00 3.508418064734352138e-01
2.902831611916969035e+00 2.921517315504229551e-01
2.915397982531328314e+00 1.925168997913173641e-01
2.927964353145687149e+00 1.897221778544701531e-01
2.940530723760046428e+00 5.285819561601509675e-02
2.953097094374405707e+00 1.778560789542375509e-01
2.965663464988764986e+00 2.234222938938787428e-01
2.978229835603124265e+00 9.262240362303900132e-02
2.990796206217483100e+00 1.227046944446912730e-01
3.003362576831842379e+00 1.326639030152892973e-01
3.015928947446201214e+00 1.951147959833219037e-01
3.028495318060560493e+00 5.631700025547363431e-02
3.041061688674919772e+00 1.522689646926320972e-01
3.053628059289279051e+00 1.396081856055241266e-01
3.066194429903637886e+00 2.302892914689577131e-01
3.078760800517997165e+00 1.245455119152007462e-01
3.091327171132356444e+00 2.342306178401056330e-02
3.103893541746715723e+00 7.231840556028799882e-02
3.116459912361074558e+00 6.471643031928361878e-02
3.129026282975433837e+00 -1.900089286348395634e-01
3.141592653589793116e+00 6.375401788114842816e-02
3.154159024204152395e+00 1.602269453937589239e-01
3.166725394818511674e+00 9.938438680730514452e-02
3.179291765432870509e+00 -2.876851869505825943e-01
3.191858136047229788e+00 1.845286840428616570e-01
3.204424506661589067e+00 2.330858094852894524e-03
3.216990877275948346e+00 4.326361138173170917e-02
3.229557247890307181e+00 -1.013273404938391103e-01
3.242123618504666460e+00 -1.566563333279646641e-01
3.254689989119025739e+00 -8.083206996218171569e-02
3.267256359733385018e+00 -1.171486275009695766e-01
3.279822730347744297e+00 -1.992603786042951297e-02
3.292389100962103132e+00 -1.814557162102590770e-01
3.304955471576462411e+00 8.996871714148368948e-04
3.317521842190821690e+00 -3.642527926397184923e-02
3.330088212805180969e+00 -1.994084606593548581e-01
3.342654583419540248e+00 -1.980882040587712556e-01
3.355220954033899083e+00 -2.380683752197813585e-01
3.367787324648258362e+00 -2.703341616469857600e-01
3.380353695262617642e+00 -2.859824235196918307e-01
3.392920065876976921e+00 -2.768492698795100293e-01
3.405486436491335756e+00 -3.060031604172197550e-01
3.418052807105695035e+00 -1.336002456682830464e-01
3.430619177720054314e+00 -2.745915432448213234e-01
3.443185548334413593e+00 -2.682675431974663738e-01
3.455751918948772872e+00 -3.644796606466940148e-01
3.468318289563131707e+00 -4.984952913652114237e-01
3.480884660177490986e+00 -2.631619307570117194e-01
3.493451030791850265e+00 -3.394711615519159231e-01
3.506017401406209544e+00 -3.556597850106316128e-01
3.518583772020568823e+00 -3.004321283535273390e-01
3.531150142634927658e+00 -3.162183632947790368e-01
3.543716513249286937e+00 -2.850482024535132553e-01
3.556282883863646216e+00 -5.424176765401167444e-01
3.568849254478005495e+00 -2.633340150712758509e-01
3.581415625092364330e+00 -4.142381444398026691e-01
3.593981995706723609e+00 -5.665878516333623383e-01
3.606548366321082888e+00 -3.966554417146605505e-01
3.619114736935442167e+00 -4.089044804426890112e-01
3.631681107549800558e+00 -2.723569092784285939e-01
3.644247478164159837e+00 -5.360288674979528656e-01
3.656813848778519116e+00 -3.962312558069093216e-01
3.669380219392877951e+00 -4.285289740070499231e-01
3.681946590007237230e+00 -4.339749286802693784e-01
3.694512960621596509e+00 -4.845433031165513049e-01
3.707079331235955788e+00 -5.235726649978440506e-01
3.719645701850315067e+00 -6.284659975317664626e-01
3.732212072464673902e+00 -4.462600933737345121e-01
3.744778443079033181e+00 -6.188358316701207951e-01
3.757344813693392460e+00 -6.244672221223163122e-01
3.769911184307751739e+00 -4.551847239686974689e-01
3.782477554922110574e+00 -6.075721314844999554e-01
3.795043925536469853e+00 -5.270867048262786181e-01
3.807610296150829132e+00 -5.921855748403045405e-01
3.820176666765188411e+00 -5.682817236864050603e-01
3.832743037379547690e+00 -6.763031733999091966e-01
3.845309407993906525e+00 -6.542343229244788061e-01
3.857875778608265804e+00 -7.074235994718967024e-01
3.870442149222625083e+00 -4.095942590441606912e-01
3.883008519836984362e+00 -5.529958911741934546e-01
3.895574890451343641e+00 -6.525201981972246212e-01
3.908141261065702476e+00 -6.017033490317266198e-01
3.920707631680061755e+00 -6.218932546131314965e-01
3.933274002294421035e+00 -8.719122659876765713e-01
3.945840372908780314e+00 -7.871000831934364950e-01
3.958406743523139149e+00 -6.739585958250607911e-01
3.970973114137498428e+00 -7.139578820876666398e-01
3.983539484751857707e+00 -8.103430337653888538e-01
3.996105855366216986e+00 -9.361640928110708249e-01
4.008672225980576265e+00 -7.565495989010607714e-01
4.021238596594935544e+00 -7.414339972592255412e-01
4.033804967209294823e+00 -8.782850900656417048e-01
4.046371337823653214e+00 -6.150674861007889849e-01
4.058937708438012493e+00 -8.757711536873670211e-01
4.071504079052371772e+00 -1.003955300213829949e+00
4.084070449666731051e+00 -8.364132960050865151e-01
4.096636820281090330e+00 -9.250387248050551126e-01
4.109203190895449609e+00 -8.904718155905189114e-01
4.121769561509808888e+00 -8.865534635696528110e-01
4.134335932124168167e+00 -8.512083852795052641e-01
4.146902302738527446e+00 -7.777131462522973715e-01
4.159468673352886725e+00 -9.371111432852092804e-01
4.172035043967245116e+00 -1.016227156789157426e+00
4.184601414581604395e+00 -8.169589073490427511e-01
4.197167785195963674e+00 -8.291077732487538432e-01
4.209734155810322953e+00 -8.360528128984570095e-01
4.222300526424682232e+00 -9.049253056541213258e-01
4.234866897039041511e+00 -8.471284117393028668e-01
4.247433267653400790e+00 -8.919410502716741407e-01
4.259999638267760069e+00 -8.923958271680640930e-01
4.272566008882119348e+00 -1.013392403282896037e+00
4.285132379496477739e+00 -8.542609732460755279e-01
4.297698750110837018e+00 -8.463371793172599356e-01
4.310265120725196297e+00 -8.672921411623130128e-01
4.322831491339555576e+00 -9.144288331079138965e-01
4.335397861953914855e+00 -9.544609554330257817e-01
4.347964232568274134e+00 -8.457842876586555425e-01
4.360530603182633413e+00 -9.312845247834899975e-01
4.373096973796992692e+00 -9.224222505362076330e-01
4.385663344411351972e+00 -8.851644718408511192e-01
4.398229715025710362e+00 -7.558430775447875227e-01
4.410796085640069641e+00 -1.149586072275849302e+00
4.423362456254428032e+00 -9.224911893622893544e-01
4.435928826868787311e+00 -8.914523310840086756e-01
4.448495197483146590e+00 -1.186255638177839522e+00
4.461061568097505869e+00 -9.111240015751648214e-01
4.473627938711865148e+00 -1.144101187027605437e+00
4.486194309326224428e+00 -1.033328121848497538e+00
4.498760679940583707e+00 -8.927850440045147495e-01
4.511327050554942986e+00 -1.015933777715617659e+00
4.523893421169302265e+00 -1.086597911294073349e+00
4.536459791783661544e+00 -1.079570885983628603e+00
4.549026162398019935e+00 -1.041222858358010095e+00
4.561592533012379214e+00 -9.547976955872344851e-01
4.574158903626738493e+00 -9.791031944257350128e-01
4.586725274241097772e+00 -7.740647361566658224e-01
4.599291644855457051e+00 -1.025628444023566788e+00
4.611858015469816330e+00 -9.861386403186344074e-01
4.624424386084175609e+00 -8.977480552709459216e-01
4.636990756698534888e+00 -8.760809137464865559e-01
4.649557127312894167e+00 -1.158218946615692690e+00
4.662123497927252558e+00 -9.495292993797339598e-01
4.674689868541611837e+00 -9.908849473676557551e-01
4.687256239155971116e+00 -1.070537569885813944e+00
4.699822609770330395e+00 -1.162811079780780243e+00
4.712388980384689674e+00 -1.001126762340617704e+00
4.724955350999048953e+00 -9.857757063858586521e-01
4.737521721613408232e+00 -1.215621558228688226e+00
4.750088092227767511e+00 -1.052525985330392322e+00
4.762654462842126790e+00 -1.145570157764018049e+00
4.775220833456485181e+00 -9.460285915904939058e-01
4.787787204070844460e+00 -1.002949432830653187e+00
4.800353574685203739e+00 -1.094712989896619693e+00
4.812919945299563018e+00 -9.638262750979678106e-01
4.825486315913922297e+00 -8.744742460885491786e-01
4.838052686528281576e+00 -1.078773887649966845e+00
4.850619057142640855e+00 -8.590969081933154117e-01
4.863185427757000134e+00 -1.094498697102997520e+00
4.875751798371359413e+00 -1.071257826132516966e+00
4.888318168985717804e+00 -1.027559569918175875e+00
4.900884539600077083e+00 -9.715633805092689368e-01
4.913450910214436362e+00 -8.849564536987210017e-01
4.926017280828795641e+00 -9.589364006437686161e-01
4.938583651443154920e+00 -9.141627142623744984e-01
4.951150022057514200e+00 -9.887749004844159639e-01
4.963716392671873479e+00 -1.005390889511551755e+00
4.976282763286232758e+00 -1.061427436686404047e+00
4.988849133900592037e+00 -9.791365767088651140e-01
5.001415504514951316e+00 -8.307980562451502404e-01
5.013981875129309707e+00 -9.592938964406338975e-01
5.026548245743668986e+00 -9.465007372856605317e-01
5.039114616358028265e+00 -6.454208035813180366e-01
5.051680986972387544e+00 -6.576175891765589920e-01
5.064247357586746823e+00 -8.713857390303280104e-01
5.076813728201106102e+00 -9.165827806083036711e-01
5.089380098815465381e+00 -1.049260492718739668e+00
5.101946469429824660e+00 -7.003899998436783347e-01
5.114512840044183939e+00 -1.001668834895564686e+00
5.127079210658542330e+00 -1.057759224290730993e+00
5.139645581272901609e+00 -1.054510574960005220e+00
5.152211951887260888e+00 -9.267769083361360183e-01
5.164778322501620167e+00 -1.024533275256523046e+00
5.177344693115979446e+00 -9.207709227248566108e-01
5.189911063730338725e+00 -8.471353994868275894e-01
5.202477434344698004e+00 -8.809340866394617109e-01
5.215043804959057283e+00 -8.420565127737174027e-01
5.227610175573416562e+00 -8.884904214804109079e-01
5.240176546187774953e+00 -8.005358523735377485e-01
5.252742916802134232e+00 -7.355546850398806402e-01
5.265309287416492623e+00 -8.499800177408429747e-01
5.277875658030851902e+00 -8.278801399381610082e-01
5.290442028645211181e+00 -7.951230775587124766e-01
5.303008399259570460e+00 -7.740644867333279500e-01
5.315574769873929739e+00 -8.232940944980406961e-01
5.328141140488289018e+00 -9.022889959696847040e-01
5.340707511102648297e+00 -7.256061938253545174e-01
5.353273881717007576e+00 -7.815023762878450242e-01
5.365840252331366855e+00 -7.117209670888879902e-01
5.378406622945726134e+00 -7.366515537624804821e-01
5.390972993560084525e+00 -6.709513734569504395e-01
5.403539364174443804e+00 -1.004821785032254278e+00
5.416105734788803083e+00 -7.738951310032518016e-01
5.428672105403162362e+00 -7.801420778823109359e-01
5.441238476017521641e+00 -7.161286722795801030e-01
5.453804846631880920e+00 -7.139341060643349390e-01
5.466371217246240199e+00 -5.505261790734881089e-01
5.478937587860599479e+00 -6.405812509825224987e-01
5.491503958474958758e+00 -6.463727261833608351e-01
5.504070329089317148e+00 -6.717117032884235561e-01
5.516636699703676427e+00 -7.219054786489430553e-01
5.529203070318035707e+00 -5.219364066569445182e-01
5.541769440932394986e+00 -5.244564745567372732e-01
5.554335811546754265e+00 -5.126786131831390092e-01
5.566902182161113544e+00 -7.195304610601127582e-01
5.579468552775472823e+00 -6.035960313298639468e-01
5.592034923389832102e+00 -8.217900003316828128e-01
5.604601294004191381e+00 -5.445963996455984724e-01
5.617167664618549772e+00 -4.761188570433756428e-01
5.629734035232909051e+00 -5.271459603956234474e-01
5.642300405847268330e+00 -6.022350626702845933e-01
5.654866776461627609e+00 -6.464892888439954799e-01
5.667433147075986888e+00 -5.989398489448204410e-01
5.679999517690346167e+00 -4.553309148574847809e-01
5.692565888304705446e+00 -5.111678557691664571e-01
5.705132258919064725e+00 -5.618719131510414577e-01
5.717698629533424004e+00 -5.305183886826667639e-01
5.730265000147783283e+00 -5.327181865602614863e-01
5.742831370762141674e+00 -6.307065115021532886e-01
5.755397741376500953e+00 -4.313029117113765798e-01
5.767964111990860232e+00 -4.484362415008257274e-01
5.780530482605219511e+00 -4.087268825248648318e-01
5.793096853219578790e+00 -5.067943607139271389e-01
5.805663223833938069e+00 -5.521539874286972571e-01
5.818229594448297348e+00 -3.556068043079806396e-01
5.830795965062656627e+00 -3.835534164368374910e-01
5.843362335677015906e+00 -4.273561944341729979e-01
5.855928706291374297e+00 -4.846954771611435842e-01
5.868495076905733576e+00 -2.534089693394132592e-01
5.881061447520092855e+00 -4.946321097858956128e-01
5.893627818134452134e+00 -4.754353456904695796e-01
5.906194188748811413e+00 -3.791816729191027635e-01
5.918760559363170692e+00 -4.306330062180513396e-01
5.931326929977529971e+00 -3.566594162628610176e-01
5.943893300591889250e+00 -1.924195540765531731e-01
5.956459671206248530e+00 -1.739964284105058601e-01
5.969026041820606920e+00 -1.846881970304788401e-01
5.981592412434966199e+00 -3.411423499775921298e-01
5.994158783049325478e+00 -2.636746052866169587e-01
6.006725153663684758e+00 -4.953639495046791019e-02
6.019291524278044037e+00 -2.171084835578990235e-01
6.031857894892402427e+00 -2.065048707593925836e-01
6.044424265506761706e+00 -2.751919802977937923e-01
6.056990636121120986e+00 -3.094763266487500775e-01
6.069557006735480265e+00 -3.260071642331879849e-01
6.082123377349839544e+00 -3.870293030790057376e-01
6.094689747964198823e+00 -1.694533836803466254e-02
6.107256118578558102e+00 -1.196906641861330833e-01
6.119822489192916493e+00 -1.131706102169268424e-01
6.132388859807275772e+00 -1.800817764481619232e-01
6.144955230421635051e+00 -1.292929973538849697e-01
6.157521601035994330e+00 -1.391532287534590628e-01
6.170087971650353609e+00 1.601165110171512973e-01
6.182654342264712888e+00 -4.239474191738376585e-02
6.195220712879072167e+00 -1.792515320086779662e-01
6.207787083493431446e+00 -6.664365273958071378e-02
6.220353454107790725e+00 5.479296441027829700e-02
6.232919824722149116e+00 -1.279314008326410401e-01
6.245486195336508395e+00 -3.399352904802518949e-02
6.258052565950867674e+00 -1.069545853396865615e-01
6.270618936565226953e+00 4.516342001093410358e-02
