0.000000000000000000e+00 -2.614906589689032779e-01
1.256637061435917323e-02 -1.590928969554429862e-01
2.513274122871834645e-02 5.002704875800342843e-02
3.769911184307751795e-02 2.592305256587364160e-02
5.026548245743669291e-02 1.366595086866437547e-01
6.283185307179586787e-02 -2.761879517659177052e-02
7.539822368615503589e-02 1.357875292257917088e-01
8.796459430051420392e-02 1.201545996187990545e-01
1.005309649148733858e-01 1.603174472965819830e-01
1.130973355292325677e-01 5.131921067969831551e-02
1.256637061435917357e-01 1.781379142440763785e-01
1.382300767579508760e-01 2.305658506545865405e-01
1.507964473723100718e-01 1.974147254004096630e-01
1.633628179866692676e-01 8.374951906368227617e-02
1.759291886010284078e-01 5.608087336769156106e-02
1.884955592153875759e-01 2.130085804867667132e-01
2.010619298297467716e-01 7.439751344566997160e-02
2.136283004441059397e-01 2.188407972949039937e-01
2.261946710584651354e-01 5.886315892359655910e-02
2.387610416728242757e-01 1.872512510278175613e-01
2.513274122871834715e-01 2.355915141596779394e-01
2.638937829015426395e-01 6.538412143581784353e-02
2.764601535159017520e-01 3.749032450882966438e-01
2.890265241302609756e-01 2.429695104714592324e-01
3.015928947446201436e-01 4.100328547460631579e-01
3.141592653589793116e-01 3.041054718525341150e-01
3.267256359733385351e-01 2.096363515567012392e-01
3.392920065876976476e-01 3.611570523183002535e-01
3.518583772020568157e-01 5.578808994789625775e-01
3.644247478164160392e-01 3.167646530231903457e-01
3.769911184307751517e-01 4.937073441008505981e-01
3.895574890451343197e-01 3.007078028925785351e-01
4.021238596594935433e-01 2.064709882369503147e-01
4.146902302738527113e-01 3.607328450877791970e-01
4.272566008882118793e-01 5.660481472391077906e-01
4.398229715025711029e-01 5.497572761991277313e-01
4.523893421169302709e-01 5.917570494192596620e-01
4.649557127312893834e-01 5.573734896451066900e-01
4.775220833456485514e-01 4.276326670223808968e-01
4.900884539600077194e-01 3.937240559405154605e-01
5.026548245743669430e-01 6.382603037521578093e-01
5.152211951887261110e-01 6.439508522795160950e-01
5.277875658030852790e-01 4.351470295180855929e-01
5.403539364174444470e-01 5.014685091629587088e-01
5.529203070318035040e-01 4.138562487832949666e-01
5.654866776461627831e-01 4.313175725975448294e-01
5.780530482605219511e-01 4.857466924054259505e-01
5.906194188748811191e-01 5.191003804612267514e-01
6.031857894892402872e-01 5.320874132778230514e-01
6.157521601035994552e-01 6.949620779873610932e-01
6.283185307179586232e-01 5.318822357336313589e-01
6.408849013323177912e-01 7.218791964883373158e-01
6.534512719466770703e-01 7.124211819075227936e-01
6.660176425610361273e-01 5.902598862585524131e-01
6.785840131753952953e-01 7.872229028371769965e-01
6.911503837897544633e-01 7.243734936746202280e-01
7.037167544041136313e-01 7.085804065374703420e-01
7.162831250184729104e-01 7.112424288638867775e-01
7.288494956328320784e-01 5.480402636790175919e-01
7.414158662471912464e-01 8.168532400397634508e-01
7.539822368615503034e-01 4.507371904120559547e-01
7.665486074759094715e-01 7.150674322875841815e-01
7.791149780902686395e-01 7.115220585456918378e-01
7.916813487046279185e-01 6.588121278302048189e-01
8.042477193189870865e-01 6.514107179725309171e-01
8.168140899333462546e-01 7.346444949811005154e-01
8.293804605477054226e-01 8.161800747015570678e-01
8.419468311620645906e-01 7.914397002341835297e-01
8.545132017764237586e-01 6.148410214190502820e-01
8.670795723907829267e-01 6.680469011589288408e-01
8.796459430051422057e-01 8.830770245500813020e-01
8.922123136195013737e-01 6.195364113558722297e-01
9.047786842338605418e-01 8.894588221781698500e-01
9.173450548482194877e-01 7.021550732581419707e-01
9.299114254625787668e-01 8.038122380675369882e-01
9.424777960769379348e-01 6.835225210302915411e-01
9.550441666912971028e-01 6.719295087368061248e-01
9.676105373056562708e-01 7.749302459437371615e-01
9.801769079200154389e-01 7.180247901698076918e-01
9.927432785343746069e-01 8.241403885166806997e-01
1.005309649148733886e+00 8.773712130416571053e-01
1.017876019763092943e+00 8.009843734515511571e-01
1.030442390377452222e+00 7.553099617739595928e-01
1.043008760991811279e+00 8.799162764052423924e-01
1.055575131606170558e+00 1.002207052280940092e+00
1.068141502220529837e+00 7.970117140132246814e-01
1.080707872834888894e+00 9.556571449044926059e-01
1.093274243449248173e+00 7.472439362968213983e-01
1.105840614063607008e+00 8.557714491398851209e-01
1.118406984677966287e+00 8.244599789164553938e-01
1.130973355292325566e+00 9.686805876388540071e-01
1.143539725906684623e+00 9.556824295009167525e-01
1.156106096521043902e+00 9.537110024647676987e-01
1.168672467135402959e+00 8.421964603459304310e-01
1.181238837749762238e+00 9.168970660751538659e-01
1.193805208364121295e+00 9.940160165898634936e-01
1.206371578978480574e+00 9.236714942906100179e-01
1.218937949592839853e+00 9.230530749130329005e-01
1.231504320207198910e+00 9.041798649420847989e-01
1.244070690821558189e+00 1.111158197805590442e+00
1.256637061435917246e+00 1.058201393687298486e+00
1.269203432050276525e+00 9.530740261647181466e-01
1.281769802664635582e+00 9.780389895789839416e-01
1.294336173278994861e+00 8.782414294764987472e-01
1.306902543893354141e+00 9.213584278829414220e-01
1.319468914507712975e+00 7.664943788086873155e-01
1.332035285122072255e+00 9.969617070650851343e-01
1.344601655736431534e+00 9.887744680865587776e-01
1.357168026350790591e+00 9.828960928559808963e-01
1.369734396965149870e+00 9.627418977263562105e-01
1.382300767579508927e+00 8.640859329093031338e-01
1.394867138193868206e+00 8.123730608381586338e-01
1.407433508808227263e+00 1.120525656010313842e+00
1.419999879422586542e+00 1.296793214916374115e+00
1.432566250036945821e+00 1.095387360416421263e+00
1.445132620651304878e+00 9.643532337589805215e-01
1.457698991265664157e+00 1.052505893995430153e+00
1.470265361880023214e+00 9.990114092054515060e-01
1.482831732494382493e+00 9.793738191316310182e-01
1.495398103108741550e+00 1.108066323737426861e+00
1.507964473723100607e+00 9.827835453630560103e-01
1.520530844337459886e+00 1.016821409219800021e+00
1.533097214951818943e+00 1.016971502906133473e+00
1.545663585566178222e+00 9.615694120548998747e-01
1.558229956180537279e+00 1.134144948523376106e+00
1.570796326794896558e+00 1.113012031899556220e+00
1.583362697409255837e+00 1.060475387135756176e+00
1.595929068023614894e+00 1.024715616574446875e+00
1.608495438637974173e+00 1.125233086667636551e+00
1.621061809252333230e+00 1.009528830890411344e+00
1.633628179866692509e+00 9.783302312131608724e-01
1.646194550481051566e+00 9.476984808751938161e-01
1.658760921095410845e+00 1.166043971619848296e+00
1.671327291709770124e+00 8.700734943013314071e-01
1.683893662324129181e+00 9.042246285732008504e-01
1.696460032938488460e+00 1.145685626408909252e+00
1.709026403552847517e+00 9.231337364059784001e-01
1.721592774167206796e+00 9.854534285427626328e-01
1.734159144781565853e+00 7.783424838601576967e-01
1.746725515395925132e+00 1.031211568503430653e+00
1.759291886010284411e+00 8.871603902704205957e-01
1.771858256624643468e+00 8.731238520087508670e-01
1.784424627239002747e+00 9.165510980018642950e-01
1.796990997853361804e+00 1.005551442870433299e+00
1.809557368467721084e+00 1.077903627449703805e+00
1.822123739082079918e+00 8.649661703961748493e-01
1.834690109696438975e+00 1.015122692292341755e+00
1.847256480310798255e+00 8.461015615948328517e-01
1.859822850925157534e+00 9.885909725190281661e-01
1.872389221539516591e+00 9.722161885600303366e-01
1.884955592153875870e+00 8.789145776687782297e-01
1.897521962768234927e+00 8.959065788835312016e-01
1.910088333382594206e+00 8.599982620105685038e-01
1.922654703996953263e+00 9.093900888980943620e-01
1.935221074611312542e+00 1.069960104248912192e+00
1.947787445225671821e+00 1.132634473630642402e+00
1.960353815840030878e+00 1.018510168137030991e+00
1.972920186454390157e+00 8.207391895715226982e-01
1.985486557068749214e+00 8.347846250715909022e-01
1.998052927683108493e+00 9.219191368784387386e-01
2.010619298297467772e+00 8.168213776360967460e-01
2.023185668911826607e+00 9.270831594108912554e-01
2.035752039526185886e+00 8.800165929545984422e-01
2.048318410140545165e+00 8.827444784404374634e-01
2.060884780754904444e+00 1.043464436376758009e+00
2.073451151369263723e+00 1.008391522747489999e+00
2.086017521983622558e+00 6.735312148541980903e-01
2.098583892597981837e+00 7.933267355913183883e-01
2.111150263212341116e+00 9.607426156165486120e-01
2.123716633826700395e+00 9.425013424187694833e-01
2.136283004441059674e+00 8.389245943542780193e-01
2.148849375055418509e+00 7.488515636882507875e-01
2.161415745669777788e+00 9.322393313096408729e-01
2.173982116284137067e+00 5.816736118118652765e-01
2.186548486898496346e+00 6.258339450917664859e-01
2.199114857512855181e+00 9.133497590447567926e-01
2.211681228127214016e+00 7.249306633087002627e-01
2.224247598741573295e+00 8.145671695894014519e-01
2.236813969355932574e+00 7.447361460870089989e-01
2.249380339970291853e+00 7.423818159105249892e-01
2.261946710584651132e+00 7.765817423504233208e-01
2.274513081199009967e+00 7.403624027995995283e-01
2.287079451813369246e+00 6.816660431705603429e-01
2.299645822427728525e+00 8.243676182550920828e-01
2.312212193042087804e+00 6.138175209451517400e-01
2.324778563656447083e+00 8.850818663762168859e-01
2.337344934270805918e+00 6.939758655972464441e-01
2.349911304885165197e+00 8.266054010061988366e-01
2.362477675499524477e+00 8.604093794081391078e-01
2.375044046113883756e+00 6.841717090351707720e-01
2.387610416728242591e+00 5.459073355604734390e-01
2.400176787342601870e+00 7.870141821528744419e-01
2.412743157956961149e+00 6.759229616997906032e-01
2.425309528571320428e+00 7.918437145801857646e-01
2.437875899185679707e+00 5.885629102276043190e-01
2.450442269800038542e+00 7.224123041795643685e-01
2.463008640414397821e+00 7.028981363939883487e-01
2.475575011028757100e+00 6.313546277391867134e-01
2.488141381643116379e+00 5.148693125679895122e-01
2.500707752257475658e+00 6.127549922544541783e-01
2.513274122871834493e+00 6.787587229099358854e-01
2.525840493486193772e+00 7.161042731944067263e-01
2.538406864100553051e+00 6.629703438305084573e-01
2.550973234714912330e+00 6.797421209833462985e-01
2.563539605329271165e+00 5.461480353410264055e-01
2.576105975943630444e+00 6.171806395979997362e-01
2.588672346557989723e+00 4.151143931209180238e-01
2.601238717172349002e+00 4.687524100864169929e-01
2.613805087786708281e+00 4.168916465565727369e-01
2.626371458401067116e+00 6.189248929749783246e-01
2.638937829015425951e+00 5.197409240471747571e-01
2.651504199629785230e+00 6.198463269355647398e-01
2.664070570244144509e+00 4.754823549553699458e-01
2.676636940858503788e+00 5.148582819646005948e-01
2.689203311472863067e+00 5.568083912386080359e-01
2.701769682087221902e+00 4.098753265090451792e-01
2.714336052701581181e+00 3.525415319550583293e-01
2.726902423315940460e+00 5.200626659135895169e-01
2.739468793930299739e+00 5.797175550914002162e-01
2.752035164544658574e+00 5.467616087861476570e-01
2.764601535159017853e+00 4.855616957920280141e-01
2.777167905773377132e+00 4.906103484808748694e-01
2.789734276387736411e+00 3.778135742911938877e-01
2.802300647002095690e+00 1.141490993211757843e-01
2.814867017616454525e+00 3.740120342732511372e-01
2.827433388230813804e+00 2.781718717172278477e-01
2.839999758845173083e+00 2.882855494109619610e-01
2.852566129459532362e+00 2.759794766476019179e-01
2.865132500073891642e+00 1.957058022037231892e-01
2.877698870688250476e+00 4.052687416555194044e-01
2.890265241302609756e+00 1.557982103322202161e-01
2.902831611916969035e+00 3.872310660400631876e-01
2.915397982531328314e+00 3.106108765933427440e-01
2.927964353145687149e+00 2.999035883388924129e-01
2.940530723760046428e+00 2.458862936470549709e-01
2.953097094374405707e+00 2.182232263649262760e-01
2.965663464988764986e+00 2.344066823682408041e-01
2.978229835603124265e+00 2.547946392558406714e-01
2.990796206217483100e+00 2.909274086770008427e-01
3.003362576831842379e+00 1.013780324301528785e-01
3.015928947446201214e+00 1.418570388228486967e-01
3.028495318060560493e+00 8.378554199758743437e-02
3.041061688674919772e+00 -1.380790800092085435e-02
3.053628059289279051e+00 2.040045109451810168e-01
3.066194429903637886e+00 3.761726406047609383e-02
3.078760800517997165e+00 4.638681652236383013e-02
3.091327171132356444e+00 1.064168248210071444e-01
3.103893541746715723e+00 6.558859553349843940e-02
3.116459912361074558e+00 9.265972510836320564e-02
3.129026282975433837e+00 4.613753088915645978e-02
3.141592653589793116e+00 1.717040582233981053e-02
3.154159024204152395e+00 -3.316321232349283415e-02
3.166725394818511674e+00 5.635693580934079960e-02
3.179291765432870509e+00 1.137374599150268450e-01
3.191858136047229788e+00 -4.878264585266640918e-02
3.204424506661589067e+00 -2.177133818381218888e-01
3.216990877275948346e+00 -1.477754610786661260e-01
3.229557247890307181e+00 -1.669247086496620236e-01
3.242123618504666460e+00 -3.284606375854188798e-01
3.254689989119025739e+00 -1.233543910502755414e-01
3.267256359733385018e+00 -1.109793591152260089e-01
3.279822730347744297e+00 -3.095182760862706661e-02
3.292389100962103132e+00 -2.064016847703555868e-01
3.304955471576462411e+00 -2.057731284045151710e-01
3.317521842190821690e+00 7.446645460434028752e-02
3.330088212805180969e+00 -1.461129774638583734e-01
3.342654583419540248e+00 -2.234776731915759651e-01
3.355220954033899083e+00 -2.757527140678853739e-01
3.367787324648258362e+00 -2.280198638353839735e-01
3.380353695262617642e+00 -2.141149733838132729e-01
3.392920065876976921e+00 -2.197788424915795014e-01
3.405486436491335756e+00 -2.191093941739957196e-01
3.418052807105695035e+00 -2.534847937231630710e-01
3.430619177720054314e+00 -2.971525209645354271e-01
3.443185548334413593e+00 -3.222245081789841259e-01
3.455751918948772872e+00 -5.818583757524751210e-01
3.468318289563131707e+00 -2.270880398443083648e-01
3.480884660177490986e+00 -2.717570746639155765e-01
3.493451030791850265e+00 -3.467320233184125744e-01
3.506017401406209544e+00 -3.337416446491638933e-01
3.518583772020568823e+00 -3.567167432342102096e-01
3.531150142634927658e+00 -6.696280257261187918e-01
3.543716513249286937e+00 -4.643498653905703266e-01
3.556282883863646216e+00 -3.516870013345199664e-01
3.568849254478005495e+00 -2.913339871316226182e-01
3.581415625092364330e+00 -3.868259141528043732e-01
3.593981995706723609e+00 -4.809480084267888644e-01
3.606548366321082888e+00 -4.529511649194730150e-01
3.619114736935442167e+00 -4.150401326078021480e-01
3.631681107549800558e+00 -4.589721942334393789e-01
3.644247478164159837e+00 -5.637472977467488100e-01
3.656813848778519116e+00 -7.017309648844991532e-01
3.669380219392877951e+00 -6.389735418222358687e-01
3.681946590007237230e+00 -5.304463327195754196e-01
3.694512960621596509e+00 -6.830565294162449508e-01
3.707079331235955788e+00 -3.750437517866436754e-01
3.719645701850315067e+00 -5.028669516909753945e-01
3.732212072464673902e+00 -6.303544723905635250e-01
3.744778443079033181e+00 -5.295745737828536637e-01
3.757344813693392460e+00 -4.422911326455216674e-01
3.769911184307751739e+00 -5.686944134972595766e-01
3.782477554922110574e+00 -4.616413322046269974e-01
3.795043925536469853e+00 -4.022413885399873101e-01
3.807610296150829132e+00 -4.637627050389456218e-01
3.820176666765188411e+00 -4.059266494693092864e-01
3.832743037379547690e+00 -5.097974524763319026e-01
3.845309407993906525e+00 -7.828576117738521578e-01
3.857875778608265804e+00 -7.364264599414620527e-01
3.870442149222625083e+00 -6.949140683469791080e-01
3.883008519836984362e+00 -7.493401098794117976e-01
3.895574890451343641e+00 -6.434315420948253372e-01
3.908141261065702476e+00 -8.445978389002672948e-01
3.920707631680061755e+00 -5.844997865030753248e-01
3.933274002294421035e+00 -6.832695835194595446e-01
3.945840372908780314e+00 -7.660890311110921669e-01
3.958406743523139149e+00 -5.687929467687641294e-01
3.970973114137498428e+00 -9.521082377215277504e-01
3.983539484751857707e+00 -7.056747302039175773e-01
3.996105855366216986e+00 -8.500453822743881949e-01
4.008672225980576265e+00 -8.160414686743107104e-01
4.021238596594935544e+00 -6.182381382153281368e-01
4.033804967209294823e+00 -7.903896814204685040e-01
4.046371337823653214e+00 -6.805195191918371744e-01
4.058937708438012493e+00 -7.997986614538525885e-01
4.071504079052371772e+00 -8.686173025682701887e-01
4.084070449666731051e+00 -7.302461216170483826e-01
4.096636820281090330e+00 -8.298485465807866612e-01
4.109203190895449609e+00 -6.800366127168127051e-01
4.121769561509808888e+00 -8.992030554423997568e-01
4.134335932124168167e+00 -8.722843081673513632e-01
4.146902302738527446e+00 -7.851945912946021178e-01
4.159468673352886725e+00 -8.017361032624108486e-01
4.172035043967245116e+00 -7.952830483180808319e-01
4.184601414581604395e+00 -8.680747655324649870e-01
4.197167785195963674e+00 -8.721462791186321839e-01
4.209734155810322953e+00 -8.003181954735438808e-01
4.222300526424682232e+00 -9.396757955730782319e-01
4.234866897039041511e+00 -8.983078054806784563e-01
4.247433267653400790e+00 -7.964347458938269009e-01
4.259999638267760069e+00 -1.083998407460918578e+00
4.272566008882119348e+00 -7.772728786555299640e-01
4.285132379496477739e+00 -8.608154571986108561e-01
4.297698750110837018e+00 -8.674266821211434886e-01
4.310265120725196297e+00 -7.870500194968798047e-01
4.322831491339555576e+00 -9.441851892257463463e-01
4.335397861953914855e+00 -8.585394015360509057e-01
4.347964232568274134e+00 -7.782058042418440458e-01
4.360530603182633413e+00 -9.202038016097864315e-01
4.373096973796992692e+00 -8.915916525752407562e-01
4.385663344411351972e+00 -1.004416499401159735e+00
4.398229715025710362e+00 -9.728481089696324746e-01
4.410796085640069641e+00 -8.592633848998092461e-01
4.423362456254428032e+00 -1.048446979373120369e+00
4.435928826868787311e+00 -9.799470140282751096e-01
4.448495197483146590e+00 -1.009961563588011479e+00
4.461061568097505869e+00 -8.570150871247490532e-01
4.473627938711865148e+00 -8.373790651599574142e-01
4.486194309326224428e+00 -9.920244511389670894e-01
4.498760679940583707e+00 -1.020243659088885035e+00
4.511327050554942986e+00 -9.147563798404881874e-01
4.523893421169302265e+00 -1.060163870199048564e+00
4.536459791783661544e+00 -1.173228397616942864e+00
4.549026162398019935e+00 -9.399422028418313868e-01
4.561592533012379214e+00 -9.758333713478277716e-01
4.574158903626738493e+00 -9.798534681904460530e-01
4.586725274241097772e+00 -7.958223049341213162e-01
4.599291644855457051e+00 -7.948304706142323983e-01
4.611858015469816330e+00 -1.094624901361618940e+00
4.624424386084175609e+00 -1.073872243861135223e+00
4.636990756698534888e+00 -9.791934451664302541e-01
4.649557127312894167e+00 -1.189608404872138037e+00
4.662123497927252558e+00 -1.138647502872750517e+00
4.674689868541611837e+00 -1.063896595719268756e+00
4.687256239155971116e+00 -9.636163306929663719e-01
4.699822609770330395e+00 -1.033072095210058716e+00
4.712388980384689674e+00 -9.906115221652429526e-01
4.724955350999048953e+00 -9.796274633932768872e-01
4.737521721613408232e+00 -1.020229900047524785e+00
4.750088092227767511e+00 -8.766742081920932961e-01
4.762654462842126790e+00 -9.582260654031361513e-01
4.775220833456485181e+00 -7.777518138357818467e-01
4.787787204070844460e+00 -8.690223887647496870e-01
4.800353574685203739e+00 -9.315437906678069035e-01
4.812919945299563018e+00 -1.142867412971733332e+00
4.825486315913922297e+00 -9.848309613676418106e-01
4.838052686528281576e+00 -9.456708484906741763e-01
4.850619057142640855e+00 -9.873660174697972414e-01
4.863185427757000134e+00 -1.057401067333005651e+00
4.875751798371359413e+00 -1.049889649991906149e+00
4.888318168985717804e+00 -1.041454744246304909e+00
4.900884539600077083e+00 -1.106027403360598571e+00
4.913450910214436362e+00 -8.802474412683519711e-01
4.926017280828795641e+00 -8.085872050882330075e-01
4.938583651443154920e+00 -9.861022270060654238e-01
4.951150022057514200e+00 -1.047275024570434088e+00
4.963716392671873479e+00 -9.125885296100385569e-01
4.976282763286232758e+00 -9.492861822687519435e-01
4.988849133900592037e+00 -1.012328082833230614e+00
5.001415504514951316e+00 -9.219997039906311365e-01
5.013981875129309707e+00 -1.015796332555948700e+00
5.026548245743668986e+00 -8.641723325163858105e-01
5.039114616358028265e+00 -9.905018321113108204e-01
5.051680986972387544e+00 -8.143563296563655074e-01
5.064247357586746823e+00 -8.505346839221323840e-01
5.076813728201106102e+00 -9.958590440499395235e-01
5.089380098815465381e+00 -9.244342182203623137e-01
5.101946469429824660e+00 -9.860378947612030709e-01
5.114512840044183939e+00 -6.717998609885142969e-01
5.127079210658542330e+00 -9.719188351241014878e-01
5.139645581272901609e+00 -7.379196253155347884e-01
5.152211951887260888e+00 -8.188445040029630473e-01
5.164778322501620167e+00 -9.210153468753671246e-01
5.177344693115979446e+00 -7.831540815204482975e-01
5.189911063730338725e+00 -8.566069633588454524e-01
5.202477434344698004e+00 -1.087596255179830607e+00
5.215043804959057283e+00 -1.021817849811513135e+00
5.227610175573416562e+00 -9.382685286722545204e-01
5.240176546187774953e+00 -9.177266594035126124e-01
5.252742916802134232e+00 -8.086635576867808872e-01
5.265309287416492623e+00 -8.647806084633323787e-01
5.277875658030851902e+00 -8.969440949221487713e-01
5.290442028645211181e+00 -8.804777688828555604e-01
5.303008399259570460e+00 -1.030778337106592613e+00
5.315574769873929739e+00 -9.177267889947290369e-01
5.328141140488289018e+00 -8.473649232821076627e-01
5.340707511102648297e+00 -9.128487365442651269e-01
5.353273881717007576e+00 -7.365180129559311117e-01
5.365840252331366855e+00 -6.713536821525001308e-01
5.378406622945726134e+00 -8.282772877013754309e-01
5.390972993560084525e+00 -8.768984007019489102e-01
5.403539364174443804e+00 -5.664536565501927523e-01
5.416105734788803083e+00 -8.189364020745816264e-01
5.428672105403162362e+00 -9.745343378434043746e-01
5.441238476017521641e+00 -6.923812457459062042e-01
5.453804846631880920e+00 -7.077353372006438548e-01
5.466371217246240199e+00 -7.697367061130927501e-01
5.478937587860599479e+00 -8.015939469280477514e-01
5.491503958474958758e+00 -5.383205430527197022e-01
5.504070329089317148e+00 -8.039829942572905841e-01
5.516636699703676427e+00 -7.411781658388636451e-01
5.529203070318035707e+00 -7.781355871055833928e-01
5.541769440932394986e+00 -7.436646466414171819e-01
5.554335811546754265e+00 -6.620957100673585671e-01
5.566902182161113544e+00 -7.350827110930538977e-01
5.579468552775472823e+00 -6.253269297476921063e-01
5.592034923389832102e+00 -6.785392837252502973e-01
5.604601294004191381e+00 -4.611992561938524915e-01
5.617167664618549772e+00 -7.014283993321732691e-01
5.629734035232909051e+00 -6.494911530491146445e-01
5.642300405847268330e+00 -5.168548480232080244e-01
5.654866776461627609e+00 -5.456255920920276559e-01
5.667433147075986888e+00 -6.017656501232759858e-01
5.679999517690346167e+00 -5.153287567043813855e-01
5.692565888304705446e+00 -6.051118326555136040e-01
5.705132258919064725e+00 -6.006630962409480468e-01
5.717698629533424004e+00 -6.277280930090891609e-01
5.730265000147783283e+00 -7.333297325375778275e-01
5.742831370762141674e+00 -3.719406805222080781e-01
5.755397741376500953e+00 -5.988442259529545009e-01
5.767964111990860232e+00 -5.391442868055627002e-01
5.780530482605219511e+00 -4.689499071796988106e-01
5.793096853219578790e+00 -6.327269720190594748e-01
5.805663223833938069e+00 -5.699621393144783665e-01
5.818229594448297348e+00 -4.404143702026484530e-01
5.830795965062656627e+00 -4.853520386983050661e-01
5.843362335677015906e+00 -4.662889198049546824e-01
5.855928706291374297e+00 -5.044805549587699778e-01
5.868495076905733576e+00 -4.895510656555038809e-01
5.881061447520092855e+00 -3.828523592618970905e-01
5.893627818134452134e+00 -2.466736200694167880e-01
5.906194188748811413e+00 -4.746517807490778229e-01
5.918760559363170692e+00 -3.699332708269157943e-01
5.931326929977529971e+00 -4.055097115249573503e-01
5.943893300591889250e+00 -2.760836159980735172e-01
5.956459671206248530e+00 -3.770538485803061057e-01
5.969026041820606920e+00 -1.742118357294790143e-01
5.981592412434966199e+00 -4.399960310469928082e-01
5.994158783049325478e+00 -2.434327403814877389e-01
6.006725153663684758e+00 -3.294729430815546700e-01
6.019291524278044037e+00 -2.977395320294131675e-01
6.031857894892402427e+00 -3.899038983341021058e-01
6.044424265506761706e+00 -2.742451444295666008e-01
6.056990636121120986e+00 -3.198150738652175695e-01
6.069557006735480265e+00 -2.696830845579701874e-01
6.082123377349839544e+00 -2.343513815458565797e-01
6.094689747964198823e+00 -2.476741872870437122e-01
6.107256118578558102e+00 -1.872599816863321498e-01
6.119822489192916493e+00 -2.464289159299409282e-01
6.132388859807275772e+00 -2.861101007335649093e-01
6.144955230421635051e+00 -8.468022104547190398e-02
6.157521601035994330e+00 -2.279917715668964284e-01
6.170087971650353609e+00 -6.116231081137137732e-02
6.182654342264712888e+00 -3.858302654421830180e-02
6.195220712879072167e+00 -1.978467971722792096e-01
6.207787083493431446e+00 3.080555462843406755e-02
6.220353454107790725e+00 -2.457702867896354171e-01
6.232919824722149116e+00 -2.297095295375436649e-02
6.245486195336508395e+00 -8.978799789102656637e-02
6.258052565950867674e+00 1.927377726606067931e-01
6.270618936565226953e+00 -4.801102853542846272e-02
