0.000000000000000000e+00 -4.853908523624454047e-02
1.256637061435917323e-02 -1.779493447234158365e-01
2.513274122871834645e-02 -2.749208425705787842e-02
3.769911184307751795e-02 6.335580727953885050e-03
5.026548245743669291e-02 8.331496763378716530e-02
6.283185307179586787e-02 1.566442440697026761e-01
7.539822368615503589e-02 1.850568919494761932e-02
8.796459430051420392e-02 6.847366999107443175e-02
1.005309649148733858e-01 2.316421991224396071e-01
1.130973355292325677e-01 2.809814843796277217e-01
1.256637061435917357e-01 4.851963893208866008e-02
1.382300767579508760e-01 6.147849648263055411e-02
1.507964473723100718e-01 1.044880443378069790e-01
1.633628179866692676e-01 -5.290448656754784262e-02
1.759291886010284078e-01 2.265400059946884870e-01
1.884955592153875759e-01 2.253022763871501133e-01
2.010619298297467716e-01 1.297166088866665845e-01
2.136283004441059397e-01 2.828995004046109818e-01
2.261946710584651354e-01 1.894722230689579456e-01
2.387610416728242757e-01 3.910877780380694890e-01
2.513274122871834715e-01 3.033707913300847658e-01
2.638937829015426395e-01 1.323538060587652054e-01
2.764601535159017520e-01 9.913164850098557523e-02
2.890265241302609756e-01 2.335367487470566827e-01
3.015928947446201436e-01 3.340459430195714119e-01
3.141592653589793116e-01 1.377972902682992884e-01
3.267256359733385351e-01 4.537981371945722930e-01
3.392920065876976476e-01 4.179999952558884901e-01
3.518583772020568157e-01 2.269104206665988888e-01
3.644247478164160392e-01 4.691338959470605641e-01
3.769911184307751517e-01 4.177237597584570472e-01
3.895574890451343197e-01 5.127949894470817949e-01
4.021238596594935433e-01 4.561857487132992550e-01
4.146902302738527113e-01 2.030738268392161539e-01
4.272566008882118793e-01 4.484022347372260686e-01
4.398229715025711029e-01 4.560770223759388342e-01
4.523893421169302709e-01 3.353077782116885008e-01
4.649557127312893834e-01 4.853556918852384716e-01
4.775220833456485514e-01 3.604539283600328714e-01
4.900884539600077194e-01 5.878445171542675540e-01
5.026548245743669430e-01 7.104474450546260922e-01
5.152211951887261110e-01 6.032731597592121409e-01
5.277875658030852790e-01 4.470769473927396209e-01
5.403539364174444470e-01 5.852008624719696739e-01
5.529203070318035040e-01 5.416803776618372979e-01
5.654866776461627831e-01 4.627565683725863854e-01
5.780530482605219511e-01 4.934287255347449275e-01
5.906194188748811191e-01 4.972722156737569565e-01
6.031857894892402872e-01 5.021969477443060104e-01
6.157521601035994552e-01 5.793300408138540858e-01
6.283185307179586232e-01 5.014551589170448409e-01
6.408849013323177912e-01 5.123780798768362565e-01
6.534512719466770703e-01 6.142824502926494956e-01
6.660176425610361273e-01 3.935228737944671540e-01
6.785840131753952953e-01 6.538835108388099115e-01
6.911503837897544633e-01 5.244920440779722304e-01
7.037167544041136313e-01 5.908595633580431272e-01
7.162831250184729104e-01 5.531418983822726787e-01
7.288494956328320784e-01 5.311868420751053588e-01
7.414158662471912464e-01 4.885689747836281516e-01
7.539822368615503034e-01 8.409722023906789357e-01
7.665486074759094715e-01 5.187895725365854194e-01
7.791149780902686395e-01 8.413660801816870149e-01
7.916813487046279185e-01 7.146952371207443422e-01
8.042477193189870865e-01 6.652401558390982350e-01
8.168140899333462546e-01 8.036226283226868272e-01
8.293804605477054226e-01 6.136469121183167896e-01
8.419468311620645906e-01 8.165095755186722037e-01
8.545132017764237586e-01 8.160887603457303019e-01
8.670795723907829267e-01 8.324743670829823916e-01
8.796459430051422057e-01 7.580012434179981273e-01
8.922123136195013737e-01 7.695263401878535969e-01
9.047786842338605418e-01 7.291487833017842313e-01
9.173450548482194877e-01 9.741922325378649106e-01
9.299114254625787668e-01 9.670912056757525743e-01
9.424777960769379348e-01 8.691467818829540226e-01
9.550441666912971028e-01 6.813417420770573329e-01
9.676105373056562708e-01 7.192188552845467653e-01
9.801769079200154389e-01 8.173782020230352385e-01
9.927432785343746069e-01 7.671798088924441927e-01
1.005309649148733886e+00 7.696442171000540400e-01
1.017876019763092943e+00 7.471270901640308937e-01
1.030442390377452222e+00 9.212708406519307669e-01
1.043008760991811279e+00 8.499997131838114006e-01
1.055575131606170558e+00 8.216074291871305890e-01
1.068141502220529837e+00 8.255451321648524798e-01
1.080707872834888894e+00 9.657375179964453604e-01
1.093274243449248173e+00 8.793599552065507474e-01
1.105840614063607008e+00 8.689267137238126937e-01
1.118406984677966287e+00 8.125200257239496571e-01
1.130973355292325566e+00 8.869145899536065025e-01
1.143539725906684623e+00 8.359177418806653659e-01
1.156106096521043902e+00 8.792770182429050507e-01
1.168672467135402959e+00 1.000730916035035056e+00
1.181238837749762238e+00 9.753262327594643954e-01
1.193805208364121295e+00 9.476386097856174251e-01
1.206371578978480574e+00 9.736283096803166615e-01
1.218937949592839853e+00 8.234256732754283714e-01
1.231504320207198910e+00 8.321582975173277275e-01
1.244070690821558189e+00 9.203046230605455014e-01
1.256637061435917246e+00 9.729760006682327544e-01
1.269203432050276525e+00 1.048750218180919180e+00
1.281769802664635582e+00 8.930176943733837414e-01
1.294336173278994861e+00 9.920246942431715231e-01
1.306902543893354141e+00 9.377171093370303412e-01
1.319468914507712975e+00 1.050098132481883217e+00
1.332035285122072255e+00 1.018014088057739963e+00
1.344601655736431534e+00 1.053374388825432550e+00
1.357168026350790591e+00 9.713755706008128099e-01
1.369734396965149870e+00 9.470200659720419134e-01
1.382300767579508927e+00 9.015429800205532196e-01
1.394867138193868206e+00 8.672051111163280313e-01
1.407433508808227263e+00 9.099834862807243407e-01
1.419999879422586542e+00 1.049707246127855598e+00
1.432566250036945821e+00 9.830890424265082972e-01
1.445132620651304878e+00 1.110181488219045720e+00
1.457698991265664157e+00 8.433789381320139222e-01
1.470265361880023214e+00 1.014748419281474412e+00
1.482831732494382493e+00 1.129043234008163532e+00
1.495398103108741550e+00 1.132710871424871479e+00
1.507964473723100607e+00 1.030198143862517846e+00
1.520530844337459886e+00 1.135531096231699344e+00
1.533097214951818943e+00 1.109597006112798434e+00
1.545663585566178222e+00 1.027971142557633888e+00
1.558229956180537279e+00 1.097701557706063147e+00
1.570796326794896558e+00 9.425281472701565466e-01
1.583362697409255837e+00 1.094142406934233591e+00
1.595929068023614894e+00 8.736932880099883558e-01
1.608495438637974173e+00 9.102846604700972621e-01
1.621061809252333230e+00 1.111266311181557720e+00
1.633628179866692509e+00 9.983443241974686577e-01
1.646194550481051566e+00 1.006847697326186841e+00
1.658760921095410845e+00 1.104212760781523972e+00
1.671327291709770124e+00 9.412124232688250380e-01
1.683893662324129181e+00 9.032491211833550970e-01
1.696460032938488460e+00 9.276055886987208954e-01
1.709026403552847517e+00 9.027054345766977184e-01
1.721592774167206796e+00 8.248391974564873719e-01
1.734159144781565853e+00 9.651377149590386617e-01
1.746725515395925132e+00 9.915346189982987557e-01
1.759291886010284411e+00 9.336319168795086387e-01
1.771858256624643468e+00 9.319667850776879314e-01
1.784424627239002747e+00 1.012553666592705737e+00
1.796990997853361804e+00 1.173719807589208797e+00
1.809557368467721084e+00 9.551627960115350868e-01
1.822123739082079918e+00 8.394950963766238949e-01
1.834690109696438975e+00 9.329229411957505880e-01
1.847256480310798255e+00 9.010038182542124963e-01
1.859822850925157534e+00 1.002649039916160056e+00
1.872389221539516591e+00 1.039738086778572379e+00
1.884955592153875870e+00 9.165109799888730979e-01
1.897521962768234927e+00 1.008329995194424455e+00
1.910088333382594206e+00 1.010406768259783483e+00
1.922654703996953263e+00 8.784421738322994999e-01
1.935221074611312542e+00 9.474719076667590389e-01
1.947787445225671821e+00 8.827450439254764802e-01
1.960353815840030878e+00 1.063426536006416123e+00
1.972920186454390157e+00 9.772409765044048902e-01
1.985486557068749214e+00 9.892082237262289635e-01
1.998052927683108493e+00 9.117861894219198016e-01
2.010619298297467772e+00 9.138218975234319030e-01
2.023185668911826607e+00 8.930021673425183604e-01
2.035752039526185886e+00 1.067975105061683916e+00
2.048318410140545165e+00 8.710867108571532791e-01
2.060884780754904444e+00 8.694177604782796775e-01
2.073451151369263723e+00 7.887556017833947664e-01
2.086017521983622558e+00 8.663050106845241460e-01
2.098583892597981837e+00 1.120712400008588183e+00
2.111150263212341116e+00 7.396544593197965645e-01
2.123716633826700395e+00 9.252561016947057349e-01
2.136283004441059674e+00 7.971288000914228400e-01
2.148849375055418509e+00 8.002071194642635943e-01
2.161415745669777788e+00 7.437400833566124581e-01
2.173982116284137067e+00 8.143385743840868551e-01
2.186548486898496346e+00 9.224341687861965511e-01
2.199114857512855181e+00 8.677056316394191615e-01
2.211681228127214016e+00 7.320075836611152909e-01
2.224247598741573295e+00 7.662841953938970274e-01
2.236813969355932574e+00 7.915460558091691468e-01
2.249380339970291853e+00 9.079183229981490078e-01
2.261946710584651132e+00 1.025551960367261373e+00
2.274513081199009967e+00 7.379829036143288334e-01
2.287079451813369246e+00 8.482383020349033576e-01
2.299645822427728525e+00 7.378347213931412130e-01
2.312212193042087804e+00 9.672550421958228117e-01
2.324778563656447083e+00 6.487638082540805318e-01
2.337344934270805918e+00 7.196499065855883615e-01
2.349911304885165197e+00 6.721519244530244075e-01
2.362477675499524477e+00 7.302143881306869533e-01
2.375044046113883756e+00 7.096640162814544794e-01
2.387610416728242591e+00 6.943140790262162243e-01
2.400176787342601870e+00 5.716098976820480626e-01
2.412743157956961149e+00 7.571358725085548524e-01
2.425309528571320428e+00 5.826699678906525071e-01
2.437875899185679707e+00 7.525010704634628178e-01
2.450442269800038542e+00 5.324632714419017532e-01
2.463008640414397821e+00 5.664145333566812379e-01
2.475575011028757100e+00 7.324251264619547896e-01
2.488141381643116379e+00 6.755714210294352373e-01
2.500707752257475658e+00 6.044366227907079780e-01
2.513274122871834493e+00 6.448583362140908326e-01
2.525840493486193772e+00 6.976680787755997759e-01
2.538406864100553051e+00 5.402997719865494375e-01
2.550973234714912330e+00 5.114408128743854753e-01
2.563539605329271165e+00 3.806594210684857149e-01
2.576105975943630444e+00 5.777640176380047787e-01
2.588672346557989723e+00 6.924498394682465641e-01
2.601238717172349002e+00 5.046392704591934342e-01
2.613805087786708281e+00 5.869364111385659832e-01
2.626371458401067116e+00 6.316863510563111017e-01
2.638937829015425951e+00 5.146459368308777815e-01
2.651504199629785230e+00 4.886918984756336015e-01
2.664070570244144509e+00 5.506596066386209021e-01
2.676636940858503788e+00 3.537388702124211193e-01
2.689203311472863067e+00 4.365595371162389049e-01
2.701769682087221902e+00 4.185958918302726817e-01
2.714336052701581181e+00 6.256499339534016269e-01
2.726902423315940460e+00 4.318844511576451772e-01
2.739468793930299739e+00 3.387621778100453618e-01
2.752035164544658574e+00 4.656912471335626913e-01
2.764601535159017853e+00 3.858350860107398472e-01
2.777167905773377132e+00 4.162198512773350734e-01
2.789734276387736411e+00 2.427736987783280509e-01
2.802300647002095690e+00 3.484062471050558552e-01
2.814867017616454525e+00 3.436813825457530891e-01
2.827433388230813804e+00 2.331815799433336889e-01
2.839999758845173083e+00 4.287127123688959651e-01
2.852566129459532362e+00 2.828403582042355313e-01
2.865132500073891642e+00 2.874971186998821482e-01
2.877698870688250476e+00 1.623271586748080975e-01
2.890265241302609756e+00 3.376176037710560407e-01
2.902831611916969035e+00 1.007946552843182464e-01
2.915397982531328314e+00 3.133543092035354638e-01
2.927964353145687149e+00 2.468409435637083926e-01
2.940530723760046428e+00 1.498711975778672656e-01
2.953097094374405707e+00 2.273330307067628064e-01
2.965663464988764986e+00 1.767227088222883824e-01
2.978229835603124265e+00 1.064821948536491952e-01
2.990796206217483100e+00 1.784244670617393946e-01
3.003362576831842379e+00 4.725498912550310515e-02
3.015928947446201214e+00 1.049219040038346096e-02
3.028495318060560493e+00 6.536074809461593638e-02
3.041061688674919772e+00 3.385921264384057772e-02
3.053628059289279051e+00 2.000540574346232336e-03
3.066194429903637886e+00 1.469039322202665976e-01
3.078760800517997165e+00 2.152402223980182661e-01
3.091327171132356444e+00 1.407991067237808480e-01
3.103893541746715723e+00 -1.321005873053220370e-01
3.116459912361074558e+00 -7.122848643954582393e-02
3.129026282975433837e+00 -1.574232060074007983e-02
3.141592653589793116e+00 -9.804700229153791302e-02
3.154159024204152395e+00 -6.006106748676271617e-02
3.166725394818511674e+00 -8.755411772490699629e-02
3.179291765432870509e+00 -1.294381875417548455e-01
3.191858136047229788e+00 -1.482050755024225674e-01
3.204424506661589067e+00 -1.844520333389111366e-01
3.216990877275948346e+00 9.749016389160682083e-02
3.229557247890307181e+00 2.394334789054104740e-02
3.242123618504666460e+00 -6.485745655889862959e-02
3.254689989119025739e+00 -1.691111140635082055e-01
3.267256359733385018e+00 -2.608951991318320118e-02
3.279822730347744297e+00 -5.462342250474046257e-02
3.292389100962103132e+00 -1.911720249451500098e-01
3.304955471576462411e+00 -1.647772255739764213e-01
3.317521842190821690e+00 -1.186380612817557884e-01
3.330088212805180969e+00 -1.853409495108834792e-01
3.342654583419540248e+00 -8.237348801287411315e-02
3.355220954033899083e+00 -1.895909443065735833e-01
3.367787324648258362e+00 -9.541002293197320405e-03
3.380353695262617642e+00 -3.811496230601872370e-01
3.392920065876976921e+00 -3.242319202812038448e-01
3.405486436491335756e+00 -2.632840609153752065e-01
3.418052807105695035e+00 -1.095124622462846364e-01
3.430619177720054314e+00 -5.408006590424634386e-01
3.443185548334413593e+00 -4.798507684492751002e-01
3.455751918948772872e+00 -3.904685271638060895e-01
3.468318289563131707e+00 -5.093187988547124290e-01
3.480884660177490986e+00 -3.753614594985391628e-01
3.493451030791850265e+00 -2.431114463605118792e-01
3.506017401406209544e+00 -2.378418549244351032e-01
3.518583772020568823e+00 -3.085001961798507497e-01
3.531150142634927658e+00 -5.783380174613536040e-01
3.543716513249286937e+00 -4.722465821417563547e-01
3.556282883863646216e+00 -5.457450925790617857e-01
3.568849254478005495e+00 -5.026805514616112802e-01
3.581415625092364330e+00 -5.437649927041932063e-01
3.593981995706723609e+00 -3.064563195937787810e-01
3.606548366321082888e+00 -5.143438619054208072e-01
3.619114736935442167e+00 -4.288066648258160862e-01
3.631681107549800558e+00 -2.560515976060825927e-01
3.644247478164159837e+00 -3.855690607970361783e-01
3.656813848778519116e+00 -5.808810515769627925e-01
3.669380219392877951e+00 -3.586494730703401190e-01
3.681946590007237230e+00 -5.502340075887086623e-01
3.694512960621596509e+00 -6.115501389169858415e-01
3.707079331235955788e+00 -4.620268034370816901e-01
3.719645701850315067e+00 -3.804396516463023348e-01
3.732212072464673902e+00 -5.129059466065620798e-01
3.744778443079033181e+00 -5.014238471381153861e-01
3.757344813693392460e+00 -5.375469402460922863e-01
3.769911184307751739e+00 -6.718517439831349636e-01
3.782477554922110574e+00 -4.365808862210629471e-01
3.795043925536469853e+00 -6.999721049319391764e-01
3.807610296150829132e+00 -8.889970712065169423e-01
3.820176666765188411e+00 -5.482229839300479801e-01
3.832743037379547690e+00 -6.254407614007074789e-01
3.845309407993906525e+00 -5.745434459065025257e-01
3.857875778608265804e+00 -7.156352615791553573e-01
3.870442149222625083e+00 -7.897166903160431906e-01
3.883008519836984362e+00 -7.935191119402125182e-01
3.895574890451343641e+00 -6.381868027290812373e-01
3.908141261065702476e+00 -7.273165931850772425e-01
3.920707631680061755e+00 -5.066662240110306747e-01
3.933274002294421035e+00 -6.595694729563160719e-01
3.945840372908780314e+00 -8.127937602178696430e-01
3.958406743523139149e+00 -4.725968331056598637e-01
3.970973114137498428e+00 -5.841762345601035911e-01
3.983539484751857707e+00 -8.903630208867313600e-01
3.996105855366216986e+00 -6.949802690409100370e-01
4.008672225980576265e+00 -5.586703159628852999e-01
4.021238596594935544e+00 -6.470575125231410318e-01
4.033804967209294823e+00 -8.321772845225700044e-01
4.046371337823653214e+00 -7.947673776901873488e-01
4.058937708438012493e+00 -7.963413297150437886e-01
4.071504079052371772e+00 -8.641635117551992318e-01
4.084070449666731051e+00 -8.735544076975835237e-01
4.096636820281090330e+00 -6.820565679688311844e-01
4.109203190895449609e+00 -8.088185169483732562e-01
4.121769561509808888e+00 -8.163038702906575406e-01
4.134335932124168167e+00 -9.302843449137336851e-01
4.146902302738527446e+00 -6.540294136852754514e-01
4.159468673352886725e+00 -8.153370864066588064e-01
4.172035043967245116e+00 -7.783015820422076736e-01
4.184601414581604395e+00 -9.602486306102637759e-01
4.197167785195963674e+00 -8.137891870629716529e-01
4.209734155810322953e+00 -8.507034949693382808e-01
4.222300526424682232e+00 -7.753506166028913960e-01
4.234866897039041511e+00 -8.424661881686009712e-01
4.247433267653400790e+00 -8.540483158550051801e-01
4.259999638267760069e+00 -9.655164793032940951e-01
4.272566008882119348e+00 -7.461736131964623597e-01
4.285132379496477739e+00 -9.207865635599111753e-01
4.297698750110837018e+00 -9.190639460483202017e-01
4.310265120725196297e+00 -9.183729634921875551e-01
4.322831491339555576e+00 -8.981968055500796355e-01
4.335397861953914855e+00 -9.881692757373848890e-01
4.347964232568274134e+00 -9.562829676773834109e-01
4.360530603182633413e+00 -8.842200457126875301e-01
4.373096973796992692e+00 -8.136167093802187944e-01
4.385663344411351972e+00 -8.844785439922477899e-01
4.398229715025710362e+00 -1.120124698155964493e+00
4.410796085640069641e+00 -1.008577213434745268e+00
4.423362456254428032e+00 -1.107552037090727470e+00
4.435928826868787311e+00 -9.581839634939887107e-01
4.448495197483146590e+00 -1.151412219433192163e+00
4.461061568097505869e+00 -1.049781991679339388e+00
4.473627938711865148e+00 -9.315711680856393340e-01
4.486194309326224428e+00 -9.571312164992916705e-01
4.498760679940583707e+00 -1.131712154649946012e+00
4.511327050554942986e+00 -1.128410843253244034e+00
4.523893421169302265e+00 -1.022509525941623254e+00
4.536459791783661544e+00 -1.028609551644268816e+00
4.549026162398019935e+00 -1.087295872952463549e+00
4.561592533012379214e+00 -1.001920805773065082e+00
4.574158903626738493e+00 -1.277893385229551981e+00
4.586725274241097772e+00 -9.868917321614047999e-01
4.599291644855457051e+00 -9.927880807110581740e-01
4.611858015469816330e+00 -7.579739100402997920e-01
4.624424386084175609e+00 -1.122890642971728470e+00
4.636990756698534888e+00 -1.026804025809275656e+00
4.649557127312894167e+00 -1.111621301030077280e+00
4.662123497927252558e+00 -9.580104148130710318e-01
4.674689868541611837e+00 -1.134342759764363384e+00
4.687256239155971116e+00 -1.099554442844176139e+00
4.699822609770330395e+00 -1.072171929707661731e+00
4.712388980384689674e+00 -9.643268238443605256e-01
4.724955350999048953e+00 -9.374767546611694202e-01
4.737521721613408232e+00 -1.017298524267797211e+00
4.750088092227767511e+00 -9.648538692441021025e-01
4.762654462842126790e+00 -8.908788026662174397e-01
4.775220833456485181e+00 -9.883365571429806318e-01
4.787787204070844460e+00 -9.524873999829637228e-01
4.800353574685203739e+00 -1.192160531632738163e+00
4.812919945299563018e+00 -9.439401875377742002e-01
4.825486315913922297e+00 -1.122756872923222904e+00
4.838052686528281576e+00 -8.255272097839715384e-01
4.850619057142640855e+00 -9.854814028912934898e-01
4.863185427757000134e+00 -9.790640044304177447e-01
4.875751798371359413e+00 -8.926376814211249844e-01
4.888318168985717804e+00 -8.998514250974170015e-01
4.900884539600077083e+00 -8.103633772888909625e-01
4.913450910214436362e+00 -1.038376326537717720e+00
4.926017280828795641e+00 -1.043076084242563262e+00
4.938583651443154920e+00 -1.058343879855859315e+00
4.951150022057514200e+00 -7.916337628653058456e-01
4.963716392671873479e+00 -8.040409218736453978e-01
4.976282763286232758e+00 -8.085547245465882771e-01
4.988849133900592037e+00 -8.962269902939286048e-01
5.001415504514951316e+00 -9.426315091988418660e-01
5.013981875129309707e+00 -9.887149240955758200e-01
5.026548245743668986e+00 -7.437712405922648484e-01
5.039114616358028265e+00 -8.312867169906379416e-01
5.051680986972387544e+00 -9.061057361225276496e-01
5.064247357586746823e+00 -6.989873612869642594e-01
5.076813728201106102e+00 -9.012765786379735022e-01
5.089380098815465381e+00 -9.576845817678154571e-01
5.101946469429824660e+00 -8.640340422875336657e-01
5.114512840044183939e+00 -9.003986535422043858e-01
5.127079210658542330e+00 -9.059745684476833150e-01
5.139645581272901609e+00 -9.676234643324692630e-01
5.152211951887260888e+00 -1.006656948019823972e+00
5.164778322501620167e+00 -8.270817117636882765e-01
5.177344693115979446e+00 -7.281402111218504558e-01
5.189911063730338725e+00 -9.646243018390405766e-01
5.202477434344698004e+00 -8.734678394702948268e-01
5.215043804959057283e+00 -9.141902593320178072e-01
5.227610175573416562e+00 -8.248514970626017462e-01
5.240176546187774953e+00 -7.421967619309955966e-01
5.252742916802134232e+00 -8.901815262489054525e-01
5.265309287416492623e+00 -8.511829537611701468e-01
5.277875658030851902e+00 -9.012708397115741787e-01
5.290442028645211181e+00 -8.297215940369349063e-01
5.303008399259570460e+00 -6.870603146797096272e-01
5.315574769873929739e+00 -7.998717579044702930e-01
5.328141140488289018e+00 -9.059261206347326567e-01
5.340707511102648297e+00 -8.221523671666391975e-01
5.353273881717007576e+00 -7.398298423653643097e-01
5.365840252331366855e+00 -7.756474099769534725e-01
5.378406622945726134e+00 -7.071494892267387034e-01
5.390972993560084525e+00 -7.425634501496164441e-01
5.403539364174443804e+00 -6.726111536907936062e-01
5.416105734788803083e+00 -7.672527150218104719e-01
5.428672105403162362e+00 -8.675646935712433283e-01
5.441238476017521641e+00 -7.771582572012153411e-01
5.453804846631880920e+00 -7.214167737507137801e-01
5.466371217246240199e+00 -7.116262675082959399e-01
5.478937587860599479e+00 -8.064409487815854538e-01
5.491503958474958758e+00 -8.222749829011070100e-01
5.504070329089317148e+00 -6.633791297279911792e-01
5.516636699703676427e+00 -7.685354703796285492e-01
5.529203070318035707e+00 -6.628194548407436715e-01
5.541769440932394986e+00 -8.073065475940075508e-01
5.554335811546754265e+00 -7.038941117114975166e-01
5.566902182161113544e+00 -7.738345770209573704e-01
5.579468552775472823e+00 -7.336129266199555854e-01
5.592034923389832102e+00 -6.982925248519875616e-01
5.604601294004191381e+00 -4.901680083615793659e-01
5.617167664618549772e+00 -6.332458414967508942e-01
5.629734035232909051e+00 -5.200424196384165754e-01
5.642300405847268330e+00 -4.712347437316695142e-01
5.654866776461627609e+00 -5.919184817217046923e-01
5.667433147075986888e+00 -6.175142414596943574e-01
5.679999517690346167e+00 -6.184766542273685275e-01
5.692565888304705446e+00 -6.313869631511471736e-01
5.705132258919064725e+00 -5.283699473892941034e-01
5.717698629533424004e+00 -5.670632381712025216e-01
5.730265000147783283e+00 -6.492331230342526238e-01
5.742831370762141674e+00 -6.557244942639289809e-01
5.755397741376500953e+00 -6.039076157774408982e-01
5.767964111990860232e+00 -3.905615125649997132e-01
5.780530482605219511e+00 -4.457951268282315249e-01
5.793096853219578790e+00 -4.853505387985528330e-01
5.805663223833938069e+00 -4.675541268887592472e-01
5.818229594448297348e+00 -4.409139332409170997e-01
5.830795965062656627e+00 -5.959054837397800286e-01
5.843362335677015906e+00 -5.679505700735192342e-01
5.855928706291374297e+00 -4.410952325094791293e-01
5.868495076905733576e+00 -3.724338831359546576e-01
5.881061447520092855e+00 -4.699954764738312196e-01
5.893627818134452134e+00 -4.726862149024709248e-01
5.906194188748811413e+00 -5.285190819290079833e-01
5.918760559363170692e+00 -1.478528665835198430e-01
5.931326929977529971e+00 -4.277011590847910050e-01
5.943893300591889250e+00 -3.200965524222219583e-01
5.956459671206248530e+00 -2.917332395424147573e-01
5.969026041820606920e+00 -2.946812660905023251e-01
5.981592412434966199e+00 -2.752160404770262470e-01
5.994158783049325478e+00 -2.795402216515825433e-01
6.006725153663684758e+00 -2.134228869391466277e-01
6.019291524278044037e+00 -3.145448849999161189e-01
6.031857894892402427e+00 -1.472025210037879450e-01
6.044424265506761706e+00 -1.535805909420030479e-01
6.056990636121120986e+00 -1.172071140508414711e-01
6.069557006735480265e+00 -2.304350871324609140e-01
6.082123377349839544e+00 1.028484333389147465e-01
6.094689747964198823e+00 -1.684955553151015750e-01
6.107256118578558102e+00 -8.824833627151668081e-03
6.119822489192916493e+00 -3.607192049449792215e-01
6.132388859807275772e+00 -2.824365567880702255e-01
6.144955230421635051e+00 -1.207554018353629161e-01
6.157521601035994330e+00 -4.801468287083121567e-02
6.170087971650353609e+00 -5.068129376063823521e-03
6.182654342264712888e+00 -6.754975404588137167e-06
6.195220712879072167e+00 -3.168155325587334453e-02
6.207787083493431446e+00 -1.217127010584396485e-01
6.220353454107790725e+00 -6.204940462510728783e-02
6.232919824722149116e+00 -3.531333151761498201e-02
6.245486195336508395e+00 6.974027218906525549e-03
6.258052565950867674e+00 -2.602724264577008229e-02
6.270618936565226953e+00 -3.500481302787866733e-02
