0.000000000000000000e+00 -5.980483237870303642e-02
1.256637061435917323e-02 -2.675800431490168996e-02
2.513274122871834645e-02 1.593562927258947715e-01
3.769911184307751795e-02 3.124624291774940471e-02
5.026548245743669291e-02 3.102994267623361904e-02
6.283185307179586787e-02 8.379777152605218105e-03
7.539822368615503589e-02 9.903919380432371633e-02
8.796459430051420392e-02 1.099333869263679625e-01
1.005309649148733858e-01 2.076798033939527000e-01
1.130973355292325677e-01 1.448744270853394300e-01
1.256637061435917357e-01 -5.717114751595997468e-02
1.382300767579508760e-01 2.103472825682234371e-01
1.507964473723100718e-01 -5.659214741269164017e-02
1.633628179866692676e-01 1.172534270090034580e-01
1.759291886010284078e-01 1.729271082542542248e-01
1.884955592153875759e-01 2.330657116763000525e-01
2.010619298297467716e-01 2.020082973865826026e-01
2.136283004441059397e-01 2.072550848514084498e-01
2.261946710584651354e-01 9.532951319905977328e-02
2.387610416728242757e-01 1.773407294572846571e-01
2.513274122871834715e-01 3.361264384658592119e-01
2.638937829015426395e-01 2.841903544622955691e-01
2.764601535159017520e-01 1.401667169186423534e-01
2.890265241302609756e-01 1.211446001427731733e-01
3.015928947446201436e-01 3.384194748327592484e-01
3.141592653589793116e-01 3.786265700945882773e-01
3.267256359733385351e-01 2.156665198794384675e-01
3.392920065876976476e-01 2.728051866541415515e-01
3.518583772020568157e-01 2.677776878520621295e-01
3.644247478164160392e-01 4.741848519643589999e-01
3.769911184307751517e-01 4.884617981133186349e-01
3.895574890451343197e-01 4.147150227597745653e-01
4.021238596594935433e-01 5.379554284043157608e-01
4.146902302738527113e-01 3.907992676324264503e-01
4.272566008882118793e-01 6.281151395932713655e-01
4.398229715025711029e-01 4.731097527464952490e-01
4.523893421169302709e-01 4.132609972590249314e-01
4.649557127312893834e-01 4.630500132222191700e-01
4.775220833456485514e-01 6.194276315124538357e-01
4.900884539600077194e-01 2.498110474886245380e-01
5.026548245743669430e-01 4.730820390449179125e-01
5.152211951887261110e-01 5.178730366981413313e-01
5.277875658030852790e-01 5.331091302768765638e-01
5.403539364174444470e-01 4.246537611047952465e-01
5.529203070318035040e-01 6.034357415660761559e-01
5.654866776461627831e-01 3.663198968319608673e-01
5.780530482605219511e-01 5.327587668394260234e-01
5.906194188748811191e-01 5.626781394187140295e-01
6.031857894892402872e-01 4.750788701962742611e-01
6.157521601035994552e-01 5.422553525420565901e-01
6.283185307179586232e-01 5.275992706852090652e-01
6.408849013323177912e-01 4.170015171593568493e-01
6.534512719466770703e-01 5.354467370185046482e-01
6.660176425610361273e-01 3.784082511062558662e-01
6.785840131753952953e-01 8.089061216856250347e-01
6.911503837897544633e-01 5.279432020048013818e-01
7.037167544041136313e-01 5.216592073467828383e-01
7.162831250184729104e-01 6.539347716885246520e-01
7.288494956328320784e-01 5.554357426986527013e-01
7.414158662471912464e-01 6.161586928754085868e-01
7.539822368615503034e-01 7.690041780236462898e-01
7.665486074759094715e-01 8.129461388545202727e-01
7.791149780902686395e-01 7.698014174503041707e-01
7.916813487046279185e-01 6.803342727572156967e-01
8.042477193189870865e-01 7.610395551962234606e-01
8.168140899333462546e-01 6.937127576608620450e-01
8.293804605477054226e-01 6.137688359970391305e-01
8.419468311620645906e-01 7.436556468799294661e-01
8.545132017764237586e-01 6.005905745923184602e-01
8.670795723907829267e-01 8.014943619572199029e-01
8.796459430051422057e-01 8.035310819642557112e-01
8.922123136195013737e-01 7.233923228297273189e-01
9.047786842338605418e-01 6.909553130057665138e-01
9.173450548482194877e-01 9.922909952662946065e-01
9.299114254625787668e-01 8.714691667133277475e-01
9.424777960769379348e-01 8.054024606121109597e-01
9.550441666912971028e-01 7.834918104917522053e-01
9.676105373056562708e-01 9.398185797457607737e-01
9.801769079200154389e-01 8.114319109501266780e-01
9.927432785343746069e-01 8.533621762810943423e-01
1.005309649148733886e+00 6.716016867048412164e-01
1.017876019763092943e+00 8.304621963116061156e-01
1.030442390377452222e+00 1.109371451229624883e+00
1.043008760991811279e+00 9.598363634142746958e-01
1.055575131606170558e+00 9.811930296114885763e-01
1.068141502220529837e+00 1.012554478724418727e+00
1.080707872834888894e+00 9.637682511375821326e-01
1.093274243449248173e+00 8.137896369895010196e-01
1.105840614063607008e+00 9.971834424825898324e-01
1.118406984677966287e+00 8.310277686796987417e-01
1.130973355292325566e+00 8.503379686151751882e-01
1.143539725906684623e+00 9.824397416160354224e-01
1.156106096521043902e+00 8.527564471684085934e-01
1.168672467135402959e+00 1.025802270827939733e+00
1.181238837749762238e+00 8.479376285386466261e-01
1.193805208364121295e+00 7.906150513711154293e-01
1.206371578978480574e+00 9.783347412151683908e-01
1.218937949592839853e+00 9.879673753131702485e-01
1.231504320207198910e+00 9.416012485755573813e-01
1.244070690821558189e+00 8.979248249340767707e-01
1.256637061435917246e+00 9.360946534143145259e-01
1.269203432050276525e+00 9.034225577785652828e-01
1.281769802664635582e+00 9.018420927938873843e-01
1.294336173278994861e+00 1.000003909150076975e+00
1.306902543893354141e+00 9.111587234131574009e-01
1.319468914507712975e+00 8.852048377442987004e-01
1.332035285122072255e+00 8.683565172752553130e-01
1.344601655736431534e+00 1.024074731902387958e+00
1.357168026350790591e+00 9.670833492663265529e-01
1.369734396965149870e+00 9.242331962956473745e-01
1.382300767579508927e+00 8.833370324393127193e-01
1.394867138193868206e+00 9.263770762908509759e-01
1.407433508808227263e+00 1.141714551006938194e+00
1.419999879422586542e+00 1.113794931503020225e+00
1.432566250036945821e+00 8.777721046103190705e-01
1.445132620651304878e+00 9.267372214885405413e-01
1.457698991265664157e+00 8.882639744718066055e-01
1.470265361880023214e+00 9.213360660024367821e-01
1.482831732494382493e+00 9.088006756767537109e-01
1.495398103108741550e+00 9.025628367344200598e-01
1.507964473723100607e+00 1.032343374132936642e+00
1.520530844337459886e+00 8.999753492744682060e-01
1.533097214951818943e+00 9.547376224662106337e-01
1.545663585566178222e+00 8.980596103146278875e-01
1.558229956180537279e+00 1.095166841162510396e+00
1.570796326794896558e+00 1.263029315575875389e+00
1.583362697409255837e+00 9.124292939220105536e-01
1.595929068023614894e+00 1.100532857455035707e+00
1.608495438637974173e+00 1.045855969519917439e+00
1.621061809252333230e+00 1.224962066855988851e+00
1.633628179866692509e+00 1.013646791904956768e+00
1.646194550481051566e+00 1.102342205603269454e+00
1.658760921095410845e+00 8.800421568715499632e-01
1.671327291709770124e+00 1.067851359774384390e+00
1.683893662324129181e+00 1.051714647278711778e+00
1.696460032938488460e+00 1.132405403330920324e+00
1.709026403552847517e+00 1.075917275207617152e+00
1.721592774167206796e+00 9.754997688999006433e-01
1.734159144781565853e+00 1.084754090520653635e+00
1.746725515395925132e+00 8.827234917537938319e-01
1.759291886010284411e+00 8.781300273026275693e-01
1.771858256624643468e+00 1.037393005294965809e+00
1.784424627239002747e+00 9.564114512975667726e-01
1.796990997853361804e+00 7.533000860448435532e-01
1.809557368467721084e+00 1.065748439843786644e+00
1.822123739082079918e+00 1.055289557706867054e+00
1.834690109696438975e+00 8.756188553246913031e-01
1.847256480310798255e+00 7.737176150447495626e-01
1.859822850925157534e+00 9.109734634369367479e-01
1.872389221539516591e+00 9.075044827853651075e-01
1.884955592153875870e+00 8.449783390744298739e-01
1.897521962768234927e+00 1.038451353292699331e+00
1.910088333382594206e+00 8.683464723925207185e-01
1.922654703996953263e+00 9.302971840585350094e-01
1.935221074611312542e+00 9.883586251679732371e-01
1.947787445225671821e+00 8.922905771496710825e-01
1.960353815840030878e+00 9.738074056364712794e-01
1.972920186454390157e+00 8.060794905507338015e-01
1.985486557068749214e+00 1.103370793636980096e+00
1.998052927683108493e+00 1.000034339640857084e+00
2.010619298297467772e+00 8.246311493280568117e-01
2.023185668911826607e+00 7.440945172784195760e-01
2.035752039526185886e+00 7.265243458838532842e-01
2.048318410140545165e+00 9.974770124018734752e-01
2.060884780754904444e+00 9.088050406433184625e-01
2.073451151369263723e+00 9.182045797983977575e-01
2.086017521983622558e+00 1.049284807687323573e+00
2.098583892597981837e+00 8.989841562630309646e-01
2.111150263212341116e+00 8.738914165714647408e-01
2.123716633826700395e+00 8.916485879202562526e-01
2.136283004441059674e+00 7.377869264595714460e-01
2.148849375055418509e+00 7.349966352347837573e-01
2.161415745669777788e+00 8.419473460407880250e-01
2.173982116284137067e+00 6.513448496850564595e-01
2.186548486898496346e+00 6.560827421603410148e-01
2.199114857512855181e+00 8.286379709496717316e-01
2.211681228127214016e+00 8.546685411311034652e-01
2.224247598741573295e+00 8.224853329355275022e-01
2.236813969355932574e+00 7.393716113011021829e-01
2.249380339970291853e+00 8.030428404130764974e-01
2.261946710584651132e+00 6.571418818881327173e-01
2.274513081199009967e+00 7.417710838815714247e-01
2.287079451813369246e+00 6.960236984663218385e-01
2.299645822427728525e+00 7.030870956450516740e-01
2.312212193042087804e+00 7.466650461281374440e-01
2.324778563656447083e+00 8.351775224427211430e-01
2.337344934270805918e+00 6.477110228014149040e-01
2.349911304885165197e+00 8.774051277342578281e-01
2.362477675499524477e+00 7.841714544770370665e-01
2.375044046113883756e+00 9.527427281437046425e-01
2.387610416728242591e+00 5.886362481775997413e-01
2.400176787342601870e+00 8.505458309458373556e-01
2.412743157956961149e+00 7.386384465797737331e-01
2.425309528571320428e+00 7.495716627768950202e-01
2.437875899185679707e+00 7.385669956616230936e-01
2.450442269800038542e+00 7.472534978726761423e-01
2.463008640414397821e+00 4.463958572627512167e-01
2.475575011028757100e+00 5.506738225045891832e-01
2.488141381643116379e+00 6.008158540044216123e-01
2.500707752257475658e+00 7.634118441589863302e-01
2.513274122871834493e+00 5.875603101660097360e-01
2.525840493486193772e+00 4.996686371002469484e-01
2.538406864100553051e+00 6.557286179376028423e-01
2.550973234714912330e+00 6.278052241130607225e-01
2.563539605329271165e+00 5.128149754910532598e-01
2.576105975943630444e+00 4.344554947464196459e-01
2.588672346557989723e+00 5.041289694421252632e-01
2.601238717172349002e+00 5.809063529400291248e-01
2.613805087786708281e+00 4.761303209456253516e-01
2.626371458401067116e+00 2.866244821093064665e-01
2.638937829015425951e+00 3.338051230186168672e-01
2.651504199629785230e+00 5.513856440450611851e-01
2.664070570244144509e+00 5.473895464026775626e-01
2.676636940858503788e+00 3.226081262073122735e-01
2.689203311472863067e+00 5.437995599122441570e-01
2.701769682087221902e+00 4.081598826016109571e-01
2.714336052701581181e+00 2.173424636524213804e-01
2.726902423315940460e+00 4.957068928253456908e-01
2.739468793930299739e+00 3.608379019267510257e-01
2.752035164544658574e+00 1.835928782957444716e-01
2.764601535159017853e+00 2.896266286368774923e-01
2.777167905773377132e+00 3.812667062576985400e-01
2.789734276387736411e+00 3.194511315500597748e-01
2.802300647002095690e+00 3.755380688828779956e-01
2.814867017616454525e+00 6.682951624621125131e-01
2.827433388230813804e+00 3.262777373192763952e-01
2.839999758845173083e+00 3.519865563310503043e-01
2.852566129459532362e+00 3.260170827268679128e-01
2.865132500073891642e+00 4.176036787447479082e-01
2.877698870688250476e+00 2.312987598188136207e-01
2.890265241302609756e+00 2.730426855248370699e-01
2.902831611916969035e+00 1.885178104892044626e-01
2.915397982531328314e+00 1.538832184178793305e-01
2.927964353145687149e+00 3.816468760072347366e-01
2.940530723760046428e+00 2.872404273626499860e-01
2.953097094374405707e+00 7.972723613523516328e-02
2.965663464988764986e+00 1.444563169813811165e-01
2.978229835603124265e+00 1.448351272678680690e-01
2.990796206217483100e+00 1.933995676285606147e-01
3.003362576831842379e+00 1.097702724543301450e-01
3.015928947446201214e+00 1.737880850827499823e-01
3.028495318060560493e+00 2.703678105469169979e-01
3.041061688674919772e+00 -3.655297679811508882e-02
3.053628059289279051e+00 5.842701345154110992e-02
3.066194429903637886e+00 9.596572068301431613e-03
3.078760800517997165e+00 3.451543263689813013e-02
3.091327171132356444e+00 -1.718996014336849343e-01
3.103893541746715723e+00 1.809510260142911386e-01
3.116459912361074558e+00 -4.913015018926868149e-02
3.129026282975433837e+00 -5.466692436765198393e-02
3.141592653589793116e+00 -2.144872383657351889e-01
3.154159024204152395e+00 -1.529868954736161857e-02
3.166725394818511674e+00 2.681328673148606831e-02
3.179291765432870509e+00 8.469092767214109196e-03
3.191858136047229788e+00 -6.585833102897166447e-02
3.204424506661589067e+00 -1.375946053606436070e-01
3.216990877275948346e+00 -1.362546228752718191e-01
3.229557247890307181e+00 -1.068992836034163146e-01
3.242123618504666460e+00 -1.812770538219977967e-02
3.254689989119025739e+00 -7.612110171036742812e-02
3.267256359733385018e+00 -1.670140468998334848e-01
3.279822730347744297e+00 -1.326499799143135983e-01
3.292389100962103132e+00 -2.019383590099338710e-01
3.304955471576462411e+00 -8.635514003200533972e-02
3.317521842190821690e+00 -1.526807957289507967e-01
3.330088212805180969e+00 -2.706644924768668581e-01
3.342654583419540248e+00 -2.154161893402426475e-01
3.355220954033899083e+00 -1.918056224289149680e-01
3.367787324648258362e+00 -3.679325541748795780e-01
3.380353695262617642e+00 -3.395900009359452132e-01
3.392920065876976921e+00 -8.130719200594799245e-03
3.405486436491335756e+00 -2.133886971539500632e-01
3.418052807105695035e+00 -2.066066312133207905e-01
3.430619177720054314e+00 -2.213311632113642569e-01
3.443185548334413593e+00 -2.520718345594580301e-01
3.455751918948772872e+00 -2.038118269953589912e-01
3.468318289563131707e+00 -3.696710101076308153e-01
3.480884660177490986e+00 -3.374192831363221345e-01
3.493451030791850265e+00 -3.145043940224180878e-01
3.506017401406209544e+00 -4.701016440556202158e-01
3.518583772020568823e+00 -4.710855883649905929e-01
3.531150142634927658e+00 -4.030569177909067990e-01
3.543716513249286937e+00 -4.304541217691524313e-01
3.556282883863646216e+00 -2.992483367829389951e-01
3.568849254478005495e+00 -6.786398936533848403e-01
3.581415625092364330e+00 -3.260648618481557515e-01
3.593981995706723609e+00 -3.491395447577471667e-01
3.606548366321082888e+00 -3.304387149290719528e-01
3.619114736935442167e+00 -3.500307343223316714e-01
3.631681107549800558e+00 -3.779867167290474339e-01
3.644247478164159837e+00 -4.587571676575852297e-01
3.656813848778519116e+00 -4.512764137150506172e-01
3.669380219392877951e+00 -3.847551082585796700e-01
3.681946590007237230e+00 -5.283323526410483861e-01
3.694512960621596509e+00 -5.533326239664710933e-01
3.707079331235955788e+00 -4.169308694487743328e-01
3.719645701850315067e+00 -5.654901765082196441e-01
3.732212072464673902e+00 -3.794298121221150177e-01
3.744778443079033181e+00 -5.520220753840097139e-01
3.757344813693392460e+00 -6.455557558954984065e-01
3.769911184307751739e+00 -6.769325815169304761e-01
3.782477554922110574e+00 -7.332865950647974307e-01
3.795043925536469853e+00 -7.018002925626229960e-01
3.807610296150829132e+00 -8.620882317963963759e-01
3.820176666765188411e+00 -5.998362105532599742e-01
3.832743037379547690e+00 -6.262094563958716664e-01
3.845309407993906525e+00 -7.179928829563406723e-01
3.857875778608265804e+00 -6.395888905054762930e-01
3.870442149222625083e+00 -7.816811065675299819e-01
3.883008519836984362e+00 -5.062505671875794366e-01
3.895574890451343641e+00 -8.474424752039513287e-01
3.908141261065702476e+00 -6.711036623006592094e-01
3.920707631680061755e+00 -5.347227214869453293e-01
3.933274002294421035e+00 -7.153959454207052815e-01
3.945840372908780314e+00 -7.969688655181779158e-01
3.958406743523139149e+00 -6.366913937689888670e-01
3.970973114137498428e+00 -7.349768303885199083e-01
3.983539484751857707e+00 -8.331773266873753192e-01
3.996105855366216986e+00 -6.948110976981289877e-01
4.008672225980576265e+00 -6.194508340591151629e-01
4.021238596594935544e+00 -7.271725541892578581e-01
4.033804967209294823e+00 -8.392319213862933225e-01
4.046371337823653214e+00 -8.527282163144723759e-01
4.058937708438012493e+00 -7.780636537860773361e-01
4.071504079052371772e+00 -6.979982775471927914e-01
4.084070449666731051e+00 -8.006113249176232127e-01
4.096636820281090330e+00 -9.542707184013772270e-01
4.109203190895449609e+00 -9.610519289478461902e-01
4.121769561509808888e+00 -8.751404321665556818e-01
4.134335932124168167e+00 -8.219294536367901527e-01
4.146902302738527446e+00 -1.052955502058461779e+00
4.159468673352886725e+00 -1.040510775848600522e+00
4.172035043967245116e+00 -9.290383297893622938e-01
4.184601414581604395e+00 -8.019913188436169627e-01
4.197167785195963674e+00 -7.602050691860083864e-01
4.209734155810322953e+00 -7.423022723069754303e-01
4.222300526424682232e+00 -8.739373250681239380e-01
4.234866897039041511e+00 -9.149601234549370465e-01
4.247433267653400790e+00 -9.740827164420123863e-01
4.259999638267760069e+00 -8.025145387043374212e-01
4.272566008882119348e+00 -9.668336302930559123e-01
4.285132379496477739e+00 -8.213023987472168885e-01
4.297698750110837018e+00 -9.268894350268463977e-01
4.310265120725196297e+00 -9.891738634464695146e-01
4.322831491339555576e+00 -8.741820461449263391e-01
4.335397861953914855e+00 -9.606700426949854599e-01
4.347964232568274134e+00 -1.137743931585009083e+00
4.360530603182633413e+00 -1.082207463199722497e+00
4.373096973796992692e+00 -8.801048468006089642e-01
4.385663344411351972e+00 -9.964824784911845423e-01
4.398229715025710362e+00 -8.686723916297661718e-01
4.410796085640069641e+00 -1.012899637006407172e+00
4.423362456254428032e+00 -8.894802647361267356e-01
4.435928826868787311e+00 -9.462412802723106919e-01
4.448495197483146590e+00 -9.782029112712775643e-01
4.461061568097505869e+00 -1.112438236398721081e+00
4.473627938711865148e+00 -8.764228130861106969e-01
4.486194309326224428e+00 -1.035767808233696741e+00
4.498760679940583707e+00 -8.294409327418394984e-01
4.511327050554942986e+00 -9.439583206243216118e-01
4.523893421169302265e+00 -1.054930676719823879e+00
4.536459791783661544e+00 -1.023819495573592864e+00
4.549026162398019935e+00 -1.044669217482317780e+00
4.561592533012379214e+00 -8.077357289348821023e-01
4.574158903626738493e+00 -1.108017119893577984e+00
4.586725274241097772e+00 -9.753268724584902571e-01
4.599291644855457051e+00 -9.437701913467148040e-01
4.611858015469816330e+00 -1.020947719411206212e+00
4.624424386084175609e+00 -9.553098037014120525e-01
4.636990756698534888e+00 -8.583842806959784966e-01
4.649557127312894167e+00 -1.073999614479900000e+00
4.662123497927252558e+00 -9.541526061326681685e-01
4.674689868541611837e+00 -1.099121465335298975e+00
4.687256239155971116e+00 -8.779077801403295522e-01
4.699822609770330395e+00 -1.032423647653351262e+00
4.712388980384689674e+00 -9.907020555125344297e-01
4.724955350999048953e+00 -1.071437443817807367e+00
4.737521721613408232e+00 -9.394687832251467086e-01
4.750088092227767511e+00 -1.029283354257399141e+00
4.762654462842126790e+00 -8.902556330654406436e-01
4.775220833456485181e+00 -9.923494350769824779e-01
4.787787204070844460e+00 -9.337959508544718679e-01
4.800353574685203739e+00 -1.010901241039226184e+00
4.812919945299563018e+00 -8.916939620126941302e-01
4.825486315913922297e+00 -1.049021548531937409e+00
4.838052686528281576e+00 -1.086782746690981183e+00
4.850619057142640855e+00 -1.095232831035480636e+00
4.863185427757000134e+00 -8.777606692899373453e-01
4.875751798371359413e+00 -8.883096448210259233e-01
4.888318168985717804e+00 -9.731006648651231439e-01
4.900884539600077083e+00 -8.468467181881550454e-01
4.913450910214436362e+00 -8.521877528054372375e-01
4.926017280828795641e+00 -9.050015444587354851e-01
4.938583651443154920e+00 -1.050357955146966171e+00
4.951150022057514200e+00 -1.005680531885424500e+00
4.963716392671873479e+00 -9.954184798480139040e-01
4.976282763286232758e+00 -1.066499672926429776e+00
4.988849133900592037e+00 -1.023611311915136657e+00
5.001415504514951316e+00 -1.022715870185030740e+00
5.013981875129309707e+00 -1.018862567524095208e+00
5.026548245743668986e+00 -9.009823595553849707e-01
5.039114616358028265e+00 -1.082870339265346704e+00
5.051680986972387544e+00 -8.753177692828177925e-01
5.064247357586746823e+00 -9.273116461029874413e-01
5.076813728201106102e+00 -8.954277576688689511e-01
5.089380098815465381e+00 -9.125016341453703328e-01
5.101946469429824660e+00 -1.063155015546903170e+00
5.114512840044183939e+00 -7.891901747563641045e-01
5.127079210658542330e+00 -7.561016053996566511e-01
5.139645581272901609e+00 -9.665243674480922254e-01
5.152211951887260888e+00 -1.064842014424897343e+00
5.164778322501620167e+00 -9.031684061508099548e-01
5.177344693115979446e+00 -1.060362702638442123e+00
5.189911063730338725e+00 -8.402964093490965514e-01
5.202477434344698004e+00 -8.631633801724369892e-01
5.215043804959057283e+00 -9.872364219259632812e-01
5.227610175573416562e+00 -8.576240688299442416e-01
5.240176546187774953e+00 -8.264994388370660028e-01
5.252742916802134232e+00 -8.128887027555812272e-01
5.265309287416492623e+00 -9.463926961830805284e-01
5.277875658030851902e+00 -8.592835756348183862e-01
5.290442028645211181e+00 -6.525812723279191818e-01
5.303008399259570460e+00 -8.210919146521971079e-01
5.315574769873929739e+00 -8.598681404119662419e-01
5.328141140488289018e+00 -9.289449339839440656e-01
5.340707511102648297e+00 -6.854286823017425867e-01
5.353273881717007576e+00 -7.979133660484645230e-01
5.365840252331366855e+00 -9.586866651680437945e-01
5.378406622945726134e+00 -7.013245107524669342e-01
5.390972993560084525e+00 -7.786722674071770989e-01
5.403539364174443804e+00 -9.206014786204016476e-01
5.416105734788803083e+00 -8.490428114978271212e-01
5.428672105403162362e+00 -7.306109445895122567e-01
5.441238476017521641e+00 -7.988207155767654832e-01
5.453804846631880920e+00 -7.130026058101712749e-01
5.466371217246240199e+00 -7.080197257864845328e-01
5.478937587860599479e+00 -6.545022207161044214e-01
5.491503958474958758e+00 -7.094801213258471462e-01
5.504070329089317148e+00 -5.582597526087640372e-01
5.516636699703676427e+00 -7.295719583542077391e-01
5.529203070318035707e+00 -8.958646625984374445e-01
5.541769440932394986e+00 -7.731379748567210886e-01
5.554335811546754265e+00 -6.707360552098020623e-01
5.566902182161113544e+00 -8.221547426383056800e-01
5.579468552775472823e+00 -5.356222383261515230e-01
5.592034923389832102e+00 -5.251586662268130645e-01
5.604601294004191381e+00 -6.937449734018308334e-01
5.617167664618549772e+00 -6.746045767795335601e-01
5.629734035232909051e+00 -6.508300756101131901e-01
5.642300405847268330e+00 -6.097347386584972551e-01
5.654866776461627609e+00 -5.851558292902844238e-01
5.667433147075986888e+00 -5.839553719628136630e-01
5.679999517690346167e+00 -4.766488586507454661e-01
5.692565888304705446e+00 -5.217384439064099988e-01
5.705132258919064725e+00 -5.228638627317597765e-01
5.717698629533424004e+00 -5.626238148655660076e-01
5.730265000147783283e+00 -4.179426931764614328e-01
5.742831370762141674e+00 -4.471918558929502407e-01
5.755397741376500953e+00 -5.476529937587776287e-01
5.767964111990860232e+00 -5.246094499133427957e-01
5.780530482605219511e+00 -4.341711990957000111e-01
5.793096853219578790e+00 -5.989972828053576892e-01
5.805663223833938069e+00 -6.088228127084992503e-01
5.818229594448297348e+00 -4.662779539813631247e-01
5.830795965062656627e+00 -3.371795774826047976e-01
5.843362335677015906e+00 -3.566190755652517419e-01
5.855928706291374297e+00 -4.613463111966568664e-01
5.868495076905733576e+00 -3.539957194093467652e-01
5.881061447520092855e+00 -4.021029425765745846e-01
5.893627818134452134e+00 -4.630358357453341345e-01
5.906194188748811413e+00 -2.977098115293759784e-01
5.918760559363170692e+00 -3.285001852991475402e-01
5.931326929977529971e+00 -2.008342123041436666e-01
5.943893300591889250e+00 -3.239756475023711224e-01
5.956459671206248530e+00 -4.393906359152600638e-01
5.969026041820606920e+00 -1.841143274474301150e-01
5.981592412434966199e+00 -3.285701787826041387e-01
5.994158783049325478e+00 -3.165843290582744385e-01
6.006725153663684758e+00 -3.088718084860271884e-01
6.019291524278044037e+00 -3.013193732298705685e-01
6.031857894892402427e+00 -2.807128716921362122e-01
6.044424265506761706e+00 -3.922114799044407185e-01
6.056990636121120986e+00 -3.628860807507249264e-01
6.069557006735480265e+00 -3.384522848672989470e-01
6.082123377349839544e+00 -1.333396872065943373e-01
6.094689747964198823e+00 -2.037304017329061856e-01
6.107256118578558102e+00 -2.917005500803171447e-01
6.119822489192916493e+00 -1.949373984226080159e-01
6.132388859807275772e+00 -2.100988958465843937e-01
6.144955230421635051e+00 -5.539989759370010647e-02
6.157521601035994330e+00 -2.008498289049168162e-01
6.170087971650353609e+00 3.256357137568939575e-02
6.182654342264712888e+00 -1.630620370352312554e-01
6.195220712879072167e+00 -1.629480189202245355e-02
6.207787083493431446e+00 -4.764413894123423199e-02
6.220353454107790725e+00 -1.483337236566793782e-01
6.232919824722149116e+00 4.444871008302979376e-02
6.245486195336508395e+00 -6.205695840601833935e-02
6.258052565950867674e+00 -5.404026372392475158e-02
6.270618936565226953e+00 -7.283814004120151009e-02
