0.000000000000000000e+00 -1.421409462773233212e-01
1.256637061435917323e-02 2.194448725895207508e-01
2.513274122871834645e-02 4.941405692737146221e-02
3.769911184307751795e-02 -1.327197026709377448e-01
5.026548245743669291e-02 -5.641949595229463210e-02
6.283185307179586787e-02 -9.278029085028731415e-02
7.539822368615503589e-02 -3.645114156987180887e-02
8.796459430051420392e-02 1.748922499407373765e-01
1.005309649148733858e-01 2.765156983823795489e-01
1.130973355292325677e-01 1.898688752232062515e-01
1.256637061435917357e-01 1.250420265350220550e-01
1.382300767579508760e-01 7.222333455038855432e-02
1.507964473723100718e-01 7.686626239614287315e-02
1.633628179866692676e-01 2.821857828121071554e-02
1.759291886010284078e-01 2.128484656313593959e-01
1.884955592153875759e-01 -3.072630170334478272e-02
2.010619298297467716e-01 2.280494326714768705e-01
2.136283004441059397e-01 2.531769721027994358e-01
2.261946710584651354e-01 2.757336680047883237e-01
2.387610416728242757e-01 2.537518876838685822e-01
2.513274122871834715e-01 3.145403192859857477e-01
2.638937829015426395e-01 1.626581569388852455e-01
2.764601535159017520e-01 2.727784088081091629e-01
2.890265241302609756e-01 3.036242178976081285e-01
3.015928947446201436e-01 2.501369696274616250e-01
3.141592653589793116e-01 5.246867197494380353e-01
3.267256359733385351e-01 3.897808508088793089e-01
3.392920065876976476e-01 3.884186548456098342e-01
3.518583772020568157e-01 3.488727216560825184e-01
3.644247478164160392e-01 4.677445452836287987e-01
3.769911184307751517e-01 3.226766082244842959e-01
3.895574890451343197e-01 3.029342166871072939e-01
4.021238596594935433e-01 5.940223939773798811e-01
4.146902302738527113e-01 4.603915205728408289e-01
4.272566008882118793e-01 4.110908011394114325e-01
4.398229715025711029e-01 5.544659774600715352e-01
4.523893421169302709e-01 2.664584468278641816e-01
4.649557127312893834e-01 5.123713350193790372e-01
4.775220833456485514e-01 4.521888486077798586e-01
4.900884539600077194e-01 6.857525391326890762e-01
5.026548245743669430e-01 4.037007984881866296e-01
5.152211951887261110e-01 4.478840767026111003e-01
5.277875658030852790e-01 2.922150901330050621e-01
5.403539364174444470e-01 6.526208814154401683e-01
5.529203070318035040e-01 6.963447257945765134e-01
5.654866776461627831e-01 2.294126455317515578e-01
5.780530482605219511e-01 5.321055910728714755e-01
5.906194188748811191e-01 7.242482819879405564e-01
6.031857894892402872e-01 5.933260578797423523e-01
6.157521601035994552e-01 6.019353344982381060e-01
6.283185307179586232e-01 4.766164184187507979e-01
6.408849013323177912e-01 8.579838598021725105e-01
6.534512719466770703e-01 4.716950267738362346e-01
6.660176425610361273e-01 6.457397369506039375e-01
6.785840131753952953e-01 5.946058344989231248e-01
6.911503837897544633e-01 6.411418952415813832e-01
7.037167544041136313e-01 7.179662277348684007e-01
7.162831250184729104e-01 4.985723743234939942e-01
7.288494956328320784e-01 6.859388281304402701e-01
7.414158662471912464e-01 7.424508870724396692e-01
7.539822368615503034e-01 7.868113864511966371e-01
7.665486074759094715e-01 7.323439847332222641e-01
7.791149780902686395e-01 7.888926736815888852e-01
7.916813487046279185e-01 8.216886729970985792e-01
8.042477193189870865e-01 1.003732574134121869e+00
8.168140899333462546e-01 7.095173108225155678e-01
8.293804605477054226e-01 7.462876331751573389e-01
8.419468311620645906e-01 8.029006624080271548e-01
8.545132017764237586e-01 6.628788260643113661e-01
8.670795723907829267e-01 7.111497700608609973e-01
8.796459430051422057e-01 8.124528229635421539e-01
8.922123136195013737e-01 5.780544639652516192e-01
9.047786842338605418e-01 6.719853852655776061e-01
9.173450548482194877e-01 7.865798675767372572e-01
9.299114254625787668e-01 8.548832029345252437e-01
9.424777960769379348e-01 7.132402168748414040e-01
9.550441666912971028e-01 7.763869008257453519e-01
9.676105373056562708e-01 7.545937787024472598e-01
9.801769079200154389e-01 7.020633900108539383e-01
9.927432785343746069e-01 7.132910287056797305e-01
1.005309649148733886e+00 6.961228528398432092e-01
1.017876019763092943e+00 1.019792581451616886e+00
1.030442390377452222e+00 7.030106099790940366e-01
1.043008760991811279e+00 7.681132826380414613e-01
1.055575131606170558e+00 8.441526596005105576e-01
1.068141502220529837e+00 1.023058033085229468e+00
1.080707872834888894e+00 1.058211946418206484e+00
1.093274243449248173e+00 8.407619786937160500e-01
1.105840614063607008e+00 8.919767977617651944e-01
1.118406984677966287e+00 7.465602266991711033e-01
1.130973355292325566e+00 8.668888826330005681e-01
1.143539725906684623e+00 9.257026652147286594e-01
1.156106096521043902e+00 7.722977617228513614e-01
1.168672467135402959e+00 8.422056819274708062e-01
1.181238837749762238e+00 1.092088795348685970e+00
1.193805208364121295e+00 1.060672655171440937e+00
1.206371578978480574e+00 7.934260463735036684e-01
1.218937949592839853e+00 9.887618650066346548e-01
1.231504320207198910e+00 1.022128749911969336e+00
1.244070690821558189e+00 1.129814628670470000e+00
1.256637061435917246e+00 8.961824906910726973e-01
1.269203432050276525e+00 1.104403750115594773e+00
1.281769802664635582e+00 9.802557898997736885e-01
1.294336173278994861e+00 1.108244779659639523e+00
1.306902543893354141e+00 8.370767430890289074e-01
1.319468914507712975e+00 9.133067529678554619e-01
1.332035285122072255e+00 9.735298639353636707e-01
1.344601655736431534e+00 9.994418589947369203e-01
1.357168026350790591e+00 6.889385200505745432e-01
1.369734396965149870e+00 8.612582039388874122e-01
1.382300767579508927e+00 9.044215493585173737e-01
1.394867138193868206e+00 1.035180413585175874e+00
1.407433508808227263e+00 1.211838299089741611e+00
1.419999879422586542e+00 9.900276955819331537e-01
1.432566250036945821e+00 9.771487421575543175e-01
1.445132620651304878e+00 9.616611191033799244e-01
1.457698991265664157e+00 7.133739570107230366e-01
1.470265361880023214e+00 9.122218522321626777e-01
1.482831732494382493e+00 1.029670478173937642e+00
1.495398103108741550e+00 1.106761535326324708e+00
1.507964473723100607e+00 1.064738559255564265e+00
1.520530844337459886e+00 8.655353005971222480e-01
1.533097214951818943e+00 1.042794542566615190e+00
1.545663585566178222e+00 7.615791700028735622e-01
1.558229956180537279e+00 1.102486584512646361e+00
1.570796326794896558e+00 1.000712174364368323e+00
1.583362697409255837e+00 1.072440159921021152e+00
1.595929068023614894e+00 9.619025828456843064e-01
1.608495438637974173e+00 9.436701171214182393e-01
1.621061809252333230e+00 8.415335277385593837e-01
1.633628179866692509e+00 8.834829630179167337e-01
1.646194550481051566e+00 9.626277178526763123e-01
1.658760921095410845e+00 1.072130610042922649e+00
1.671327291709770124e+00 9.983901169668523146e-01
1.683893662324129181e+00 9.127816349011995678e-01
1.696460032938488460e+00 1.077238937029407762e+00
1.709026403552847517e+00 1.043568610706827604e+00
1.721592774167206796e+00 9.287135525637759681e-01
1.734159144781565853e+00 1.021991023896401396e+00
1.746725515395925132e+00 1.027732649433608980e+00
1.759291886010284411e+00 9.739288428488031002e-01
1.771858256624643468e+00 9.110564327229914161e-01
1.784424627239002747e+00 8.747610290645201347e-01
1.796990997853361804e+00 8.684928431796110626e-01
1.809557368467721084e+00 1.128849478328223466e+00
1.822123739082079918e+00 1.206559250040742493e+00
1.834690109696438975e+00 9.509932733747921141e-01
1.847256480310798255e+00 9.211400061476434642e-01
1.859822850925157534e+00 9.064070167300787295e-01
1.872389221539516591e+00 9.072632751259345207e-01
1.884955592153875870e+00 1.064384833495020111e+00
1.897521962768234927e+00 9.160099639546314121e-01
1.910088333382594206e+00 8.303906116174202268e-01
1.922654703996953263e+00 9.642911741951061266e-01
1.935221074611312542e+00 9.109009150963873758e-01
1.947787445225671821e+00 9.322093855337405532e-01
1.960353815840030878e+00 9.368035882365687295e-01
1.972920186454390157e+00 8.337350558255649524e-01
1.985486557068749214e+00 8.344936769683731770e-01
1.998052927683108493e+00 9.409638784230656139e-01
2.010619298297467772e+00 7.674513844898634973e-01
2.023185668911826607e+00 8.437103657797129230e-01
2.035752039526185886e+00 9.742918274795763223e-01
2.048318410140545165e+00 8.465611730829792902e-01
2.060884780754904444e+00 1.003944011246141077e+00
2.073451151369263723e+00 8.766078260343395101e-01
2.086017521983622558e+00 7.740191668281468651e-01
2.098583892597981837e+00 8.680002677204762263e-01
2.111150263212341116e+00 8.058786743129344732e-01
2.123716633826700395e+00 8.078462178622479728e-01
2.136283004441059674e+00 7.298854510818422181e-01
2.148849375055418509e+00 8.977125740777569529e-01
2.161415745669777788e+00 7.331860054511110114e-01
2.173982116284137067e+00 8.735509479035556968e-01
2.186548486898496346e+00 9.626284552780366433e-01
2.199114857512855181e+00 9.603704362480698364e-01
2.211681228127214016e+00 8.792441397882826415e-01
2.224247598741573295e+00 7.856238618372997085e-01
2.236813969355932574e+00 8.363519670085174385e-01
2.249380339970291853e+00 7.423599506126931091e-01
2.261946710584651132e+00 7.075704218380624022e-01
2.274513081199009967e+00 6.687661784106392338e-01
2.287079451813369246e+00 7.425252575664176291e-01
2.299645822427728525e+00 8.893276503191571702e-01
2.312212193042087804e+00 6.668281672005307303e-01
2.324778563656447083e+00 8.448011210935209014e-01
2.337344934270805918e+00 6.445612400253960539e-01
2.349911304885165197e+00 7.866370610818620435e-01
2.362477675499524477e+00 7.131798085194686054e-01
2.375044046113883756e+00 7.486710183720988177e-01
2.387610416728242591e+00 7.222519493900474430e-01
2.400176787342601870e+00 6.164954171660307347e-01
2.412743157956961149e+00 6.194765204343858356e-01
2.425309528571320428e+00 5.498950505582315129e-01
2.437875899185679707e+00 5.680812006758330091e-01
2.450442269800038542e+00 6.919283855828045615e-01
2.463008640414397821e+00 6.651955397205610021e-01
2.475575011028757100e+00 4.804209236767935653e-01
2.488141381643116379e+00 6.044271170703292562e-01
2.500707752257475658e+00 5.577882789843993105e-01
2.513274122871834493e+00 5.728002365651141403e-01
2.525840493486193772e+00 7.180855950263820286e-01
2.538406864100553051e+00 5.010357390121027432e-01
2.550973234714912330e+00 6.741018163379630668e-01
2.563539605329271165e+00 6.716335317936311666e-01
2.576105975943630444e+00 6.747603884926433038e-01
2.588672346557989723e+00 4.739257920898859444e-01
2.601238717172349002e+00 3.585731466646800980e-01
2.613805087786708281e+00 5.989669428706198007e-01
2.626371458401067116e+00 4.677054706143682905e-01
2.638937829015425951e+00 5.159758138937402538e-01
2.651504199629785230e+00 5.638688749459728200e-01
2.664070570244144509e+00 5.759984852463196914e-01
2.676636940858503788e+00 3.482323496699163412e-01
2.689203311472863067e+00 4.115149459577083779e-01
2.701769682087221902e+00 2.811990472281652442e-01
2.714336052701581181e+00 3.940137567166969168e-01
2.726902423315940460e+00 4.397926901361887131e-01
2.739468793930299739e+00 3.264926604147561084e-01
2.752035164544658574e+00 3.471265152026907774e-01
2.764601535159017853e+00 2.500686462046240455e-01
2.777167905773377132e+00 4.415116576462082554e-01
2.789734276387736411e+00 2.920312488684400076e-01
2.802300647002095690e+00 3.088365587347668972e-01
2.814867017616454525e+00 9.824744922496053690e-02
2.827433388230813804e+00 4.009327187532951697e-01
2.839999758845173083e+00 2.258280665403022969e-01
2.852566129459532362e+00 3.860670981938602031e-01
2.865132500073891642e+00 3.474256539567804336e-01
2.877698870688250476e+00 3.952775086685592631e-01
2.890265241302609756e+00 3.772539372698209270e-01
2.902831611916969035e+00 2.594681961877344789e-01
2.915397982531328314e+00 1.512342754640365605e-01
2.927964353145687149e+00 2.252378402997662898e-01
2.940530723760046428e+00 1.565465081116674262e-01
2.953097094374405707e+00 6.420736080599193096e-02
2.965663464988764986e+00 2.109831561829140778e-01
2.978229835603124265e+00 2.084662987026419112e-01
2.990796206217483100e+00 -1.473183402623445826e-02
3.003362576831842379e+00 2.275799382926400050e-01
3.015928947446201214e+00 9.719311231211727464e-02
3.028495318060560493e+00 6.075669796626104180e-03
3.041061688674919772e+00 5.716887001507130889e-02
3.053628059289279051e+00 1.024837765147108837e-02
3.066194429903637886e+00 2.617330454452738708e-01
3.078760800517997165e+00 6.480755990915118558e-02
3.091327171132356444e+00 8.628823871115462452e-02
3.103893541746715723e+00 1.956719630326721887e-02
3.116459912361074558e+00 9.841764522497031820e-02
3.129026282975433837e+00 1.019987772122379899e-01
3.141592653589793116e+00 4.242194892627276087e-02
3.154159024204152395e+00 -5.057222674086844783e-02
3.166725394818511674e+00 -3.799466871067930240e-02
3.179291765432870509e+00 -1.446884315582921965e-01
3.191858136047229788e+00 1.226694378318231998e-01
3.204424506661589067e+00 -3.065226251562632592e-02
3.216990877275948346e+00 -1.347712498592263941e-01
3.229557247890307181e+00 -5.058292818650952927e-02
3.242123618504666460e+00 4.776911168098751936e-03
3.254689989119025739e+00 -2.162032984947223069e-01
3.267256359733385018e+00 -1.582539369090032177e-01
3.279822730347744297e+00 -1.628990143435781190e-01
3.292389100962103132e+00 -1.265527072748043047e-01
3.304955471576462411e+00 -2.183068703094257212e-01
3.317521842190821690e+00 -8.779956359874606375e-02
3.330088212805180969e+00 -1.119875585594538037e-01
3.342654583419540248e+00 -1.656128033911628827e-01
3.355220954033899083e+00 -3.296659765777938400e-01
3.367787324648258362e+00 -3.230924573430827840e-01
3.380353695262617642e+00 -2.154071844413637249e-01
3.392920065876976921e+00 -7.698795431082586238e-02
3.405486436491335756e+00 -2.577239864091696586e-01
3.418052807105695035e+00 -3.810584350292958722e-01
3.430619177720054314e+00 -2.637252730830728087e-01
3.443185548334413593e+00 -2.621351449693404279e-01
3.455751918948772872e+00 -1.806380494430827044e-01
3.468318289563131707e+00 -3.827279858829306658e-01
3.480884660177490986e+00 -2.747377973694796749e-01
3.493451030791850265e+00 -3.281041778729942848e-01
3.506017401406209544e+00 -3.915065679357745410e-01
3.518583772020568823e+00 -3.553419343285613152e-01
3.531150142634927658e+00 -2.151321748161715841e-01
3.543716513249286937e+00 -4.656872918358249125e-01
3.556282883863646216e+00 -4.557436137348109262e-01
3.568849254478005495e+00 -4.250471742587632606e-01
3.581415625092364330e+00 -2.105860454404170079e-01
3.593981995706723609e+00 -3.263881906102399366e-01
3.606548366321082888e+00 -5.436417413669809573e-01
3.619114736935442167e+00 -5.464217482410976823e-01
3.631681107549800558e+00 -4.344853042875748694e-01
3.644247478164159837e+00 -3.718182720562214216e-01
3.656813848778519116e+00 -3.548322520986642026e-01
3.669380219392877951e+00 -8.944795677986328020e-01
3.681946590007237230e+00 -5.287258663598231045e-01
3.694512960621596509e+00 -4.065054315747649305e-01
3.707079331235955788e+00 -5.460680863165171539e-01
3.719645701850315067e+00 -3.977834401998355252e-01
3.732212072464673902e+00 -4.576169797891730395e-01
3.744778443079033181e+00 -4.047076131156833734e-01
3.757344813693392460e+00 -4.313787219233084502e-01
3.769911184307751739e+00 -5.699419030713058776e-01
3.782477554922110574e+00 -6.789507793757839638e-01
3.795043925536469853e+00 -6.616969184108458801e-01
3.807610296150829132e+00 -5.748342065492534347e-01
3.820176666765188411e+00 -5.205718121805220644e-01
3.832743037379547690e+00 -7.905677298673714493e-01
3.845309407993906525e+00 -7.629347951564794394e-01
3.857875778608265804e+00 -6.388986844865975900e-01
3.870442149222625083e+00 -7.903063950866873189e-01
3.883008519836984362e+00 -6.245799210555105230e-01
3.895574890451343641e+00 -7.841368451769223924e-01
3.908141261065702476e+00 -6.721373812625004440e-01
3.920707631680061755e+00 -7.432001810868594793e-01
3.933274002294421035e+00 -6.439598442694010050e-01
3.945840372908780314e+00 -7.514579482446814840e-01
3.958406743523139149e+00 -6.334375913071399467e-01
3.970973114137498428e+00 -6.869787038631297582e-01
3.983539484751857707e+00 -7.526244703432942718e-01
3.996105855366216986e+00 -8.153102763244528539e-01
4.008672225980576265e+00 -7.870437866927519899e-01
4.021238596594935544e+00 -6.807279287233187759e-01
4.033804967209294823e+00 -8.689028362642141623e-01
4.046371337823653214e+00 -8.341080068112050050e-01
4.058937708438012493e+00 -7.573769019170392136e-01
4.071504079052371772e+00 -9.552709361947593347e-01
4.084070449666731051e+00 -8.278426097426814234e-01
4.096636820281090330e+00 -7.489320485795234461e-01
4.109203190895449609e+00 -6.610200411625086758e-01
4.121769561509808888e+00 -8.017338471669259725e-01
4.134335932124168167e+00 -7.665034959779362111e-01
4.146902302738527446e+00 -6.072025887448181392e-01
4.159468673352886725e+00 -7.845682565211389292e-01
4.172035043967245116e+00 -8.063440338423952802e-01
4.184601414581604395e+00 -9.160078101575613863e-01
4.197167785195963674e+00 -9.339237323470557239e-01
4.209734155810322953e+00 -9.243905511079546500e-01
4.222300526424682232e+00 -8.304955229776900261e-01
4.234866897039041511e+00 -9.506146664571506477e-01
4.247433267653400790e+00 -9.182816941158004065e-01
4.259999638267760069e+00 -8.447720061989011375e-01
4.272566008882119348e+00 -7.950389510107198632e-01
4.285132379496477739e+00 -1.067432940817657272e+00
4.297698750110837018e+00 -9.270718719174538824e-01
4.310265120725196297e+00 -8.884164299307359958e-01
4.322831491339555576e+00 -8.627663902975761800e-01
4.335397861953914855e+00 -8.679446546204021562e-01
4.347964232568274134e+00 -8.236503588666030939e-01
4.360530603182633413e+00 -1.066358571704847602e+00
4.373096973796992692e+00 -9.336070689201205752e-01
4.385663344411351972e+00 -8.276920130658813601e-01
4.398229715025710362e+00 -9.264894613633222198e-01
4.410796085640069641e+00 -9.623521313360323681e-01
4.423362456254428032e+00 -9.426051133913416757e-01
4.435928826868787311e+00 -1.042219983906044201e+00
4.448495197483146590e+00 -9.254672519682075604e-01
4.461061568097505869e+00 -8.524467699897251283e-01
4.473627938711865148e+00 -1.040533533016624546e+00
4.486194309326224428e+00 -1.028173598065393879e+00
4.498760679940583707e+00 -9.184761526319322744e-01
4.511327050554942986e+00 -1.018561513901404147e+00
4.523893421169302265e+00 -1.155889648136840364e+00
4.536459791783661544e+00 -1.096872274249646395e+00
4.549026162398019935e+00 -9.275178940831435570e-01
4.561592533012379214e+00 -9.661223364066905406e-01
4.574158903626738493e+00 -8.690183943112312903e-01
4.586725274241097772e+00 -1.117912203336195454e+00
4.599291644855457051e+00 -9.517628934467732282e-01
4.611858015469816330e+00 -8.435701172478624610e-01
4.624424386084175609e+00 -1.202046260303965219e+00
4.636990756698534888e+00 -9.096294610292088301e-01
4.649557127312894167e+00 -9.638585337008902520e-01
4.662123497927252558e+00 -9.520764900850114953e-01
4.674689868541611837e+00 -1.255619544958603617e+00
4.687256239155971116e+00 -1.082386877519559754e+00
4.699822609770330395e+00 -9.424170325756097144e-01
4.712388980384689674e+00 -9.287200929760472956e-01
4.724955350999048953e+00 -1.119163205118505200e+00
4.737521721613408232e+00 -1.114348693842523108e+00
4.750088092227767511e+00 -1.160374809316657485e+00
4.762654462842126790e+00 -9.235179724417296176e-01
4.775220833456485181e+00 -9.127032408689377263e-01
4.787787204070844460e+00 -9.040912943965071502e-01
4.800353574685203739e+00 -9.150720216450541900e-01
4.812919945299563018e+00 -9.823164021173654836e-01
4.825486315913922297e+00 -9.810115521062294786e-01
4.838052686528281576e+00 -9.361221772684371611e-01
4.850619057142640855e+00 -9.504838243885653792e-01
4.863185427757000134e+00 -1.045621470033961220e+00
4.875751798371359413e+00 -1.047531013313869330e+00
4.888318168985717804e+00 -8.710850500678780639e-01
4.900884539600077083e+00 -9.607863587826652729e-01
4.913450910214436362e+00 -1.068715993244413687e+00
4.926017280828795641e+00 -1.067488466293464278e+00
4.938583651443154920e+00 -1.109751231545027972e+00
4.951150022057514200e+00 -1.007884864521393586e+00
4.963716392671873479e+00 -1.175411630807901675e+00
4.976282763286232758e+00 -9.859180001787359870e-01
4.988849133900592037e+00 -9.923185753077701232e-01
5.001415504514951316e+00 -9.343726832317634790e-01
5.013981875129309707e+00 -9.957501792585347067e-01
5.026548245743668986e+00 -9.639994879369343517e-01
5.039114616358028265e+00 -7.657496035763862174e-01
5.051680986972387544e+00 -9.917122309737289587e-01
5.064247357586746823e+00 -1.064348847459593017e+00
5.076813728201106102e+00 -7.175805934156687105e-01
5.089380098815465381e+00 -9.029557355655503104e-01
5.101946469429824660e+00 -8.963712171009131646e-01
5.114512840044183939e+00 -9.700159100203866736e-01
5.127079210658542330e+00 -9.247121293453013369e-01
5.139645581272901609e+00 -8.770161926940318597e-01
5.152211951887260888e+00 -1.037031195110517112e+00
5.164778322501620167e+00 -8.655928106376259423e-01
5.177344693115979446e+00 -9.775062152575744179e-01
5.189911063730338725e+00 -9.683476234425066886e-01
5.202477434344698004e+00 -8.507626919977050450e-01
5.215043804959057283e+00 -9.450212673902720351e-01
5.227610175573416562e+00 -9.347987905301177181e-01
5.240176546187774953e+00 -8.813163767908557267e-01
5.252742916802134232e+00 -7.276120488104061979e-01
5.265309287416492623e+00 -8.061795116503340797e-01
5.277875658030851902e+00 -8.138753202649937624e-01
5.290442028645211181e+00 -8.252813318468638082e-01
5.303008399259570460e+00 -7.692100537419406248e-01
5.315574769873929739e+00 -6.318596078512550562e-01
5.328141140488289018e+00 -7.718556798032881749e-01
5.340707511102648297e+00 -8.145944558662682189e-01
5.353273881717007576e+00 -8.748751235921756741e-01
5.365840252331366855e+00 -8.039955110549673600e-01
5.378406622945726134e+00 -8.681663247899965574e-01
5.390972993560084525e+00 -9.104069953691424910e-01
5.403539364174443804e+00 -6.750811694905090032e-01
5.416105734788803083e+00 -7.911218211179281701e-01
5.428672105403162362e+00 -5.335262015658681634e-01
5.441238476017521641e+00 -6.578372794273145141e-01
5.453804846631880920e+00 -5.616322869441970900e-01
5.466371217246240199e+00 -8.037478715296899612e-01
5.478937587860599479e+00 -8.048465079936132360e-01
5.491503958474958758e+00 -6.114954799847053257e-01
5.504070329089317148e+00 -5.901074862230438756e-01
5.516636699703676427e+00 -5.690047692881915475e-01
5.529203070318035707e+00 -8.224406773942227744e-01
5.541769440932394986e+00 -7.322303558253402400e-01
5.554335811546754265e+00 -5.441930635111346115e-01
5.566902182161113544e+00 -4.686541879183352410e-01
5.579468552775472823e+00 -6.278382849824298839e-01
5.592034923389832102e+00 -6.501415461650242866e-01
5.604601294004191381e+00 -5.639357056348839325e-01
5.617167664618549772e+00 -4.565379588810188904e-01
5.629734035232909051e+00 -6.762064773144602636e-01
5.642300405847268330e+00 -7.252711118615973174e-01
5.654866776461627609e+00 -5.269916345479012110e-01
5.667433147075986888e+00 -5.186377692024408681e-01
5.679999517690346167e+00 -5.371074253732192050e-01
5.692565888304705446e+00 -5.075669594397137496e-01
5.705132258919064725e+00 -5.694617975744179494e-01
5.717698629533424004e+00 -5.933807057324222978e-01
5.730265000147783283e+00 -6.199296489053818249e-01
5.742831370762141674e+00 -4.510699044261893831e-01
5.755397741376500953e+00 -6.673774518396412558e-01
5.767964111990860232e+00 -3.837611318393300275e-01
5.780530482605219511e+00 -3.867232182339904734e-01
5.793096853219578790e+00 -5.629710553154145813e-01
5.805663223833938069e+00 -4.304863648059865655e-01
5.818229594448297348e+00 -5.852291246371918998e-01
5.830795965062656627e+00 -4.737928842033830024e-01
5.843362335677015906e+00 -2.934560759491569026e-01
5.855928706291374297e+00 -3.729245956474088741e-01
5.868495076905733576e+00 -4.537176889625917919e-01
5.881061447520092855e+00 -4.930271401960460431e-01
5.893627818134452134e+00 -4.024196182604388161e-01
5.906194188748811413e+00 -2.297839857843609612e-01
5.918760559363170692e+00 -2.298445093376663417e-01
5.931326929977529971e+00 -5.434096816872076019e-01
5.943893300591889250e+00 -4.131304243818433308e-01
5.956459671206248530e+00 -3.529747989001652542e-01
5.969026041820606920e+00 -3.752747801513978687e-01
5.981592412434966199e+00 -2.567859419805589294e-01
5.994158783049325478e+00 -4.562004375732799377e-01
6.006725153663684758e+00 -4.500270562841687805e-01
6.019291524278044037e+00 -2.604215947492304339e-01
6.031857894892402427e+00 -3.953928969963639295e-01
6.044424265506761706e+00 -3.843961341677408772e-01
6.056990636121120986e+00 -1.418396656727639593e-01
6.069557006735480265e+00 -2.563364962954101101e-01
6.082123377349839544e+00 -2.665638272018366339e-01
6.094689747964198823e+00 -2.519581537076927558e-01
6.107256118578558102e+00 -2.609451554126029915e-01
6.119822489192916493e+00 -1.788888847325045273e-01
6.132388859807275772e+00 -7.393131498127664125e-02
6.144955230421635051e+00 -1.898570803791413686e-01
6.157521601035994330e+00 -8.150976600957203499e-02
6.170087971650353609e+00 -1.137952267911027660e-01
6.182654342264712888e+00 9.243444782107140822e-02
6.195220712879072167e+00 6.828249190568091986e-02
6.207787083493431446e+00 -1.607804896611023660e-01
6.220353454107790725e+00 -9.026030347084312844e-02
6.232919824722149116e+00 -9.779283740012841009e-02
6.245486195336508395e+00 -8.913752592416791798e-02
6.258052565950867674e+00 1.637571241077218423e-02
6.270618936565226953e+00 1.119402745153758594e-01
