0.000000000000000000e+00 -6.896250984353058389e-02
1.256637061435917323e-02 -1.208397422689587442e-01
2.513274122871834645e-02 8.058147758324817056e-02
3.769911184307751795e-02 -3.975816240692117698e-02
5.026548245743669291e-02 5.679029378978307091e-02
6.283185307179586787e-02 1.131914116830610578e-01
7.539822368615503589e-02 1.117002185136364012e-01
8.796459430051420392e-02 1.469823840752339239e-01
1.005309649148733858e-01 1.681286723102067837e-01
1.130973355292325677e-01 2.276628595428207835e-01
1.256637061435917357e-01 7.270151937089597283e-02
1.382300767579508760e-01 1.495308262752998163e-01
1.507964473723100718e-01 8.416838587635613878e-02
1.633628179866692676e-01 3.440288538660541962e-01
1.759291886010284078e-01 3.279895591187509396e-02
1.884955592153875759e-01 -9.361472997618197622e-02
2.010619298297467716e-01 1.155397216383359793e-01
2.136283004441059397e-01 1.564924040938371619e-01
2.261946710584651354e-01 3.320157070376679176e-01
2.387610416728242757e-01 1.246572451362628342e-01
2.513274122871834715e-01 2.804957573544042404e-01
2.638937829015426395e-01 6.273463833817832791e-02
2.764601535159017520e-01 3.270397529586493990e-01
2.890265241302609756e-01 -6.378219011635155589e-03
3.015928947446201436e-01 4.056972270412637638e-01
3.141592653589793116e-01 1.669215149234929696e-01
3.267256359733385351e-01 2.791703646929962757e-01
3.392920065876976476e-01 4.755180912348383471e-01
3.518583772020568157e-01 2.442299663570321466e-01
3.644247478164160392e-01 4.633355759318882328e-01
3.769911184307751517e-01 3.914191137490744543e-01
3.895574890451343197e-01 4.494342727945135341e-01
4.021238596594935433e-01 4.584539758378060048e-01
4.146902302738527113e-01 1.883765133294252603e-01
4.272566008882118793e-01 3.529837099584603455e-01
4.398229715025711029e-01 5.355183807383621097e-01
4.523893421169302709e-01 4.658191097000052294e-01
4.649557127312893834e-01 2.710888422746015047e-01
4.775220833456485514e-01 3.816314959558870235e-01
4.900884539600077194e-01 5.340204041624105891e-01
5.026548245743669430e-01 4.953755969932863712e-01
5.152211951887261110e-01 6.082907404088504499e-01
5.277875658030852790e-01 5.276902534685390389e-01
5.403539364174444470e-01 5.176190160293967502e-01
5.529203070318035040e-01 5.576097282934631139e-01
5.654866776461627831e-01 3.371881944662079578e-01
5.780530482605219511e-01 5.829854727267672621e-01
5.906194188748811191e-01 5.731027849455697654e-01
6.031857894892402872e-01 4.664219713107182752e-01
6.157521601035994552e-01 6.138455235656355979e-01
6.283185307179586232e-01 5.601870475643951908e-01
6.408849013323177912e-01 6.316608338262748035e-01
6.534512719466770703e-01 5.832557159352169673e-01
6.660176425610361273e-01 5.745272134840447853e-01
6.785840131753952953e-01 5.252210226271261106e-01
6.911503837897544633e-01 5.521133022521516054e-01
7.037167544041136313e-01 5.322470086789414800e-01
7.162831250184729104e-01 4.584695205823093311e-01
7.288494956328320784e-01 6.817321062866833481e-01
7.414158662471912464e-01 6.889679803670395453e-01
7.539822368615503034e-01 7.440361160211623748e-01
7.665486074759094715e-01 4.344503180923512398e-01
7.791149780902686395e-01 6.510545599663576377e-01
7.916813487046279185e-01 9.984646836968641415e-01
8.042477193189870865e-01 6.811379324766869692e-01
8.168140899333462546e-01 8.229125115527321510e-01
8.293804605477054226e-01 8.324933357567437797e-01
8.419468311620645906e-01 6.991050983184236012e-01
8.545132017764237586e-01 6.815593939520619982e-01
8.670795723907829267e-01 8.142385716649600536e-01
8.796459430051422057e-01 9.480387732922543886e-01
8.922123136195013737e-01 6.774390694662193457e-01
9.047786842338605418e-01 8.125460616043317374e-01
9.173450548482194877e-01 8.178322321388308280e-01
9.299114254625787668e-01 7.345027574674592996e-01
9.424777960769379348e-01 8.833308903032914827e-01
9.550441666912971028e-01 7.260050709442739114e-01
9.676105373056562708e-01 8.910845457975146156e-01
9.801769079200154389e-01 6.875007619572153228e-01
9.927432785343746069e-01 9.151583117862366334e-01
1.005309649148733886e+00 1.013472711448904606e+00
1.017876019763092943e+00 9.182384426836996960e-01
1.030442390377452222e+00 7.620177709901676533e-01
1.043008760991811279e+00 8.614721070708698525e-01
1.055575131606170558e+00 8.621067254819976267e-01
1.068141502220529837e+00 9.528826799099089362e-01
1.080707872834888894e+00 8.596386866546976702e-01
1.093274243449248173e+00 9.172369699715117175e-01
1.105840614063607008e+00 1.005321082051261250e+00
1.118406984677966287e+00 1.154437899648327326e+00
1.130973355292325566e+00 9.137388922675393488e-01
1.143539725906684623e+00 6.594498876658616560e-01
1.156106096521043902e+00 8.912674865594345519e-01
1.168672467135402959e+00 9.501568990865636444e-01
1.181238837749762238e+00 8.726936037987519379e-01
1.193805208364121295e+00 7.905118263946215862e-01
1.206371578978480574e+00 7.946996644931743070e-01
1.218937949592839853e+00 7.835645809869259404e-01
1.231504320207198910e+00 1.057711511950187644e+00
1.244070690821558189e+00 8.893762890060049608e-01
1.256637061435917246e+00 9.870788028743610054e-01
1.269203432050276525e+00 8.247843377151915512e-01
1.281769802664635582e+00 9.153390238550470626e-01
1.294336173278994861e+00 9.494620637472184210e-01
1.306902543893354141e+00 8.300729682630756390e-01
1.319468914507712975e+00 1.040220672097623256e+00
1.332035285122072255e+00 8.012346696875148888e-01
1.344601655736431534e+00 1.108457380559789041e+00
1.357168026350790591e+00 9.877068138784219631e-01
1.369734396965149870e+00 9.398491333327458896e-01
1.382300767579508927e+00 8.033588671082696475e-01
1.394867138193868206e+00 8.632646423338479202e-01
1.407433508808227263e+00 8.559030198566899283e-01
1.419999879422586542e+00 8.888182187650768284e-01
1.432566250036945821e+00 1.018358053484582859e+00
1.445132620651304878e+00 9.807075970902666695e-01
1.457698991265664157e+00 1.080823951135670979e+00
1.470265361880023214e+00 1.074423630692440845e+00
1.482831732494382493e+00 8.999642856815540659e-01
1.495398103108741550e+00 1.107428035688666990e+00
1.507964473723100607e+00 8.466795216158448101e-01
1.520530844337459886e+00 1.048133820958929485e+00
1.533097214951818943e+00 1.034049224598340588e+00
1.545663585566178222e+00 1.104855342041387134e+00
1.558229956180537279e+00 8.673389076903685879e-01
1.570796326794896558e+00 1.014068404423316583e+00
1.583362697409255837e+00 8.235296571352636041e-01
1.595929068023614894e+00 1.067293876098263983e+00
1.608495438637974173e+00 9.606926924822315472e-01
1.621061809252333230e+00 1.060265060812036753e+00
1.633628179866692509e+00 9.328750175274209688e-01
1.646194550481051566e+00 9.202955678542813489e-01
1.658760921095410845e+00 1.092884742315524127e+00
1.671327291709770124e+00 1.123110100728786032e+00
1.683893662324129181e+00 1.118327524972201337e+00
1.696460032938488460e+00 1.047985216351625892e+00
1.709026403552847517e+00 9.526199739205901684e-01
1.721592774167206796e+00 9.584600830607148403e-01
1.734159144781565853e+00 9.376752008439164232e-01
1.746725515395925132e+00 1.143976288087215964e+00
1.759291886010284411e+00 8.948635840331579105e-01
1.771858256624643468e+00 1.051754519701585178e+00
1.784424627239002747e+00 1.016375645409432149e+00
1.796990997853361804e+00 1.042681750256145845e+00
1.809557368467721084e+00 9.302269398781677356e-01
1.822123739082079918e+00 9.932445578375589390e-01
1.834690109696438975e+00 9.299846131915253666e-01
1.847256480310798255e+00 9.167765898955527737e-01
1.859822850925157534e+00 1.001315984442324947e+00
1.872389221539516591e+00 1.182511245774450437e+00
1.884955592153875870e+00 8.685060578667461728e-01
1.897521962768234927e+00 9.914120277194173880e-01
1.910088333382594206e+00 9.086184426652776924e-01
1.922654703996953263e+00 8.492978502696827414e-01
1.935221074611312542e+00 9.529285233270877731e-01
1.947787445225671821e+00 9.326879944757501262e-01
1.960353815840030878e+00 8.942705510050259488e-01
1.972920186454390157e+00 1.005396755158610045e+00
1.985486557068749214e+00 1.005508143641160146e+00
1.998052927683108493e+00 8.500169979899349082e-01
2.010619298297467772e+00 8.257344551072107741e-01
2.023185668911826607e+00 9.443206654272138234e-01
2.035752039526185886e+00 9.637820129524692359e-01
2.048318410140545165e+00 9.875294259776333794e-01
2.060884780754904444e+00 6.893938262592796962e-01
2.073451151369263723e+00 9.822780612719880233e-01
2.086017521983622558e+00 6.760727560647685763e-01
2.098583892597981837e+00 6.203151319871615943e-01
2.111150263212341116e+00 9.750927328236109748e-01
2.123716633826700395e+00 8.812948178335012761e-01
2.136283004441059674e+00 8.143915418568895559e-01
2.148849375055418509e+00 7.711832582363337130e-01
2.161415745669777788e+00 7.935244220996071629e-01
2.173982116284137067e+00 8.435126360735879514e-01
2.186548486898496346e+00 7.430916719149289751e-01
2.199114857512855181e+00 9.307236937173385405e-01
2.211681228127214016e+00 7.731038546142370294e-01
2.224247598741573295e+00 7.946080490956199949e-01
2.236813969355932574e+00 6.823471057726916422e-01
2.249380339970291853e+00 7.395123892473268734e-01
2.261946710584651132e+00 9.735658109140207239e-01
2.274513081199009967e+00 9.298253051952442005e-01
2.287079451813369246e+00 6.998738519124096946e-01
2.299645822427728525e+00 8.125930415010299557e-01
2.312212193042087804e+00 7.579203205687147227e-01
2.324778563656447083e+00 5.972285075289424094e-01
2.337344934270805918e+00 7.989029321056195787e-01
2.349911304885165197e+00 7.768965174972666254e-01
2.362477675499524477e+00 7.233670938730193400e-01
2.375044046113883756e+00 7.053448090896595746e-01
2.387610416728242591e+00 6.354796976163893385e-01
2.400176787342601870e+00 5.489354834928326099e-01
2.412743157956961149e+00 6.849685551899820091e-01
2.425309528571320428e+00 5.202849478280375806e-01
2.437875899185679707e+00 5.979701107937457349e-01
2.450442269800038542e+00 7.409277240683418420e-01
2.463008640414397821e+00 6.122297794856602637e-01
2.475575011028757100e+00 5.961204051224187062e-01
2.488141381643116379e+00 5.432099344739195201e-01
2.500707752257475658e+00 5.710190109110048207e-01
2.513274122871834493e+00 6.986468713556746035e-01
2.525840493486193772e+00 7.520910537517542238e-01
2.538406864100553051e+00 5.212595092424043841e-01
2.550973234714912330e+00 6.784970631179132461e-01
2.563539605329271165e+00 6.125099908029419948e-01
2.576105975943630444e+00 4.648822884433909119e-01
2.588672346557989723e+00 5.004872710359897781e-01
2.601238717172349002e+00 5.516590753454644336e-01
2.613805087786708281e+00 5.111334803675782190e-01
2.626371458401067116e+00 6.734268245309072976e-01
2.638937829015425951e+00 3.866247991048282762e-01
2.651504199629785230e+00 5.453855603658631646e-01
2.664070570244144509e+00 4.003235292732625905e-01
2.676636940858503788e+00 5.835281691542970606e-01
2.689203311472863067e+00 3.720185639955699841e-01
2.701769682087221902e+00 4.392582259239723452e-01
2.714336052701581181e+00 2.563428622128159917e-01
2.726902423315940460e+00 3.750381039449780518e-01
2.739468793930299739e+00 3.741841239852508605e-01
2.752035164544658574e+00 3.535245709818644055e-01
2.764601535159017853e+00 4.630669779367435068e-01
2.777167905773377132e+00 1.351908378458402393e-01
2.789734276387736411e+00 3.498660496137339093e-01
2.802300647002095690e+00 4.102540677605508446e-01
2.814867017616454525e+00 1.625270826084324605e-01
2.827433388230813804e+00 3.416884457425470867e-01
2.839999758845173083e+00 2.029379271285987607e-01
2.852566129459532362e+00 2.732439267526260429e-01
2.865132500073891642e+00 2.203788554212554596e-01
2.877698870688250476e+00 3.268433744651655926e-01
2.890265241302609756e+00 3.946384064408399173e-01
2.902831611916969035e+00 2.134128559852458140e-01
2.915397982531328314e+00 2.544222120789427222e-01
2.927964353145687149e+00 2.999544473142138901e-01
2.940530723760046428e+00 3.198272389541577110e-01
2.953097094374405707e+00 3.467111251598281596e-02
2.965663464988764986e+00 2.176785217146628704e-01
2.978229835603124265e+00 1.807756032424745474e-02
2.990796206217483100e+00 2.925883631630135651e-01
3.003362576831842379e+00 1.222878740017901561e-01
3.015928947446201214e+00 2.102466640642328133e-01
3.028495318060560493e+00 2.346390960422026217e-01
3.041061688674919772e+00 1.019876806914295359e-01
3.053628059289279051e+00 1.754358257677181010e-01
3.066194429903637886e+00 4.327764545415663244e-02
3.078760800517997165e+00 1.881609684573940233e-01
3.091327171132356444e+00 -5.590736331104378953e-03
3.103893541746715723e+00 1.978089280640944747e-01
3.116459912361074558e+00 -3.599644928565327862e-03
3.129026282975433837e+00 1.736698436171591614e-02
3.141592653589793116e+00 -4.696331518381191561e-02
3.154159024204152395e+00 -8.359684900252567497e-02
3.166725394818511674e+00 -7.110771848049625421e-02
3.179291765432870509e+00 -5.582229840237838692e-02
3.191858136047229788e+00 -2.266862607156248238e-02
3.204424506661589067e+00 1.088741259555629365e-01
3.216990877275948346e+00 -5.186506946757737935e-02
3.229557247890307181e+00 -1.304415124394053827e-01
3.242123618504666460e+00 -1.030460895995381487e-01
3.254689989119025739e+00 -1.435776245478642688e-02
3.267256359733385018e+00 -1.766422416679171437e-01
3.279822730347744297e+00 1.809042333331781216e-02
3.292389100962103132e+00 1.196712780050675218e-01
3.304955471576462411e+00 -3.009917316884810345e-01
3.317521842190821690e+00 -3.101016766808196157e-01
3.330088212805180969e+00 -3.060907092941074215e-01
3.342654583419540248e+00 -2.750329511122859838e-01
3.355220954033899083e+00 -2.243676507164362732e-01
3.367787324648258362e+00 -2.431317175416807808e-01
3.380353695262617642e+00 -1.081404177518938414e-01
3.392920065876976921e+00 -2.660867040145105666e-01
3.405486436491335756e+00 -4.098563801694480313e-01
3.418052807105695035e+00 -2.565377037429998897e-01
3.430619177720054314e+00 -3.746059021106708520e-01
3.443185548334413593e+00 -3.984868239266881051e-01
3.455751918948772872e+00 -4.531753779141139415e-01
3.468318289563131707e+00 -1.696161110108369285e-01
3.480884660177490986e+00 -2.583278406097927471e-01
3.493451030791850265e+00 -2.082708303030917363e-01
3.506017401406209544e+00 -2.900138964439124001e-01
3.518583772020568823e+00 -3.877463708716801793e-01
3.531150142634927658e+00 -4.330408500822139350e-01
3.543716513249286937e+00 -5.830242625553897495e-01
3.556282883863646216e+00 -2.330688424333164643e-01
3.568849254478005495e+00 -2.610071901524411153e-01
3.581415625092364330e+00 -4.766814979519923279e-01
3.593981995706723609e+00 -4.305264865650427764e-01
3.606548366321082888e+00 -4.443561098580658952e-01
3.619114736935442167e+00 -2.264941832126475818e-01
3.631681107549800558e+00 -5.553112664708832469e-01
3.644247478164159837e+00 -3.945030978728479854e-01
3.656813848778519116e+00 -3.522019914232521476e-01
3.669380219392877951e+00 -4.517481361050015298e-01
3.681946590007237230e+00 -5.689968030635955687e-01
3.694512960621596509e+00 -5.331103358270985471e-01
3.707079331235955788e+00 -6.369958886893508643e-01
3.719645701850315067e+00 -4.330357258617615335e-01
3.732212072464673902e+00 -4.000022100939580882e-01
3.744778443079033181e+00 -5.411963128497324638e-01
3.757344813693392460e+00 -4.564290918098055649e-01
3.769911184307751739e+00 -5.523226215415347751e-01
3.782477554922110574e+00 -5.130727708866110737e-01
3.795043925536469853e+00 -9.309858274313866922e-01
3.807610296150829132e+00 -6.721680546432693415e-01
3.820176666765188411e+00 -4.635523316701766205e-01
3.832743037379547690e+00 -7.553327099671814926e-01
3.845309407993906525e+00 -8.239868013364148869e-01
3.857875778608265804e+00 -8.439409988626411785e-01
3.870442149222625083e+00 -8.119441690989818161e-01
3.883008519836984362e+00 -6.203432403789533867e-01
3.895574890451343641e+00 -7.280673451294380483e-01
3.908141261065702476e+00 -7.005459534115058284e-01
3.920707631680061755e+00 -3.909508525956763569e-01
3.933274002294421035e+00 -9.050984493171579937e-01
3.945840372908780314e+00 -1.060299094178259294e+00
3.958406743523139149e+00 -5.208352384910733823e-01
3.970973114137498428e+00 -5.985019658905130768e-01
3.983539484751857707e+00 -7.855970033237473782e-01
3.996105855366216986e+00 -7.865124290710453492e-01
4.008672225980576265e+00 -8.348611652026995955e-01
4.021238596594935544e+00 -8.553286307057968996e-01
4.033804967209294823e+00 -7.725467552185237841e-01
4.046371337823653214e+00 -8.059550753642173992e-01
4.058937708438012493e+00 -6.396603826533608927e-01
4.071504079052371772e+00 -7.514671006558475419e-01
4.084070449666731051e+00 -7.670764045864432168e-01
4.096636820281090330e+00 -8.948369424744100353e-01
4.109203190895449609e+00 -8.639558389703820840e-01
4.121769561509808888e+00 -8.509413924464379608e-01
4.134335932124168167e+00 -9.337063541448207271e-01
4.146902302738527446e+00 -7.145420010395373556e-01
4.159468673352886725e+00 -9.511054963382057359e-01
4.172035043967245116e+00 -9.835536524797038327e-01
4.184601414581604395e+00 -7.625855218665803514e-01
4.197167785195963674e+00 -9.066799509939201807e-01
4.209734155810322953e+00 -9.760881338031572874e-01
4.222300526424682232e+00 -7.583109272328034667e-01
4.234866897039041511e+00 -8.254324473478159563e-01
4.247433267653400790e+00 -8.376821074179029436e-01
4.259999638267760069e+00 -1.135228308022128818e+00
4.272566008882119348e+00 -8.970331146683111490e-01
4.285132379496477739e+00 -8.072008110117753210e-01
4.297698750110837018e+00 -8.390283490432169922e-01
4.310265120725196297e+00 -9.651900430659301477e-01
4.322831491339555576e+00 -8.586203961197184098e-01
4.335397861953914855e+00 -9.565872307733626068e-01
4.347964232568274134e+00 -7.936602754129181703e-01
4.360530603182633413e+00 -7.315691005287064952e-01
4.373096973796992692e+00 -9.738425076406806991e-01
4.385663344411351972e+00 -1.113428417612407406e+00
4.398229715025710362e+00 -1.149797922006389639e+00
4.410796085640069641e+00 -8.814255613518219290e-01
4.423362456254428032e+00 -9.270725858316206658e-01
4.435928826868787311e+00 -8.980116895926946174e-01
4.448495197483146590e+00 -1.087920355030228547e+00
4.461061568097505869e+00 -1.109669252658084915e+00
4.473627938711865148e+00 -1.014967299104283294e+00
4.486194309326224428e+00 -9.012231647378079469e-01
4.498760679940583707e+00 -9.349241412959671260e-01
4.511327050554942986e+00 -8.441920681346944955e-01
4.523893421169302265e+00 -9.608299460449790663e-01
4.536459791783661544e+00 -9.927836867522886743e-01
4.549026162398019935e+00 -1.032154027504924576e+00
4.561592533012379214e+00 -1.052371877044806503e+00
4.574158903626738493e+00 -9.958337723234370609e-01
4.586725274241097772e+00 -7.694597695177640695e-01
4.599291644855457051e+00 -1.163527623336489736e+00
4.611858015469816330e+00 -1.019842949542869359e+00
4.624424386084175609e+00 -9.617324540457297122e-01
4.636990756698534888e+00 -1.040871416900233326e+00
4.649557127312894167e+00 -9.329649326105663443e-01
4.662123497927252558e+00 -9.051432899463878190e-01
4.674689868541611837e+00 -8.056213507490184167e-01
4.687256239155971116e+00 -9.657854793252378389e-01
4.699822609770330395e+00 -8.561969959239843497e-01
4.712388980384689674e+00 -1.009456614942004560e+00
4.724955350999048953e+00 -9.523600791603619165e-01
4.737521721613408232e+00 -1.056574525152619737e+00
4.750088092227767511e+00 -1.088100540740552846e+00
4.762654462842126790e+00 -1.141081142826682937e+00
4.775220833456485181e+00 -1.131722775959389082e+00
4.787787204070844460e+00 -9.545293841781979927e-01
4.800353574685203739e+00 -1.032370590580185654e+00
4.812919945299563018e+00 -9.657609819715309296e-01
4.825486315913922297e+00 -8.588532435559185219e-01
4.838052686528281576e+00 -9.997704096533461815e-01
4.850619057142640855e+00 -1.186446209041347677e+00
4.863185427757000134e+00 -9.435053738725371897e-01
4.875751798371359413e+00 -9.478000363418955798e-01
4.888318168985717804e+00 -8.660033126364201639e-01
4.900884539600077083e+00 -8.845641056321418283e-01
4.913450910214436362e+00 -7.892983029559915709e-01
4.926017280828795641e+00 -9.054428715520563831e-01
4.938583651443154920e+00 -8.979097044478568934e-01
4.951150022057514200e+00 -1.052163554479375929e+00
4.963716392671873479e+00 -8.847959256128906658e-01
4.976282763286232758e+00 -9.103546616263854530e-01
4.988849133900592037e+00 -8.906820204397455365e-01
5.001415504514951316e+00 -9.167344947012561196e-01
5.013981875129309707e+00 -1.000852240604166443e+00
5.026548245743668986e+00 -9.550996763574709503e-01
5.039114616358028265e+00 -1.007989571440280008e+00
5.051680986972387544e+00 -6.840502809802420092e-01
5.064247357586746823e+00 -1.027103916603672618e+00
5.076813728201106102e+00 -9.678083931634708925e-01
5.089380098815465381e+00 -1.103415451461515095e+00
5.101946469429824660e+00 -8.116594486747340520e-01
5.114512840044183939e+00 -9.559202614785714536e-01
5.127079210658542330e+00 -8.985599155909560487e-01
5.139645581272901609e+00 -1.016513650926720747e+00
5.152211951887260888e+00 -8.442326522184417925e-01
5.164778322501620167e+00 -8.922634876029904571e-01
5.177344693115979446e+00 -9.794043766318127897e-01
5.189911063730338725e+00 -5.525194679041034451e-01
5.202477434344698004e+00 -7.908327751909551839e-01
5.215043804959057283e+00 -8.808813210631212254e-01
5.227610175573416562e+00 -9.300193422276215038e-01
5.240176546187774953e+00 -1.070264962883584081e+00
5.252742916802134232e+00 -8.120345995040612053e-01
5.265309287416492623e+00 -8.157028973121137616e-01
5.277875658030851902e+00 -7.946808035002770332e-01
5.290442028645211181e+00 -8.244256920685413270e-01
5.303008399259570460e+00 -7.414015771659779874e-01
5.315574769873929739e+00 -7.059003571999614701e-01
5.328141140488289018e+00 -8.916707048042573636e-01
5.340707511102648297e+00 -7.167259261891687494e-01
5.353273881717007576e+00 -8.276857678238113136e-01
5.365840252331366855e+00 -8.189974655407600279e-01
5.378406622945726134e+00 -8.646803521516778224e-01
5.390972993560084525e+00 -8.519988420672675034e-01
5.403539364174443804e+00 -6.887017463150403307e-01
5.416105734788803083e+00 -6.266343141848385034e-01
5.428672105403162362e+00 -7.950103342844456744e-01
5.441238476017521641e+00 -8.057466370115182741e-01
5.453804846631880920e+00 -8.051278582661463012e-01
5.466371217246240199e+00 -7.621538588505682998e-01
5.478937587860599479e+00 -7.194677662272067620e-01
5.491503958474958758e+00 -7.765343355882842191e-01
5.504070329089317148e+00 -7.623185356381717570e-01
5.516636699703676427e+00 -4.293220143005694323e-01
5.529203070318035707e+00 -6.660872869529163021e-01
5.541769440932394986e+00 -5.546215093498297888e-01
5.554335811546754265e+00 -5.091786768517392314e-01
5.566902182161113544e+00 -6.995302087906813959e-01
5.579468552775472823e+00 -6.387857891221763174e-01
5.592034923389832102e+00 -7.917831642963645278e-01
5.604601294004191381e+00 -6.394542208895996893e-01
5.617167664618549772e+00 -6.584516716352752930e-01
5.629734035232909051e+00 -5.553486135717987660e-01
5.642300405847268330e+00 -3.727428294436080369e-01
5.654866776461627609e+00 -6.009638012796227891e-01
5.667433147075986888e+00 -6.426895781370940419e-01
5.679999517690346167e+00 -5.087150486016648321e-01
5.692565888304705446e+00 -5.403479134708287779e-01
5.705132258919064725e+00 -4.919096222429675258e-01
5.717698629533424004e+00 -6.645596791435415263e-01
5.730265000147783283e+00 -5.968987668629319732e-01
5.742831370762141674e+00 -5.254171243320665541e-01
5.755397741376500953e+00 -4.349902945561285872e-01
5.767964111990860232e+00 -5.296853423724054988e-01
5.780530482605219511e+00 -3.596334401221545907e-01
5.793096853219578790e+00 -3.797680993408931172e-01
5.805663223833938069e+00 -5.031167732915775570e-01
5.818229594448297348e+00 -3.209662335919911680e-01
5.830795965062656627e+00 -5.336719961445881566e-01
5.843362335677015906e+00 -4.206419694418228050e-01
5.855928706291374297e+00 -4.501297135566147967e-01
5.868495076905733576e+00 -5.814932210741079466e-01
5.881061447520092855e+00 -2.760015815832763120e-01
5.893627818134452134e+00 -4.098004753354484997e-01
5.906194188748811413e+00 -2.291097686964861102e-01
5.918760559363170692e+00 -3.385564044068723466e-01
5.931326929977529971e+00 -4.555007267679044292e-01
5.943893300591889250e+00 -3.518632133631952597e-01
5.956459671206248530e+00 -4.510719825759883506e-01
5.969026041820606920e+00 -4.107032392858835368e-01
5.981592412434966199e+00 -3.775746166028309814e-01
5.994158783049325478e+00 -2.767062278370818196e-01
6.006725153663684758e+00 -1.714824784726194928e-01
6.019291524278044037e+00 -3.725893378550600432e-01
6.031857894892402427e+00 -3.609019278946782316e-01
6.044424265506761706e+00 -2.431151892242865431e-01
6.056990636121120986e+00 -2.241822212812830672e-01
6.069557006735480265e+00 -2.180050682261649997e-01
6.082123377349839544e+00 -2.530707933948134203e-01
6.094689747964198823e+00 -1.462985855927294576e-01
6.107256118578558102e+00 -1.767011889671304126e-01
6.119822489192916493e+00 -2.478169486353077600e-01
6.132388859807275772e+00 -1.860813337336579276e-01
6.144955230421635051e+00 -1.676537706140278361e-01
6.157521601035994330e+00 -7.959021532611507133e-02
6.170087971650353609e+00 -1.903050805392935696e-01
6.182654342264712888e+00 -1.285564904710166378e-01
6.195220712879072167e+00 -2.304831608552390110e-01
6.207787083493431446e+00 -2.342414554507152025e-01
6.220353454107790725e+00 -1.967631792593478313e-01
6.232919824722149116e+00 -1.545583841697916183e-01
6.245486195336508395e+00 -2.095950744530410137e-01
6.258052565950867674e+00 -1.013851262773408229e-01
6.270618936565226953e+00 -6.926471980812191898e-04
