0.000000000000000000e+00 4.967141530112326869e-02
1.256637061435917323e-02 -1.260390233765859222e-03
2.513274122871834645e-02 8.989894925340673193e-02
3.769911184307751795e-02 1.899931683107370928e-01
5.026548245743669291e-02 2.682898070743595931e-02
6.283185307179586787e-02 3.937682383439532197e-02
7.539822368615503589e-02 2.332480870786718674e-01
8.796459430051420392e-02 1.645946694660340437e-01
1.005309649148733858e-01 5.341427625771968252e-02
1.130973355292325677e-01 1.671123892320781623e-01
1.256637061435917357e-01 7.899146428305803269e-02
1.382300767579508760e-01 9.121731532761236105e-02
1.507964473723100718e-01 1.744218162773604752e-01
1.633628179866692676e-01 -2.869085927089617960e-02
1.759291886010284078e-01 2.531275723972742364e-03
1.884955592153875759e-01 1.311525616616273371e-01
2.010619298297467716e-01 9.842686848096464380e-02
2.136283004441059397e-01 2.434318431815820083e-01
2.261946710584651354e-01 1.334683533972600977e-01
2.387610416728242757e-01 9.526862689019552355e-02
2.513274122871834715e-01 3.952547640570102105e-01
2.638937829015426395e-01 2.382638762412433719e-01
2.764601535159017520e-01 2.797047559861175481e-01
2.890265241302609756e-01 1.425444438486304366e-01
3.015928947446201436e-01 2.426033091245166640e-01
3.141592653589793116e-01 3.201092533459339862e-01
3.267256359733385351e-01 2.058442520649792495e-01
3.392920065876976476e-01 3.703893463575538281e-01
3.518583772020568157e-01 2.845790541826365705e-01
3.644247478164160392e-01 3.272425037339230514e-01
3.769911184307751517e-01 3.079538914617382384e-01
3.895574890451343197e-01 5.650069139726948686e-01
4.021238596594935433e-01 3.900239443634090364e-01
4.146902302738527113e-01 2.971353428180725786e-01
4.272566008882118793e-01 4.966300722036030568e-01
4.398229715025711029e-01 3.036949265679704801e-01
4.523893421169302709e-01 4.580021261514084507e-01
4.649557127312893834e-01 2.524162037020546423e-01
4.775220833456485514e-01 3.267612557316447175e-01
4.900884539600077194e-01 4.903900557522448689e-01
5.026548245743669430e-01 5.556003321012563667e-01
5.152211951887261110e-01 5.098641696672886470e-01
5.277875658030852790e-01 4.920583733969367546e-01
5.403539364174444470e-01 4.843291642225775462e-01
5.529203070318035040e-01 3.773224309245528652e-01
5.654866776461627831e-01 4.638423741395257816e-01
5.780530482605219511e-01 5.003304696382904204e-01
5.906194188748811191e-01 6.625878391100795683e-01
6.031857894892402872e-01 6.016307780836026575e-01
6.157521601035994552e-01 4.012686878859942352e-01
6.283185307179586232e-01 6.201936492319526373e-01
6.408849013323177912e-01 5.593967550158871482e-01
6.534512719466770703e-01 5.402380976640096533e-01
6.660176425610361273e-01 6.790272419744211030e-01
6.785840131753952953e-01 7.307913135402955840e-01
6.911503837897544633e-01 7.305520016603095357e-01
7.037167544041136313e-01 5.631342092471803840e-01
7.162831250184729104e-01 6.256645181678350820e-01
7.288494956328320784e-01 6.991382105746080100e-01
7.414158662471912464e-01 7.728873208332603939e-01
7.539822368615503034e-01 6.366296821441596032e-01
7.665486074759094715e-01 6.750874081464232068e-01
7.791149780902686395e-01 5.920164723982463961e-01
7.916813487046279185e-01 5.919150148012182200e-01
8.042477193189870865e-01 8.015616071273267140e-01
8.168140899333462546e-01 8.645926302784938677e-01
8.293804605477054226e-01 7.303121052001405600e-01
8.419468311620645906e-01 8.462944352133845438e-01
8.545132017764237586e-01 7.904149832408671195e-01
8.670795723907829267e-01 6.979305355509354269e-01
8.796459430051422057e-01 8.066528033266306963e-01
8.922123136195013737e-01 9.322659582136203493e-01
9.047786842338605418e-01 7.827058282256237343e-01
9.173450548482194877e-01 9.504547642292359155e-01
9.299114254625787668e-01 5.395924744619020608e-01
9.424777960769379348e-01 8.912072448124698232e-01
9.550441666912971028e-01 8.250439575410010162e-01
9.676105373056562708e-01 7.936318625818407080e-01
9.801769079200154389e-01 8.397719768493627779e-01
9.927432785343746069e-01 6.387711485820524171e-01
1.005309649148733886e+00 8.223607367182639294e-01
1.017876019763092943e+00 8.867057389458664618e-01
1.030442390377452222e+00 1.005316060667803990e+00
1.043008760991811279e+00 8.120963953654705136e-01
1.055575131606170558e+00 7.893343943802069163e-01
1.068141502220529837e+00 8.261309756854100517e-01
1.080707872834888894e+00 9.738314382051607154e-01
1.093274243449248173e+00 9.210115597795129894e-01
1.105840614063607008e+00 8.408654037745597609e-01
1.118406984677966287e+00 9.507319948777065433e-01
1.130973355292325566e+00 9.145348074008236017e-01
1.143539725906684623e+00 1.006970469738284635e+00
1.156106096521043902e+00 8.450358632331822495e-01
1.168672467135402959e+00 8.874656327060934657e-01
1.181238837749762238e+00 8.858663915212422468e-01
1.193805208364121295e+00 7.834249910750394896e-01
1.206371578978480574e+00 9.639409701630696770e-01
1.218937949592839853e+00 9.648393848718630483e-01
1.231504320207198910e+00 9.435018815571104556e-01
1.244070690821558189e+00 9.236395916572296416e-01
1.256637061435917246e+00 8.095194420901120624e-01
1.269203432050276525e+00 9.128000124701070028e-01
1.281769802664635582e+00 9.242503373646988596e-01
1.294336173278994861e+00 8.817999446639239736e-01
1.306902543893354141e+00 9.492530676666729450e-01
1.319468914507712975e+00 1.008988246810084810e+00
1.332035285122072255e+00 1.160250323035726838e+00
1.344601655736431534e+00 9.919846540697609960e-01
1.357168026350790591e+00 1.003023162640469979e+00
1.369734396965149870e+00 9.724104608076301615e-01
1.382300767579508927e+00 7.904101291987843947e-01
1.394867138193868206e+00 9.819129469842836633e-01
1.407433508808227263e+00 9.927089652019707167e-01
1.419999879422586542e+00 1.234975955986442608e+00
1.432566250036945821e+00 9.712253292185388798e-01
1.445132620651304878e+00 1.022269435547839223e+00
1.457698991265664157e+00 9.901401335494840472e-01
1.470265361880023214e+00 8.780832132193470141e-01
1.482831732494382493e+00 1.110415890594674604e+00
1.495398103108741550e+00 1.072352203529291392e+00
1.507964473723100607e+00 1.077129923132576161e+00
1.520530844337459886e+00 9.077982111265435750e-01
1.533097214951818943e+00 1.139568903734199168e+00
1.545663585566178222e+00 8.594990830040718510e-01
1.558229956180537279e+00 1.058606753583843041e+00
1.570796326794896558e+00 1.219045562580997943e+00
1.583362697409255837e+00 9.008674116907472440e-01
1.595929068023614894e+00 9.430544163230227817e-01
1.608495438637974173e+00 1.009254609149353277e+00
1.621061809252333230e+00 9.483893911943975796e-01
1.633628179866692509e+00 8.429603853216582898e-01
1.646194550481051566e+00 1.004015197741216614e+00
1.658760921095410845e+00 8.899032377705620167e-01
1.671327291709770124e+00 1.042310260044818415e+00
1.683893662324129181e+00 9.016688870966280689e-01
1.696460032938488460e+00 1.147108141816231663e+00
1.709026403552847517e+00 9.121360964630275125e-01
1.721592774167206796e+00 9.564455931173463377e-01
1.734159144781565853e+00 1.068037665944834957e+00
1.746725515395925132e+00 8.614779028858098320e-01
1.759291886010284411e+00 1.005033244189101449e+00
1.771858256624643468e+00 1.110569327812489737e+00
1.784424627239002747e+00 8.165198001120705928e-01
1.796990997853361804e+00 9.929902586398074993e-01
1.809557368467721084e+00 9.976200123395162489e-01
1.822123739082079918e+00 1.046765448306362201e+00
1.834690109696438975e+00 8.416865677454657968e-01
1.847256480310798255e+00 8.299820102776582775e-01
1.859822850925157534e+00 1.010715945579065744e+00
1.872389221539516591e+00 9.845630120699616628e-01
1.884955592153875870e+00 9.761058013297413405e-01
1.897521962768234927e+00 9.817431259444419078e-01
1.910088333382594206e+00 8.749880637350154755e-01
1.922654703996953263e+00 9.619592273699745233e-01
1.935221074611312542e+00 9.636361897864802462e-01
1.947787445225671821e+00 8.583413440856145771e-01
1.960353815840030878e+00 1.111654657948933700e+00
1.972920186454390157e+00 9.676151394570491338e-01
1.985486557068749214e+00 7.961108229006528259e-01
1.998052927683108493e+00 9.757613315483786298e-01
2.010619298297467772e+00 8.073588854432873774e-01
2.023185668911826607e+00 9.781137119406163594e-01
2.035752039526185886e+00 1.009700982052004203e+00
2.048318410140545165e+00 8.060682169783734974e-01
2.060884780754904444e+00 9.786288393593854940e-01
2.073451151369263723e+00 9.175847727375132656e-01
2.086017521983622558e+00 9.523897706689746778e-01
2.098583892597981837e+00 1.053602715458230143e+00
2.111150263212341116e+00 8.329878445933651676e-01
2.123716633826700395e+00 7.756208653589427016e-01
2.136283004441059674e+00 7.553764825394626570e-01
2.148849375055418509e+00 7.559470115455979577e-01
2.161415745669777788e+00 8.228857282544022045e-01
2.173982116284137067e+00 8.576477951100917041e-01
2.186548486898496346e+00 8.440083306501857674e-01
2.199114857512855181e+00 8.917353192785498761e-01
2.211681228127214016e+00 8.028671740586675876e-01
2.224247598741573295e+00 9.393438063635671798e-01
2.236813969355932574e+00 7.598227488128234119e-01
2.249380339970291853e+00 1.050479218225985445e+00
2.261946710584651132e+00 8.330799775522899075e-01
2.274513081199009967e+00 6.767267553698198546e-01
2.287079451813369246e+00 6.471621309299927516e-01
2.299645822427728525e+00 7.941883869485006908e-01
2.312212193042087804e+00 7.151668388255888464e-01
2.324778563656447083e+00 8.003686768306206289e-01
2.337344934270805918e+00 7.676327873452615247e-01
2.349911304885165197e+00 7.042527859435981918e-01
2.362477675499524477e+00 6.179705979920087078e-01
2.375044046113883756e+00 5.421685833442184688e-01
2.387610416728242591e+00 6.398956107219867517e-01
2.400176787342601870e+00 7.609726875533717738e-01
2.412743157956961149e+00 6.874212418472720465e-01
2.425309528571320428e+00 5.320118778817576333e-01
2.437875899185679707e+00 6.643740541545624101e-01
2.450442269800038542e+00 6.759557277215735294e-01
2.463008640414397821e+00 5.393056176705872673e-01
2.475575011028757100e+00 6.332321236848871271e-01
2.488141381643116379e+00 6.137511695392052768e-01
2.500707752257475658e+00 4.836079532744563814e-01
2.513274122871834493e+00 6.235639883273015327e-01
2.525840493486193772e+00 6.336511560590910586e-01
2.538406864100553051e+00 6.755740734442841067e-01
2.550973234714912330e+00 6.622558216916781815e-01
2.563539605329271165e+00 4.086274099385601155e-01
2.576105975943630444e+00 4.420442909874843784e-01
2.588672346557989723e+00 5.766781566821616023e-01
2.601238717172349002e+00 5.658181288727271996e-01
2.613805087786708281e+00 5.551279702663654003e-01
2.626371458401067116e+00 8.780004906137637288e-01
2.638937829015425951e+00 5.388427251710322663e-01
2.651504199629785230e+00 5.842604961833927080e-01
2.664070570244144509e+00 5.549800369708082215e-01
2.676636940858503788e+00 5.135223412206121330e-01
2.689203311472863067e+00 4.055888421868983351e-01
2.701769682087221902e+00 5.016762136143996242e-01
2.714336052701581181e+00 3.370930595395271179e-01
2.726902423315940460e+00 3.792245750396618376e-01
2.739468793930299739e+00 3.428373120542920205e-01
2.752035164544658574e+00 3.879665094604336506e-01
2.764601535159017853e+00 5.995904093520290079e-01
2.777167905773377132e+00 1.696853594540759791e-01
2.789734276387736411e+00 4.132689422119684153e-01
2.802300647002095690e+00 1.715479574040213451e-01
2.814867017616454525e+00 2.737504232282663708e-01
2.827433388230813804e+00 4.179120540716841359e-01
2.839999758845173083e+00 3.034695834865812070e-01
2.852566129459532362e+00 1.772447846770454360e-01
2.865132500073891642e+00 2.014215645913282060e-01
2.877698870688250476e+00 3.288012811833646576e-01
2.890265241302609756e+00 1.756532239931411499e-01
2.902831611916969035e+00 2.581448559819221056e-01
2.915397982531328314e+00 2.288279449397623844e-01
2.927964353145687149e+00 1.468470751614730785e-01
2.940530723760046428e+00 4.141043894469396136e-01
2.953097094374405707e+00 2.507732168175256793e-01
2.965663464988764986e+00 -2.749119969048485768e-02
2.978229835603124265e+00 1.812825966718260851e-01
2.990796206217483100e+00 8.404694264391832093e-02
3.003362576831842379e+00 2.230336241642604245e-01
3.015928947446201214e+00 4.608115972103446478e-02
3.028495318060560493e+00 1.013827407267919728e-01
3.041061688674919772e+00 1.508604427492606925e-01
3.053628059289279051e+00 1.744267159677553025e-01
3.066194429903637886e+00 -4.470283517764458980e-02
3.078760800517997165e+00 2.934039594521874184e-02
3.091327171132356444e+00 2.749787063674041798e-03
3.103893541746715723e+00 -2.764274058743666079e-02
3.116459912361074558e+00 2.016755194714474897e-01
3.129026282975433837e+00 5.306421097944839099e-02
3.141592653589793116e+00 -1.260883954335044188e-01
3.154159024204152395e+00 7.922015482212502180e-02
3.166725394818511674e+00 1.870855242579257671e-01
3.179291765432870509e+00 6.555634338518040449e-02
3.191858136047229788e+00 -2.021813147751707618e-01
3.204424506661589067e+00 -1.112139268159384881e-01
3.216990877275948346e+00 5.136430939072948731e-02
3.229557247890307181e+00 -1.586181431126209851e-01
3.242123618504666460e+00 -5.597977203659187939e-02
3.254689989119025739e+00 -3.539297953054795776e-02
3.267256359733385018e+00 -2.180262807221125809e-01
3.279822730347744297e+00 -1.437428262908182208e-01
3.292389100962103132e+00 -4.743523231276641772e-01
3.304955471576462411e+00 -2.650759293283125317e-01
3.317521842190821690e+00 -2.002798741145921380e-01
3.330088212805180969e+00 -3.121596327822097061e-01
3.342654583419540248e+00 -3.646885012124370662e-02
3.355220954033899083e+00 -3.550212477181178272e-01
3.367787324648258362e+00 -2.682752096190795799e-01
3.380353695262617642e+00 -2.234249392951156432e-01
3.392920065876976921e+00 -1.045625582582434543e-01
3.405486436491335756e+00 -4.044277214078407789e-01
3.418052807105695035e+00 -1.566355603018292353e-01
3.430619177720054314e+00 -2.839959563680174992e-01
3.443185548334413593e+00 -3.951924466818301784e-01
3.455751918948772872e+00 -2.628066469486206591e-01
3.468318289563131707e+00 -3.010376402498624593e-01
3.480884660177490986e+00 -3.928412322388661893e-01
3.493451030791850265e+00 -3.376627146755153408e-01
3.506017401406209544e+00 -3.949432383994270213e-01
3.518583772020568823e+00 -3.567728181595535286e-01
3.531150142634927658e+00 -3.135660280696964675e-01
3.543716513249286937e+00 -2.327719852226673714e-01
3.556282883863646216e+00 -5.266879855963477741e-01
3.568849254478005495e+00 -2.010722435276577902e-01
3.581415625092364330e+00 -6.209880715173228261e-01
3.593981995706723609e+00 -4.522942761544913592e-01
3.606548366321082888e+00 -3.895514954415748021e-01
3.619114736935442167e+00 -4.314806738479848858e-01
3.631681107549800558e+00 -5.329738841473915523e-01
3.644247478164159837e+00 -5.025658991374425399e-01
3.656813848778519116e+00 -5.420274350141747188e-01
3.669380219392877951e+00 -5.625596773301815290e-01
3.681946590007237230e+00 -4.294793240794035905e-01
3.694512960621596509e+00 -4.894730813647906187e-01
3.707079331235955788e+00 -6.051177545050618889e-01
3.719645701850315067e+00 -4.564343591909439390e-01
3.732212072464673902e+00 -5.261456644005266803e-01
3.744778443079033181e+00 -4.859827372428601744e-01
3.757344813693392460e+00 -5.146098192299062291e-01
3.769911184307751739e+00 -6.706847533846802545e-01
3.782477554922110574e+00 -6.539230870772154702e-01
3.795043925536469853e+00 -5.332009371822789001e-01
3.807610296150829132e+00 -5.568225865469875746e-01
3.820176666765188411e+00 -6.297815206871151261e-01
3.832743037379547690e+00 -6.256912514178114559e-01
3.845309407993906525e+00 -5.192894719906014922e-01
3.857875778608265804e+00 -7.157428946365391731e-01
3.870442149222625083e+00 -6.113021293172477000e-01
3.883008519836984362e+00 -6.955520733644138254e-01
3.895574890451343641e+00 -7.063152262514107438e-01
3.908141261065702476e+00 -5.837756206140857218e-01
3.920707631680061755e+00 -6.201083349000461320e-01
3.933274002294421035e+00 -6.301847136092213475e-01
3.945840372908780314e+00 -5.897611441724740500e-01
3.958406743523139149e+00 -7.268682432581353714e-01
3.970973114137498428e+00 -6.693178202286773626e-01
3.983539484751857707e+00 -7.769678210835276877e-01
3.996105855366216986e+00 -7.218347454872595659e-01
4.008672225980576265e+00 -7.754568164482162906e-01
4.021238596594935544e+00 -7.608136462765175967e-01
4.033804967209294823e+00 -7.189465990233322445e-01
4.046371337823653214e+00 -8.681105004599658503e-01
4.058937708438012493e+00 -5.847516710792890482e-01
4.071504079052371772e+00 -9.021687230208466080e-01
4.084070449666731051e+00 -9.304358556537205560e-01
4.096636820281090330e+00 -7.005281633671771591e-01
4.109203190895449609e+00 -7.443663282321338892e-01
4.121769561509808888e+00 -7.681839174905972234e-01
4.134335932124168167e+00 -7.746934891157138958e-01
4.146902302738527446e+00 -8.455526027867067418e-01
4.159468673352886725e+00 -9.407199189432752240e-01
4.172035043967245116e+00 -8.499462003742794813e-01
4.184601414581604395e+00 -9.316395883440463654e-01
4.197167785195963674e+00 -7.726717813277504954e-01
4.209734155810322953e+00 -8.910124181940775046e-01
4.222300526424682232e+00 -9.648409461142045673e-01
4.234866897039041511e+00 -9.202750329788439432e-01
4.247433267653400790e+00 -8.525482787237014248e-01
4.259999638267760069e+00 -9.557777068467686599e-01
4.272566008882119348e+00 -9.870490920226628884e-01
4.285132379496477739e+00 -8.857372495358043496e-01
4.297698750110837018e+00 -8.907445155100452983e-01
4.310265120725196297e+00 -9.709261649029833352e-01
4.322831491339555576e+00 -9.721810373962903595e-01
4.335397861953914855e+00 -9.065714921524877790e-01
4.347964232568274134e+00 -1.079137376606344567e+00
4.360530603182633413e+00 -1.079480235091529794e+00
4.373096973796992692e+00 -1.014834958018108191e+00
4.385663344411351972e+00 -9.684430201659292026e-01
4.398229715025710362e+00 -9.199657597353531058e-01
4.410796085640069641e+00 -8.073289230516877968e-01
4.423362456254428032e+00 -8.727558266971736645e-01
4.435928826868787311e+00 -9.780215245824284143e-01
4.448495197483146590e+00 -9.672832596235426683e-01
4.461061568097505869e+00 -1.068836097592411827e+00
4.473627938711865148e+00 -9.734830465139128197e-01
4.486194309326224428e+00 -1.003392736678590857e+00
4.498760679940583707e+00 -9.449962675343843710e-01
4.511327050554942986e+00 -1.062578146739479257e+00
4.523893421169302265e+00 -9.303525993045714815e-01
4.536459791783661544e+00 -8.312904432289476286e-01
4.549026162398019935e+00 -9.975619590535537151e-01
4.561592533012379214e+00 -9.484805725280197608e-01
4.574158903626738493e+00 -9.214470265255398918e-01
4.586725274241097772e+00 -1.032236748503061463e+00
4.599291644855457051e+00 -9.712020623389666651e-01
4.611858015469816330e+00 -9.936917769031207159e-01
4.624424386084175609e+00 -9.863659992882893857e-01
4.636990756698534888e+00 -1.074459878646160549e+00
4.649557127312894167e+00 -9.955757110023772949e-01
4.662123497927252558e+00 -9.489371274814725199e-01
4.674689868541611837e+00 -8.541751118610849680e-01
4.687256239155971116e+00 -9.037571066747792647e-01
4.699822609770330395e+00 -7.846027984526604548e-01
4.712388980384689674e+00 -1.076734756288804995e+00
4.724955350999048953e+00 -9.126889805317482951e-01
4.737521721613408232e+00 -9.813499887094647711e-01
4.750088092227767511e+00 -7.803091793188219327e-01
4.762654462842126790e+00 -1.079566785141532703e+00
4.775220833456485181e+00 -1.081998912646349176e+00
4.787787204070844460e+00 -1.057098164805016172e+00
4.800353574685203739e+00 -1.208523181574153282e+00
4.812919945299563018e+00 -1.047526519149376334e+00
4.825486315913922297e+00 -1.069524576675378258e+00
4.838052686528281576e+00 -9.770753226668571489e-01
4.850619057142640855e+00 -9.562858281189352549e-01
4.863185427757000134e+00 -8.010346608163253501e-01
4.875751798371359413e+00 -8.916435603892629569e-01
4.888318168985717804e+00 -1.042254700095445852e+00
4.900884539600077083e+00 -1.072128717863524594e+00
4.913450910214436362e+00 -9.306631352335963392e-01
4.926017280828795641e+00 -1.109291444270257720e+00
4.938583651443154920e+00 -7.913809962011417731e-01
4.951150022057514200e+00 -8.536877208425452945e-01
4.963716392671873479e+00 -1.015500726339101600e+00
4.976282763286232758e+00 -1.136695091742361496e+00
4.988849133900592037e+00 -8.266404341695445801e-01
5.001415504514951316e+00 -9.699757735426375316e-01
5.013981875129309707e+00 -8.310829135492968645e-01
5.026548245743668986e+00 -1.110499282174590263e+00
5.039114616358028265e+00 -1.007035807290121543e+00
5.051680986972387544e+00 -9.424661659210461506e-01
5.064247357586746823e+00 -9.340357982773999090e-01
5.076813728201106102e+00 -9.793354896045364244e-01
5.089380098815465381e+00 -8.674914926535013393e-01
5.101946469429824660e+00 -1.031839249772717348e+00
5.114512840044183939e+00 -9.344697958679994976e-01
5.127079210658542330e+00 -9.032116094497277814e-01
5.139645581272901609e+00 -8.586620872791208559e-01
5.152211951887260888e+00 -8.336655646571305978e-01
5.164778322501620167e+00 -1.011869460750157934e+00
5.177344693115979446e+00 -1.047252841224825870e+00
5.189911063730338725e+00 -7.603687666236934595e-01
5.202477434344698004e+00 -8.490598252369938592e-01
5.215043804959057283e+00 -9.511553336995187680e-01
5.227610175573416562e+00 -7.150685571172730182e-01
5.240176546187774953e+00 -8.523559537635495564e-01
5.252742916802134232e+00 -7.395969377872696482e-01
5.265309287416492623e+00 -8.442426336536813514e-01
5.277875658030851902e+00 -6.382531330138168091e-01
5.290442028645211181e+00 -6.619939557978216094e-01
5.303008399259570460e+00 -8.554923140437202811e-01
5.315574769873929739e+00 -7.263755025329921011e-01
5.328141140488289018e+00 -7.518016557586694182e-01
5.340707511102648297e+00 -6.721538386217127403e-01
5.353273881717007576e+00 -8.980593309288871229e-01
5.365840252331366855e+00 -7.253852526479913632e-01
5.378406622945726134e+00 -6.804459834516600747e-01
5.390972993560084525e+00 -9.543362502093353239e-01
5.403539364174443804e+00 -8.888390940423671616e-01
5.416105734788803083e+00 -9.663657287874581892e-01
5.428672105403162362e+00 -7.811920641805598642e-01
5.441238476017521641e+00 -6.741869198445861189e-01
5.453804846631880920e+00 -5.872774121485712095e-01
5.466371217246240199e+00 -7.215591493794339950e-01
5.478937587860599479e+00 -5.574474703307776835e-01
5.491503958474958758e+00 -8.495458230307744163e-01
5.504070329089317148e+00 -8.729882137343650816e-01
5.516636699703676427e+00 -6.992080757024672355e-01
5.529203070318035707e+00 -6.461405610347582540e-01
5.541769440932394986e+00 -6.786022829304340087e-01
5.554335811546754265e+00 -8.727560774382394637e-01
5.566902182161113544e+00 -6.654977597042354143e-01
5.579468552775472823e+00 -7.775029116199296819e-01
5.592034923389832102e+00 -5.704567348656858217e-01
5.604601294004191381e+00 -5.910315366810153792e-01
5.617167664618549772e+00 -7.118475917230703276e-01
5.629734035232909051e+00 -6.593169894282751020e-01
5.642300405847268330e+00 -7.038263352464143585e-01
5.654866776461627609e+00 -5.940531620197905260e-01
5.667433147075986888e+00 -4.820584713721438042e-01
5.679999517690346167e+00 -6.658415537603108447e-01
5.692565888304705446e+00 -5.064709649364035338e-01
5.705132258919064725e+00 -5.994201085715129551e-01
5.717698629533424004e+00 -6.151140782052307854e-01
5.730265000147783283e+00 -5.358776659567511258e-01
5.742831370762141674e+00 -6.179637660234441610e-01
5.755397741376500953e+00 -5.589881321704792683e-01
5.767964111990860232e+00 -6.125151308071765666e-01
5.780530482605219511e+00 -2.852811608100763729e-01
5.793096853219578790e+00 -4.671775769681596469e-01
5.805663223833938069e+00 -5.295524114207462718e-01
5.818229594448297348e+00 -4.269852250166097929e-01
5.830795965062656627e+00 -4.483485716200155125e-01
5.843362335677015906e+00 -4.478762515183944970e-01
5.855928706291374297e+00 -3.529589109889418874e-01
5.868495076905733576e+00 -3.271556647089323144e-01
5.881061447520092855e+00 -4.444237815982552409e-01
5.893627818134452134e+00 -4.373609195862691035e-01
5.906194188748811413e+00 -3.956297223998422874e-01
5.918760559363170692e+00 -5.866039951868089464e-01
5.931326929977529971e+00 -4.961620293943719284e-01
5.943893300591889250e+00 -1.961321177785337599e-01
5.956459671206248530e+00 -1.564468384570806003e-01
5.969026041820606920e+00 -3.339205983305854608e-01
5.981592412434966199e+00 -2.393858852714583763e-01
5.994158783049325478e+00 -2.538942470156225761e-01
6.006725153663684758e+00 3.493614532819860896e-02
6.019291524278044037e+00 -1.488840151464390915e-01
6.031857894892402427e+00 -2.614816463129320256e-01
6.044424265506761706e+00 -3.320530410837677637e-01
6.056990636121120986e+00 -3.849153929751388259e-01
6.069557006735480265e+00 -1.916607463353325880e-01
6.082123377349839544e+00 -2.753450550428375165e-01
6.094689747964198823e+00 -3.296066855454921063e-01
6.107256118578558102e+00 -2.396803473995286482e-01
6.119822489192916493e+00 -2.707919655563238437e-01
6.132388859807275772e+00 1.848857438649881280e-02
6.144955230421635051e+00 -4.962631498969352628e-02
6.157521601035994330e+00 -1.261304976959663759e-01
6.170087971650353609e+00 3.513802901552058600e-02
6.182654342264712888e+00 -9.262488408645325189e-02
6.195220712879072167e+00 -1.739796166835696489e-01
6.207787083493431446e+00 7.698560219903302637e-02
6.220353454107790725e+00 -8.899515160847394635e-03
6.232919824722149116e+00 -1.539689336124158703e-01
6.245486195336508395e+00 -5.672405047829592178e-02
6.258052565950867674e+00 -1.126919207818136703e-01
6.270618936565226953e+00 -1.508460129797865590e-01
