0.000000000000000000e+00 7.096107591602394959e-02
1.256637061435917323e-02 3.549130474226475790e-02
2.513274122871834645e-02 3.975532777890106867e-02
3.769911184307751795e-02 6.061370973565902154e-02
5.026548245743669291e-02 7.129911480673593871e-03
6.283185307179586787e-02 2.097680637969350642e-02
7.539822368615503589e-02 1.109011529257467876e-01
8.796459430051420392e-02 -2.290867836729923446e-02
1.005309649148733858e-01 -3.445704092759693804e-02
1.130973355292325677e-01 -2.521007638898790926e-02
1.256637061435917357e-01 -1.047500619655547527e-02
1.382300767579508760e-01 3.731315309901191979e-01
1.507964473723100718e-01 1.492315896092144267e-01
1.633628179866692676e-01 1.522187428265187881e-01
1.759291886010284078e-01 -3.007448666384607283e-02
1.884955592153875759e-01 3.531602813331937707e-01
2.010619298297467716e-01 2.820437795521497648e-01
2.136283004441059397e-01 2.339638951099596575e-01
2.261946710584651354e-01 2.268617934721011420e-01
2.387610416728242757e-01 3.001044988242102529e-01
2.513274122871834715e-01 3.907111048365731198e-01
2.638937829015426395e-01 3.291245129563460381e-01
2.764601535159017520e-01 2.249886421949280346e-01
2.890265241302609756e-01 3.307123753788337450e-01
3.015928947446201436e-01 1.887416401065308835e-01
3.141592653589793116e-01 2.220286865461514880e-01
3.267256359733385351e-01 3.672105765435791924e-01
3.392920065876976476e-01 3.378084716709434110e-01
3.518583772020568157e-01 4.171461916928036473e-01
3.644247478164160392e-01 4.214378229761821526e-01
3.769911184307751517e-01 2.370417584901438057e-01
3.895574890451343197e-01 4.371443544683835114e-01
4.021238596594935433e-01 2.883006888048578187e-01
4.146902302738527113e-01 4.346152072160939794e-01
4.272566008882118793e-01 4.619603726206062411e-01
4.398229715025711029e-01 4.288767658771184821e-01
4.523893421169302709e-01 3.729172575839243553e-01
4.649557127312893834e-01 4.126271458243155332e-01
4.775220833456485514e-01 4.029319405959546629e-01
4.900884539600077194e-01 3.116909856112118904e-01
5.026548245743669430e-01 6.152946920046673540e-01
5.152211951887261110e-01 3.420734164389240828e-01
5.277875658030852790e-01 4.944990282159357209e-01
5.403539364174444470e-01 4.781082869398182722e-01
5.529203070318035040e-01 5.885725955962101130e-01
5.654866776461627831e-01 4.783510298645736736e-01
5.780530482605219511e-01 5.314766146560301330e-01
5.906194188748811191e-01 6.536529710307780183e-01
6.031857894892402872e-01 5.942413446284653400e-01
6.157521601035994552e-01 6.031158467794567324e-01
6.283185307179586232e-01 6.819218666039355004e-01
6.408849013323177912e-01 5.907859020586991861e-01
6.534512719466770703e-01 5.870008423698782618e-01
6.660176425610361273e-01 4.158895897767764804e-01
6.785840131753952953e-01 5.516897557825194420e-01
6.911503837897544633e-01 7.205394941470690817e-01
7.037167544041136313e-01 6.839522642020654519e-01
7.162831250184729104e-01 3.866177482376335628e-01
7.288494956328320784e-01 5.684290991940024185e-01
7.414158662471912464e-01 7.324400174040904821e-01
7.539822368615503034e-01 5.747803914491519395e-01
7.665486074759094715e-01 6.746305139344962454e-01
7.791149780902686395e-01 5.791251918652211561e-01
7.916813487046279185e-01 6.292670020540154230e-01
8.042477193189870865e-01 7.569381410244333530e-01
8.168140899333462546e-01 8.296816493343727172e-01
8.293804605477054226e-01 7.622934186435090798e-01
8.419468311620645906e-01 7.491130375238068684e-01
8.545132017764237586e-01 7.221478648006001144e-01
8.670795723907829267e-01 6.265706589481516708e-01
8.796459430051422057e-01 8.416310538728656310e-01
8.922123136195013737e-01 8.088265577294575515e-01
9.047786842338605418e-01 8.265479500515775513e-01
9.173450548482194877e-01 8.593705537447050569e-01
9.299114254625787668e-01 6.711561655789554104e-01
9.424777960769379348e-01 7.971521613839919196e-01
9.550441666912971028e-01 7.932126161551228405e-01
9.676105373056562708e-01 7.877015656770909313e-01
9.801769079200154389e-01 8.094606156606575231e-01
9.927432785343746069e-01 8.956285463086729459e-01
1.005309649148733886e+00 7.139159658548113185e-01
1.017876019763092943e+00 9.101199583037671292e-01
1.030442390377452222e+00 8.369288271540805679e-01
1.043008760991811279e+00 9.966810670662192839e-01
1.055575131606170558e+00 9.519973725239623263e-01
1.068141502220529837e+00 7.919626302886733082e-01
1.080707872834888894e+00 9.722093078476651273e-01
1.093274243449248173e+00 8.253674351213660110e-01
1.105840614063607008e+00 9.206025657079766056e-01
1.118406984677966287e+00 8.462322362802047193e-01
1.130973355292325566e+00 8.640893312913037194e-01
1.143539725906684623e+00 7.532996211334472836e-01
1.156106096521043902e+00 9.516239648734986512e-01
1.168672467135402959e+00 1.042223020758039853e+00
1.181238837749762238e+00 1.001246426364343023e+00
1.193805208364121295e+00 9.906990647383009385e-01
1.206371578978480574e+00 8.693004330136604452e-01
1.218937949592839853e+00 9.166110876554336429e-01
1.231504320207198910e+00 8.637003722116294302e-01
1.244070690821558189e+00 8.858112524653186659e-01
1.256637061435917246e+00 9.349747410250420776e-01
1.269203432050276525e+00 1.078063216837076954e+00
1.281769802664635582e+00 9.917732598635646823e-01
1.294336173278994861e+00 7.962062685038959753e-01
1.306902543893354141e+00 1.091692272623887572e+00
1.319468914507712975e+00 1.028224150739272202e+00
1.332035285122072255e+00 1.004790404507985624e+00
1.344601655736431534e+00 8.722840083058446270e-01
1.357168026350790591e+00 1.018931056238352006e+00
1.369734396965149870e+00 1.036471268317222361e+00
1.382300767579508927e+00 8.211404132972754955e-01
1.394867138193868206e+00 1.023400221637929430e+00
1.407433508808227263e+00 1.081749441449183946e+00
1.419999879422586542e+00 9.597931001896496950e-01
1.432566250036945821e+00 1.022081852672194424e+00
1.445132620651304878e+00 9.646244851026212208e-01
1.457698991265664157e+00 1.267852329552883184e+00
1.470265361880023214e+00 8.793536545396378745e-01
1.482831732494382493e+00 1.058669947699692360e+00
1.495398103108741550e+00 9.788784123814080473e-01
1.507964473723100607e+00 9.651259357342183431e-01
1.520530844337459886e+00 1.035068294302660785e+00
1.533097214951818943e+00 1.049873546863997475e+00
1.545663585566178222e+00 1.022926429364750645e+00
1.558229956180537279e+00 1.095122524772833783e+00
1.570796326794896558e+00 8.820120125393626775e-01
1.583362697409255837e+00 1.140190067808942054e+00
1.595929068023614894e+00 1.181456986720355484e+00
1.608495438637974173e+00 9.205993879834991622e-01
1.621061809252333230e+00 8.713298645283633626e-01
1.633628179866692509e+00 8.463380654377818946e-01
1.646194550481051566e+00 9.457387459833476173e-01
1.658760921095410845e+00 9.981006566058916452e-01
1.671327291709770124e+00 1.108823097733449670e+00
1.683893662324129181e+00 9.166686492440807577e-01
1.696460032938488460e+00 1.042181067421597884e+00
1.709026403552847517e+00 1.096586620409991442e+00
1.721592774167206796e+00 1.183936503224272130e+00
1.734159144781565853e+00 1.071909745181152784e+00
1.746725515395925132e+00 9.416495760433438722e-01
1.759291886010284411e+00 9.061175218411293697e-01
1.771858256624643468e+00 9.108907081735584388e-01
1.784424627239002747e+00 8.911038867164370325e-01
1.796990997853361804e+00 1.089685762449835060e+00
1.809557368467721084e+00 8.259097199358751418e-01
1.822123739082079918e+00 8.727452033348176430e-01
1.834690109696438975e+00 9.454713224378502590e-01
1.847256480310798255e+00 1.015091391308095226e+00
1.859822850925157534e+00 8.316659613357922920e-01
1.872389221539516591e+00 8.685401961631228351e-01
1.884955592153875870e+00 8.928202979381496540e-01
1.897521962768234927e+00 9.258075609469977874e-01
1.910088333382594206e+00 1.130776967070350025e+00
1.922654703996953263e+00 1.089501452345370769e+00
1.935221074611312542e+00 1.081828073423579895e+00
1.947787445225671821e+00 8.596233126547820902e-01
1.960353815840030878e+00 9.851356515413104420e-01
1.972920186454390157e+00 8.262932430007270401e-01
1.985486557068749214e+00 8.754622782935025382e-01
1.998052927683108493e+00 9.301322633545343610e-01
2.010619298297467772e+00 8.281329775184216313e-01
2.023185668911826607e+00 9.931796862604737042e-01
2.035752039526185886e+00 1.044188656739911902e+00
2.048318410140545165e+00 9.202410982018751628e-01
2.060884780754904444e+00 8.427352772487476384e-01
2.073451151369263723e+00 9.036449682648489690e-01
2.086017521983622558e+00 7.144953615985760731e-01
2.098583892597981837e+00 7.739872172816733009e-01
2.111150263212341116e+00 9.282060861621052039e-01
2.123716633826700395e+00 8.234116603939189982e-01
2.136283004441059674e+00 9.843869212658433732e-01
2.148849375055418509e+00 7.784289183882673324e-01
2.161415745669777788e+00 6.928101028550819329e-01
2.173982116284137067e+00 9.144992285824969924e-01
2.186548486898496346e+00 6.416346173513081119e-01
2.199114857512855181e+00 9.016012971886911975e-01
2.211681228127214016e+00 8.348152734490138505e-01
2.224247598741573295e+00 6.160853798810113080e-01
2.236813969355932574e+00 5.995760245357373286e-01
2.249380339970291853e+00 8.683482428871959202e-01
2.261946710584651132e+00 7.688390129297556497e-01
2.274513081199009967e+00 8.035846704708227151e-01
2.287079451813369246e+00 5.583709076732839005e-01
2.299645822427728525e+00 6.615766066975214965e-01
2.312212193042087804e+00 6.738233571981415704e-01
2.324778563656447083e+00 7.056202700784197646e-01
2.337344934270805918e+00 7.802360599435995692e-01
2.349911304885165197e+00 6.795722451818981824e-01
2.362477675499524477e+00 7.245339135604822456e-01
2.375044046113883756e+00 6.425439947600217749e-01
2.387610416728242591e+00 5.532455747669697832e-01
2.400176787342601870e+00 7.383283669138601679e-01
2.412743157956961149e+00 7.268004908871587011e-01
2.425309528571320428e+00 6.832413025541815843e-01
2.437875899185679707e+00 7.242489709016184385e-01
2.450442269800038542e+00 6.607335705584397312e-01
2.463008640414397821e+00 7.436904383642546357e-01
2.475575011028757100e+00 6.830952707797898205e-01
2.488141381643116379e+00 5.996139279027851154e-01
2.500707752257475658e+00 4.694535566406669025e-01
2.513274122871834493e+00 6.999321894794109378e-01
2.525840493486193772e+00 4.567091438951753068e-01
2.538406864100553051e+00 4.916685261959201081e-01
2.550973234714912330e+00 7.061967481921915812e-01
2.563539605329271165e+00 4.731360978660443251e-01
2.576105975943630444e+00 5.689603142701590288e-01
2.588672346557989723e+00 5.826657428541219819e-01
2.601238717172349002e+00 5.212314797884572970e-01
2.613805087786708281e+00 5.559210731774307801e-01
2.626371458401067116e+00 5.619769067710037591e-01
2.638937829015425951e+00 3.953468155370095105e-01
2.651504199629785230e+00 4.096177503594272129e-01
2.664070570244144509e+00 4.868582677502947820e-01
2.676636940858503788e+00 7.123123544942511209e-01
2.689203311472863067e+00 6.126180998924428689e-01
2.701769682087221902e+00 5.518315429161472219e-01
2.714336052701581181e+00 4.422502828960597210e-01
2.726902423315940460e+00 2.795839864165574618e-01
2.739468793930299739e+00 3.362658395258690813e-01
2.752035164544658574e+00 4.244228223583041970e-01
2.764601535159017853e+00 3.204474932883782934e-01
2.777167905773377132e+00 2.096889681297294250e-01
2.789734276387736411e+00 3.824493523407963558e-01
2.802300647002095690e+00 2.788373217628885015e-01
2.814867017616454525e+00 4.246490597620456442e-01
2.827433388230813804e+00 4.969950308979023679e-01
2.839999758845173083e+00 9.297486957742290281e-02
2.852566129459532362e+00 2.240870743446852498e-01
2.865132500073891642e+00 3.759886159435634201e-01
2.877698870688250476e+00 2.576114801173564617e-01
2.890265241302609756e+00 1.383877839724440562e-01
2.902831611916969035e+00 4.300770271277060131e-01
2.915397982531328314e+00 2.809380185762482274e-01
2.927964353145687149e+00 1.766917988485330882e-01
2.940530723760046428e+00 8.860198317070751284e-02
2.953097094374405707e+00 -1.904424008699132087e-02
2.965663464988764986e+00 2.098227549285625326e-01
2.978229835603124265e+00 3.576988830224467897e-01
2.990796206217483100e+00 6.871221273245271821e-02
3.003362576831842379e+00 2.588180209858197411e-01
3.015928947446201214e+00 8.919652353945145551e-02
3.028495318060560493e+00 1.424785667490146013e-01
3.041061688674919772e+00 1.235613741120531878e-01
3.053628059289279051e+00 1.527365182590542103e-01
3.066194429903637886e+00 2.158964663465845479e-01
3.078760800517997165e+00 3.840648861475851744e-02
3.091327171132356444e+00 1.021040820436616980e-01
3.103893541746715723e+00 4.188723853921932222e-02
3.116459912361074558e+00 2.056361511819938814e-01
3.129026282975433837e+00 9.079431119910139070e-02
3.141592653589793116e+00 -7.709536176805147079e-02
3.154159024204152395e+00 1.537089947139131940e-01
3.166725394818511674e+00 -4.655725298557736314e-02
3.179291765432870509e+00 1.187055919626289063e-02
3.191858136047229788e+00 -1.391662951018133310e-01
3.204424506661589067e+00 -2.071241895072586936e-01
3.216990877275948346e+00 -4.740168684442895575e-02
3.229557247890307181e+00 -1.152384224064958995e-01
3.242123618504666460e+00 -9.465817611403239129e-02
3.254689989119025739e+00 -6.229805131016636494e-02
3.267256359733385018e+00 -2.325386716779758167e-01
3.279822730347744297e+00 -4.015209165666321078e-02
3.292389100962103132e+00 -1.525585338185539430e-01
3.304955471576462411e+00 -1.425835256186008537e-01
3.317521842190821690e+00 -2.182798295735433325e-01
3.330088212805180969e+00 -9.232766550228516111e-02
3.342654583419540248e+00 -2.065225196140683672e-01
3.355220954033899083e+00 -1.766732834146546860e-01
3.367787324648258362e+00 -2.080626418473633943e-01
3.380353695262617642e+00 -3.951121245542351668e-01
3.392920065876976921e+00 -4.044008460922100534e-01
3.405486436491335756e+00 -3.149478609414341768e-01
3.418052807105695035e+00 -3.224109976081683815e-01
3.430619177720054314e+00 -2.874649336797708843e-01
3.443185548334413593e+00 -2.931100646951858013e-01
3.455751918948772872e+00 -1.663118617214527084e-01
3.468318289563131707e+00 -2.999378245045529190e-01
3.480884660177490986e+00 -3.263765230077442792e-01
3.493451030791850265e+00 -4.715069698561176748e-01
3.506017401406209544e+00 -2.018375592485980863e-01
3.518583772020568823e+00 -3.986266775539412111e-01
3.531150142634927658e+00 -3.701584643348085901e-01
3.543716513249286937e+00 -3.680190091168235034e-01
3.556282883863646216e+00 -5.778635887602421306e-01
3.568849254478005495e+00 -4.004658198658360702e-01
3.581415625092364330e+00 -4.978305154606255112e-01
3.593981995706723609e+00 -2.875860802713114950e-01
3.606548366321082888e+00 -3.959699443680849140e-01
3.619114736935442167e+00 -3.511436293341159698e-01
3.631681107549800558e+00 -4.626025374258074252e-01
3.644247478164159837e+00 -3.532080875270560139e-01
3.656813848778519116e+00 -6.166401348146726136e-01
3.669380219392877951e+00 -6.110407001954263340e-01
3.681946590007237230e+00 -5.179621947775089330e-01
3.694512960621596509e+00 -3.577028256093393033e-01
3.707079331235955788e+00 -4.407991218820530577e-01
3.719645701850315067e+00 -5.575823077002504125e-01
3.732212072464673902e+00 -5.441478789085201218e-01
3.744778443079033181e+00 -4.639835212486255744e-01
3.757344813693392460e+00 -7.944626073005809364e-01
3.769911184307751739e+00 -5.027637088828775802e-01
3.782477554922110574e+00 -6.370999122375361479e-01
3.795043925536469853e+00 -6.679994270435577475e-01
3.807610296150829132e+00 -7.650323664743712282e-01
3.820176666765188411e+00 -6.508742394887717664e-01
3.832743037379547690e+00 -5.546715345591147761e-01
3.845309407993906525e+00 -5.346576078114286812e-01
3.857875778608265804e+00 -7.591678072992809057e-01
3.870442149222625083e+00 -7.091620081601351933e-01
3.883008519836984362e+00 -7.773770590912567613e-01
3.895574890451343641e+00 -9.074671932855379319e-01
3.908141261065702476e+00 -8.070343733405729303e-01
3.920707631680061755e+00 -7.540161948576034057e-01
3.933274002294421035e+00 -7.671481103674929747e-01
3.945840372908780314e+00 -5.804323309031500511e-01
3.958406743523139149e+00 -6.923789825894061112e-01
3.970973114137498428e+00 -6.736960143222447961e-01
3.983539484751857707e+00 -7.791116515124127950e-01
3.996105855366216986e+00 -6.674386329233708004e-01
4.008672225980576265e+00 -7.458101414791733497e-01
4.021238596594935544e+00 -7.708695670919787357e-01
4.033804967209294823e+00 -6.844794085916053872e-01
4.046371337823653214e+00 -7.664237361484008693e-01
4.058937708438012493e+00 -6.780779955040066032e-01
4.071504079052371772e+00 -9.346720413236599967e-01
4.084070449666731051e+00 -6.829080332385645269e-01
4.096636820281090330e+00 -7.351631066146246951e-01
4.109203190895449609e+00 -7.638846407510974101e-01
4.121769561509808888e+00 -7.488176979038448922e-01
4.134335932124168167e+00 -8.046929668779854161e-01
4.146902302738527446e+00 -7.818787441234097413e-01
4.159468673352886725e+00 -7.366922288397885765e-01
4.172035043967245116e+00 -8.635351945290851150e-01
4.184601414581604395e+00 -9.211006128837887497e-01
4.197167785195963674e+00 -8.277763745253395866e-01
4.209734155810322953e+00 -8.345851532338299794e-01
4.222300526424682232e+00 -9.558301118930516704e-01
4.234866897039041511e+00 -6.543889485042697629e-01
4.247433267653400790e+00 -8.901746657444342681e-01
4.259999638267760069e+00 -1.086650180767311680e+00
4.272566008882119348e+00 -9.135532668545978119e-01
4.285132379496477739e+00 -8.881211208238863897e-01
4.297698750110837018e+00 -9.927921736227073302e-01
4.310265120725196297e+00 -7.911036518592626798e-01
4.322831491339555576e+00 -1.043126064683863818e+00
4.335397861953914855e+00 -9.226530802593422287e-01
4.347964232568274134e+00 -8.500203609777340352e-01
4.360530603182633413e+00 -8.798593108485033287e-01
4.373096973796992692e+00 -8.383934379970063855e-01
4.385663344411351972e+00 -9.248593435940578589e-01
4.398229715025710362e+00 -1.061145544434173082e+00
4.410796085640069641e+00 -1.053590731482372700e+00
4.423362456254428032e+00 -9.414318819122050597e-01
4.435928826868787311e+00 -1.191435828386172791e+00
4.448495197483146590e+00 -9.463408218860992482e-01
4.461061568097505869e+00 -8.427875228094925397e-01
4.473627938711865148e+00 -1.019207581082170133e+00
4.486194309326224428e+00 -9.859709633277110585e-01
4.498760679940583707e+00 -1.034287438127916570e+00
4.511327050554942986e+00 -9.210537791181250267e-01
4.523893421169302265e+00 -1.085140080867328383e+00
4.536459791783661544e+00 -9.439841402569230100e-01
4.549026162398019935e+00 -9.028134603511328571e-01
4.561592533012379214e+00 -8.602997805204324333e-01
4.574158903626738493e+00 -7.857662377211264149e-01
4.586725274241097772e+00 -1.094563768587256680e+00
4.599291644855457051e+00 -1.292431730885014396e+00
4.611858015469816330e+00 -1.056707939022002662e+00
4.624424386084175609e+00 -9.985951840374712729e-01
4.636990756698534888e+00 -1.189407005158591657e+00
4.649557127312894167e+00 -1.011935184270013055e+00
4.662123497927252558e+00 -9.065920440100923017e-01
4.674689868541611837e+00 -1.013432159897098339e+00
4.687256239155971116e+00 -1.159345942915794847e+00
4.699822609770330395e+00 -9.008393323865393487e-01
4.712388980384689674e+00 -9.641337541586483262e-01
4.724955350999048953e+00 -1.058484466188478246e+00
4.737521721613408232e+00 -9.683436166488851304e-01
4.750088092227767511e+00 -1.021055679093389790e+00
4.762654462842126790e+00 -9.263224767594796516e-01
4.775220833456485181e+00 -1.046163457637796723e+00
4.787787204070844460e+00 -1.039684762757150605e+00
4.800353574685203739e+00 -1.108305831384468254e+00
4.812919945299563018e+00 -1.133684384198165862e+00
4.825486315913922297e+00 -8.960822067408609204e-01
4.838052686528281576e+00 -9.266200261870721766e-01
4.850619057142640855e+00 -9.312030221227760585e-01
4.863185427757000134e+00 -1.083188045675138156e+00
4.875751798371359413e+00 -9.875787892687895031e-01
4.888318168985717804e+00 -9.347326327318837835e-01
4.900884539600077083e+00 -1.043151910545515815e+00
4.913450910214436362e+00 -7.679212468567058192e-01
4.926017280828795641e+00 -8.920628017731535575e-01
4.938583651443154920e+00 -1.033985335531621308e+00
4.951150022057514200e+00 -9.355244232259578574e-01
4.963716392671873479e+00 -9.653862231341905353e-01
4.976282763286232758e+00 -1.049836804569848514e+00
4.988849133900592037e+00 -8.818906679734118681e-01
5.001415504514951316e+00 -8.187791755452471509e-01
5.013981875129309707e+00 -8.424249283991250836e-01
5.026548245743668986e+00 -8.510480364512897911e-01
5.039114616358028265e+00 -8.020020164941374929e-01
5.051680986972387544e+00 -8.819837292832087838e-01
5.064247357586746823e+00 -9.171682191072335621e-01
5.076813728201106102e+00 -8.925310812087017265e-01
5.089380098815465381e+00 -7.940460937155016108e-01
5.101946469429824660e+00 -7.877718638448428790e-01
5.114512840044183939e+00 -9.950060711814407988e-01
5.127079210658542330e+00 -8.899577602704062951e-01
5.139645581272901609e+00 -8.843661937705478149e-01
5.152211951887260888e+00 -8.002770912100474199e-01
5.164778322501620167e+00 -8.678458966564601695e-01
5.177344693115979446e+00 -9.980542530947855706e-01
5.189911063730338725e+00 -9.719706549846207633e-01
5.202477434344698004e+00 -9.371900258171710352e-01
5.215043804959057283e+00 -9.453651588388890525e-01
5.227610175573416562e+00 -7.480358559203449387e-01
5.240176546187774953e+00 -8.953778537615476596e-01
5.252742916802134232e+00 -7.083793676323641986e-01
5.265309287416492623e+00 -9.620856441458908170e-01
5.277875658030851902e+00 -9.625582278731971142e-01
5.290442028645211181e+00 -7.918443163271284835e-01
5.303008399259570460e+00 -8.746555397678492660e-01
5.315574769873929739e+00 -8.390138618650875291e-01
5.328141140488289018e+00 -7.364910269798090603e-01
5.340707511102648297e+00 -6.454043030913670931e-01
5.353273881717007576e+00 -9.077260348547757651e-01
5.365840252331366855e+00 -8.390190966933388506e-01
5.378406622945726134e+00 -6.885290498079003063e-01
5.390972993560084525e+00 -6.181590455242855775e-01
5.403539364174443804e+00 -7.604863585633878653e-01
5.416105734788803083e+00 -5.193513102878175580e-01
5.428672105403162362e+00 -7.902761205671903211e-01
5.441238476017521641e+00 -8.187455700764276756e-01
5.453804846631880920e+00 -6.829916830777268411e-01
5.466371217246240199e+00 -1.016421933642677855e+00
5.478937587860599479e+00 -8.621883735732642773e-01
5.491503958474958758e+00 -6.017960601879458471e-01
5.504070329089317148e+00 -6.543507841340219233e-01
5.516636699703676427e+00 -6.741718269510733608e-01
5.529203070318035707e+00 -7.620580046217103609e-01
5.541769440932394986e+00 -7.514622876193146617e-01
5.554335811546754265e+00 -6.262275552213600882e-01
5.566902182161113544e+00 -7.698518732475339021e-01
5.579468552775472823e+00 -5.326207572829381176e-01
5.592034923389832102e+00 -7.840559084525984268e-01
5.604601294004191381e+00 -7.534670678072663552e-01
5.617167664618549772e+00 -5.531961901334243592e-01
5.629734035232909051e+00 -5.632089546717190531e-01
5.642300405847268330e+00 -5.808541478954719617e-01
5.654866776461627609e+00 -5.182787619331409301e-01
5.667433147075986888e+00 -6.233980288248037738e-01
5.679999517690346167e+00 -6.995351847147792679e-01
5.692565888304705446e+00 -4.939798004268222131e-01
5.705132258919064725e+00 -5.828978890966538540e-01
5.717698629533424004e+00 -5.583079829983018660e-01
5.730265000147783283e+00 -4.798107620910063709e-01
5.742831370762141674e+00 -4.284730110017232474e-01
5.755397741376500953e+00 -3.112005030994018373e-01
5.767964111990860232e+00 -3.129754227887006079e-01
5.780530482605219511e+00 -4.911156124872350093e-01
5.793096853219578790e+00 -4.913424119607373575e-01
5.805663223833938069e+00 -4.727290171393477847e-01
5.818229594448297348e+00 -5.340142779467776935e-01
5.830795965062656627e+00 -1.906814275060040309e-01
5.843362335677015906e+00 -5.082311672173648320e-01
5.855928706291374297e+00 -4.163114024779907552e-01
5.868495076905733576e+00 -3.025747334669287025e-01
5.881061447520092855e+00 -6.216257526161622637e-01
5.893627818134452134e+00 -3.075631962247894480e-01
5.906194188748811413e+00 -4.102287738071911383e-01
5.918760559363170692e+00 -3.718659544797602301e-01
5.931326929977529971e+00 -2.619430693535790278e-01
5.943893300591889250e+00 -4.142151842667312622e-01
5.956459671206248530e+00 -3.430189104422394775e-01
5.969026041820606920e+00 -2.769799249334623514e-01
5.981592412434966199e+00 -4.248968108020314549e-01
5.994158783049325478e+00 -2.938863672444640973e-01
6.006725153663684758e+00 -4.274331807726987620e-01
6.019291524278044037e+00 -1.049475971097248717e-01
6.031857894892402427e+00 -1.674161957952979840e-01
6.044424265506761706e+00 -1.228710658055182370e-01
6.056990636121120986e+00 -1.714150500959564782e-01
6.069557006735480265e+00 -1.355129808074427289e-01
6.082123377349839544e+00 -3.128227257455972188e-01
6.094689747964198823e+00 -2.770366501256716907e-01
6.107256118578558102e+00 -3.106289773544080313e-01
6.119822489192916493e+00 -2.625237062234164753e-01
6.132388859807275772e+00 -2.845948409349453589e-01
6.144955230421635051e+00 -1.232599045789286585e-01
6.157521601035994330e+00 -1.689880796832967380e-01
6.170087971650353609e+00 -2.072336755013014509e-01
6.182654342264712888e+00 -1.770987140136961457e-01
6.195220712879072167e+00 -1.375979199182720270e-01
6.207787083493431446e+00 -9.403451764665560209e-02
6.220353454107790725e+00 -1.641478219552870432e-01
6.232919824722149116e+00 -1.234576621372188848e-02
6.245486195336508395e+00 2.725029535218149307e-02
6.258052565950867674e+00 -6.718772370361612845e-02
6.270618936565226953e+00 -1.218539028522743345e-01
