0.000000000000000000e+00 -5.934683344725575488e-02
1.256637061435917323e-02 2.309838591584721657e-02
2.513274122871834645e-02 -1.043715904377345155e-01
3.769911184307751795e-02 1.403086396174749173e-01
5.026548245743669291e-02 8.065754704097888306e-02
6.283185307179586787e-02 -7.548661976963776110e-02
7.539822368615503589e-02 1.587343554461519979e-01
8.796459430051420392e-02 1.249313872582782370e-01
1.005309649148733858e-01 1.555644855110798752e-01
1.130973355292325677e-01 5.508422226856330567e-02
1.256637061435917357e-01 6.053639202413958753e-02
1.382300767579508760e-01 -2.529119915779262651e-02
1.507964473723100718e-01 2.944443169588192299e-01
1.633628179866692676e-01 2.710292184825838224e-01
1.759291886010284078e-01 2.246275647924939611e-01
1.884955592153875759e-01 1.917590659020341759e-01
2.010619298297467716e-01 2.083950867628044656e-01
2.136283004441059397e-01 6.699369278179392873e-02
2.261946710584651354e-01 1.508517600101124678e-01
2.387610416728242757e-01 8.371071508722216503e-02
2.513274122871834715e-01 3.127730618389200079e-01
2.638937829015426395e-01 1.725327018551890412e-01
2.764601535159017520e-01 2.819576814920554675e-01
2.890265241302609756e-01 3.563502484117694324e-01
3.015928947446201436e-01 1.403458536344963092e-01
3.141592653589793116e-01 2.663153552341854802e-01
3.267256359733385351e-01 1.144821257747805077e-01
3.392920065876976476e-01 2.950057144969967515e-01
3.518583772020568157e-01 3.363977762678568850e-01
3.644247478164160392e-01 5.375767486597710088e-01
3.769911184307751517e-01 3.628523722350860403e-01
3.895574890451343197e-01 4.097671280208554090e-01
4.021238596594935433e-01 3.843840721535841110e-01
4.146902302738527113e-01 3.548807717580356735e-01
4.272566008882118793e-01 3.394914189841752861e-01
4.398229715025711029e-01 4.595917893840327229e-01
4.523893421169302709e-01 3.387066513547571378e-01
4.649557127312893834e-01 3.525628828498719169e-01
4.775220833456485514e-01 4.473705285132212328e-01
4.900884539600077194e-01 5.029562888119256669e-01
5.026548245743669430e-01 2.439210717117610283e-01
5.152211951887261110e-01 6.591930601389629496e-01
5.277875658030852790e-01 4.950437707637801998e-01
5.403539364174444470e-01 5.684018722771544407e-01
5.529203070318035040e-01 4.575193214254676399e-01
5.654866776461627831e-01 5.997386119417403849e-01
5.780530482605219511e-01 3.974390853811806679e-01
5.906194188748811191e-01 5.652229265515522627e-01
6.031857894892402872e-01 4.921022514641210654e-01
6.157521601035994552e-01 6.721480305222702345e-01
6.283185307179586232e-01 6.305260962664450686e-01
6.408849013323177912e-01 6.315413857535318032e-01
6.534512719466770703e-01 6.567349301970923925e-01
6.660176425610361273e-01 7.208473324110256097e-01
6.785840131753952953e-01 6.528914055752536028e-01
6.911503837897544633e-01 6.496610465502363763e-01
7.037167544041136313e-01 6.903649802607714214e-01
7.162831250184729104e-01 6.382431935036751991e-01
7.288494956328320784e-01 5.884819912989698310e-01
7.414158662471912464e-01 6.661426935067442656e-01
7.539822368615503034e-01 4.935033825428362109e-01
7.665486074759094715e-01 8.071251875625118366e-01
7.791149780902686395e-01 6.250249286446909469e-01
7.916813487046279185e-01 7.573428133656561201e-01
8.042477193189870865e-01 5.353055203987662214e-01
8.168140899333462546e-01 7.843283868826145255e-01
8.293804605477054226e-01 7.259292443301814668e-01
8.419468311620645906e-01 6.918586177489125522e-01
8.545132017764237586e-01 7.095831144391387957e-01
8.670795723907829267e-01 9.319219106753244830e-01
8.796459430051422057e-01 9.922314954265945008e-01
8.922123136195013737e-01 8.724277124330763744e-01
9.047786842338605418e-01 7.392954757428182866e-01
9.173450548482194877e-01 7.775696759397778823e-01
9.299114254625787668e-01 7.050320467534563207e-01
9.424777960769379348e-01 8.428835463995538735e-01
9.550441666912971028e-01 9.102520567720557843e-01
9.676105373056562708e-01 8.472314543727088587e-01
9.801769079200154389e-01 1.008716027608637322e+00
9.927432785343746069e-01 9.989395650785699576e-01
1.005309649148733886e+00 7.491364107810001283e-01
1.017876019763092943e+00 7.470126777975720778e-01
1.030442390377452222e+00 9.754532455570397165e-01
1.043008760991811279e+00 9.188300343108464219e-01
1.055575131606170558e+00 7.521786706898287989e-01
1.068141502220529837e+00 9.344707476593661077e-01
1.080707872834888894e+00 7.880043701964888347e-01
1.093274243449248173e+00 1.025371040573915149e+00
1.105840614063607008e+00 1.014557986850745941e+00
1.118406984677966287e+00 8.507582213404105698e-01
1.130973355292325566e+00 1.066809095441129784e+00
1.143539725906684623e+00 1.029441498581817660e+00
1.156106096521043902e+00 8.954603687541333734e-01
1.168672467135402959e+00 9.106715551760548033e-01
1.181238837749762238e+00 9.343291570722265238e-01
1.193805208364121295e+00 8.582443850818797237e-01
1.206371578978480574e+00 8.231276719677376175e-01
1.218937949592839853e+00 9.330966201647009628e-01
1.231504320207198910e+00 9.048074914201100771e-01
1.244070690821558189e+00 8.692259159550531633e-01
1.256637061435917246e+00 1.103531602118172916e+00
1.269203432050276525e+00 9.021756152441514631e-01
1.281769802664635582e+00 1.095846606297180115e+00
1.294336173278994861e+00 7.949738819449021499e-01
1.306902543893354141e+00 9.113201484836658262e-01
1.319468914507712975e+00 8.223066178301479123e-01
1.332035285122072255e+00 1.060649201288405896e+00
1.344601655736431534e+00 1.182229023578296845e+00
1.357168026350790591e+00 9.904204847525096556e-01
1.369734396965149870e+00 9.708294055607221695e-01
1.382300767579508927e+00 9.779399728442922379e-01
1.394867138193868206e+00 1.083012698559925546e+00
1.407433508808227263e+00 1.021905990262607977e+00
1.419999879422586542e+00 1.055456052932004285e+00
1.432566250036945821e+00 8.601703026741343017e-01
1.445132620651304878e+00 8.899645169006416001e-01
1.457698991265664157e+00 9.957756311901756474e-01
1.470265361880023214e+00 1.025504780658479387e+00
1.482831732494382493e+00 8.355056368545835666e-01
1.495398103108741550e+00 9.723048720850110405e-01
1.507964473723100607e+00 9.039016315093481024e-01
1.520530844337459886e+00 1.031070102234101338e+00
1.533097214951818943e+00 6.890845081873395728e-01
1.545663585566178222e+00 1.118398260589825943e+00
1.558229956180537279e+00 9.620897719699813555e-01
1.570796326794896558e+00 7.922192578458425727e-01
1.583362697409255837e+00 1.052775104294831454e+00
1.595929068023614894e+00 9.787055666679859156e-01
1.608495438637974173e+00 1.070502759311236174e+00
1.621061809252333230e+00 7.831417340746799072e-01
1.633628179866692509e+00 8.390767554190627919e-01
1.646194550481051566e+00 1.018701216742446292e+00
1.658760921095410845e+00 1.125681079187928146e+00
1.671327291709770124e+00 1.244643542981729301e+00
1.683893662324129181e+00 9.873094496173451251e-01
1.696460032938488460e+00 1.062889562347930639e+00
1.709026403552847517e+00 8.384932828567672747e-01
1.721592774167206796e+00 8.368192630770082685e-01
1.734159144781565853e+00 1.128158608905247773e+00
1.746725515395925132e+00 9.704655107620894228e-01
1.759291886010284411e+00 1.116608164670803260e+00
1.771858256624643468e+00 7.749133635323846025e-01
1.784424627239002747e+00 1.053956783971688571e+00
1.796990997853361804e+00 1.013528652119014550e+00
1.809557368467721084e+00 1.137937658949069730e+00
1.822123739082079918e+00 8.323323852443930138e-01
1.834690109696438975e+00 9.167612251796859457e-01
1.847256480310798255e+00 1.006152726957900034e+00
1.859822850925157534e+00 9.093794469382108225e-01
1.872389221539516591e+00 9.280667326979661347e-01
1.884955592153875870e+00 1.067645607393378437e+00
1.897521962768234927e+00 1.050721213966906209e+00
1.910088333382594206e+00 1.002326547843108484e+00
1.922654703996953263e+00 8.057402976334681055e-01
1.935221074611312542e+00 8.064449360571610548e-01
1.947787445225671821e+00 9.773297212207389117e-01
1.960353815840030878e+00 7.353825835878767814e-01
1.972920186454390157e+00 9.403009423980240866e-01
1.985486557068749214e+00 9.685043685093401855e-01
1.998052927683108493e+00 9.329136403678084388e-01
2.010619298297467772e+00 8.982387407110326016e-01
2.023185668911826607e+00 1.067541033793231842e+00
2.035752039526185886e+00 1.023438196112503196e+00
2.048318410140545165e+00 9.181599968714719839e-01
2.060884780754904444e+00 8.832860494741014978e-01
2.073451151369263723e+00 9.921137825384054310e-01
2.086017521983622558e+00 8.077904896827476922e-01
2.098583892597981837e+00 9.330859833359801403e-01
2.111150263212341116e+00 9.713869091661392341e-01
2.123716633826700395e+00 8.444463776025955548e-01
2.136283004441059674e+00 9.092354611259513275e-01
2.148849375055418509e+00 7.059750680330676431e-01
2.161415745669777788e+00 8.790299635260598876e-01
2.173982116284137067e+00 8.915503493918154332e-01
2.186548486898496346e+00 9.774472536753919805e-01
2.199114857512855181e+00 8.094626734990583161e-01
2.211681228127214016e+00 8.459476718916278948e-01
2.224247598741573295e+00 8.414939731759687458e-01
2.236813969355932574e+00 6.270633325010002146e-01
2.249380339970291853e+00 8.538002481391688825e-01
2.261946710584651132e+00 9.386310430649040804e-01
2.274513081199009967e+00 7.972769320062556009e-01
2.287079451813369246e+00 8.385733258071470519e-01
2.299645822427728525e+00 5.973080099763969919e-01
2.312212193042087804e+00 6.646185254779505280e-01
2.324778563656447083e+00 6.456545479689396183e-01
2.337344934270805918e+00 7.843655867162997453e-01
2.349911304885165197e+00 6.082253132731916256e-01
2.362477675499524477e+00 6.197263141876903081e-01
2.375044046113883756e+00 5.828186731670494947e-01
2.387610416728242591e+00 6.806810173670290176e-01
2.400176787342601870e+00 7.007155184522165792e-01
2.412743157956961149e+00 5.355667479650503271e-01
2.425309528571320428e+00 6.344140960462513190e-01
2.437875899185679707e+00 7.582321986438946837e-01
2.450442269800038542e+00 6.462298538506392465e-01
2.463008640414397821e+00 5.252477817406949745e-01
2.475575011028757100e+00 4.538754171496793832e-01
2.488141381643116379e+00 7.097274415199708031e-01
2.500707752257475658e+00 7.767738314006700229e-01
2.513274122871834493e+00 5.482752916734443538e-01
2.525840493486193772e+00 6.012974738829708343e-01
2.538406864100553051e+00 5.023613520553483758e-01
2.550973234714912330e+00 6.865505520717423149e-01
2.563539605329271165e+00 4.339514113091859637e-01
2.576105975943630444e+00 5.362601435565722552e-01
2.588672346557989723e+00 6.804508782371229136e-01
2.601238717172349002e+00 7.019786008295305635e-01
2.613805087786708281e+00 5.724028405831748101e-01
2.626371458401067116e+00 4.721166744442552576e-01
2.638937829015425951e+00 3.768077351072596226e-01
2.651504199629785230e+00 3.816868089086793980e-01
2.664070570244144509e+00 5.427544948978821893e-01
2.676636940858503788e+00 2.922071541867256594e-01
2.689203311472863067e+00 4.757344315742608187e-01
2.701769682087221902e+00 4.871066111878787908e-01
2.714336052701581181e+00 1.129712806194816954e-01
2.726902423315940460e+00 3.617663834515690846e-01
2.739468793930299739e+00 2.772102242350312773e-01
2.752035164544658574e+00 3.997956545842091258e-01
2.764601535159017853e+00 4.993493976975249549e-01
2.777167905773377132e+00 5.598417916438763742e-01
2.789734276387736411e+00 4.544750072385823625e-01
2.802300647002095690e+00 2.497412128166064393e-01
2.814867017616454525e+00 3.114934866646583145e-01
2.827433388230813804e+00 2.636009324443485680e-01
2.839999758845173083e+00 2.667437090912158082e-01
2.852566129459532362e+00 2.081641967036626517e-01
2.865132500073891642e+00 3.195767701672704852e-01
2.877698870688250476e+00 1.343353726017071093e-01
2.890265241302609756e+00 2.386575519660737166e-01
2.902831611916969035e+00 1.324391449851947955e-01
2.915397982531328314e+00 1.520078159399576578e-01
2.927964353145687149e+00 3.644992595266197677e-01
2.940530723760046428e+00 1.715283902576933417e-01
2.953097094374405707e+00 2.333486440450268096e-01
2.965663464988764986e+00 2.521121839348683946e-01
2.978229835603124265e+00 1.528165123834250849e-01
2.990796206217483100e+00 1.202590460372859743e-01
3.003362576831842379e+00 -2.365491806900538174e-02
3.015928947446201214e+00 2.761800069417077452e-01
3.028495318060560493e+00 -1.456788080260215112e-01
3.041061688674919772e+00 6.186659278988275446e-02
3.053628059289279051e+00 7.444342784394430979e-02
3.066194429903637886e+00 1.557313954375677822e-01
3.078760800517997165e+00 -1.154852255187212018e-01
3.091327171132356444e+00 1.292730275914879268e-01
3.103893541746715723e+00 7.186355877233159550e-02
3.116459912361074558e+00 6.325106313469086583e-02
3.129026282975433837e+00 9.660864576981366414e-02
3.141592653589793116e+00 2.300980613144970599e-02
3.154159024204152395e+00 2.561489469253520612e-01
3.166725394818511674e+00 -3.991810237876164402e-02
3.179291765432870509e+00 5.678842400952745229e-02
3.191858136047229788e+00 -9.661125505697737426e-02
3.204424506661589067e+00 4.987450268048425339e-02
3.216990877275948346e+00 -1.123414551802107142e-01
3.229557247890307181e+00 -3.445289084603428420e-02
3.242123618504666460e+00 2.461522297274088000e-02
3.254689989119025739e+00 -1.353185138605435267e-02
3.267256359733385018e+00 -1.854694973651680734e-01
3.279822730347744297e+00 -8.516481103795574270e-02
3.292389100962103132e+00 -1.167382692879515016e-01
3.304955471576462411e+00 -1.483471441688259951e-01
3.317521842190821690e+00 -1.415656961599790487e-01
3.330088212805180969e+00 -1.264043794549185584e-01
3.342654583419540248e+00 -1.751619197656974491e-01
3.355220954033899083e+00 -3.661515767428319412e-01
3.367787324648258362e+00 -3.215493268014366635e-01
3.380353695262617642e+00 -3.289683461062069547e-01
3.392920065876976921e+00 -1.610191367270436547e-01
3.405486436491335756e+00 -1.870434283014458798e-01
3.418052807105695035e+00 -1.350247023085341946e-01
3.430619177720054314e+00 -3.425031788489346640e-01
3.443185548334413593e+00 -1.876243975270976694e-01
3.455751918948772872e+00 -4.407429396648762099e-01
3.468318289563131707e+00 -3.238363900846858989e-01
3.480884660177490986e+00 -5.217643271913121605e-01
3.493451030791850265e+00 -2.359560209914990381e-01
3.506017401406209544e+00 -1.813559277739260622e-01
3.518583772020568823e+00 -3.604023658821186582e-01
3.531150142634927658e+00 -1.846700909619922448e-01
3.543716513249286937e+00 -2.706655564295930017e-01
3.556282883863646216e+00 -3.112378386493419025e-01
3.568849254478005495e+00 -4.164471403889925538e-01
3.581415625092364330e+00 -4.664181503890126312e-01
3.593981995706723609e+00 -4.252565055288383689e-01
3.606548366321082888e+00 -5.745958693987389676e-01
3.619114736935442167e+00 -5.091809590517210049e-01
3.631681107549800558e+00 -3.535767390481622252e-01
3.644247478164159837e+00 -3.531153244166448379e-01
3.656813848778519116e+00 -3.653259851289363258e-01
3.669380219392877951e+00 -5.507267733236643759e-01
3.681946590007237230e+00 -5.013931554485232533e-01
3.694512960621596509e+00 -5.192792234484118197e-01
3.707079331235955788e+00 -6.995315997223010562e-01
3.719645701850315067e+00 -4.097936494311467115e-01
3.732212072464673902e+00 -7.281552490227085617e-01
3.744778443079033181e+00 -4.967472619751399088e-01
3.757344813693392460e+00 -5.117462045782958935e-01
3.769911184307751739e+00 -6.603381310478065869e-01
3.782477554922110574e+00 -6.952839867823831232e-01
3.795043925536469853e+00 -7.947936674816402647e-01
3.807610296150829132e+00 -7.037181634423623766e-01
3.820176666765188411e+00 -5.262279190113728911e-01
3.832743037379547690e+00 -6.808154136379672705e-01
3.845309407993906525e+00 -7.065033623048700973e-01
3.857875778608265804e+00 -6.893111126259259258e-01
3.870442149222625083e+00 -7.264602080829855035e-01
3.883008519836984362e+00 -6.997312336411218858e-01
3.895574890451343641e+00 -6.723248606130498572e-01
3.908141261065702476e+00 -6.386110808710112607e-01
3.920707631680061755e+00 -5.792426485563906269e-01
3.933274002294421035e+00 -8.739308419398983396e-01
3.945840372908780314e+00 -8.775480450255475073e-01
3.958406743523139149e+00 -6.828820154621662031e-01
3.970973114137498428e+00 -7.421427071936360642e-01
3.983539484751857707e+00 -6.425935143765367785e-01
3.996105855366216986e+00 -7.727147057075757219e-01
4.008672225980576265e+00 -7.650038835839960694e-01
4.021238596594935544e+00 -7.847872007939411532e-01
4.033804967209294823e+00 -9.536364600001266956e-01
4.046371337823653214e+00 -7.194298731460890828e-01
4.058937708438012493e+00 -8.981917180333334194e-01
4.071504079052371772e+00 -7.440612843523588538e-01
4.084070449666731051e+00 -7.078765217941200838e-01
4.096636820281090330e+00 -8.722311607820771862e-01
4.109203190895449609e+00 -8.043162768542800878e-01
4.121769561509808888e+00 -7.585761079639921078e-01
4.134335932124168167e+00 -9.700920343439107807e-01
4.146902302738527446e+00 -7.780245040325529660e-01
4.159468673352886725e+00 -9.631800705075903579e-01
4.172035043967245116e+00 -6.513930217030361458e-01
4.184601414581604395e+00 -9.710201194607332997e-01
4.197167785195963674e+00 -7.833776201256595906e-01
4.209734155810322953e+00 -9.505091834163726938e-01
4.222300526424682232e+00 -9.947764068777453783e-01
4.234866897039041511e+00 -9.595304040660894707e-01
4.247433267653400790e+00 -8.954652781834339104e-01
4.259999638267760069e+00 -9.796089941731622730e-01
4.272566008882119348e+00 -8.465470955118856722e-01
4.285132379496477739e+00 -1.006555381920010594e+00
4.297698750110837018e+00 -1.016336986735769887e+00
4.310265120725196297e+00 -1.076463770740462511e+00
4.322831491339555576e+00 -8.465916668159174652e-01
4.335397861953914855e+00 -9.861290884747989649e-01
4.347964232568274134e+00 -6.655863654027494025e-01
4.360530603182633413e+00 -1.107155308510694880e+00
4.373096973796992692e+00 -1.091674271292246923e+00
4.385663344411351972e+00 -9.878374836271175408e-01
4.398229715025710362e+00 -1.004729537517408344e+00
4.410796085640069641e+00 -9.346561759396990743e-01
4.423362456254428032e+00 -9.546485601257390652e-01
4.435928826868787311e+00 -9.379875703029789680e-01
4.448495197483146590e+00 -1.158747475664210436e+00
4.461061568097505869e+00 -1.056503327707052131e+00
4.473627938711865148e+00 -1.018375638231142633e+00
4.486194309326224428e+00 -9.179260985835797637e-01
4.498760679940583707e+00 -9.946961775579413745e-01
4.511327050554942986e+00 -1.081607980962579152e+00
4.523893421169302265e+00 -1.078118793928181773e+00
4.536459791783661544e+00 -1.069369267338715401e+00
4.549026162398019935e+00 -8.552602810090302876e-01
4.561592533012379214e+00 -9.355102121056040332e-01
4.574158903626738493e+00 -1.016245364150535568e+00
4.586725274241097772e+00 -8.074508405958271684e-01
4.599291644855457051e+00 -9.232312288408792700e-01
4.611858015469816330e+00 -1.110251568117135879e+00
4.624424386084175609e+00 -9.877192664328159344e-01
4.636990756698534888e+00 -8.953995729176139617e-01
4.649557127312894167e+00 -9.757504391116920139e-01
4.662123497927252558e+00 -8.972541048374352846e-01
4.674689868541611837e+00 -9.945868212074451264e-01
4.687256239155971116e+00 -1.058614817946724962e+00
4.699822609770330395e+00 -9.818144879739255648e-01
4.712388980384689674e+00 -1.049717717023136210e+00
4.724955350999048953e+00 -1.024810858957386328e+00
4.737521721613408232e+00 -1.144413542629544311e+00
4.750088092227767511e+00 -9.315434423518857976e-01
4.762654462842126790e+00 -1.051575868729470731e+00
4.775220833456485181e+00 -1.149407002636428921e+00
4.787787204070844460e+00 -9.466373701169278343e-01
4.800353574685203739e+00 -8.576009242397447663e-01
4.812919945299563018e+00 -9.438147010998807485e-01
4.825486315913922297e+00 -1.030491834755051794e+00
4.838052686528281576e+00 -1.108845320673852886e+00
4.850619057142640855e+00 -8.216107229411856450e-01
4.863185427757000134e+00 -9.910519315845859323e-01
4.875751798371359413e+00 -8.879644667917891976e-01
4.888318168985717804e+00 -1.195621224987114095e+00
4.900884539600077083e+00 -1.051362652294208111e+00
4.913450910214436362e+00 -1.128318112798941231e+00
4.926017280828795641e+00 -9.088069364885578150e-01
4.938583651443154920e+00 -8.755943830676465867e-01
4.951150022057514200e+00 -1.040551705992552645e+00
4.963716392671873479e+00 -1.051609074089585594e+00
4.976282763286232758e+00 -9.714653642271036116e-01
4.988849133900592037e+00 -1.093029262554308101e+00
5.001415504514951316e+00 -8.705423661316293860e-01
5.013981875129309707e+00 -1.037368099171442681e+00
5.026548245743668986e+00 -8.941640792654731440e-01
5.039114616358028265e+00 -1.031701177970626215e+00
5.051680986972387544e+00 -9.041430195362102351e-01
5.064247357586746823e+00 -8.784808792167526637e-01
5.076813728201106102e+00 -1.055069565499247242e+00
5.089380098815465381e+00 -7.566010449780986580e-01
5.101946469429824660e+00 -8.741659015672672561e-01
5.114512840044183939e+00 -8.593078732707176703e-01
5.127079210658542330e+00 -8.447714372709651531e-01
5.139645581272901609e+00 -7.374393128783731655e-01
5.152211951887260888e+00 -7.533568795652774153e-01
5.164778322501620167e+00 -1.032198987103513765e+00
5.177344693115979446e+00 -8.834170283702397208e-01
5.189911063730338725e+00 -8.474306999652767569e-01
5.202477434344698004e+00 -1.133269930916889434e+00
5.215043804959057283e+00 -9.871332367265360785e-01
5.227610175573416562e+00 -9.596154070685842807e-01
5.240176546187774953e+00 -8.391298953903666424e-01
5.252742916802134232e+00 -8.935841484560341774e-01
5.265309287416492623e+00 -8.532702314332520910e-01
5.277875658030851902e+00 -9.201856554618178530e-01
5.290442028645211181e+00 -8.586686381243614496e-01
5.303008399259570460e+00 -9.217809597864916604e-01
5.315574769873929739e+00 -8.676974684739928723e-01
5.328141140488289018e+00 -9.026658040145383310e-01
5.340707511102648297e+00 -8.094500760271760020e-01
5.353273881717007576e+00 -7.569752948009287330e-01
5.365840252331366855e+00 -7.228480457209689458e-01
5.378406622945726134e+00 -8.822872979253301162e-01
5.390972993560084525e+00 -7.726170323014507346e-01
5.403539364174443804e+00 -8.141404199219566262e-01
5.416105734788803083e+00 -8.925356564806359305e-01
5.428672105403162362e+00 -7.402796396840224391e-01
5.441238476017521641e+00 -7.517273826477858245e-01
5.453804846631880920e+00 -6.853697721267374421e-01
5.466371217246240199e+00 -8.801232748782348292e-01
5.478937587860599479e+00 -8.870363334342429296e-01
5.491503958474958758e+00 -9.394155933757929455e-01
5.504070329089317148e+00 -8.479829735023326487e-01
5.516636699703676427e+00 -7.277974977479502172e-01
5.529203070318035707e+00 -6.799914024038793414e-01
5.541769440932394986e+00 -5.539288517232744402e-01
5.554335811546754265e+00 -8.437324874593885582e-01
5.566902182161113544e+00 -4.141540932020291721e-01
5.579468552775472823e+00 -3.791686385527387460e-01
5.592034923389832102e+00 -7.131119942735616446e-01
5.604601294004191381e+00 -6.072301029280245954e-01
5.617167664618549772e+00 -6.319062973923551541e-01
5.629734035232909051e+00 -6.049168620051285084e-01
5.642300405847268330e+00 -4.625462546205312275e-01
5.654866776461627609e+00 -5.332965342404204501e-01
5.667433147075986888e+00 -4.917783363184003997e-01
5.679999517690346167e+00 -5.596360527109714988e-01
5.692565888304705446e+00 -4.267015596980654468e-01
5.705132258919064725e+00 -5.868173620112525635e-01
5.717698629533424004e+00 -6.900870624129296083e-01
5.730265000147783283e+00 -6.303493925821878063e-01
5.742831370762141674e+00 -5.034200967732527232e-01
5.755397741376500953e+00 -3.964057760688001197e-01
5.767964111990860232e+00 -2.711058546367158817e-01
5.780530482605219511e+00 -4.370355752049115972e-01
5.793096853219578790e+00 -3.434533428248764952e-01
5.805663223833938069e+00 -4.100308542177747984e-01
5.818229594448297348e+00 -2.611584837028356754e-01
5.830795965062656627e+00 -4.905348986389527211e-01
5.843362335677015906e+00 -3.536747197120309050e-01
5.855928706291374297e+00 -3.240746492638310050e-01
5.868495076905733576e+00 -5.703026883617066112e-01
5.881061447520092855e+00 -5.163253352411734109e-01
5.893627818134452134e+00 -3.421775266318475284e-01
5.906194188748811413e+00 -3.173805544705755044e-01
5.918760559363170692e+00 -2.970022118950510492e-01
5.931326929977529971e+00 -4.091889776782072774e-01
5.943893300591889250e+00 -2.321598121440702212e-01
5.956459671206248530e+00 -3.896309568402700485e-01
5.969026041820606920e+00 -2.897746441685328245e-01
5.981592412434966199e+00 -1.350259306646719726e-01
5.994158783049325478e+00 -1.991706538479650068e-01
6.006725153663684758e+00 -1.921046473256289300e-01
6.019291524278044037e+00 -3.290499720127649796e-01
6.031857894892402427e+00 -3.470132433277561823e-01
6.044424265506761706e+00 -2.308050792573458909e-01
6.056990636121120986e+00 -2.483042506299014129e-01
6.069557006735480265e+00 -8.379554094470506587e-02
6.082123377349839544e+00 -3.089139623345598107e-01
6.094689747964198823e+00 -2.569598905855750015e-01
6.107256118578558102e+00 -1.916222015849607385e-01
6.119822489192916493e+00 7.499899277878102621e-02
6.132388859807275772e+00 -2.175138391473860344e-01
6.144955230421635051e+00 -1.772014702467976655e-01
6.157521601035994330e+00 -2.352221870428275463e-01
6.170087971650353609e+00 -2.738722412183531851e-01
6.182654342264712888e+00 -5.176447978909150260e-02
6.195220712879072167e+00 -1.670434177100855178e-01
6.207787083493431446e+00 -1.128632254471590435e-01
6.220353454107790725e+00 -2.319498901492778736e-02
6.232919824722149116e+00 2.653815556444021062e-02
6.245486195336508395e+00 -2.004392434338775619e-01
6.258052565950867674e+00 1.268312011998209976e-01
6.270618936565226953e+00 6.202477270140918653e-02
