0.000000000000000000e+00 -3.215135404295936181e-03
1.256637061435917323e-02 -4.615097857304407969e-02
2.513274122871834645e-02 6.155652760165587767e-02
3.769911184307751795e-02 -1.364063233083035592e-02
5.026548245743669291e-02 5.612365713317009341e-02
6.283185307179586787e-02 1.719493413585552744e-01
7.539822368615503589e-02 -3.075949554982271295e-02
8.796459430051420392e-02 -8.721002202848315843e-02
1.005309649148733858e-01 2.660915526440525702e-02
1.130973355292325677e-01 5.466128304141684713e-03
1.256637061435917357e-01 1.301340165019011230e-01
1.382300767579508760e-01 1.889031675001936472e-01
1.507964473723100718e-01 1.999067748190534455e-01
1.633628179866692676e-01 1.613436308923665019e-01
1.759291886010284078e-01 1.462557569371723543e-01
1.884955592153875759e-01 2.236922086203205207e-01
2.010619298297467716e-01 2.821204327720074900e-01
2.136283004441059397e-01 1.374163511037118646e-01
2.261946710584651354e-01 2.814411432618609821e-01
2.387610416728242757e-01 4.307075858628106602e-03
2.513274122871834715e-01 1.188938209187925255e-01
2.638937829015426395e-01 2.634215705037120103e-01
2.764601535159017520e-01 2.467040688822489392e-01
2.890265241302609756e-01 3.499514322333908134e-01
3.015928947446201436e-01 3.214818475016394395e-01
3.141592653589793116e-01 1.642357386490069793e-01
3.267256359733385351e-01 3.424461830884656388e-01
3.392920065876976476e-01 3.547328943420421377e-01
3.518583772020568157e-01 3.392688939242756718e-01
3.644247478164160392e-01 3.886418573030794299e-01
3.769911184307751517e-01 4.395849205474021693e-01
3.895574890451343197e-01 3.960730380923303540e-01
4.021238596594935433e-01 3.927811714347619887e-01
4.146902302738527113e-01 3.282826358182347470e-01
4.272566008882118793e-01 5.219206700720565584e-01
4.398229715025711029e-01 2.903544899790352907e-01
4.523893421169302709e-01 3.993574022410733004e-01
4.649557127312893834e-01 4.587252710071556550e-01
4.775220833456485514e-01 3.690146422393323911e-01
4.900884539600077194e-01 3.291209194266084825e-01
5.026548245743669430e-01 4.440473564771830750e-01
5.152211951887261110e-01 4.003703317577627097e-01
5.277875658030852790e-01 5.233147069776724614e-01
5.403539364174444470e-01 5.784687079823002120e-01
5.529203070318035040e-01 4.869787326823982188e-01
5.654866776461627831e-01 7.309796241046122578e-01
5.780530482605219511e-01 6.846279489515475492e-01
5.906194188748811191e-01 4.823330947547334047e-01
6.031857894892402872e-01 4.393786051248682600e-01
6.157521601035994552e-01 5.565640198624998147e-01
6.283185307179586232e-01 7.671572317892858539e-01
6.408849013323177912e-01 7.283568859344227153e-01
6.534512719466770703e-01 6.355115816497176606e-01
6.660176425610361273e-01 4.867314433808366259e-01
6.785840131753952953e-01 7.011177901213945240e-01
6.911503837897544633e-01 5.541575036406917176e-01
7.037167544041136313e-01 6.688423667159730801e-01
7.162831250184729104e-01 9.214101817120607940e-01
7.288494956328320784e-01 6.199837532153321673e-01
7.414158662471912464e-01 8.580742838851631582e-01
7.539822368615503034e-01 4.538201140597911687e-01
7.665486074759094715e-01 6.447875267333276206e-01
7.791149780902686395e-01 7.240657074912435487e-01
7.916813487046279185e-01 7.544459924243615001e-01
8.042477193189870865e-01 7.634907904916056198e-01
8.168140899333462546e-01 8.355371196610349438e-01
8.293804605477054226e-01 8.528212194301394433e-01
8.419468311620645906e-01 5.005395705472923673e-01
8.545132017764237586e-01 7.238968030115443542e-01
8.670795723907829267e-01 6.515204061159920457e-01
8.796459430051422057e-01 8.159153184413249216e-01
8.922123136195013737e-01 7.625258474298669542e-01
9.047786842338605418e-01 7.575334286051486066e-01
9.173450548482194877e-01 7.855856101919194145e-01
9.299114254625787668e-01 1.052291470551049768e+00
9.424777960769379348e-01 8.164222844593943540e-01
9.550441666912971028e-01 7.533056781506264343e-01
9.676105373056562708e-01 6.873035842333404810e-01
9.801769079200154389e-01 7.229663888945713213e-01
9.927432785343746069e-01 8.362013859551934436e-01
1.005309649148733886e+00 7.424993937829591495e-01
1.017876019763092943e+00 8.729910258185791250e-01
1.030442390377452222e+00 9.524600778286946845e-01
1.043008760991811279e+00 8.988749284911872195e-01
1.055575131606170558e+00 8.682747400498054269e-01
1.068141502220529837e+00 9.376230967189614907e-01
1.080707872834888894e+00 7.150566112664895613e-01
1.093274243449248173e+00 1.007703370772829343e+00
1.105840614063607008e+00 9.307043446891339888e-01
1.118406984677966287e+00 8.719131536189876908e-01
1.130973355292325566e+00 7.523378228126273992e-01
1.143539725906684623e+00 9.650652532801315964e-01
1.156106096521043902e+00 9.204841166726299706e-01
1.168672467135402959e+00 8.849229580347135471e-01
1.181238837749762238e+00 8.159378543752126012e-01
1.193805208364121295e+00 9.538944884087168230e-01
1.206371578978480574e+00 8.417782326423206563e-01
1.218937949592839853e+00 9.521708708245972819e-01
1.231504320207198910e+00 1.020017344087682742e+00
1.244070690821558189e+00 7.476822172590531501e-01
1.256637061435917246e+00 9.273578223221247141e-01
1.269203432050276525e+00 9.720402291398814176e-01
1.281769802664635582e+00 7.588034083088732729e-01
1.294336173278994861e+00 1.095733729789036381e+00
1.306902543893354141e+00 7.993850581640248310e-01
1.319468914507712975e+00 8.948711561488451594e-01
1.332035285122072255e+00 1.015852801541243799e+00
1.344601655736431534e+00 8.314963349259424374e-01
1.357168026350790591e+00 9.557668331064911316e-01
1.369734396965149870e+00 9.012017427726701779e-01
1.382300767579508927e+00 8.605770103563449291e-01
1.394867138193868206e+00 1.089191736404713451e+00
1.407433508808227263e+00 1.033721241186920548e+00
1.419999879422586542e+00 9.233802784391498264e-01
1.432566250036945821e+00 1.013542030901871671e+00
1.445132620651304878e+00 1.047319467450576580e+00
1.457698991265664157e+00 9.663942136331612476e-01
1.470265361880023214e+00 9.597325059001601266e-01
1.482831732494382493e+00 9.822264152911464041e-01
1.495398103108741550e+00 1.133996715621195639e+00
1.507964473723100607e+00 1.018027722807022917e+00
1.520530844337459886e+00 9.934205353270395555e-01
1.533097214951818943e+00 9.829185632821183516e-01
1.545663585566178222e+00 1.050874631911764112e+00
1.558229956180537279e+00 1.021505717904920285e+00
1.570796326794896558e+00 9.273394443010217758e-01
1.583362697409255837e+00 1.174967738799928219e+00
1.595929068023614894e+00 9.942566700874237995e-01
1.608495438637974173e+00 1.094982371255805553e+00
1.621061809252333230e+00 8.604216623134461894e-01
1.633628179866692509e+00 9.913031519060119257e-01
1.646194550481051566e+00 9.230273424944974714e-01
1.658760921095410845e+00 1.077350249105919699e+00
1.671327291709770124e+00 1.111238838074980251e+00
1.683893662324129181e+00 1.107992030224846047e+00
1.696460032938488460e+00 1.033532467351156781e+00
1.709026403552847517e+00 1.069204968851974025e+00
1.721592774167206796e+00 1.061778615599807907e+00
1.734159144781565853e+00 1.041531313256620184e+00
1.746725515395925132e+00 1.046648542170417695e+00
1.759291886010284411e+00 9.538815413802641530e-01
1.771858256624643468e+00 9.807535505725706315e-01
1.784424627239002747e+00 9.624155346147021950e-01
1.796990997853361804e+00 1.116216807437774738e+00
1.809557368467721084e+00 8.538302756695624884e-01
1.822123739082079918e+00 9.669541087807320690e-01
1.834690109696438975e+00 9.889703838037605665e-01
1.847256480310798255e+00 1.049777347253305182e+00
1.859822850925157534e+00 8.355044291182537330e-01
1.872389221539516591e+00 9.591945476307101037e-01
1.884955592153875870e+00 9.927528236374897341e-01
1.897521962768234927e+00 9.201039053756383534e-01
1.910088333382594206e+00 1.061756083918787397e+00
1.922654703996953263e+00 8.390803504171271410e-01
1.935221074611312542e+00 9.549835020053594192e-01
1.947787445225671821e+00 8.617072994280859932e-01
1.960353815840030878e+00 9.786534209923806182e-01
1.972920186454390157e+00 9.788574066816126962e-01
1.985486557068749214e+00 1.145904146483420538e+00
1.998052927683108493e+00 9.532059083132695676e-01
2.010619298297467772e+00 9.417818702285710719e-01
2.023185668911826607e+00 1.038937229029576859e+00
2.035752039526185886e+00 1.000805357136446361e+00
2.048318410140545165e+00 1.147057933732324120e+00
2.060884780754904444e+00 7.912200471557635506e-01
2.073451151369263723e+00 9.913111460158048338e-01
2.086017521983622558e+00 8.712493998021245689e-01
2.098583892597981837e+00 7.923943097239091182e-01
2.111150263212341116e+00 9.879333528281371013e-01
2.123716633826700395e+00 8.868670702114138660e-01
2.136283004441059674e+00 8.041383579781570257e-01
2.148849375055418509e+00 8.143199357295611840e-01
2.161415745669777788e+00 9.545904164380077939e-01
2.173982116284137067e+00 6.669617830434284578e-01
2.186548486898496346e+00 8.809464335837420279e-01
2.199114857512855181e+00 8.822446293315819865e-01
2.211681228127214016e+00 8.802133835779446525e-01
2.224247598741573295e+00 8.123675542027380958e-01
2.236813969355932574e+00 5.183379898059348179e-01
2.249380339970291853e+00 8.951153249738321716e-01
2.261946710584651132e+00 6.369017324995386309e-01
2.274513081199009967e+00 7.824800762345912597e-01
2.287079451813369246e+00 8.214817098190481115e-01
2.299645822427728525e+00 7.094513239461304188e-01
2.312212193042087804e+00 6.970988975787857367e-01
2.324778563656447083e+00 7.338200807527506253e-01
2.337344934270805918e+00 7.545140160653488470e-01
2.349911304885165197e+00 1.148223170336062138e+00
2.362477675499524477e+00 7.023705685634322737e-01
2.375044046113883756e+00 7.042122501381938848e-01
2.387610416728242591e+00 6.546127470220031164e-01
2.400176787342601870e+00 6.528676651857520108e-01
2.412743157956961149e+00 6.627798151481391065e-01
2.425309528571320428e+00 6.175727267830088962e-01
2.437875899185679707e+00 4.964938800727448087e-01
2.450442269800038542e+00 6.670336543178462252e-01
2.463008640414397821e+00 5.430988495768802604e-01
2.475575011028757100e+00 7.699069574604553434e-01
2.488141381643116379e+00 4.959570816654900183e-01
2.500707752257475658e+00 6.153789964809972535e-01
2.513274122871834493e+00 5.732788622878607354e-01
2.525840493486193772e+00 5.344397953521750066e-01
2.538406864100553051e+00 5.714788026573727198e-01
2.550973234714912330e+00 3.325133252983749621e-01
2.563539605329271165e+00 7.131620141220140763e-01
2.576105975943630444e+00 6.196196903373912823e-01
2.588672346557989723e+00 4.253321782766075754e-01
2.601238717172349002e+00 5.448890184644842316e-01
2.613805087786708281e+00 6.483069536230310348e-01
2.626371458401067116e+00 4.239429594492874487e-01
2.638937829015425951e+00 5.557232760784410752e-01
2.651504199629785230e+00 4.548588572450291689e-01
2.664070570244144509e+00 5.613868633005784092e-01
2.676636940858503788e+00 6.894009238720637534e-01
2.689203311472863067e+00 5.250094548868462496e-01
2.701769682087221902e+00 3.944803202563934019e-01
2.714336052701581181e+00 4.066239741132749996e-01
2.726902423315940460e+00 2.712891815818260222e-01
2.739468793930299739e+00 4.162991029607037707e-01
2.752035164544658574e+00 4.039361183002636024e-01
2.764601535159017853e+00 4.715800451197008636e-01
2.777167905773377132e+00 4.843375534527410986e-01
2.789734276387736411e+00 2.596461163771429104e-01
2.802300647002095690e+00 5.161205354901583497e-01
2.814867017616454525e+00 4.003824261099283022e-01
2.827433388230813804e+00 3.003475267716287367e-01
2.839999758845173083e+00 3.856140542408057481e-01
2.852566129459532362e+00 4.080455006909951554e-01
2.865132500073891642e+00 4.170053595875301000e-01
2.877698870688250476e+00 4.306896841087731742e-01
2.890265241302609756e+00 2.374591055823500052e-01
2.902831611916969035e+00 1.483476436932859854e-01
2.915397982531328314e+00 1.918323596655705510e-01
2.927964353145687149e+00 1.581763742045424470e-01
2.940530723760046428e+00 2.351834766817987588e-01
2.953097094374405707e+00 1.523229376191307938e-01
2.965663464988764986e+00 2.024628870821340576e-01
2.978229835603124265e+00 1.182032365227369125e-01
2.990796206217483100e+00 -2.073612832257132332e-02
3.003362576831842379e+00 5.099853807183439558e-02
3.015928947446201214e+00 6.601950440880265114e-02
3.028495318060560493e+00 2.060192534220286475e-01
3.041061688674919772e+00 4.804320511501464219e-02
3.053628059289279051e+00 2.783506986531835703e-01
3.066194429903637886e+00 9.394330062254202529e-02
3.078760800517997165e+00 1.114325622046156150e-01
3.091327171132356444e+00 -9.481932718338145771e-02
3.103893541746715723e+00 1.464199807986063251e-01
3.116459912361074558e+00 -2.075941128442400363e-01
3.129026282975433837e+00 -6.318144235615202886e-02
3.141592653589793116e+00 -7.451670322507825649e-03
3.154159024204152395e+00 -3.077081632441817233e-02
3.166725394818511674e+00 7.495873085122981005e-02
3.179291765432870509e+00 4.262845612478359525e-02
3.191858136047229788e+00 -1.832922040514270434e-01
3.204424506661589067e+00 -1.548454875149499199e-01
3.216990877275948346e+00 -2.888322215218387390e-01
3.229557247890307181e+00 -4.024443454691237210e-02
3.242123618504666460e+00 -2.557674771140657777e-01
3.254689989119025739e+00 -1.768654561532516378e-01
3.267256359733385018e+00 -1.489251300971801417e-01
3.279822730347744297e+00 -2.607460474143118434e-01
3.292389100962103132e+00 -1.841936853079010894e-01
3.304955471576462411e+00 -5.152553515309409027e-02
3.317521842190821690e+00 -1.611927055396389086e-01
3.330088212805180969e+00 -2.041034860808292328e-01
3.342654583419540248e+00 -8.127288783810360240e-03
3.355220954033899083e+00 -7.324584679373000173e-02
3.367787324648258362e+00 -3.290512888692754823e-01
3.380353695262617642e+00 -1.459514545513518613e-01
3.392920065876976921e+00 -4.106598650697119712e-01
3.405486436491335756e+00 -1.228836740255716264e-01
3.418052807105695035e+00 -3.436197484485190023e-01
3.430619177720054314e+00 -3.413222908960082957e-01
3.443185548334413593e+00 -2.958633215181247222e-01
3.455751918948772872e+00 -3.625397130090619591e-01
3.468318289563131707e+00 -2.954783125290454393e-01
3.480884660177490986e+00 -3.990033509828565528e-01
3.493451030791850265e+00 4.517240298368863094e-03
3.506017401406209544e+00 -3.707166597636025740e-01
3.518583772020568823e+00 -2.184149351446794396e-01
3.531150142634927658e+00 -2.996434903678071859e-01
3.543716513249286937e+00 -3.932629521404886752e-01
3.556282883863646216e+00 -4.400106952335252064e-01
3.568849254478005495e+00 -1.951902009768985424e-01
3.581415625092364330e+00 -3.224450121244326617e-01
3.593981995706723609e+00 -5.309624999288358183e-01
3.606548366321082888e+00 -5.173993804596520585e-01
3.619114736935442167e+00 -6.583119793021104948e-01
3.631681107549800558e+00 -4.612600814608354138e-01
3.644247478164159837e+00 -4.767668477081139500e-01
3.656813848778519116e+00 -4.214053121510845656e-01
3.669380219392877951e+00 -5.660134419386887439e-01
3.681946590007237230e+00 -5.406983727162504305e-01
3.694512960621596509e+00 -4.341331235637447272e-01
3.707079331235955788e+00 -6.633936742211636872e-01
3.719645701850315067e+00 -6.009221161245116294e-01
3.732212072464673902e+00 -5.319885790346718935e-01
3.744778443079033181e+00 -5.392945573789827973e-01
3.757344813693392460e+00 -4.704865599068146498e-01
3.769911184307751739e+00 -6.196525149405012201e-01
3.782477554922110574e+00 -4.548412629159324094e-01
3.795043925536469853e+00 -5.974584806982615737e-01
3.807610296150829132e+00 -6.412862986384831876e-01
3.820176666765188411e+00 -5.823559134723799158e-01
3.832743037379547690e+00 -6.277628731625847225e-01
3.845309407993906525e+00 -7.554043447497840180e-01
3.857875778608265804e+00 -6.784222862888856787e-01
3.870442149222625083e+00 -5.826244167370409066e-01
3.883008519836984362e+00 -7.346565214324529691e-01
3.895574890451343641e+00 -6.718265621016348277e-01
3.908141261065702476e+00 -4.938708188915925668e-01
3.920707631680061755e+00 -8.185937150748827662e-01
3.933274002294421035e+00 -7.015493432012632757e-01
3.945840372908780314e+00 -8.609012133966049696e-01
3.958406743523139149e+00 -8.361232118176042949e-01
3.970973114137498428e+00 -5.445297734996705774e-01
3.983539484751857707e+00 -8.694313477660262635e-01
3.996105855366216986e+00 -6.980832114175057335e-01
4.008672225980576265e+00 -7.623412347500737596e-01
4.021238596594935544e+00 -8.065890129173172163e-01
4.033804967209294823e+00 -8.242397388051034834e-01
4.046371337823653214e+00 -8.159556453961449574e-01
4.058937708438012493e+00 -7.471143418182855100e-01
4.071504079052371772e+00 -6.989579053856465052e-01
4.084070449666731051e+00 -8.533743286020111229e-01
4.096636820281090330e+00 -7.934519075795976040e-01
4.109203190895449609e+00 -8.835400272786466669e-01
4.121769561509808888e+00 -8.590094825857493843e-01
4.134335932124168167e+00 -1.065600203264906565e+00
4.146902302738527446e+00 -1.075933373999021780e+00
4.159468673352886725e+00 -8.312879984819951940e-01
4.172035043967245116e+00 -7.572500225180174294e-01
4.184601414581604395e+00 -9.977913396131418144e-01
4.197167785195963674e+00 -9.272805806936482709e-01
4.209734155810322953e+00 -8.760990024020186562e-01
4.222300526424682232e+00 -1.024728242897180008e+00
4.234866897039041511e+00 -9.797219058618059639e-01
4.247433267653400790e+00 -8.669669894217837403e-01
4.259999638267760069e+00 -7.807553451923840981e-01
4.272566008882119348e+00 -9.341735347190237571e-01
4.285132379496477739e+00 -7.895096025191326028e-01
4.297698750110837018e+00 -9.877992149638639141e-01
4.310265120725196297e+00 -9.613443051287570151e-01
4.322831491339555576e+00 -8.305144407937130602e-01
4.335397861953914855e+00 -8.590845105513414959e-01
4.347964232568274134e+00 -1.081651784492047241e+00
4.360530603182633413e+00 -9.853760180490893639e-01
4.373096973796992692e+00 -9.555611835034046875e-01
4.385663344411351972e+00 -1.020659100947407749e+00
4.398229715025710362e+00 -1.141560118409122859e+00
4.410796085640069641e+00 -9.740240649756097824e-01
4.423362456254428032e+00 -1.008494930901704389e+00
4.435928826868787311e+00 -9.428057337260554727e-01
4.448495197483146590e+00 -1.130001175576198724e+00
4.461061568097505869e+00 -8.834197021975815911e-01
4.473627938711865148e+00 -9.039142507774698965e-01
4.486194309326224428e+00 -8.943531766995624910e-01
4.498760679940583707e+00 -9.635568013048023683e-01
4.511327050554942986e+00 -9.669249327757748480e-01
4.523893421169302265e+00 -9.764473339383462624e-01
4.536459791783661544e+00 -1.029607522840883860e+00
4.549026162398019935e+00 -8.989178773550001722e-01
4.561592533012379214e+00 -9.619008495292895589e-01
4.574158903626738493e+00 -9.942597983026081332e-01
4.586725274241097772e+00 -1.066881362367256614e+00
4.599291644855457051e+00 -9.363481900861120311e-01
4.611858015469816330e+00 -9.657697457209154512e-01
4.624424386084175609e+00 -1.071146379509213986e+00
4.636990756698534888e+00 -1.006601635862869770e+00
4.649557127312894167e+00 -1.162047255427592019e+00
4.662123497927252558e+00 -9.789537145819504627e-01
4.674689868541611837e+00 -9.390400242847387613e-01
4.687256239155971116e+00 -9.283646255236510658e-01
4.699822609770330395e+00 -9.688498958263024319e-01
4.712388980384689674e+00 -9.530266538000922161e-01
4.724955350999048953e+00 -9.630656307104610292e-01
4.737521721613408232e+00 -1.122393655065143658e+00
4.750088092227767511e+00 -9.530187540752161901e-01
4.762654462842126790e+00 -9.585545332061298218e-01
4.775220833456485181e+00 -1.001493877495665652e+00
4.787787204070844460e+00 -1.127667727276002063e+00
4.800353574685203739e+00 -9.247260310415892359e-01
4.812919945299563018e+00 -1.104169110667608811e+00
4.825486315913922297e+00 -9.781983999590931900e-01
4.838052686528281576e+00 -1.064217539908572041e+00
4.850619057142640855e+00 -1.100073419070949798e+00
4.863185427757000134e+00 -1.032600031876789393e+00
4.875751798371359413e+00 -9.564312194290474078e-01
4.888318168985717804e+00 -9.637103048478655731e-01
4.900884539600077083e+00 -9.150659572204311587e-01
4.913450910214436362e+00 -1.079851112755600084e+00
4.926017280828795641e+00 -9.669366773100033230e-01
4.938583651443154920e+00 -8.212243063221442707e-01
4.951150022057514200e+00 -1.084199148244328947e+00
4.963716392671873479e+00 -9.860560370322882795e-01
4.976282763286232758e+00 -1.188503604701892868e+00
4.988849133900592037e+00 -8.171644094725138974e-01
5.001415504514951316e+00 -9.956866325611336555e-01
5.013981875129309707e+00 -9.798604908599468644e-01
5.026548245743668986e+00 -9.981337947638974084e-01
5.039114616358028265e+00 -9.180880849522925491e-01
5.051680986972387544e+00 -8.905971008789070886e-01
5.064247357586746823e+00 -9.274082314539070504e-01
5.076813728201106102e+00 -9.525045452239188082e-01
5.089380098815465381e+00 -1.003852521294400946e+00
5.101946469429824660e+00 -9.087273999350594655e-01
5.114512840044183939e+00 -7.575350141638930168e-01
5.127079210658542330e+00 -9.246328986355034640e-01
5.139645581272901609e+00 -9.519712470461958453e-01
5.152211951887260888e+00 -9.195055082743025521e-01
5.164778322501620167e+00 -8.365671019921299134e-01
5.177344693115979446e+00 -8.393018612444188564e-01
5.189911063730338725e+00 -1.000994904158468035e+00
5.202477434344698004e+00 -9.382508242161758938e-01
5.215043804959057283e+00 -9.621283122883529382e-01
5.227610175573416562e+00 -8.968968876093932341e-01
5.240176546187774953e+00 -7.849464641891462646e-01
5.252742916802134232e+00 -1.105592310095647957e+00
5.265309287416492623e+00 -8.312103055578139443e-01
5.277875658030851902e+00 -9.195135313729638771e-01
5.290442028645211181e+00 -7.994166472665252821e-01
5.303008399259570460e+00 -7.319181228733786515e-01
5.315574769873929739e+00 -8.500799067447217805e-01
5.328141140488289018e+00 -7.397666468261870909e-01
5.340707511102648297e+00 -8.930631694846844493e-01
5.353273881717007576e+00 -7.882778033614151747e-01
5.365840252331366855e+00 -7.701657928654148666e-01
5.378406622945726134e+00 -6.891113466341556304e-01
5.390972993560084525e+00 -9.327447853950461276e-01
5.403539364174443804e+00 -7.945641707672843612e-01
5.416105734788803083e+00 -5.919638565182168133e-01
5.428672105403162362e+00 -7.956409820297566382e-01
5.441238476017521641e+00 -5.499707334912596890e-01
5.453804846631880920e+00 -7.373436538099069626e-01
5.466371217246240199e+00 -7.710552486202519873e-01
5.478937587860599479e+00 -7.128584851008278322e-01
5.491503958474958758e+00 -7.226523112680365291e-01
5.504070329089317148e+00 -8.354848248876379779e-01
5.516636699703676427e+00 -6.611112827576883788e-01
5.529203070318035707e+00 -6.664152528172271328e-01
5.541769440932394986e+00 -6.544474476329973367e-01
5.554335811546754265e+00 -7.116555311643295578e-01
5.566902182161113544e+00 -6.009055221747562348e-01
5.579468552775472823e+00 -6.559726211322107758e-01
5.592034923389832102e+00 -6.903595561831094019e-01
5.604601294004191381e+00 -4.831325383695719289e-01
5.617167664618549772e+00 -4.887692374050445210e-01
5.629734035232909051e+00 -6.069193540056163627e-01
5.642300405847268330e+00 -5.026808064265735343e-01
5.654866776461627609e+00 -5.763219545849788128e-01
5.667433147075986888e+00 -6.541019003287892319e-01
5.679999517690346167e+00 -5.207759760821005779e-01
5.692565888304705446e+00 -4.670784600163108702e-01
5.705132258919064725e+00 -4.866981484470144226e-01
5.717698629533424004e+00 -4.967800970670712690e-01
5.730265000147783283e+00 -5.957068454500623611e-01
5.742831370762141674e+00 -5.815791999888062502e-01
5.755397741376500953e+00 -6.642036422564349119e-01
5.767964111990860232e+00 -4.581555212612219430e-01
5.780530482605219511e+00 -5.285475927820797448e-01
5.793096853219578790e+00 -6.689890444490307342e-01
5.805663223833938069e+00 -6.636598676205182068e-01
5.818229594448297348e+00 -4.533471427143006549e-01
5.830795965062656627e+00 -4.410801687871910848e-01
5.843362335677015906e+00 -6.160186913087857263e-01
5.855928706291374297e+00 -4.620999017194110103e-01
5.868495076905733576e+00 -4.219755109348445332e-01
5.881061447520092855e+00 -3.490161135399529879e-01
5.893627818134452134e+00 -4.576952392970622951e-01
5.906194188748811413e+00 -3.600700776672211556e-01
5.918760559363170692e+00 -3.284504989788872287e-01
5.931326929977529971e+00 -3.275502327093545718e-01
5.943893300591889250e+00 -4.619659134565493042e-01
5.956459671206248530e+00 -3.702518606988133842e-01
5.969026041820606920e+00 -4.387075708064627211e-01
5.981592412434966199e+00 -2.163750281879603943e-01
5.994158783049325478e+00 -2.861994972834364659e-01
6.006725153663684758e+00 -1.574048037010010170e-01
6.019291524278044037e+00 -2.250857849288336321e-01
6.031857894892402427e+00 -3.260270424679633794e-01
6.044424265506761706e+00 -2.694316088987950830e-01
6.056990636121120986e+00 -2.535883215846496119e-01
6.069557006735480265e+00 -2.575750909598296112e-01
6.082123377349839544e+00 -2.064734025265338446e-01
6.094689747964198823e+00 -9.811287434973973987e-02
6.107256118578558102e+00 -1.381375597465232530e-01
6.119822489192916493e+00 -2.407651985162223562e-02
6.132388859807275772e+00 -1.782941970086088790e-01
6.144955230421635051e+00 -1.666428216704281540e-01
6.157521601035994330e+00 3.262101343836645850e-02
6.170087971650353609e+00 -2.032536370980727036e-01
6.182654342264712888e+00 -1.959399876080289427e-02
6.195220712879072167e+00 -1.132129821155889032e-01
6.207787083493431446e+00 -1.795583835859725363e-01
6.220353454107790725e+00 -2.410186777250295648e-02
6.232919824722149116e+00 1.157380898178642092e-03
6.245486195336508395e+00 -1.595170603589058378e-01
6.258052565950867674e+00 1.177908437971365851e-01
6.270618936565226953e+00 -1.769027753653308888e-01
