0.000000000000000000e+00 -3.825416722032002476e-02
1.256637061435917323e-02 -4.229504482833841561e-02
2.513274122871834645e-02 -1.682852178580899194e-01
3.769911184307751795e-02 3.173309501702555047e-02
5.026548245743669291e-02 1.439497905620246154e-02
6.283185307179586787e-02 -9.495775855778536279e-02
7.539822368615503589e-02 -3.058142155669311968e-02
8.796459430051420392e-02 8.754262272489937713e-02
1.005309649148733858e-01 1.233770830173364919e-01
1.130973355292325677e-01 1.410711973999098645e-01
1.256637061435917357e-01 1.803848032105340726e-01
1.382300767579508760e-01 2.463328488249242887e-01
1.507964473723100718e-01 1.524519481986050529e-01
1.633628179866692676e-01 2.081750403023445439e-01
1.759291886010284078e-01 2.413194670115313967e-01
1.884955592153875759e-01 2.636679301680963095e-01
2.010619298297467716e-01 3.508561335989078267e-01
2.136283004441059397e-01 4.221022593042903504e-01
2.261946710584651354e-01 1.646835953163733601e-01
2.387610416728242757e-01 2.860110372112901755e-01
2.513274122871834715e-01 2.759539142715569104e-01
2.638937829015426395e-01 3.561552417558822015e-01
2.764601535159017520e-01 1.885990887476843292e-01
2.890265241302609756e-01 8.502934465780481732e-02
3.015928947446201436e-01 5.333581221345526924e-01
3.141592653589793116e-01 3.083579099112945809e-01
3.267256359733385351e-01 3.194440928821897230e-01
3.392920065876976476e-01 2.271999242715598277e-01
3.518583772020568157e-01 2.847611826233531485e-01
3.644247478164160392e-01 3.152503360731403470e-01
3.769911184307751517e-01 3.929046174775391864e-01
3.895574890451343197e-01 4.203574639122987788e-01
4.021238596594935433e-01 3.343178984998296799e-01
4.146902302738527113e-01 4.771515577286959964e-01
4.272566008882118793e-01 5.329388050455995396e-01
4.398229715025711029e-01 2.426116718453896204e-01
4.523893421169302709e-01 5.157306277831701369e-01
4.649557127312893834e-01 2.728900097012814663e-01
4.775220833456485514e-01 3.781020688098819527e-01
4.900884539600077194e-01 4.904991758182881134e-01
5.026548245743669430e-01 5.217441532029158946e-01
5.152211951887261110e-01 6.062106063215049190e-01
5.277875658030852790e-01 6.630818113914097589e-01
5.403539364174444470e-01 5.268301772605489264e-01
5.529203070318035040e-01 3.580432422163660755e-01
5.654866776461627831e-01 5.608664512047090156e-01
5.780530482605219511e-01 6.320578109335384109e-01
5.906194188748811191e-01 5.587977127472143479e-01
6.031857894892402872e-01 4.779890666868127358e-01
6.157521601035994552e-01 5.252418828058623701e-01
6.283185307179586232e-01 6.584393793099311276e-01
6.408849013323177912e-01 6.047385909188129904e-01
6.534512719466770703e-01 6.084702757768258863e-01
6.660176425610361273e-01 7.957411918936621031e-01
6.785840131753952953e-01 5.075093864212113504e-01
6.911503837897544633e-01 7.002728238177839959e-01
7.037167544041136313e-01 8.303086534303487642e-01
7.162831250184729104e-01 5.343881787815853990e-01
7.288494956328320784e-01 6.443149079176417882e-01
7.414158662471912464e-01 6.645557396094905478e-01
7.539822368615503034e-01 6.314978849903728486e-01
7.665486074759094715e-01 8.808818571004006781e-01
7.791149780902686395e-01 6.343370237212871965e-01
7.916813487046279185e-01 6.444457527930699259e-01
8.042477193189870865e-01 7.164186404015697729e-01
8.168140899333462546e-01 8.904179546971654480e-01
8.293804605477054226e-01 7.906428409526899959e-01
8.419468311620645906e-01 6.527868005160837317e-01
8.545132017764237586e-01 9.167310534572814529e-01
8.670795723907829267e-01 7.151722059733179870e-01
8.796459430051422057e-01 8.424325534709315999e-01
8.922123136195013737e-01 7.975745991267612078e-01
9.047786842338605418e-01 7.812549640827288755e-01
9.173450548482194877e-01 7.176195971475436419e-01
9.299114254625787668e-01 9.537526092189776428e-01
9.424777960769379348e-01 8.459347150387991343e-01
9.550441666912971028e-01 8.846008045048115997e-01
9.676105373056562708e-01 8.744362038697414130e-01
9.801769079200154389e-01 8.998377460682169815e-01
9.927432785343746069e-01 8.648757116031596803e-01
1.005309649148733886e+00 8.833178103693662964e-01
1.017876019763092943e+00 9.274017323446644978e-01
1.030442390377452222e+00 6.630700353531052693e-01
1.043008760991811279e+00 8.792438346506964431e-01
1.055575131606170558e+00 8.157220465667727183e-01
1.068141502220529837e+00 8.535457213315186253e-01
1.080707872834888894e+00 9.593835097737573037e-01
1.093274243449248173e+00 8.367817561738229992e-01
1.105840614063607008e+00 9.229351724462349083e-01
1.118406984677966287e+00 8.806088134212807228e-01
1.130973355292325566e+00 9.123997637410610206e-01
1.143539725906684623e+00 9.367919315848054485e-01
1.156106096521043902e+00 8.494816259202886410e-01
1.168672467135402959e+00 7.782855561640146247e-01
1.181238837749762238e+00 6.974453175561685647e-01
1.193805208364121295e+00 8.665162761692721816e-01
1.206371578978480574e+00 8.134496444647929536e-01
1.218937949592839853e+00 8.457395490191247367e-01
1.231504320207198910e+00 1.074554952590338397e+00
1.244070690821558189e+00 8.430331516181712725e-01
1.256637061435917246e+00 9.895644626178545789e-01
1.269203432050276525e+00 9.512659920454769047e-01
1.281769802664635582e+00 9.153962481515108829e-01
1.294336173278994861e+00 9.522387923671096210e-01
1.306902543893354141e+00 8.372541222438666386e-01
1.319468914507712975e+00 1.135336494279628683e+00
1.332035285122072255e+00 1.210224995796530312e+00
1.344601655736431534e+00 1.098821759933486852e+00
1.357168026350790591e+00 1.081532667991323748e+00
1.369734396965149870e+00 1.138506068157822959e+00
1.382300767579508927e+00 9.847989394443374955e-01
1.394867138193868206e+00 1.070752754692500419e+00
1.407433508808227263e+00 1.026898148499606034e+00
1.419999879422586542e+00 1.053613791386392995e+00
1.432566250036945821e+00 1.047186731824421901e+00
1.445132620651304878e+00 1.088141319000212714e+00
1.457698991265664157e+00 1.047979763950618093e+00
1.470265361880023214e+00 1.004785804027809037e+00
1.482831732494382493e+00 1.025391190102090011e+00
1.495398103108741550e+00 1.054088625810317259e+00
1.507964473723100607e+00 9.723880496009844610e-01
1.520530844337459886e+00 9.274546030890155057e-01
1.533097214951818943e+00 1.104128100606797558e+00
1.545663585566178222e+00 8.995230650412684437e-01
1.558229956180537279e+00 8.024570130298672721e-01
1.570796326794896558e+00 9.373043767883302291e-01
1.583362697409255837e+00 1.000808379244110480e+00
1.595929068023614894e+00 1.212657254778639171e+00
1.608495438637974173e+00 1.145178456724030625e+00
1.621061809252333230e+00 1.058101850799951560e+00
1.633628179866692509e+00 8.862146457023651891e-01
1.646194550481051566e+00 9.338955464495231062e-01
1.658760921095410845e+00 9.572885217992058715e-01
1.671327291709770124e+00 1.057760871511096656e+00
1.683893662324129181e+00 9.590477296265669249e-01
1.696460032938488460e+00 1.095117940184169303e+00
1.709026403552847517e+00 1.041289435000718466e+00
1.721592774167206796e+00 9.270235954431514935e-01
1.734159144781565853e+00 1.053528303476912509e+00
1.746725515395925132e+00 1.032644301422302346e+00
1.759291886010284411e+00 8.781781894401008426e-01
1.771858256624643468e+00 1.131725914588035398e+00
1.784424627239002747e+00 1.025770301733377687e+00
1.796990997853361804e+00 1.154988756345049383e+00
1.809557368467721084e+00 8.644617907321741068e-01
1.822123739082079918e+00 7.967135455424371182e-01
1.834690109696438975e+00 1.045426794985130137e+00
1.847256480310798255e+00 1.018896821477584202e+00
1.859822850925157534e+00 1.062635172461920519e+00
1.872389221539516591e+00 8.706375065412930159e-01
1.884955592153875870e+00 9.803731623284489549e-01
1.897521962768234927e+00 8.215349744904315576e-01
1.910088333382594206e+00 1.127441796666290408e+00
1.922654703996953263e+00 1.052728517807683062e+00
1.935221074611312542e+00 1.132535928293527450e+00
1.947787445225671821e+00 9.529186215382090541e-01
1.960353815840030878e+00 9.122348417618099115e-01
1.972920186454390157e+00 9.634291422938975336e-01
1.985486557068749214e+00 9.613266563254594388e-01
1.998052927683108493e+00 9.161097985536998944e-01
2.010619298297467772e+00 8.676272730929281973e-01
2.023185668911826607e+00 9.296763283007245526e-01
2.035752039526185886e+00 6.912626924114728677e-01
2.048318410140545165e+00 9.411133685187655917e-01
2.060884780754904444e+00 9.291890043821025014e-01
2.073451151369263723e+00 7.775310036325810970e-01
2.086017521983622558e+00 8.782281066193299290e-01
2.098583892597981837e+00 7.587486366436146934e-01
2.111150263212341116e+00 8.679224159123756221e-01
2.123716633826700395e+00 8.423042441901701372e-01
2.136283004441059674e+00 9.983894312499600465e-01
2.148849375055418509e+00 8.667510988667492811e-01
2.161415745669777788e+00 7.297655370160686106e-01
2.173982116284137067e+00 8.570402244472301589e-01
2.186548486898496346e+00 1.089737518921118475e+00
2.199114857512855181e+00 8.798375507018425523e-01
2.211681228127214016e+00 7.350052802309421374e-01
2.224247598741573295e+00 8.999326243784138146e-01
2.236813969355932574e+00 8.522841141935538767e-01
2.249380339970291853e+00 6.935266582717944939e-01
2.261946710584651132e+00 8.283128332085053502e-01
2.274513081199009967e+00 8.513616838906157280e-01
2.287079451813369246e+00 7.670181388357124597e-01
2.299645822427728525e+00 7.815614894460570783e-01
2.312212193042087804e+00 5.776596713964472496e-01
2.324778563656447083e+00 6.942672324451025778e-01
2.337344934270805918e+00 6.793652744434870439e-01
2.349911304885165197e+00 8.293817529137482714e-01
2.362477675499524477e+00 6.747624650052550521e-01
2.375044046113883756e+00 8.872167532443799853e-01
2.387610416728242591e+00 6.991619544127273267e-01
2.400176787342601870e+00 7.740462726523149595e-01
2.412743157956961149e+00 6.697474563389181901e-01
2.425309528571320428e+00 6.198446747737771378e-01
2.437875899185679707e+00 5.679085891872678316e-01
2.450442269800038542e+00 4.413040075909061000e-01
2.463008640414397821e+00 5.741948691265640337e-01
2.475575011028757100e+00 7.312493323431838999e-01
2.488141381643116379e+00 5.865627506529866864e-01
2.500707752257475658e+00 6.393868602056231865e-01
2.513274122871834493e+00 5.490363158171339686e-01
2.525840493486193772e+00 6.750691525291445672e-01
2.538406864100553051e+00 5.948440142019734145e-01
2.550973234714912330e+00 4.267700776239405913e-01
2.563539605329271165e+00 7.394635800041999829e-01
2.576105975943630444e+00 4.975626555569673815e-01
2.588672346557989723e+00 5.168770601230139317e-01
2.601238717172349002e+00 4.198551740177742242e-01
2.613805087786708281e+00 2.995711912713080460e-01
2.626371458401067116e+00 5.574750221538754547e-01
2.638937829015425951e+00 3.757418654529205981e-01
2.651504199629785230e+00 6.194764652863598009e-01
2.664070570244144509e+00 4.713611737152828551e-01
2.676636940858503788e+00 3.236424860401393433e-01
2.689203311472863067e+00 5.769836724514894044e-01
2.701769682087221902e+00 4.757330386675313605e-01
2.714336052701581181e+00 2.298917174594556356e-01
2.726902423315940460e+00 4.713474250643568952e-01
2.739468793930299739e+00 4.952126963080361044e-01
2.752035164544658574e+00 3.198797491417119110e-01
2.764601535159017853e+00 4.674301510933001058e-01
2.777167905773377132e+00 3.007780078262903833e-01
2.789734276387736411e+00 5.310073501302617904e-01
2.802300647002095690e+00 1.798638612662312730e-01
2.814867017616454525e+00 1.318736419097825963e-01
2.827433388230813804e+00 5.254444166526505144e-01
2.839999758845173083e+00 1.757084244594810107e-01
2.852566129459532362e+00 2.387508280149124584e-01
2.865132500073891642e+00 3.185166125254134117e-01
2.877698870688250476e+00 2.514146938609709281e-01
2.890265241302609756e+00 1.671476769419786290e-01
2.902831611916969035e+00 2.569055478139612991e-01
2.915397982531328314e+00 1.236015464686999465e-01
2.927964353145687149e+00 1.442819917133235097e-01
2.940530723760046428e+00 3.114786327471800731e-01
2.953097094374405707e+00 6.420577769285631953e-02
2.965663464988764986e+00 1.157963844394295089e-01
2.978229835603124265e+00 1.281807599067357473e-01
2.990796206217483100e+00 3.473794209696354773e-01
3.003362576831842379e+00 8.854890668922713037e-02
3.015928947446201214e+00 5.501950609620583077e-02
3.028495318060560493e+00 3.124665085759381622e-02
3.041061688674919772e+00 2.293270179424655997e-01
3.053628059289279051e+00 2.334794226678011952e-01
3.066194429903637886e+00 1.054212017213752850e-01
3.078760800517997165e+00 3.995402392882453635e-02
3.091327171132356444e+00 8.920464451610032874e-02
3.103893541746715723e+00 1.046252983410728976e-01
3.116459912361074558e+00 -2.647909212644676893e-02
3.129026282975433837e+00 2.690663325898589101e-02
3.141592653589793116e+00 -1.515770183767406465e-01
3.154159024204152395e+00 1.372079801280608018e-02
3.166725394818511674e+00 -1.456123179049719496e-01
3.179291765432870509e+00 1.499266455885086557e-01
3.191858136047229788e+00 -8.274347866839656951e-02
3.204424506661589067e+00 -5.594466515402637258e-02
3.216990877275948346e+00 -1.016921626935482076e-01
3.229557247890307181e+00 -1.412517731119639630e-01
3.242123618504666460e+00 -2.683244783708464698e-02
3.254689989119025739e+00 -1.432864158111557540e-05
3.267256359733385018e+00 1.470436345043776849e-02
3.279822730347744297e+00 -1.946710809431960454e-01
3.292389100962103132e+00 -5.904271006641459429e-02
3.304955471576462411e+00 -1.071743249350749494e-01
3.317521842190821690e+00 -1.531937767326333744e-01
3.330088212805180969e+00 -2.047763321532727332e-01
3.342654583419540248e+00 -2.242882794447634831e-01
3.355220954033899083e+00 -2.354505361880057934e-01
3.367787324648258362e+00 -2.764122390229357684e-01
3.380353695262617642e+00 -3.258217740600289902e-01
3.392920065876976921e+00 -4.269736285867572478e-01
3.405486436491335756e+00 -2.281872572034010505e-01
3.418052807105695035e+00 -4.078979233487453060e-01
3.430619177720054314e+00 -7.488560933391888441e-02
3.443185548334413593e+00 -2.697665413917703647e-01
3.455751918948772872e+00 -3.700335413675924223e-01
3.468318289563131707e+00 -2.402314422502712099e-01
3.480884660177490986e+00 -4.229509898121762701e-01
3.493451030791850265e+00 -2.324449069813007418e-01
3.506017401406209544e+00 -4.457169367362991408e-01
3.518583772020568823e+00 -2.133595064621999771e-01
3.531150142634927658e+00 -4.415486114822701480e-01
3.543716513249286937e+00 -4.640144775143282274e-01
3.556282883863646216e+00 -5.551482822979749709e-01
3.568849254478005495e+00 -3.713616338914835779e-01
3.581415625092364330e+00 -2.832364229223734986e-01
3.593981995706723609e+00 -5.139167195695765189e-01
3.606548366321082888e+00 -4.209824593009317550e-01
3.619114736935442167e+00 -3.946037796072513482e-01
3.631681107549800558e+00 -4.641464497728904348e-01
3.644247478164159837e+00 -4.875378670040786955e-01
3.656813848778519116e+00 -4.318921783347475785e-01
3.669380219392877951e+00 -4.779620518790146377e-01
3.681946590007237230e+00 -5.757859401670687438e-01
3.694512960621596509e+00 -4.759133459343438677e-01
3.707079331235955788e+00 -7.228636814650249987e-01
3.719645701850315067e+00 -5.701091970098133288e-01
3.732212072464673902e+00 -5.365730001818516115e-01
3.744778443079033181e+00 -5.627496663758588813e-01
3.757344813693392460e+00 -5.741760291455741960e-01
3.769911184307751739e+00 -5.857272452241609750e-01
3.782477554922110574e+00 -6.810654735244011659e-01
3.795043925536469853e+00 -6.130382169560369965e-01
3.807610296150829132e+00 -5.860640270402157626e-01
3.820176666765188411e+00 -6.574575935230939638e-01
3.832743037379547690e+00 -6.495959148540024763e-01
3.845309407993906525e+00 -6.059161065496672105e-01
3.857875778608265804e+00 -5.602493447361669432e-01
3.870442149222625083e+00 -7.221623385236973780e-01
3.883008519836984362e+00 -5.779349786813650081e-01
3.895574890451343641e+00 -6.340312939902416067e-01
3.908141261065702476e+00 -7.281543535913364007e-01
3.920707631680061755e+00 -8.300171693353526337e-01
3.933274002294421035e+00 -8.990812387773688963e-01
3.945840372908780314e+00 -6.874725972779542893e-01
3.958406743523139149e+00 -6.529214940413355928e-01
3.970973114137498428e+00 -8.527337128382636022e-01
3.983539484751857707e+00 -7.590017494077975213e-01
3.996105855366216986e+00 -7.604486805726909937e-01
4.008672225980576265e+00 -7.759831339469102085e-01
4.021238596594935544e+00 -8.796963468221891125e-01
4.033804967209294823e+00 -8.520210623281349038e-01
4.046371337823653214e+00 -8.144516414047178188e-01
4.058937708438012493e+00 -6.629388028803125943e-01
4.071504079052371772e+00 -7.622395408621189805e-01
4.084070449666731051e+00 -8.730898925872798699e-01
4.096636820281090330e+00 -8.413917964453552223e-01
4.109203190895449609e+00 -8.510279678633275724e-01
4.121769561509808888e+00 -9.690885161569794404e-01
4.134335932124168167e+00 -6.337819593333225976e-01
4.146902302738527446e+00 -9.163481752476259068e-01
4.159468673352886725e+00 -7.866649082468603060e-01
4.172035043967245116e+00 -9.549241182123043847e-01
4.184601414581604395e+00 -9.633070870469970792e-01
4.197167785195963674e+00 -7.354461245091670207e-01
4.209734155810322953e+00 -9.492931217532456500e-01
4.222300526424682232e+00 -6.713586125691642925e-01
4.234866897039041511e+00 -9.928101231653266856e-01
4.247433267653400790e+00 -7.920564925187099092e-01
4.259999638267760069e+00 -7.308848134059622303e-01
4.272566008882119348e+00 -8.210662031900802793e-01
4.285132379496477739e+00 -8.863756215878753064e-01
4.297698750110837018e+00 -7.824829378501584332e-01
4.310265120725196297e+00 -9.744084980588340050e-01
4.322831491339555576e+00 -9.156781244741817316e-01
4.335397861953914855e+00 -9.927802787321116096e-01
4.347964232568274134e+00 -1.028620220794208562e+00
4.360530603182633413e+00 -9.942198651193198122e-01
4.373096973796992692e+00 -1.057751751119082595e+00
4.385663344411351972e+00 -9.074575272624217925e-01
4.398229715025710362e+00 -1.008548130628126094e+00
4.410796085640069641e+00 -9.762615714436267966e-01
4.423362456254428032e+00 -9.208831305807902989e-01
4.435928826868787311e+00 -8.363751344950669520e-01
4.448495197483146590e+00 -8.635006948529999615e-01
4.461061568097505869e+00 -9.506460846521866959e-01
4.473627938711865148e+00 -9.653531313840014727e-01
4.486194309326224428e+00 -1.008345020977749140e+00
4.498760679940583707e+00 -9.345403527581126468e-01
4.511327050554942986e+00 -1.003743466992917499e+00
4.523893421169302265e+00 -1.032757129959977149e+00
4.536459791783661544e+00 -1.113546313783701613e+00
4.549026162398019935e+00 -1.113278856562858854e+00
4.561592533012379214e+00 -8.952643627613402488e-01
4.574158903626738493e+00 -1.106284957993925344e+00
4.586725274241097772e+00 -1.022617635239849276e+00
4.599291644855457051e+00 -1.005172422335404825e+00
4.611858015469816330e+00 -9.590929729493585798e-01
4.624424386084175609e+00 -1.020235939555577565e+00
4.636990756698534888e+00 -1.116393632789395740e+00
4.649557127312894167e+00 -9.953387567967428851e-01
4.662123497927252558e+00 -8.492958999459284675e-01
4.674689868541611837e+00 -7.767112430165520331e-01
4.687256239155971116e+00 -9.675371028974967258e-01
4.699822609770330395e+00 -1.053733082007221045e+00
4.712388980384689674e+00 -1.006414408419888051e+00
4.724955350999048953e+00 -9.302627756906332035e-01
4.737521721613408232e+00 -9.222053091476736242e-01
4.750088092227767511e+00 -1.014226544552314868e+00
4.762654462842126790e+00 -8.022942598155856642e-01
4.775220833456485181e+00 -1.051814370812332200e+00
4.787787204070844460e+00 -9.448720297645675226e-01
4.800353574685203739e+00 -9.453487322496458845e-01
4.812919945299563018e+00 -1.014358218215211993e+00
4.825486315913922297e+00 -1.067055982382182577e+00
4.838052686528281576e+00 -1.065483709721306793e+00
4.850619057142640855e+00 -9.416697200065985429e-01
4.863185427757000134e+00 -1.068959098931898444e+00
4.875751798371359413e+00 -9.274042441839717155e-01
4.888318168985717804e+00 -9.065799764044271125e-01
4.900884539600077083e+00 -1.055228637862023922e+00
4.913450910214436362e+00 -8.054403565304208978e-01
4.926017280828795641e+00 -9.757129334734077064e-01
4.938583651443154920e+00 -8.623388425593141449e-01
4.951150022057514200e+00 -9.922670242625281078e-01
4.963716392671873479e+00 -9.835537811633792149e-01
4.976282763286232758e+00 -1.036354569381681801e+00
4.988849133900592037e+00 -8.991546029192065692e-01
5.001415504514951316e+00 -7.456598365544948592e-01
5.013981875129309707e+00 -1.050969183198731782e+00
5.026548245743668986e+00 -1.044600771447356191e+00
5.039114616358028265e+00 -1.085116584668301742e+00
5.051680986972387544e+00 -1.020531184449987805e+00
5.064247357586746823e+00 -9.796730349750499833e-01
5.076813728201106102e+00 -9.802043576686453319e-01
5.089380098815465381e+00 -9.893313411501045707e-01
5.101946469429824660e+00 -8.518412431376669591e-01
5.114512840044183939e+00 -9.351224916290119538e-01
5.127079210658542330e+00 -9.758702198087864099e-01
5.139645581272901609e+00 -1.013419318689319892e+00
5.152211951887260888e+00 -8.990672698877497648e-01
5.164778322501620167e+00 -8.815000386103410968e-01
5.177344693115979446e+00 -7.839058480711760257e-01
5.189911063730338725e+00 -8.986366147253326275e-01
5.202477434344698004e+00 -9.848855518144390420e-01
5.215043804959057283e+00 -8.727847128551889933e-01
5.227610175573416562e+00 -9.842450678996486069e-01
5.240176546187774953e+00 -9.091376904097624445e-01
5.252742916802134232e+00 -8.745796108207344322e-01
5.265309287416492623e+00 -9.107325287848297979e-01
5.277875658030851902e+00 -9.294036169529837910e-01
5.290442028645211181e+00 -7.794696626080755975e-01
5.303008399259570460e+00 -8.767757775594862135e-01
5.315574769873929739e+00 -7.884738806729711946e-01
5.328141140488289018e+00 -9.240785475462143239e-01
5.340707511102648297e+00 -8.018767969069459101e-01
5.353273881717007576e+00 -7.635396909371880980e-01
5.365840252331366855e+00 -8.380933777121608586e-01
5.378406622945726134e+00 -6.646464758022977426e-01
5.390972993560084525e+00 -7.205207095643362258e-01
5.403539364174443804e+00 -5.915988943140118028e-01
5.416105734788803083e+00 -8.427271566181874229e-01
5.428672105403162362e+00 -6.881688947093735909e-01
5.441238476017521641e+00 -5.963376219510415632e-01
5.453804846631880920e+00 -7.900037978619298684e-01
5.466371217246240199e+00 -8.547891583423309347e-01
5.478937587860599479e+00 -6.923778834796947557e-01
5.491503958474958758e+00 -7.254649651280956624e-01
5.504070329089317148e+00 -6.417936660028134011e-01
5.516636699703676427e+00 -6.068454966722122146e-01
5.529203070318035707e+00 -8.185077933189559563e-01
5.541769440932394986e+00 -8.422352811952229512e-01
5.554335811546754265e+00 -6.941967653584664166e-01
5.566902182161113544e+00 -7.517220201036053373e-01
5.579468552775472823e+00 -5.305350762420697475e-01
5.592034923389832102e+00 -7.142079915745516150e-01
5.604601294004191381e+00 -6.360423070873233442e-01
5.617167664618549772e+00 -6.125915659898323318e-01
5.629734035232909051e+00 -6.929782499129719664e-01
5.642300405847268330e+00 -6.491479954137187036e-01
5.654866776461627609e+00 -3.307714966932087108e-01
5.667433147075986888e+00 -5.236813167530928181e-01
5.679999517690346167e+00 -5.645769134124147826e-01
5.692565888304705446e+00 -5.075126970712993124e-01
5.705132258919064725e+00 -7.646159923415157822e-01
5.717698629533424004e+00 -2.853874206067897323e-01
5.730265000147783283e+00 -5.669789486034886306e-01
5.742831370762141674e+00 -6.173245916463259153e-01
5.755397741376500953e+00 -5.612012289973644652e-01
5.767964111990860232e+00 -2.996112660990237764e-01
5.780530482605219511e+00 -6.247323518491016969e-01
5.793096853219578790e+00 -4.060252154214795128e-01
5.805663223833938069e+00 -4.619879422775700628e-01
5.818229594448297348e+00 -3.718327944564059906e-01
5.830795965062656627e+00 -4.908456254929863261e-01
5.843362335677015906e+00 -5.283578273359237354e-01
5.855928706291374297e+00 -3.205159182823230646e-01
5.868495076905733576e+00 -4.895853212396826803e-01
5.881061447520092855e+00 -5.502965544166116274e-01
5.893627818134452134e+00 -3.501768167869231951e-01
5.906194188748811413e+00 -4.606504262091742907e-01
5.918760559363170692e+00 -3.716032606930541049e-01
5.931326929977529971e+00 -2.856221776788042677e-01
5.943893300591889250e+00 -4.240864442630351006e-01
5.956459671206248530e+00 -5.272718343297083665e-01
5.969026041820606920e+00 -2.099178991959617380e-01
5.981592412434966199e+00 -2.376357693903602408e-01
5.994158783049325478e+00 -2.200462516241614153e-01
6.006725153663684758e+00 -8.738518726570959627e-02
6.019291524278044037e+00 -1.120793643880711177e-01
6.031857894892402427e+00 -1.886154683696952550e-01
6.044424265506761706e+00 -1.806377541736536030e-01
6.056990636121120986e+00 -9.840626890794590409e-02
6.069557006735480265e+00 -2.797598901124679349e-01
6.082123377349839544e+00 -3.337433418869302781e-01
6.094689747964198823e+00 -2.014240347773593731e-01
6.107256118578558102e+00 -1.530362968128310686e-01
6.119822489192916493e+00 -7.540193491019324401e-02
6.132388859807275772e+00 -2.999492877196167084e-01
6.144955230421635051e+00 -1.663610330132445081e-01
6.157521601035994330e+00 -2.672253133953565452e-01
6.170087971650353609e+00 -9.271707993561836836e-02
6.182654342264712888e+00 -6.178784631036826624e-02
6.195220712879072167e+00 4.397107453050036474e-02
6.207787083493431446e+00 -2.294568080616287697e-01
6.220353454107790725e+00 -7.351561752071235356e-02
6.232919824722149116e+00 4.924582848641165245e-02
6.245486195336508395e+00 2.720756703006411287e-02
6.258052565950867674e+00 -1.528503696145167290e-01
6.270618936565226953e+00 -4.000681052900978418e-02
