0.000000000000000000e+00 -1.979104713093718937e-01
1.256637061435917323e-02 -1.190675701255293484e-01
2.513274122871834645e-02 -1.860166779121046401e-02
3.769911184307751795e-02 -1.226731687300074147e-01
5.026548245743669291e-02 1.431187830960891083e-01
6.283185307179586787e-02 9.289349278852156166e-02
7.539822368615503589e-02 6.825567913928276553e-02
8.796459430051420392e-02 2.790814941885727540e-02
1.005309649148733858e-01 5.784916162658110261e-03
1.130973355292325677e-01 2.804134677458055558e-01
1.256637061435917357e-01 1.993213482484259558e-01
1.382300767579508760e-01 2.153718865825078321e-01
1.507964473723100718e-01 1.281342030004284371e-01
1.633628179866692676e-01 -2.429984544527086232e-02
1.759291886010284078e-01 2.375971763135541204e-01
1.884955592153875759e-01 1.342686558972675526e-01
2.010619298297467716e-01 2.461243171136458796e-01
2.136283004441059397e-01 1.839693046369790808e-01
2.261946710584651354e-01 2.040154227389922859e-01
2.387610416728242757e-01 1.053088328089143155e-01
2.513274122871834715e-01 1.983539007972786594e-01
2.638937829015426395e-01 2.563586952391813112e-01
2.764601535159017520e-01 3.036149016712157422e-01
2.890265241302609756e-01 1.345446808456366439e-01
3.015928947446201436e-01 3.333559620314713312e-01
3.141592653589793116e-01 4.681729087149664181e-01
3.267256359733385351e-01 2.305423737495931602e-01
3.392920065876976476e-01 3.822415930751916768e-01
3.518583772020568157e-01 2.514480231256849829e-01
3.644247478164160392e-01 4.680841879849133580e-01
3.769911184307751517e-01 4.391941105806482226e-01
3.895574890451343197e-01 4.200636184604026879e-01
4.021238596594935433e-01 4.813600690529044046e-01
4.146902302738527113e-01 3.768358242059281493e-01
4.272566008882118793e-01 5.238050276465473498e-01
4.398229715025711029e-01 4.990885348683636313e-01
4.523893421169302709e-01 4.288403013282697795e-01
4.649557127312893834e-01 3.571924971038834551e-01
4.775220833456485514e-01 4.969837693814295743e-01
4.900884539600077194e-01 6.031935203201682638e-01
5.026548245743669430e-01 5.132399482060987506e-01
5.152211951887261110e-01 5.209928285023889272e-01
5.277875658030852790e-01 5.908600909231388476e-01
5.403539364174444470e-01 4.687370813805048497e-01
5.529203070318035040e-01 4.850535899095724801e-01
5.654866776461627831e-01 6.296690403436333572e-01
5.780530482605219511e-01 5.494454083323471183e-01
5.906194188748811191e-01 6.482119578427599782e-01
6.031857894892402872e-01 7.455863856863508277e-01
6.157521601035994552e-01 5.359038060010186122e-01
6.283185307179586232e-01 4.975778024027875945e-01
6.408849013323177912e-01 5.944019224691728942e-01
6.534512719466770703e-01 6.017623677142271976e-01
6.660176425610361273e-01 6.945855159545747393e-01
6.785840131753952953e-01 6.059543009457289964e-01
6.911503837897544633e-01 5.274758350172601418e-01
7.037167544041136313e-01 7.439496748099913015e-01
7.162831250184729104e-01 6.675344850422255671e-01
7.288494956328320784e-01 5.185997755793203545e-01
7.414158662471912464e-01 7.992565854710114159e-01
7.539822368615503034e-01 6.373585415647120556e-01
7.665486074759094715e-01 6.398332926540869492e-01
7.791149780902686395e-01 8.184032843115554012e-01
7.916813487046279185e-01 7.899525471435578927e-01
8.042477193189870865e-01 7.592258422197759593e-01
8.168140899333462546e-01 8.643376811553270533e-01
8.293804605477054226e-01 6.623572397959387459e-01
8.419468311620645906e-01 8.694271474280921286e-01
8.545132017764237586e-01 8.107173147791866263e-01
8.670795723907829267e-01 9.221303822099164993e-01
8.796459430051422057e-01 8.164880948820094630e-01
8.922123136195013737e-01 9.123857057298618844e-01
9.047786842338605418e-01 8.754260394472164197e-01
9.173450548482194877e-01 8.618889051729961004e-01
9.299114254625787668e-01 6.969714696135914656e-01
9.424777960769379348e-01 9.192907795319407160e-01
9.550441666912971028e-01 7.898904594609094110e-01
9.676105373056562708e-01 8.605303968692157301e-01
9.801769079200154389e-01 6.740450796159636049e-01
9.927432785343746069e-01 8.634048192872139094e-01
1.005309649148733886e+00 8.355728693917572336e-01
1.017876019763092943e+00 7.329273516711587444e-01
1.030442390377452222e+00 8.719393091170594134e-01
1.043008760991811279e+00 8.485506333272662127e-01
1.055575131606170558e+00 8.302533800100914130e-01
1.068141502220529837e+00 8.665578518356240600e-01
1.080707872834888894e+00 8.921811631227903883e-01
1.093274243449248173e+00 8.572805143839645758e-01
1.105840614063607008e+00 9.022605629524170778e-01
1.118406984677966287e+00 9.145847370953377187e-01
1.130973355292325566e+00 9.329970131136636757e-01
1.143539725906684623e+00 8.367417447946448039e-01
1.156106096521043902e+00 9.412952866129481455e-01
1.168672467135402959e+00 7.379990964657758834e-01
1.181238837749762238e+00 8.679684106050463699e-01
1.193805208364121295e+00 9.565858232144884843e-01
1.206371578978480574e+00 7.829250367037557945e-01
1.218937949592839853e+00 8.699873132854403224e-01
1.231504320207198910e+00 1.105371457380967870e+00
1.244070690821558189e+00 1.002432311676004328e+00
1.256637061435917246e+00 1.038765914388553258e+00
1.269203432050276525e+00 9.683025777476312879e-01
1.281769802664635582e+00 8.816042400809253055e-01
1.294336173278994861e+00 7.498555508264350689e-01
1.306902543893354141e+00 7.939717459619659579e-01
1.319468914507712975e+00 1.053239639667362448e+00
1.332035285122072255e+00 8.970838396508498125e-01
1.344601655736431534e+00 1.089198768153966324e+00
1.357168026350790591e+00 8.471117407847792435e-01
1.369734396965149870e+00 9.103627332642113545e-01
1.382300767579508927e+00 1.006160717018974360e+00
1.394867138193868206e+00 9.321473775980289034e-01
1.407433508808227263e+00 9.393519090856458087e-01
1.419999879422586542e+00 1.160185100695888760e+00
1.432566250036945821e+00 1.060222267469904889e+00
1.445132620651304878e+00 9.816913650204247554e-01
1.457698991265664157e+00 8.014641508168905970e-01
1.470265361880023214e+00 8.908846560507127643e-01
1.482831732494382493e+00 7.502307030521324638e-01
1.495398103108741550e+00 8.127030456262489544e-01
1.507964473723100607e+00 9.896428924825071416e-01
1.520530844337459886e+00 1.080319047190815951e+00
1.533097214951818943e+00 9.355379773080864103e-01
1.545663585566178222e+00 8.796305647093481950e-01
1.558229956180537279e+00 9.841844279551789088e-01
1.570796326794896558e+00 9.815439078423725539e-01
1.583362697409255837e+00 9.943911219614143260e-01
1.595929068023614894e+00 9.911489775397845925e-01
1.608495438637974173e+00 1.016075739477978912e+00
1.621061809252333230e+00 8.543718339432881947e-01
1.633628179866692509e+00 1.100617572559641877e+00
1.646194550481051566e+00 9.302252609125202243e-01
1.658760921095410845e+00 9.983682847500527924e-01
1.671327291709770124e+00 1.000735968398639208e+00
1.683893662324129181e+00 9.215845612320382463e-01
1.696460032938488460e+00 1.103626364920464509e+00
1.709026403552847517e+00 8.734358258969439071e-01
1.721592774167206796e+00 9.503285172770454814e-01
1.734159144781565853e+00 1.022825510865586374e+00
1.746725515395925132e+00 9.114879734396246214e-01
1.759291886010284411e+00 8.619348046088285420e-01
1.771858256624643468e+00 1.113397659673784901e+00
1.784424627239002747e+00 1.097722959052035208e+00
1.796990997853361804e+00 1.025162801541302793e+00
1.809557368467721084e+00 9.000378874729959566e-01
1.822123739082079918e+00 9.718569225125259781e-01
1.834690109696438975e+00 9.275456493490110699e-01
1.847256480310798255e+00 8.760318480197870628e-01
1.859822850925157534e+00 7.870743453797122147e-01
1.872389221539516591e+00 8.127095357431082245e-01
1.884955592153875870e+00 1.035826585442327419e+00
1.897521962768234927e+00 9.408125672837204245e-01
1.910088333382594206e+00 8.995279337517967377e-01
1.922654703996953263e+00 9.096669798418894892e-01
1.935221074611312542e+00 1.069867264544266838e+00
1.947787445225671821e+00 1.144448063412889960e+00
1.960353815840030878e+00 8.477620122535214353e-01
1.972920186454390157e+00 9.231932831074756152e-01
1.985486557068749214e+00 7.591304705126472596e-01
1.998052927683108493e+00 7.957344403843216174e-01
2.010619298297467772e+00 9.695508355550084278e-01
2.023185668911826607e+00 9.859864079182356633e-01
2.035752039526185886e+00 8.499770245575849481e-01
2.048318410140545165e+00 9.373210719004689828e-01
2.060884780754904444e+00 8.493731268555768654e-01
2.073451151369263723e+00 8.532077116790114379e-01
2.086017521983622558e+00 6.921496837832888938e-01
2.098583892597981837e+00 7.254138315862961317e-01
2.111150263212341116e+00 8.881900716389778960e-01
2.123716633826700395e+00 6.866815643105061984e-01
2.136283004441059674e+00 8.539922253044748279e-01
2.148849375055418509e+00 7.760547836084714657e-01
2.161415745669777788e+00 6.855271701746659119e-01
2.173982116284137067e+00 8.218826812607544774e-01
2.186548486898496346e+00 7.968640525982867429e-01
2.199114857512855181e+00 7.570263121990952193e-01
2.211681228127214016e+00 8.755868257584623615e-01
2.224247598741573295e+00 7.569244784423484473e-01
2.236813969355932574e+00 8.587512364051970160e-01
2.249380339970291853e+00 5.706874665039690653e-01
2.261946710584651132e+00 7.448256335533819383e-01
2.274513081199009967e+00 7.177685865771458174e-01
2.287079451813369246e+00 8.814123832354759935e-01
2.299645822427728525e+00 7.545256661495640671e-01
2.312212193042087804e+00 7.944067390670846995e-01
2.324778563656447083e+00 7.361074833031440168e-01
2.337344934270805918e+00 5.878260822449009604e-01
2.349911304885165197e+00 6.994974113928453807e-01
2.362477675499524477e+00 7.758559632173640530e-01
2.375044046113883756e+00 7.364194389623239800e-01
2.387610416728242591e+00 7.518747218576072866e-01
2.400176787342601870e+00 6.840572654190764101e-01
2.412743157956961149e+00 8.379927874337013138e-01
2.425309528571320428e+00 7.173181366385446012e-01
2.437875899185679707e+00 5.944248403278697968e-01
2.450442269800038542e+00 7.317283274142416527e-01
2.463008640414397821e+00 7.040495209074786320e-01
2.475575011028757100e+00 4.887671149705904439e-01
2.488141381643116379e+00 4.829719336969423016e-01
2.500707752257475658e+00 7.256790464547764330e-01
2.513274122871834493e+00 8.139095216390244136e-01
2.525840493486193772e+00 4.126256051218757381e-01
2.538406864100553051e+00 4.824466650704701265e-01
2.550973234714912330e+00 4.898761714720711868e-01
2.563539605329271165e+00 4.654746779976608462e-01
2.576105975943630444e+00 6.800231345724467857e-01
2.588672346557989723e+00 6.260305910736533308e-01
2.601238717172349002e+00 6.051586034415052939e-01
2.613805087786708281e+00 4.294188776495152515e-01
2.626371458401067116e+00 2.904518916676123164e-01
2.638937829015425951e+00 3.473006206220434766e-01
2.651504199629785230e+00 3.701995017043095415e-01
2.664070570244144509e+00 3.761982052908318663e-01
2.676636940858503788e+00 5.320264392539219012e-01
2.689203311472863067e+00 4.122350342942570633e-01
2.701769682087221902e+00 4.171388744420384542e-01
2.714336052701581181e+00 4.967103010823199494e-01
2.726902423315940460e+00 4.640096417165829878e-01
2.739468793930299739e+00 3.013282284589958171e-01
2.752035164544658574e+00 2.765284725740032590e-01
2.764601535159017853e+00 3.554982726706684693e-01
2.777167905773377132e+00 4.760086190173967169e-01
2.789734276387736411e+00 1.874267537644020987e-01
2.802300647002095690e+00 2.948179817168570249e-01
2.814867017616454525e+00 2.367269618862732905e-01
2.827433388230813804e+00 3.538451722854337733e-01
2.839999758845173083e+00 3.486685410397080132e-01
2.852566129459532362e+00 3.098048403365282200e-01
2.865132500073891642e+00 4.200369972415289865e-01
2.877698870688250476e+00 3.200910223827095336e-01
2.890265241302609756e+00 5.908428929656907025e-01
2.902831611916969035e+00 2.242116492920401272e-01
2.915397982531328314e+00 3.155430563787684495e-01
2.927964353145687149e+00 2.757473021726979390e-01
2.940530723760046428e+00 2.063050688745627359e-01
2.953097094374405707e+00 2.526740025677087220e-01
2.965663464988764986e+00 7.894015997480484381e-02
2.978229835603124265e+00 1.031546855922085282e-01
2.990796206217483100e+00 2.514232990552087155e-01
3.003362576831842379e+00 9.775318837128672833e-02
3.015928947446201214e+00 1.419943735756091507e-01
3.028495318060560493e+00 2.624028466262638970e-01
3.041061688674919772e+00 2.517436246231027908e-01
3.053628059289279051e+00 1.419924127657583302e-01
3.066194429903637886e+00 7.757051271179538077e-02
3.078760800517997165e+00 -4.610763096335118716e-02
3.091327171132356444e+00 1.488587544973662691e-01
3.103893541746715723e+00 -1.141719723167700096e-02
3.116459912361074558e+00 1.261214574770931074e-01
3.129026282975433837e+00 2.176102738744092047e-01
3.141592653589793116e+00 1.584569619735822776e-01
3.154159024204152395e+00 -3.440639868177148425e-02
3.166725394818511674e+00 1.577319077319800505e-03
3.179291765432870509e+00 -1.090214425397146719e-01
3.191858136047229788e+00 -3.206512931087013296e-02
3.204424506661589067e+00 9.393609236494694648e-02
3.216990877275948346e+00 2.095436239386609667e-02
3.229557247890307181e+00 -7.289950270860613701e-02
3.242123618504666460e+00 -1.927832006724724545e-01
3.254689989119025739e+00 3.385221790376286011e-03
3.267256359733385018e+00 -1.280226605708688348e-01
3.279822730347744297e+00 -3.280865853748479166e-01
3.292389100962103132e+00 -1.386203003554420110e-01
3.304955471576462411e+00 -2.436180337490178593e-01
3.317521842190821690e+00 -2.611234990719380478e-01
3.330088212805180969e+00 -3.380657188963824278e-01
3.342654583419540248e+00 -1.470161277284798285e-01
3.355220954033899083e+00 -1.188893987535123709e-01
3.367787324648258362e+00 -1.809236626283270977e-01
3.380353695262617642e+00 -8.658416895861495433e-02
3.392920065876976921e+00 -2.510556562431062733e-02
3.405486436491335756e+00 -3.404183947082947692e-01
3.418052807105695035e+00 -2.614185243763850752e-01
3.430619177720054314e+00 -4.002717500388308647e-01
3.443185548334413593e+00 -2.431810940853407210e-01
3.455751918948772872e+00 -3.167949198548017375e-01
3.468318289563131707e+00 -4.658962844324702202e-01
3.480884660177490986e+00 -3.454460681055812610e-01
3.493451030791850265e+00 -3.710771339371182753e-01
3.506017401406209544e+00 -3.525858451299129226e-01
3.518583772020568823e+00 -4.958050135635448941e-01
3.531150142634927658e+00 -4.787592300898773079e-01
3.543716513249286937e+00 -4.303850174118408201e-01
3.556282883863646216e+00 -4.983408431103280578e-01
3.568849254478005495e+00 -5.327857474870149046e-01
3.581415625092364330e+00 -5.433551848401656503e-01
3.593981995706723609e+00 -4.007331562394033098e-01
3.606548366321082888e+00 -4.111869038910814789e-01
3.619114736935442167e+00 -5.531650864460893047e-01
3.631681107549800558e+00 -6.100104980721418046e-01
3.644247478164159837e+00 -6.112397066891682718e-01
3.656813848778519116e+00 -4.001676478585158292e-01
3.669380219392877951e+00 -5.413279623272631014e-01
3.681946590007237230e+00 -6.770272302502619022e-01
3.694512960621596509e+00 -5.684103949471411843e-01
3.707079331235955788e+00 -5.230597757966309880e-01
3.719645701850315067e+00 -4.412038535161032504e-01
3.732212072464673902e+00 -5.976621068386870350e-01
3.744778443079033181e+00 -5.047360521576425008e-01
3.757344813693392460e+00 -5.950021271940069134e-01
3.769911184307751739e+00 -4.828006134699148189e-01
3.782477554922110574e+00 -6.010687422605034413e-01
3.795043925536469853e+00 -7.232652207420511292e-01
3.807610296150829132e+00 -6.796485437177257616e-01
3.820176666765188411e+00 -7.779832425219104231e-01
3.832743037379547690e+00 -6.570513813689590199e-01
3.845309407993906525e+00 -6.040968388220183671e-01
3.857875778608265804e+00 -7.017386007356941624e-01
3.870442149222625083e+00 -7.333082292238792821e-01
3.883008519836984362e+00 -5.259606747688598816e-01
3.895574890451343641e+00 -4.931467470914351336e-01
3.908141261065702476e+00 -7.797087893371003053e-01
3.920707631680061755e+00 -7.848068036238906586e-01
3.933274002294421035e+00 -6.855380452040622519e-01
3.945840372908780314e+00 -7.686835098388477006e-01
3.958406743523139149e+00 -7.348008983385665438e-01
3.970973114137498428e+00 -5.435115854674072988e-01
3.983539484751857707e+00 -8.110074259373181160e-01
3.996105855366216986e+00 -7.436171911553868252e-01
4.008672225980576265e+00 -7.841455660983650544e-01
4.021238596594935544e+00 -9.152418913314370741e-01
4.033804967209294823e+00 -5.962164202598676521e-01
4.046371337823653214e+00 -6.677018665932124009e-01
4.058937708438012493e+00 -8.179720989469564385e-01
4.071504079052371772e+00 -8.901803894125774885e-01
4.084070449666731051e+00 -6.304512381528067921e-01
4.096636820281090330e+00 -9.324369050063623376e-01
4.109203190895449609e+00 -9.009269628714289269e-01
4.121769561509808888e+00 -8.699872440607957502e-01
4.134335932124168167e+00 -8.903828515790385145e-01
4.146902302738527446e+00 -8.188193388719388066e-01
4.159468673352886725e+00 -7.275484792599329342e-01
4.172035043967245116e+00 -8.622385295734976696e-01
4.184601414581604395e+00 -7.189769182125833602e-01
4.197167785195963674e+00 -1.008321946298822436e+00
4.209734155810322953e+00 -1.038763980636537854e+00
4.222300526424682232e+00 -8.989458125141122080e-01
4.234866897039041511e+00 -7.700437369182995262e-01
4.247433267653400790e+00 -8.833950448831994207e-01
4.259999638267760069e+00 -9.285319950852454207e-01
4.272566008882119348e+00 -7.623515043002810909e-01
4.285132379496477739e+00 -1.039016555650181584e+00
4.297698750110837018e+00 -6.857182388759784919e-01
4.310265120725196297e+00 -8.827950692092423335e-01
4.322831491339555576e+00 -1.014344618249296559e+00
4.335397861953914855e+00 -8.669084813578544768e-01
4.347964232568274134e+00 -1.083053226730919860e+00
4.360530603182633413e+00 -9.402449938963600706e-01
4.373096973796992692e+00 -1.020105242674313795e+00
4.385663344411351972e+00 -8.522077423745181290e-01
4.398229715025710362e+00 -9.124842228288545520e-01
4.410796085640069641e+00 -8.172205941518202454e-01
4.423362456254428032e+00 -9.795393160688785628e-01
4.435928826868787311e+00 -8.849583935751510477e-01
4.448495197483146590e+00 -8.511448674870093489e-01
4.461061568097505869e+00 -1.007764984465066460e+00
4.473627938711865148e+00 -9.078183801715283829e-01
4.486194309326224428e+00 -1.015585915713114407e+00
4.498760679940583707e+00 -1.054697412913680576e+00
4.511327050554942986e+00 -8.155475216680603268e-01
4.523893421169302265e+00 -9.076555967407519132e-01
4.536459791783661544e+00 -9.874406597898355287e-01
4.549026162398019935e+00 -1.069537397722289063e+00
4.561592533012379214e+00 -1.018925166605335608e+00
4.574158903626738493e+00 -1.028097633827392166e+00
4.586725274241097772e+00 -8.436009260429094825e-01
4.599291644855457051e+00 -1.010489775289163950e+00
4.611858015469816330e+00 -9.111247872942811465e-01
4.624424386084175609e+00 -1.352098873230799692e+00
4.636990756698534888e+00 -8.789042045834036809e-01
4.649557127312894167e+00 -1.051457979851761815e+00
4.662123497927252558e+00 -8.628534690893441272e-01
4.674689868541611837e+00 -9.873530934054400854e-01
4.687256239155971116e+00 -8.630915096972080480e-01
4.699822609770330395e+00 -8.974822563568971567e-01
4.712388980384689674e+00 -1.107988121760696831e+00
4.724955350999048953e+00 -1.100036045769297699e+00
4.737521721613408232e+00 -9.749903135587811853e-01
4.750088092227767511e+00 -1.106830973914179062e+00
4.762654462842126790e+00 -9.374305144336695372e-01
4.775220833456485181e+00 -1.107769195183970101e+00
4.787787204070844460e+00 -8.962980040470645005e-01
4.800353574685203739e+00 -8.666475896785948985e-01
4.812919945299563018e+00 -9.861994570597415466e-01
4.825486315913922297e+00 -9.015716622269637215e-01
4.838052686528281576e+00 -1.070661140759028296e+00
4.850619057142640855e+00 -9.343345630329574769e-01
4.863185427757000134e+00 -9.563694378192342249e-01
4.875751798371359413e+00 -1.065989600047428709e+00
4.888318168985717804e+00 -1.109196537790523074e+00
4.900884539600077083e+00 -7.950404970418143424e-01
4.913450910214436362e+00 -9.422692211011575170e-01
4.926017280828795641e+00 -1.132841879160852994e+00
4.938583651443154920e+00 -7.715849104021784699e-01
4.951150022057514200e+00 -9.428430575688310222e-01
4.963716392671873479e+00 -9.667030377243169825e-01
4.976282763286232758e+00 -9.943345934960231558e-01
4.988849133900592037e+00 -1.026897531239502781e+00
5.001415504514951316e+00 -9.668777401575032737e-01
5.013981875129309707e+00 -1.115802279170385658e+00
5.026548245743668986e+00 -1.131071022495504064e+00
5.039114616358028265e+00 -6.398565706739305359e-01
5.051680986972387544e+00 -9.025553828104015963e-01
5.064247357586746823e+00 -9.901898093324345007e-01
5.076813728201106102e+00 -8.875834171739782619e-01
5.089380098815465381e+00 -6.916915969289019195e-01
5.101946469429824660e+00 -9.304713920673750582e-01
5.114512840044183939e+00 -8.660390766121622841e-01
5.127079210658542330e+00 -8.538837655294780893e-01
5.139645581272901609e+00 -8.547575491267671577e-01
5.152211951887260888e+00 -9.634659436922035081e-01
5.164778322501620167e+00 -8.355645692414848114e-01
5.177344693115979446e+00 -9.515434989692319601e-01
5.189911063730338725e+00 -8.132739464965670351e-01
5.202477434344698004e+00 -8.682648141638843464e-01
5.215043804959057283e+00 -8.424688463824279161e-01
5.227610175573416562e+00 -9.500929809637255197e-01
5.240176546187774953e+00 -8.224994430809711154e-01
5.252742916802134232e+00 -8.377573646425185983e-01
5.265309287416492623e+00 -8.228198693904792416e-01
5.277875658030851902e+00 -8.078581032648770588e-01
5.290442028645211181e+00 -9.470012429985047442e-01
5.303008399259570460e+00 -9.386312904076621333e-01
5.315574769873929739e+00 -8.054694776536077683e-01
5.328141140488289018e+00 -7.702934751911334477e-01
5.340707511102648297e+00 -6.751714034465329251e-01
5.353273881717007576e+00 -8.176512883624796890e-01
5.365840252331366855e+00 -7.678540566150920954e-01
5.378406622945726134e+00 -7.080583698263083203e-01
5.390972993560084525e+00 -8.108716996434462976e-01
5.403539364174443804e+00 -8.103096503698399289e-01
5.416105734788803083e+00 -7.290223657319870876e-01
5.428672105403162362e+00 -8.760738499114839595e-01
5.441238476017521641e+00 -6.036055565740673368e-01
5.453804846631880920e+00 -9.291922694892842394e-01
5.466371217246240199e+00 -4.834447840982531441e-01
5.478937587860599479e+00 -6.785708839698886274e-01
5.491503958474958758e+00 -6.931409172956545239e-01
5.504070329089317148e+00 -5.766346874980865511e-01
5.516636699703676427e+00 -5.292285318861411625e-01
5.529203070318035707e+00 -6.874150324414028956e-01
5.541769440932394986e+00 -6.956004408450322529e-01
5.554335811546754265e+00 -7.185454042294675547e-01
5.566902182161113544e+00 -6.326316221663066397e-01
5.579468552775472823e+00 -5.439348455941074301e-01
5.592034923389832102e+00 -5.708831065163467722e-01
5.604601294004191381e+00 -6.518794070364114512e-01
5.617167664618549772e+00 -5.561051932131467757e-01
5.629734035232909051e+00 -6.751685434356793358e-01
5.642300405847268330e+00 -4.844536098170873495e-01
5.654866776461627609e+00 -4.639111970408537622e-01
5.667433147075986888e+00 -3.457686383147738907e-01
5.679999517690346167e+00 -6.352208896201740895e-01
5.692565888304705446e+00 -6.353024154779352006e-01
5.705132258919064725e+00 -7.632287930085682737e-01
5.717698629533424004e+00 -6.752425188292349167e-01
5.730265000147783283e+00 -5.437882708267116616e-01
5.742831370762141674e+00 -7.024802258031672686e-01
5.755397741376500953e+00 -5.274789975807094855e-01
5.767964111990860232e+00 -2.926707483144298516e-01
5.780530482605219511e+00 -6.614587043525441690e-01
5.793096853219578790e+00 -5.910362075573729612e-01
5.805663223833938069e+00 -3.439425556746262824e-01
5.818229594448297348e+00 -4.651916220705005767e-01
5.830795965062656627e+00 -5.530833361103612011e-01
5.843362335677015906e+00 -3.582969742236868371e-01
5.855928706291374297e+00 -3.996652739949037580e-01
5.868495076905733576e+00 -5.081065256457962809e-01
5.881061447520092855e+00 -2.838273749910936727e-01
5.893627818134452134e+00 -2.316630406807218268e-01
5.906194188748811413e+00 -4.700273333186845703e-01
5.918760559363170692e+00 -1.591456652451964660e-01
5.931326929977529971e+00 -4.148147971033664949e-01
5.943893300591889250e+00 -1.965435307233029116e-01
5.956459671206248530e+00 -3.111261562729690233e-01
5.969026041820606920e+00 -4.146972960484410775e-01
5.981592412434966199e+00 -3.883526846287038703e-01
5.994158783049325478e+00 -2.452810337786572037e-01
6.006725153663684758e+00 -2.120425395544481562e-01
6.019291524278044037e+00 -3.157257506511027545e-01
6.031857894892402427e+00 -3.678308004285567034e-01
6.044424265506761706e+00 -3.377963481245984667e-01
6.056990636121120986e+00 -2.823999104181914577e-01
6.069557006735480265e+00 -2.817090716325137967e-01
6.082123377349839544e+00 -2.013001085204513263e-01
6.094689747964198823e+00 -2.395381274295366736e-01
6.107256118578558102e+00 -2.250950930470572431e-01
6.119822489192916493e+00 -1.301312152936433819e-01
6.132388859807275772e+00 -3.357934125820852267e-01
6.144955230421635051e+00 -8.671772136473854253e-02
6.157521601035994330e+00 -1.477185810077701889e-01
6.170087971650353609e+00 9.906055850117723161e-03
6.182654342264712888e+00 -1.586380168538674418e-02
6.195220712879072167e+00 -1.641976486715790440e-01
6.207787083493431446e+00 -5.340700691428940106e-02
6.220353454107790725e+00 -3.065140161495732429e-01
6.232919824722149116e+00 -7.608485372480838782e-02
6.245486195336508395e+00 1.829331800807755537e-01
6.258052565950867674e+00 -7.540994072056037001e-02
6.270618936565226953e+00 -1.235975561879274903e-01
