0.000000000000000000e+00 -9.563214405067693713e-02
1.256637061435917323e-02 1.048553667649683441e-01
2.513274122871834645e-02 8.101934161469105666e-02
3.769911184307751795e-02 1.317389562970120442e-01
5.026548245743669291e-02 -2.017826130908731419e-02
6.283185307179586787e-02 2.775692850368760012e-01
7.539822368615503589e-02 2.306198706071059257e-01
8.796459430051420392e-02 2.090703015505309403e-01
1.005309649148733858e-01 4.431204264831295481e-02
1.130973355292325677e-01 6.881792633918570878e-02
1.256637061435917357e-01 6.514100087821843299e-02
1.382300767579508760e-01 2.178129763189053936e-01
1.507964473723100718e-01 7.479164059234887085e-02
1.633628179866692676e-01 1.468103245269163082e-01
1.759291886010284078e-01 2.652813093455498317e-01
1.884955592153875759e-01 2.544304437881061975e-01
2.010619298297467716e-01 3.198314085569450294e-01
2.136283004441059397e-01 -1.861885387120457147e-02
2.261946710584651354e-01 3.302209312238275074e-01
2.387610416728242757e-01 1.895952418662283367e-01
2.513274122871834715e-01 4.195062104881590037e-01
2.638937829015426395e-01 3.639536420208570044e-01
2.764601535159017520e-01 3.223593325167523060e-01
2.890265241302609756e-01 3.070090413612474589e-01
3.015928947446201436e-01 1.819489910787003839e-01
3.141592653589793116e-01 2.697089832742925464e-01
3.267256359733385351e-01 2.904690810615926932e-01
3.392920065876976476e-01 3.646404860502262535e-01
3.518583772020568157e-01 5.132013709952636393e-01
3.644247478164160392e-01 2.403831161745080269e-01
3.769911184307751517e-01 3.028485065868715687e-01
3.895574890451343197e-01 4.244188061962587688e-01
4.021238596594935433e-01 2.446946502738524543e-01
4.146902302738527113e-01 3.233403080580232736e-01
4.272566008882118793e-01 5.274551414102055524e-01
4.398229715025711029e-01 4.535348817948956501e-01
4.523893421169302709e-01 5.632537914628314990e-01
4.649557127312893834e-01 3.156516384368686090e-01
4.775220833456485514e-01 4.896652910794551672e-01
4.900884539600077194e-01 5.157032569477473238e-01
5.026548245743669430e-01 7.307560761378248948e-01
5.152211951887261110e-01 4.014646278240638910e-01
5.277875658030852790e-01 4.389231188951302487e-01
5.403539364174444470e-01 4.514207440989828624e-01
5.529203070318035040e-01 6.995701606596099742e-01
5.654866776461627831e-01 4.794518955637118163e-01
5.780530482605219511e-01 4.668449845703970258e-01
5.906194188748811191e-01 4.959176094351297470e-01
6.031857894892402872e-01 5.342955640563016306e-01
6.157521601035994552e-01 5.352484502437305780e-01
6.283185307179586232e-01 6.990890219563821173e-01
6.408849013323177912e-01 6.347487914181405566e-01
6.534512719466770703e-01 5.497648824547747282e-01
6.660176425610361273e-01 7.042178525992186522e-01
6.785840131753952953e-01 5.688696122371414976e-01
6.911503837897544633e-01 6.808444262950059667e-01
7.037167544041136313e-01 6.074881033474595071e-01
7.162831250184729104e-01 8.985123953033319344e-01
7.288494956328320784e-01 7.485644750264810465e-01
7.414158662471912464e-01 6.597351665125784637e-01
7.539822368615503034e-01 5.958845701220443214e-01
7.665486074759094715e-01 6.059568644359080158e-01
7.791149780902686395e-01 6.969166652184833888e-01
7.916813487046279185e-01 7.767289945443768273e-01
8.042477193189870865e-01 8.909918831659304761e-01
8.168140899333462546e-01 7.081060690021474535e-01
8.293804605477054226e-01 7.189459366901934656e-01
8.419468311620645906e-01 7.084938768393812536e-01
8.545132017764237586e-01 6.295119199144461053e-01
8.670795723907829267e-01 7.304269346385694472e-01
8.796459430051422057e-01 7.086502707855409922e-01
8.922123136195013737e-01 1.011768819902425065e+00
9.047786842338605418e-01 1.143294445877217846e+00
9.173450548482194877e-01 7.680544594816933746e-01
9.299114254625787668e-01 6.823132134142619876e-01
9.424777960769379348e-01 9.219050656812091127e-01
9.550441666912971028e-01 8.614351711216383656e-01
9.676105373056562708e-01 6.379594898961077343e-01
9.801769079200154389e-01 7.975133368588456229e-01
9.927432785343746069e-01 8.989528148407512909e-01
1.005309649148733886e+00 8.001387656451128816e-01
1.017876019763092943e+00 7.680499717135473858e-01
1.030442390377452222e+00 9.994019229277687488e-01
1.043008760991811279e+00 7.230076303828935069e-01
1.055575131606170558e+00 8.112257037435568474e-01
1.068141502220529837e+00 8.895104545187115797e-01
1.080707872834888894e+00 7.845285163633546333e-01
1.093274243449248173e+00 7.823819009102663813e-01
1.105840614063607008e+00 1.007868174771798353e+00
1.118406984677966287e+00 1.006900843323466299e+00
1.130973355292325566e+00 9.194674467672997453e-01
1.143539725906684623e+00 8.470822781407200130e-01
1.156106096521043902e+00 9.116018280131327201e-01
1.168672467135402959e+00 8.309209301033062545e-01
1.181238837749762238e+00 8.726086325910272778e-01
1.193805208364121295e+00 9.288677099314640584e-01
1.206371578978480574e+00 1.036545627644592127e+00
1.218937949592839853e+00 8.846845315423050859e-01
1.231504320207198910e+00 8.824537313432192498e-01
1.244070690821558189e+00 9.710043741394221994e-01
1.256637061435917246e+00 9.816025993718610065e-01
1.269203432050276525e+00 9.186300103225621960e-01
1.281769802664635582e+00 9.346823007737078415e-01
1.294336173278994861e+00 1.126473122545599281e+00
1.306902543893354141e+00 8.270206922623982715e-01
1.319468914507712975e+00 8.957542877879731691e-01
1.332035285122072255e+00 1.139200733635472362e+00
1.344601655736431534e+00 7.502176304648514593e-01
1.357168026350790591e+00 8.434247095947575712e-01
1.369734396965149870e+00 8.693385836560290070e-01
1.382300767579508927e+00 1.050246098063831068e+00
1.394867138193868206e+00 9.559161104201631121e-01
1.407433508808227263e+00 9.535992706990312762e-01
1.419999879422586542e+00 8.794926589416954821e-01
1.432566250036945821e+00 9.531614089482300933e-01
1.445132620651304878e+00 1.082028841577905798e+00
1.457698991265664157e+00 1.110630499952490968e+00
1.470265361880023214e+00 9.128067052397541570e-01
1.482831732494382493e+00 8.941179946892890973e-01
1.495398103108741550e+00 1.072383483088201972e+00
1.507964473723100607e+00 1.001464388084211121e+00
1.520530844337459886e+00 1.069699082949853164e+00
1.533097214951818943e+00 9.404231777842433360e-01
1.545663585566178222e+00 1.031952020575765738e+00
1.558229956180537279e+00 9.745051602112952960e-01
1.570796326794896558e+00 9.764120860220659726e-01
1.583362697409255837e+00 8.452587714702515242e-01
1.595929068023614894e+00 9.132167492785732144e-01
1.608495438637974173e+00 1.026168208794280945e+00
1.621061809252333230e+00 1.104649691137161049e+00
1.633628179866692509e+00 8.476485457587166206e-01
1.646194550481051566e+00 1.105429059673554981e+00
1.658760921095410845e+00 8.584846386126103734e-01
1.671327291709770124e+00 9.007765265326478366e-01
1.683893662324129181e+00 8.803819414753631944e-01
1.696460032938488460e+00 9.930638771750467386e-01
1.709026403552847517e+00 8.879603805852660514e-01
1.721592774167206796e+00 1.235434751631548478e+00
1.734159144781565853e+00 8.509384312206732526e-01
1.746725515395925132e+00 1.094392851494713215e+00
1.759291886010284411e+00 9.532074129006483654e-01
1.771858256624643468e+00 1.075091797202479382e+00
1.784424627239002747e+00 8.194725938565150525e-01
1.796990997853361804e+00 8.831928563640936147e-01
1.809557368467721084e+00 1.072726648409228822e+00
1.822123739082079918e+00 1.105354246530695361e+00
1.834690109696438975e+00 9.666318615682836235e-01
1.847256480310798255e+00 1.003795411593207731e+00
1.859822850925157534e+00 9.621838074965501919e-01
1.872389221539516591e+00 9.849047944099665886e-01
1.884955592153875870e+00 1.051090564271926153e+00
1.897521962768234927e+00 8.320180488339977698e-01
1.910088333382594206e+00 8.772202842720626670e-01
1.922654703996953263e+00 1.017537901157727909e+00
1.935221074611312542e+00 9.903934395323682471e-01
1.947787445225671821e+00 8.214659268693136340e-01
1.960353815840030878e+00 9.874249387058523508e-01
1.972920186454390157e+00 8.547342337193231110e-01
1.985486557068749214e+00 8.207405867677277644e-01
1.998052927683108493e+00 1.092163693574539352e+00
2.010619298297467772e+00 9.147085935110078614e-01
2.023185668911826607e+00 8.195898946650537198e-01
2.035752039526185886e+00 7.148105614043542833e-01
2.048318410140545165e+00 9.875143965484398656e-01
2.060884780754904444e+00 9.308665119572432367e-01
2.073451151369263723e+00 9.683786637117662854e-01
2.086017521983622558e+00 9.054111314040702574e-01
2.098583892597981837e+00 7.700477736805655393e-01
2.111150263212341116e+00 9.451941110964235948e-01
2.123716633826700395e+00 9.823589045774575590e-01
2.136283004441059674e+00 1.057710032761093988e+00
2.148849375055418509e+00 8.554284486425133283e-01
2.161415745669777788e+00 7.889364906527650545e-01
2.173982116284137067e+00 9.615774579465108385e-01
2.186548486898496346e+00 8.580390867355627282e-01
2.199114857512855181e+00 9.101615215323342056e-01
2.211681228127214016e+00 6.012317782214613437e-01
2.224247598741573295e+00 7.465301159993791291e-01
2.236813969355932574e+00 7.476511694729396362e-01
2.249380339970291853e+00 6.494381495247814051e-01
2.261946710584651132e+00 7.755949689896445287e-01
2.274513081199009967e+00 7.561055787815978979e-01
2.287079451813369246e+00 7.397104523535535936e-01
2.299645822427728525e+00 6.704752844700510028e-01
2.312212193042087804e+00 7.308640669918092803e-01
2.324778563656447083e+00 5.323456201872730498e-01
2.337344934270805918e+00 7.862141848277186540e-01
2.349911304885165197e+00 6.546843251920859696e-01
2.362477675499524477e+00 8.207405273279468894e-01
2.375044046113883756e+00 8.405161031000815131e-01
2.387610416728242591e+00 7.671740773295372406e-01
2.400176787342601870e+00 6.240181812400806827e-01
2.412743157956961149e+00 6.464109920043319413e-01
2.425309528571320428e+00 5.715234438018511609e-01
2.437875899185679707e+00 6.525595981538478974e-01
2.450442269800038542e+00 6.467663483852219564e-01
2.463008640414397821e+00 6.638330004918211458e-01
2.475575011028757100e+00 5.516797479260523440e-01
2.488141381643116379e+00 4.941478259396246964e-01
2.500707752257475658e+00 6.287605429380714872e-01
2.513274122871834493e+00 5.316814182915222675e-01
2.525840493486193772e+00 4.420875920158511274e-01
2.538406864100553051e+00 5.166476265622501618e-01
2.550973234714912330e+00 6.629215693277603627e-01
2.563539605329271165e+00 5.911526059648909426e-01
2.576105975943630444e+00 6.338901778623908800e-01
2.588672346557989723e+00 7.457272479307305302e-01
2.601238717172349002e+00 5.101031781341475169e-01
2.613805087786708281e+00 4.059703718821741636e-01
2.626371458401067116e+00 6.175283938753437507e-01
2.638937829015425951e+00 5.245370684030331576e-01
2.651504199629785230e+00 4.395107532763544711e-01
2.664070570244144509e+00 5.769805257734601511e-01
2.676636940858503788e+00 4.755936094786284429e-01
2.689203311472863067e+00 6.085155473322705344e-01
2.701769682087221902e+00 5.409356854737989995e-01
2.714336052701581181e+00 4.574126083120462760e-01
2.726902423315940460e+00 2.548478073522909004e-01
2.739468793930299739e+00 2.714894562798804700e-01
2.752035164544658574e+00 5.008297932239678119e-01
2.764601535159017853e+00 5.011191956923861657e-01
2.777167905773377132e+00 3.526633103710465900e-01
2.789734276387736411e+00 2.840285780638533430e-01
2.802300647002095690e+00 5.078140926357130880e-01
2.814867017616454525e+00 3.486250439536279222e-01
2.827433388230813804e+00 2.735498835026853870e-01
2.839999758845173083e+00 1.566500705465403154e-01
2.852566129459532362e+00 1.869709074073869770e-01
2.865132500073891642e+00 2.447141129571395457e-01
2.877698870688250476e+00 2.330841527674009650e-01
2.890265241302609756e+00 3.301100800761062048e-01
2.902831611916969035e+00 2.495582823286643104e-01
2.915397982531328314e+00 3.863586120351412689e-01
2.927964353145687149e+00 2.260812671677635000e-01
2.940530723760046428e+00 1.387016983783267432e-01
2.953097094374405707e+00 1.387780424335915974e-02
2.965663464988764986e+00 4.424887996695300862e-02
2.978229835603124265e+00 2.366925573969229091e-01
2.990796206217483100e+00 9.672456724356348623e-02
3.003362576831842379e+00 2.270052569343494198e-01
3.015928947446201214e+00 7.244800154711819595e-02
3.028495318060560493e+00 5.108419368992432597e-02
3.041061688674919772e+00 2.873542366526202763e-01
3.053628059289279051e+00 -8.433990619202903771e-02
3.066194429903637886e+00 1.397716892286384738e-01
3.078760800517997165e+00 -2.686421532589949868e-02
3.091327171132356444e+00 -5.186702149005854162e-02
3.103893541746715723e+00 -1.171664947644991961e-01
3.116459912361074558e+00 1.584962883218632157e-01
3.129026282975433837e+00 -2.820841379329320775e-01
3.141592653589793116e+00 -4.633361283195656932e-02
3.154159024204152395e+00 -1.055481818708624460e-02
3.166725394818511674e+00 6.610122442729925163e-02
3.179291765432870509e+00 -1.417184454350420009e-01
3.191858136047229788e+00 -5.826332715205417845e-02
3.204424506661589067e+00 -1.828503069782380919e-01
3.216990877275948346e+00 -1.824334505420069363e-01
3.229557247890307181e+00 -1.944881067937749008e-01
3.242123618504666460e+00 -1.915791226610326081e-01
3.254689989119025739e+00 -9.355069473521901435e-02
3.267256359733385018e+00 -9.012752837348692037e-02
3.279822730347744297e+00 -1.501723573092554886e-01
3.292389100962103132e+00 -1.592395689350224186e-01
3.304955471576462411e+00 -2.822451024163562527e-01
3.317521842190821690e+00 -2.430673254183617904e-01
3.330088212805180969e+00 -7.372946122331341945e-02
3.342654583419540248e+00 -2.035954252249938257e-01
3.355220954033899083e+00 -6.817307763511593066e-02
3.367787324648258362e+00 -2.429844670124106376e-01
3.380353695262617642e+00 -3.872536151086094502e-01
3.392920065876976921e+00 -5.080490881957772098e-02
3.405486436491335756e+00 -3.143102896242317978e-01
3.418052807105695035e+00 -2.869605866308337916e-01
3.430619177720054314e+00 -3.364702165918531662e-01
3.443185548334413593e+00 -3.087936700172760340e-01
3.455751918948772872e+00 -1.540202893327918265e-01
3.468318289563131707e+00 -4.341578062590061293e-01
3.480884660177490986e+00 -3.977811215250265930e-01
3.493451030791850265e+00 -3.086212039496214476e-01
3.506017401406209544e+00 -3.779918101915720752e-01
3.518583772020568823e+00 -4.727905039790982200e-01
3.531150142634927658e+00 -2.104363719349335859e-01
3.543716513249286937e+00 -2.891304459185891074e-01
3.556282883863646216e+00 -4.435604254408286318e-01
3.568849254478005495e+00 -4.313556720767049990e-01
3.581415625092364330e+00 -5.059427935763466389e-01
3.593981995706723609e+00 -1.869627193002292853e-01
3.606548366321082888e+00 -3.049748016723022870e-01
3.619114736935442167e+00 -5.277146923858755390e-01
3.631681107549800558e+00 -4.652204562451818237e-01
3.644247478164159837e+00 -6.098625733614067013e-01
3.656813848778519116e+00 -4.660249692639638619e-01
3.669380219392877951e+00 -5.205049365388964011e-01
3.681946590007237230e+00 -5.578871781240506422e-01
3.694512960621596509e+00 -4.037716195099218530e-01
3.707079331235955788e+00 -5.285008182726408377e-01
3.719645701850315067e+00 -6.572237441420167858e-01
3.732212072464673902e+00 -4.518033637847642670e-01
3.744778443079033181e+00 -7.324343827646628835e-01
3.757344813693392460e+00 -5.764701228612667538e-01
3.769911184307751739e+00 -4.516241611254821486e-01
3.782477554922110574e+00 -5.359157360784104762e-01
3.795043925536469853e+00 -5.393732843111336273e-01
3.807610296150829132e+00 -7.125882393545189819e-01
3.820176666765188411e+00 -4.142732811431630857e-01
3.832743037379547690e+00 -8.208968785048919026e-01
3.845309407993906525e+00 -5.626611472241983547e-01
3.857875778608265804e+00 -7.219657019917280483e-01
3.870442149222625083e+00 -6.395669247892157294e-01
3.883008519836984362e+00 -7.401762880908094866e-01
3.895574890451343641e+00 -7.033554188093954496e-01
3.908141261065702476e+00 -5.546761127908403921e-01
3.920707631680061755e+00 -6.191739746922702015e-01
3.933274002294421035e+00 -7.669242160500493455e-01
3.945840372908780314e+00 -6.918949797837808946e-01
3.958406743523139149e+00 -9.128781875977662885e-01
3.970973114137498428e+00 -7.330622995443241141e-01
3.983539484751857707e+00 -5.366759382760371011e-01
3.996105855366216986e+00 -6.331611040477301833e-01
4.008672225980576265e+00 -8.589479343216707141e-01
4.021238596594935544e+00 -9.372771068471608125e-01
4.033804967209294823e+00 -9.382150342854325142e-01
4.046371337823653214e+00 -8.293704552833152110e-01
4.058937708438012493e+00 -7.144006430343012859e-01
4.071504079052371772e+00 -6.944613701718456156e-01
4.084070449666731051e+00 -8.361162250046516586e-01
4.096636820281090330e+00 -7.226055853193328327e-01
4.109203190895449609e+00 -8.052405580126321682e-01
4.121769561509808888e+00 -7.876294120638023255e-01
4.134335932124168167e+00 -6.729865587275598582e-01
4.146902302738527446e+00 -9.815758819923267042e-01
4.159468673352886725e+00 -8.572911825244038386e-01
4.172035043967245116e+00 -8.934515120731888471e-01
4.184601414581604395e+00 -8.527074644325958186e-01
4.197167785195963674e+00 -8.540119741929274033e-01
4.209734155810322953e+00 -8.969286627917315569e-01
4.222300526424682232e+00 -7.590823974775120497e-01
4.234866897039041511e+00 -8.520768668758585962e-01
4.247433267653400790e+00 -9.413902105124402064e-01
4.259999638267760069e+00 -1.024593577974875158e+00
4.272566008882119348e+00 -9.346220754562799549e-01
4.285132379496477739e+00 -8.205761031420104601e-01
4.297698750110837018e+00 -6.071082199227459952e-01
4.310265120725196297e+00 -1.282949952926101478e+00
4.322831491339555576e+00 -1.031803236931113865e+00
4.335397861953914855e+00 -9.246823002629348531e-01
4.347964232568274134e+00 -8.880725582622301939e-01
4.360530603182633413e+00 -8.944688599156762621e-01
4.373096973796992692e+00 -1.050822225572226154e+00
4.385663344411351972e+00 -9.621740995002501240e-01
4.398229715025710362e+00 -1.197814355912341977e+00
4.410796085640069641e+00 -9.749999867451409896e-01
4.423362456254428032e+00 -1.055993570479546007e+00
4.435928826868787311e+00 -8.660366038518383380e-01
4.448495197483146590e+00 -1.134886144832559340e+00
4.461061568097505869e+00 -9.216758130482646250e-01
4.473627938711865148e+00 -7.630203963241229959e-01
4.486194309326224428e+00 -1.034657153964498422e+00
4.498760679940583707e+00 -1.075045250088182414e+00
4.511327050554942986e+00 -8.500990219975232964e-01
4.523893421169302265e+00 -1.115947426682992294e+00
4.536459791783661544e+00 -9.443478713500615962e-01
4.549026162398019935e+00 -1.051263161208202401e+00
4.561592533012379214e+00 -1.113049439850823941e+00
4.574158903626738493e+00 -9.203863795532216674e-01
4.586725274241097772e+00 -1.161257973688033740e+00
4.599291644855457051e+00 -7.246924650589403605e-01
4.611858015469816330e+00 -8.156404539121986375e-01
4.624424386084175609e+00 -8.863524053598332841e-01
4.636990756698534888e+00 -7.851662090369685432e-01
4.649557127312894167e+00 -9.095520994790428082e-01
4.662123497927252558e+00 -8.169096816628995672e-01
4.674689868541611837e+00 -1.049836021614201087e+00
4.687256239155971116e+00 -1.085214613561816144e+00
4.699822609770330395e+00 -8.706931627678057284e-01
4.712388980384689674e+00 -1.092137364273839228e+00
4.724955350999048953e+00 -9.907714559726129577e-01
4.737521721613408232e+00 -1.026220533328016771e+00
4.750088092227767511e+00 -9.383834522093288388e-01
4.762654462842126790e+00 -1.069468479164264574e+00
4.775220833456485181e+00 -8.667798960822686860e-01
4.787787204070844460e+00 -8.752096927675621085e-01
4.800353574685203739e+00 -9.863737612168197444e-01
4.812919945299563018e+00 -1.033790323618280160e+00
4.825486315913922297e+00 -9.299878346304603083e-01
4.838052686528281576e+00 -1.008164163243289613e+00
4.850619057142640855e+00 -9.216309556417768833e-01
4.863185427757000134e+00 -9.913312676808458956e-01
4.875751798371359413e+00 -1.090429910615600129e+00
4.888318168985717804e+00 -1.097644421902153278e+00
4.900884539600077083e+00 -8.677058480144113073e-01
4.913450910214436362e+00 -9.937664560470587105e-01
4.926017280828795641e+00 -1.006888185964031734e+00
4.938583651443154920e+00 -1.001144510265473242e+00
4.951150022057514200e+00 -1.083191832163952428e+00
4.963716392671873479e+00 -9.804333484186897874e-01
4.976282763286232758e+00 -8.794049894560004299e-01
4.988849133900592037e+00 -1.148260509953020314e+00
5.001415504514951316e+00 -9.809754637903708163e-01
5.013981875129309707e+00 -9.880868870997882025e-01
5.026548245743668986e+00 -1.048810887218176280e+00
5.039114616358028265e+00 -8.839596185188083322e-01
5.051680986972387544e+00 -1.120276525533278944e+00
5.064247357586746823e+00 -9.882984304636999173e-01
5.076813728201106102e+00 -1.059264372808300214e+00
5.089380098815465381e+00 -9.265669124815990587e-01
5.101946469429824660e+00 -1.110522904077642981e+00
5.114512840044183939e+00 -8.545419336198948335e-01
5.127079210658542330e+00 -9.899488513002112633e-01
5.139645581272901609e+00 -7.782876903202305963e-01
5.152211951887260888e+00 -8.866799238483000778e-01
5.164778322501620167e+00 -7.711097617046125396e-01
5.177344693115979446e+00 -8.938055556167557869e-01
5.189911063730338725e+00 -1.153358793583261210e+00
5.202477434344698004e+00 -7.992857388892254944e-01
5.215043804959057283e+00 -8.000673726176942280e-01
5.227610175573416562e+00 -9.996481285688629814e-01
5.240176546187774953e+00 -8.412893376523866706e-01
5.252742916802134232e+00 -8.244758052471452547e-01
5.265309287416492623e+00 -8.871793464587638400e-01
5.277875658030851902e+00 -8.808227220638729094e-01
5.290442028645211181e+00 -9.937543076367559847e-01
5.303008399259570460e+00 -9.276629760640920930e-01
5.315574769873929739e+00 -8.323541710415324202e-01
5.328141140488289018e+00 -8.138510692818246017e-01
5.340707511102648297e+00 -7.118024908963610509e-01
5.353273881717007576e+00 -8.869258712382712684e-01
5.365840252331366855e+00 -7.500578189791454742e-01
5.378406622945726134e+00 -7.889432125215342095e-01
5.390972993560084525e+00 -6.710569105690815661e-01
5.403539364174443804e+00 -5.573751079740794090e-01
5.416105734788803083e+00 -8.690002978628423858e-01
5.428672105403162362e+00 -7.215447099633652828e-01
5.441238476017521641e+00 -6.266965458346782647e-01
5.453804846631880920e+00 -5.006797151941044799e-01
5.466371217246240199e+00 -8.269841787886220708e-01
5.478937587860599479e+00 -5.860871558161377948e-01
5.491503958474958758e+00 -7.293181372003473273e-01
5.504070329089317148e+00 -8.361628806270331449e-01
5.516636699703676427e+00 -6.849752634998209633e-01
5.529203070318035707e+00 -6.722872677746397629e-01
5.541769440932394986e+00 -6.392872009841527037e-01
5.554335811546754265e+00 -6.372739195475815022e-01
5.566902182161113544e+00 -6.652863962678382537e-01
5.579468552775472823e+00 -6.713651933772599723e-01
5.592034923389832102e+00 -6.028019403973052803e-01
5.604601294004191381e+00 -5.262211750272839383e-01
5.617167664618549772e+00 -7.476855248730784886e-01
5.629734035232909051e+00 -6.801129924614232047e-01
5.642300405847268330e+00 -8.044924558786262780e-01
5.654866776461627609e+00 -7.013240141018499685e-01
5.667433147075986888e+00 -5.522432254574636268e-01
5.679999517690346167e+00 -5.937634737722286005e-01
5.692565888304705446e+00 -6.443557165968661904e-01
5.705132258919064725e+00 -4.913745826598369115e-01
5.717698629533424004e+00 -7.559774617442041045e-01
5.730265000147783283e+00 -7.010049365590871329e-01
5.742831370762141674e+00 -4.529519727682959629e-01
5.755397741376500953e+00 -4.698312228658641510e-01
5.767964111990860232e+00 -6.342776534877651029e-01
5.780530482605219511e+00 -6.091527527165387923e-01
5.793096853219578790e+00 -4.507738319887548140e-01
5.805663223833938069e+00 -4.715654885653698947e-01
5.818229594448297348e+00 -5.600998184845124017e-01
5.830795965062656627e+00 -6.064787802563073038e-01
5.843362335677015906e+00 -3.405299176147676410e-01
5.855928706291374297e+00 -5.273791315780467226e-01
5.868495076905733576e+00 -2.959782418876190091e-01
5.881061447520092855e+00 -4.508530642232851937e-01
5.893627818134452134e+00 -4.910787271930646680e-01
5.906194188748811413e+00 -3.534323630210433609e-01
5.918760559363170692e+00 -6.790708377870386947e-01
5.931326929977529971e+00 -3.881604442226294083e-01
5.943893300591889250e+00 -4.203224556030729087e-01
5.956459671206248530e+00 -1.646471640981276574e-01
5.969026041820606920e+00 -2.326336949885345895e-01
5.981592412434966199e+00 -5.092002254949061779e-01
5.994158783049325478e+00 -2.353888502493867441e-01
6.006725153663684758e+00 -3.134107400259495413e-01
6.019291524278044037e+00 -3.387694737785794663e-01
6.031857894892402427e+00 -4.010173357602746513e-01
6.044424265506761706e+00 -1.279130022449135318e-01
6.056990636121120986e+00 -3.249097930872825168e-01
6.069557006735480265e+00 2.194097726423777095e-02
6.082123377349839544e+00 -2.858346529750052101e-01
6.094689747964198823e+00 -1.425049214069934456e-01
6.107256118578558102e+00 -3.314838385702357781e-01
6.119822489192916493e+00 -2.030390793121870097e-01
6.132388859807275772e+00 -2.144907095136839859e-01
6.144955230421635051e+00 -2.268355756587981387e-01
6.157521601035994330e+00 -2.256612839509863355e-01
6.170087971650353609e+00 -1.670512286125619972e-01
6.182654342264712888e+00 -1.489176183549449917e-01
6.195220712879072167e+00 -2.600035723746777494e-01
6.207787083493431446e+00 -2.892149525633009449e-02
6.220353454107790725e+00 -1.186154858438488446e-01
6.232919824722149116e+00 -7.343479119254232856e-02
6.245486195336508395e+00 -1.275732403814877625e-02
6.258052565950867674e+00 -2.974398887167471056e-02
6.270618936565226953e+00 -4.708595429216796968e-03
