0.000000000000000000e+00 7.490978180160580598e-03
1.256637061435917323e-02 1.002123008594117959e-01
2.513274122871834645e-02 -2.395626184257027350e-02
3.769911184307751795e-02 1.427521461430277805e-01
5.026548245743669291e-02 5.618590277090297624e-02
6.283185307179586787e-02 1.155331316655576479e-02
7.539822368615503589e-02 -3.991751307906561685e-02
8.796459430051420392e-02 2.344921090800653474e-01
1.005309649148733858e-01 2.425514615669380203e-01
1.130973355292325677e-01 2.145643035431555878e-01
1.256637061435917357e-01 1.925389292427469312e-01
1.382300767579508760e-01 1.580799715990773291e-01
1.507964473723100718e-01 1.324285704031788469e-02
1.633628179866692676e-01 1.440174070138693085e-01
1.759291886010284078e-01 2.001019990434557971e-01
1.884955592153875759e-01 3.341834919398383175e-01
2.010619298297467716e-01 -6.728818465236480195e-02
2.136283004441059397e-01 3.062827732884255694e-01
2.261946710584651354e-01 3.375558420221613787e-02
2.387610416728242757e-01 3.213121427538976338e-01
2.513274122871834715e-01 7.429470442670291219e-02
2.638937829015426395e-01 1.368248045199636498e-01
2.764601535159017520e-01 3.918370050470810217e-01
2.890265241302609756e-01 3.261245696953347095e-01
3.015928947446201436e-01 3.980177221368305096e-01
3.141592653589793116e-01 3.888707030694879552e-01
3.267256359733385351e-01 4.057006489294294194e-01
3.392920065876976476e-01 5.581057895912484579e-01
3.518583772020568157e-01 1.769842910613340647e-01
3.644247478164160392e-01 4.590120681679217274e-01
3.769911184307751517e-01 3.827606243288041443e-01
3.895574890451343197e-01 2.613901481181963860e-01
4.021238596594935433e-01 2.264951549687495846e-01
4.146902302738527113e-01 2.413727091081356024e-01
4.272566008882118793e-01 3.999914288332807044e-01
4.398229715025711029e-01 6.233017697388115730e-01
4.523893421169302709e-01 5.940532818093032796e-01
4.649557127312893834e-01 3.094454842709529752e-01
4.775220833456485514e-01 5.506816019085478686e-01
4.900884539600077194e-01 4.177090797815572465e-01
5.026548245743669430e-01 5.020555385490994560e-01
5.152211951887261110e-01 5.162878323510557976e-01
5.277875658030852790e-01 4.877733497782591465e-01
5.403539364174444470e-01 4.212504475803187098e-01
5.529203070318035040e-01 5.168321308605745568e-01
5.654866776461627831e-01 5.936866990170291958e-01
5.780530482605219511e-01 5.868067651985823252e-01
5.906194188748811191e-01 6.269383370490217988e-01
6.031857894892402872e-01 5.509018212188953045e-01
6.157521601035994552e-01 6.113439899084087692e-01
6.283185307179586232e-01 6.061416131967340970e-01
6.408849013323177912e-01 7.752080840341218915e-01
6.534512719466770703e-01 4.212017128695181301e-01
6.660176425610361273e-01 7.578469563051604130e-01
6.785840131753952953e-01 8.914637260007705066e-01
6.911503837897544633e-01 5.701496584269118983e-01
7.037167544041136313e-01 7.497098135845831068e-01
7.162831250184729104e-01 7.777558587043851279e-01
7.288494956328320784e-01 7.005441966911223339e-01
7.414158662471912464e-01 7.876843759917744325e-01
7.539822368615503034e-01 7.376861565858945369e-01
7.665486074759094715e-01 6.462556673968263832e-01
7.791149780902686395e-01 7.994791032762279537e-01
7.916813487046279185e-01 6.170692352518966084e-01
8.042477193189870865e-01 7.160649020162095368e-01
8.168140899333462546e-01 6.051517738434271099e-01
8.293804605477054226e-01 8.319122317103937458e-01
8.419468311620645906e-01 7.066562569994211396e-01
8.545132017764237586e-01 6.575803014597089158e-01
8.670795723907829267e-01 6.920684886208634534e-01
8.796459430051422057e-01 7.495370756483906716e-01
8.922123136195013737e-01 7.996387116396812544e-01
9.047786842338605418e-01 9.703732491555310258e-01
9.173450548482194877e-01 7.618568704002992575e-01
9.299114254625787668e-01 8.432845890443625425e-01
9.424777960769379348e-01 7.778916999817134803e-01
9.550441666912971028e-01 7.149596625002146988e-01
9.676105373056562708e-01 7.747837752751662865e-01
9.801769079200154389e-01 8.266380250990491563e-01
9.927432785343746069e-01 9.983051563997820121e-01
1.005309649148733886e+00 9.190263301201024859e-01
1.017876019763092943e+00 7.196212942594550910e-01
1.030442390377452222e+00 9.533710198871973018e-01
1.043008760991811279e+00 7.785335365872798619e-01
1.055575131606170558e+00 8.274032419527302951e-01
1.068141502220529837e+00 8.575431795489663056e-01
1.080707872834888894e+00 8.291634605560255222e-01
1.093274243449248173e+00 7.373495455569505364e-01
1.105840614063607008e+00 8.946495670287919477e-01
1.118406984677966287e+00 8.534151815389017237e-01
1.130973355292325566e+00 8.766765667544581531e-01
1.143539725906684623e+00 1.038277510784286095e+00
1.156106096521043902e+00 1.090336378715563992e+00
1.168672467135402959e+00 9.182851464960450905e-01
1.181238837749762238e+00 8.751057006647766645e-01
1.193805208364121295e+00 8.802996106949587674e-01
1.206371578978480574e+00 1.159246653352066225e+00
1.218937949592839853e+00 8.164963461787491106e-01
1.231504320207198910e+00 1.019201237752249023e+00
1.244070690821558189e+00 9.286765087566394294e-01
1.256637061435917246e+00 8.637706261742644775e-01
1.269203432050276525e+00 9.609969202451331682e-01
1.281769802664635582e+00 8.615951306046838454e-01
1.294336173278994861e+00 8.005258012193241512e-01
1.306902543893354141e+00 9.878314729025953200e-01
1.319468914507712975e+00 9.366141259399206609e-01
1.332035285122072255e+00 9.152156616896983676e-01
1.344601655736431534e+00 8.113844971547343743e-01
1.357168026350790591e+00 9.588096405515412757e-01
1.369734396965149870e+00 8.395542223884719935e-01
1.382300767579508927e+00 9.785871214445559518e-01
1.394867138193868206e+00 1.183011776935440018e+00
1.407433508808227263e+00 1.049033856868337056e+00
1.419999879422586542e+00 1.068745517454645189e+00
1.432566250036945821e+00 8.930850257306289786e-01
1.445132620651304878e+00 8.707289003299734098e-01
1.457698991265664157e+00 1.132804782360603113e+00
1.470265361880023214e+00 9.322836604553151885e-01
1.482831732494382493e+00 9.818418290462381792e-01
1.495398103108741550e+00 9.535464678081790879e-01
1.507964473723100607e+00 1.203284966791083654e+00
1.520530844337459886e+00 1.050214209985600222e+00
1.533097214951818943e+00 8.941906492210497381e-01
1.545663585566178222e+00 9.735655953203438129e-01
1.558229956180537279e+00 1.114309802168330199e+00
1.570796326794896558e+00 9.354329022713848696e-01
1.583362697409255837e+00 8.929250554653711536e-01
1.595929068023614894e+00 1.014855152138934180e+00
1.608495438637974173e+00 9.512233640210686625e-01
1.621061809252333230e+00 1.043190097023396490e+00
1.633628179866692509e+00 9.612483685177575232e-01
1.646194550481051566e+00 9.382640295889803639e-01
1.658760921095410845e+00 1.015480218055871742e+00
1.671327291709770124e+00 1.023419571962527863e+00
1.683893662324129181e+00 9.319982687429790857e-01
1.696460032938488460e+00 1.011413090277011095e+00
1.709026403552847517e+00 1.005837305246410462e+00
1.721592774167206796e+00 1.020501894458241798e+00
1.734159144781565853e+00 1.083734331259546435e+00
1.746725515395925132e+00 1.006763142601393657e+00
1.759291886010284411e+00 1.013296256384766503e+00
1.771858256624643468e+00 1.160140739965861645e+00
1.784424627239002747e+00 9.555740133093517663e-01
1.796990997853361804e+00 9.857577728515345417e-01
1.809557368467721084e+00 1.147080527021302476e+00
1.822123739082079918e+00 9.994212141989228249e-01
1.834690109696438975e+00 7.949447361820315416e-01
1.847256480310798255e+00 8.286579695112593624e-01
1.859822850925157534e+00 8.579730166261012592e-01
1.872389221539516591e+00 9.507643272252522815e-01
1.884955592153875870e+00 8.747897763988781161e-01
1.897521962768234927e+00 1.060102449594768403e+00
1.910088333382594206e+00 8.815134875014568605e-01
1.922654703996953263e+00 7.904839071738463119e-01
1.935221074611312542e+00 1.101156756619758426e+00
1.947787445225671821e+00 1.078602597270294394e+00
1.960353815840030878e+00 9.900217844639892517e-01
1.972920186454390157e+00 8.649915927173514874e-01
1.985486557068749214e+00 1.032240349928455592e+00
1.998052927683108493e+00 1.011939019009933549e+00
2.010619298297467772e+00 9.524845240827546355e-01
2.023185668911826607e+00 8.887107083448466671e-01
2.035752039526185886e+00 8.801120698157719469e-01
2.048318410140545165e+00 1.109422261478412164e+00
2.060884780754904444e+00 7.804755484751167982e-01
2.073451151369263723e+00 7.787534039531331942e-01
2.086017521983622558e+00 7.770294557173090810e-01
2.098583892597981837e+00 8.870999342428810275e-01
2.111150263212341116e+00 8.319807511608217077e-01
2.123716633826700395e+00 8.923570151561971420e-01
2.136283004441059674e+00 7.133921968679628467e-01
2.148849375055418509e+00 9.426846607380916510e-01
2.161415745669777788e+00 8.887457281496546901e-01
2.173982116284137067e+00 9.300886012223341659e-01
2.186548486898496346e+00 8.820567499065474770e-01
2.199114857512855181e+00 7.011999469537720797e-01
2.211681228127214016e+00 9.284526715511881578e-01
2.224247598741573295e+00 8.618550058666549774e-01
2.236813969355932574e+00 6.633386393589203456e-01
2.249380339970291853e+00 5.889289817571197183e-01
2.261946710584651132e+00 6.485713507193205940e-01
2.274513081199009967e+00 9.785881919960313091e-01
2.287079451813369246e+00 7.372810586772050589e-01
2.299645822427728525e+00 7.805324710980611203e-01
2.312212193042087804e+00 6.640344569968906763e-01
2.324778563656447083e+00 7.609377791272980973e-01
2.337344934270805918e+00 5.331703316265777870e-01
2.349911304885165197e+00 8.119629472638438816e-01
2.362477675499524477e+00 7.976237091607710772e-01
2.375044046113883756e+00 6.941628997608798590e-01
2.387610416728242591e+00 5.169358920554097958e-01
2.400176787342601870e+00 6.223247628074769500e-01
2.412743157956961149e+00 6.804880842599995150e-01
2.425309528571320428e+00 7.591932380132755398e-01
2.437875899185679707e+00 7.266575938650701172e-01
2.450442269800038542e+00 3.842316432853866703e-01
2.463008640414397821e+00 8.843994343433276839e-01
2.475575011028757100e+00 6.364010852353030323e-01
2.488141381643116379e+00 4.902240514535010640e-01
2.500707752257475658e+00 6.305309402057172052e-01
2.513274122871834493e+00 5.091524362721608910e-01
2.525840493486193772e+00 3.686623110830826722e-01
2.538406864100553051e+00 4.914864114767519276e-01
2.550973234714912330e+00 5.073424242092854364e-01
2.563539605329271165e+00 4.795343381423908813e-01
2.576105975943630444e+00 4.682802585081142777e-01
2.588672346557989723e+00 4.859865476356676206e-01
2.601238717172349002e+00 5.770042355039675108e-01
2.613805087786708281e+00 4.612889644366114372e-01
2.626371458401067116e+00 5.698009769757808041e-01
2.638937829015425951e+00 5.674247025240205522e-01
2.651504199629785230e+00 2.467664412225993864e-01
2.664070570244144509e+00 6.016564331032716595e-01
2.676636940858503788e+00 3.273696302039280637e-01
2.689203311472863067e+00 3.805386851877885501e-01
2.701769682087221902e+00 4.811634888107176322e-01
2.714336052701581181e+00 5.061653965553082335e-01
2.726902423315940460e+00 4.298469804874920919e-01
2.739468793930299739e+00 2.696952204783574225e-01
2.752035164544658574e+00 3.576148596610686514e-01
2.764601535159017853e+00 2.789097096623874839e-01
2.777167905773377132e+00 4.772423359044083435e-01
2.789734276387736411e+00 2.754193795605450190e-01
2.802300647002095690e+00 2.807672163206747507e-01
2.814867017616454525e+00 5.027180169821748867e-01
2.827433388230813804e+00 3.605706963990586988e-01
2.839999758845173083e+00 2.803193931239830738e-01
2.852566129459532362e+00 4.549979596527968795e-01
2.865132500073891642e+00 4.567247428619043426e-01
2.877698870688250476e+00 3.880269557902854549e-01
2.890265241302609756e+00 2.244949572311869535e-01
2.902831611916969035e+00 2.677091125875410982e-02
2.915397982531328314e+00 4.016944014617829239e-01
2.927964353145687149e+00 1.566153215283995481e-01
2.940530723760046428e+00 1.811072135423459073e-01
2.953097094374405707e+00 9.008147347105191494e-02
2.965663464988764986e+00 1.354231922209918615e-01
2.978229835603124265e+00 2.575902400162341510e-01
2.990796206217483100e+00 2.631823901460464410e-01
3.003362576831842379e+00 3.248737262272738402e-01
3.015928947446201214e+00 1.552631369974147024e-01
3.028495318060560493e+00 1.236894117639081581e-01
3.041061688674919772e+00 2.615167177322277881e-01
3.053628059289279051e+00 3.752601244691439186e-02
3.066194429903637886e+00 1.556901258066176186e-01
3.078760800517997165e+00 1.435644694659003739e-01
3.091327171132356444e+00 6.235759778658690744e-02
3.103893541746715723e+00 9.146012779465562126e-02
3.116459912361074558e+00 1.389666049096808242e-01
3.129026282975433837e+00 9.857070864046778291e-02
3.141592653589793116e+00 2.929664121527928919e-02
3.154159024204152395e+00 2.088910309098730711e-02
3.166725394818511674e+00 -1.491998184676117042e-02
3.179291765432870509e+00 -1.594474571955621367e-01
3.191858136047229788e+00 -2.838892914656655428e-02
3.204424506661589067e+00 -1.797339437924224403e-01
3.216990877275948346e+00 -9.149717830579309763e-02
3.229557247890307181e+00 -1.486172705106968417e-01
3.242123618504666460e+00 -1.616088522090264878e-01
3.254689989119025739e+00 -1.883854687010017570e-01
3.267256359733385018e+00 -2.608873369859813218e-01
3.279822730347744297e+00 -6.819976756059674405e-02
3.292389100962103132e+00 1.440823018924752841e-02
3.304955471576462411e+00 -6.764180463266596111e-02
3.317521842190821690e+00 -2.492395594458421959e-01
3.330088212805180969e+00 -2.069703432372869689e-01
3.342654583419540248e+00 -1.276791188610655048e-01
3.355220954033899083e+00 -2.246522997052330939e-01
3.367787324648258362e+00 -3.730778989233352050e-01
3.380353695262617642e+00 -2.245761957631262073e-01
3.392920065876976921e+00 -1.914183955413374938e-01
3.405486436491335756e+00 -4.395488107392797605e-01
3.418052807105695035e+00 -7.910043879789241394e-02
3.430619177720054314e+00 -2.942127272166814578e-01
3.443185548334413593e+00 -2.998710312681540091e-01
3.455751918948772872e+00 -4.397139638134667239e-01
3.468318289563131707e+00 -2.832613843476245452e-01
3.480884660177490986e+00 -4.206476429812195383e-01
3.493451030791850265e+00 -4.396534522781599397e-01
3.506017401406209544e+00 -2.953798238031845602e-01
3.518583772020568823e+00 -4.461839926229715925e-01
3.531150142634927658e+00 -3.668047902443951069e-01
3.543716513249286937e+00 -4.710695452259406335e-01
3.556282883863646216e+00 -4.445101820595442899e-01
3.568849254478005495e+00 -6.322178832722840092e-01
3.581415625092364330e+00 -3.663700711708380298e-01
3.593981995706723609e+00 -3.180849618175333737e-01
3.606548366321082888e+00 -2.334131536364970616e-01
3.619114736935442167e+00 -5.204245671596471334e-01
3.631681107549800558e+00 -5.312217152440323886e-01
3.644247478164159837e+00 -3.050062439932844649e-01
3.656813848778519116e+00 -3.284576270632335593e-01
3.669380219392877951e+00 -5.456171599261281369e-01
3.681946590007237230e+00 -3.245213800015754879e-01
3.694512960621596509e+00 -5.561670008342904925e-01
3.707079331235955788e+00 -5.004139887604508452e-01
3.719645701850315067e+00 -4.808789104112787260e-01
3.732212072464673902e+00 -4.744196331694976454e-01
3.744778443079033181e+00 -5.917324870414683025e-01
3.757344813693392460e+00 -5.708267295230236016e-01
3.769911184307751739e+00 -5.974931823287739086e-01
3.782477554922110574e+00 -6.006779965758411999e-01
3.795043925536469853e+00 -5.668685243189824918e-01
3.807610296150829132e+00 -6.027083470467780035e-01
3.820176666765188411e+00 -8.162951274035118443e-01
3.832743037379547690e+00 -6.102979646616969456e-01
3.845309407993906525e+00 -6.425101757358405719e-01
3.857875778608265804e+00 -7.042971552535470803e-01
3.870442149222625083e+00 -6.788271513976529281e-01
3.883008519836984362e+00 -6.693209934247731363e-01
3.895574890451343641e+00 -6.975704189346221273e-01
3.908141261065702476e+00 -6.477015627041070589e-01
3.920707631680061755e+00 -7.253921615725467120e-01
3.933274002294421035e+00 -8.303242713185373658e-01
3.945840372908780314e+00 -7.808241444337057358e-01
3.958406743523139149e+00 -7.243484391782041287e-01
3.970973114137498428e+00 -7.120092616425550691e-01
3.983539484751857707e+00 -9.234238624470814116e-01
3.996105855366216986e+00 -7.957017813285316432e-01
4.008672225980576265e+00 -6.450398179286229716e-01
4.021238596594935544e+00 -7.378716968422992517e-01
4.033804967209294823e+00 -9.411647824204030233e-01
4.046371337823653214e+00 -8.155889798549948999e-01
4.058937708438012493e+00 -8.990488182646594328e-01
4.071504079052371772e+00 -8.869052714097244161e-01
4.084070449666731051e+00 -5.772895160789677238e-01
4.096636820281090330e+00 -7.713055646115597463e-01
4.109203190895449609e+00 -7.924677902812007346e-01
4.121769561509808888e+00 -7.274895019998249834e-01
4.134335932124168167e+00 -7.351101599017891841e-01
4.146902302738527446e+00 -7.450868753980135484e-01
4.159468673352886725e+00 -7.691114484864111089e-01
4.172035043967245116e+00 -9.403907364579415784e-01
4.184601414581604395e+00 -7.800158392647914551e-01
4.197167785195963674e+00 -7.609098285104334281e-01
4.209734155810322953e+00 -9.380856069570405742e-01
4.222300526424682232e+00 -9.521079398701478569e-01
4.234866897039041511e+00 -9.129860770785531709e-01
4.247433267653400790e+00 -7.918000914335098228e-01
4.259999638267760069e+00 -8.325942603944220810e-01
4.272566008882119348e+00 -9.834020171615234229e-01
4.285132379496477739e+00 -7.665390314175777320e-01
4.297698750110837018e+00 -9.148025950187990141e-01
4.310265120725196297e+00 -9.813499218928252166e-01
4.322831491339555576e+00 -1.062928058461480640e+00
4.335397861953914855e+00 -1.006031881030073460e+00
4.347964232568274134e+00 -9.350490807455605902e-01
4.360530603182633413e+00 -8.793304180216104937e-01
4.373096973796992692e+00 -8.001806704917262536e-01
4.385663344411351972e+00 -9.214054102568591809e-01
4.398229715025710362e+00 -9.230317673092477415e-01
4.410796085640069641e+00 -9.872383883889781497e-01
4.423362456254428032e+00 -9.614300548235457100e-01
4.435928826868787311e+00 -1.003837594955738100e+00
4.448495197483146590e+00 -9.659311543853967841e-01
4.461061568097505869e+00 -9.212541198108807894e-01
4.473627938711865148e+00 -9.512654033205276694e-01
4.486194309326224428e+00 -1.087219242940799191e+00
4.498760679940583707e+00 -9.780749164637556614e-01
4.511327050554942986e+00 -1.017962650555024995e+00
4.523893421169302265e+00 -9.756903177655832371e-01
4.536459791783661544e+00 -1.002610033339903950e+00
4.549026162398019935e+00 -1.113137831773762576e+00
4.561592533012379214e+00 -8.720285393577746902e-01
4.574158903626738493e+00 -9.360542106465072898e-01
4.586725274241097772e+00 -1.016842909560434771e+00
4.599291644855457051e+00 -1.139147301163724091e+00
4.611858015469816330e+00 -9.388206412156256953e-01
4.624424386084175609e+00 -9.879225944956487870e-01
4.636990756698534888e+00 -1.000600217226871536e+00
4.649557127312894167e+00 -1.199507651442906164e+00
4.662123497927252558e+00 -9.113742998989876609e-01
4.674689868541611837e+00 -1.232113943188775984e+00
4.687256239155971116e+00 -9.909627572023390618e-01
4.699822609770330395e+00 -7.995863897407811116e-01
4.712388980384689674e+00 -9.822605456365843812e-01
4.724955350999048953e+00 -9.675818666669450119e-01
4.737521721613408232e+00 -1.058329499408427576e+00
4.750088092227767511e+00 -8.727371033070262518e-01
4.762654462842126790e+00 -1.051792309968797579e+00
4.775220833456485181e+00 -1.036890701274782334e+00
4.787787204070844460e+00 -9.709019791057815763e-01
4.800353574685203739e+00 -1.029089248021095138e+00
4.812919945299563018e+00 -1.177437365052221852e+00
4.825486315913922297e+00 -1.053425177983097871e+00
4.838052686528281576e+00 -9.363504433188900578e-01
4.850619057142640855e+00 -1.018262908879201456e+00
4.863185427757000134e+00 -9.600274628701273016e-01
4.875751798371359413e+00 -9.341223572297511213e-01
4.888318168985717804e+00 -9.984443204800568239e-01
4.900884539600077083e+00 -9.741336311619078758e-01
4.913450910214436362e+00 -8.339225545275237295e-01
4.926017280828795641e+00 -8.775472738748559820e-01
4.938583651443154920e+00 -1.191086789185134664e+00
4.951150022057514200e+00 -9.637150463700303593e-01
4.963716392671873479e+00 -9.560370723022165729e-01
4.976282763286232758e+00 -1.072815307109650007e+00
4.988849133900592037e+00 -9.538591377977908570e-01
5.001415504514951316e+00 -1.033658743196170793e+00
5.013981875129309707e+00 -8.932379613656744599e-01
5.026548245743668986e+00 -1.076495261030034456e+00
5.039114616358028265e+00 -1.104412023892473727e+00
5.051680986972387544e+00 -9.583903670696970467e-01
5.064247357586746823e+00 -9.419926101382418704e-01
5.076813728201106102e+00 -8.318227623730390929e-01
5.089380098815465381e+00 -9.313824471628889823e-01
5.101946469429824660e+00 -8.445974660567500125e-01
5.114512840044183939e+00 -8.134867482595165011e-01
5.127079210658542330e+00 -8.762356632784729094e-01
5.139645581272901609e+00 -8.888908319318312712e-01
5.152211951887260888e+00 -9.135310815776342963e-01
5.164778322501620167e+00 -8.849417867559310480e-01
5.177344693115979446e+00 -8.190268303152007379e-01
5.189911063730338725e+00 -9.255520935881564881e-01
5.202477434344698004e+00 -8.963688683632270449e-01
5.215043804959057283e+00 -8.172981624687563063e-01
5.227610175573416562e+00 -9.111851410222998604e-01
5.240176546187774953e+00 -9.620560220654380545e-01
5.252742916802134232e+00 -1.111771620909284941e+00
5.265309287416492623e+00 -7.605020350924655004e-01
5.277875658030851902e+00 -9.192723313214886671e-01
5.290442028645211181e+00 -9.439284819655731074e-01
5.303008399259570460e+00 -7.161369158656412104e-01
5.315574769873929739e+00 -7.172371643368469218e-01
5.328141140488289018e+00 -9.894471934582541595e-01
5.340707511102648297e+00 -7.996631731894098261e-01
5.353273881717007576e+00 -6.337612537682211222e-01
5.365840252331366855e+00 -6.753769356706301741e-01
5.378406622945726134e+00 -7.626767003664463029e-01
5.390972993560084525e+00 -8.632292234467190406e-01
5.403539364174443804e+00 -8.405206926827361036e-01
5.416105734788803083e+00 -7.414931026832295435e-01
5.428672105403162362e+00 -6.961095594314740120e-01
5.441238476017521641e+00 -6.700703248110791987e-01
5.453804846631880920e+00 -7.138165248515007111e-01
5.466371217246240199e+00 -7.639778574630631258e-01
5.478937587860599479e+00 -6.288298201722939407e-01
5.491503958474958758e+00 -6.723111390591480774e-01
5.504070329089317148e+00 -5.787843453823888762e-01
5.516636699703676427e+00 -5.081167573254905534e-01
5.529203070318035707e+00 -4.479221992677517861e-01
5.541769440932394986e+00 -5.946762913609292545e-01
5.554335811546754265e+00 -5.841975274397347428e-01
5.566902182161113544e+00 -6.186918745334356595e-01
5.579468552775472823e+00 -5.139012340383107835e-01
5.592034923389832102e+00 -7.716054654809940683e-01
5.604601294004191381e+00 -6.296636044963642709e-01
5.617167664618549772e+00 -7.115606980578053076e-01
5.629734035232909051e+00 -5.698272780322741760e-01
5.642300405847268330e+00 -6.842491943704990254e-01
5.654866776461627609e+00 -5.750621166993765687e-01
5.667433147075986888e+00 -7.329551219450873845e-01
5.679999517690346167e+00 -5.273630896932625101e-01
5.692565888304705446e+00 -5.249470081914826558e-01
5.705132258919064725e+00 -4.949493900101028521e-01
5.717698629533424004e+00 -4.896222560693597736e-01
5.730265000147783283e+00 -4.974352562853174842e-01
5.742831370762141674e+00 -5.984951603744308457e-01
5.755397741376500953e+00 -4.559300500658746147e-01
5.767964111990860232e+00 -4.760438363800539863e-01
5.780530482605219511e+00 -5.298063588631690690e-01
5.793096853219578790e+00 -4.590351328891703053e-01
5.805663223833938069e+00 -5.106558282229444190e-01
5.818229594448297348e+00 -3.940417854453808211e-01
5.830795965062656627e+00 -3.388883456007985018e-01
5.843362335677015906e+00 -2.756373952523861748e-01
5.855928706291374297e+00 -3.474847927526326097e-01
5.868495076905733576e+00 -3.673077571897181426e-01
5.881061447520092855e+00 -3.833051327266381314e-01
5.893627818134452134e+00 -4.693371440580060838e-01
5.906194188748811413e+00 -3.522697672243889633e-01
5.918760559363170692e+00 -4.205804157002646648e-01
5.931326929977529971e+00 -4.568745069357098565e-01
5.943893300591889250e+00 -3.793949234658626768e-01
5.956459671206248530e+00 -4.122226456938926087e-01
5.969026041820606920e+00 -2.338381910582449652e-01
5.981592412434966199e+00 -2.234088150462261724e-01
5.994158783049325478e+00 -1.730646822735839585e-01
6.006725153663684758e+00 -3.311604776448004439e-01
6.019291524278044037e+00 -1.772530876749482398e-01
6.031857894892402427e+00 -3.453610136453109103e-01
6.044424265506761706e+00 -3.045225553681962793e-01
6.056990636121120986e+00 -1.398013467878492233e-01
6.069557006735480265e+00 -3.158338632249869105e-01
6.082123377349839544e+00 -1.577035546182487535e-01
6.094689747964198823e+00 -4.657049306038661962e-01
6.107256118578558102e+00 -1.400513461343150801e-01
6.119822489192916493e+00 -1.760118106862930965e-01
6.132388859807275772e+00 -2.095848884426640413e-01
6.144955230421635051e+00 -1.928456341178891309e-01
6.157521601035994330e+00 -6.631583042472824485e-02
6.170087971650353609e+00 -2.602894513497995832e-01
6.182654342264712888e+00 -2.230584310017487970e-01
6.195220712879072167e+00 -4.791397804971639363e-02
6.207787083493431446e+00 -1.650224783182849819e-01
6.220353454107790725e+00 -1.444471686140268440e-01
6.232919824722149116e+00 -9.618812711274277172e-02
6.245486195336508395e+00 -3.592227367235525243e-02
6.258052565950867674e+00 9.161756293287115493e-02
6.270618936565226953e+00 -1.857738545497151367e-02
