0.000000000000000000e+00 -7.681361359951287271e-02
1.256637061435917323e-02 5.269540459582542670e-03
2.513274122871834645e-02 -4.143520325265077908e-02
3.769911184307751795e-02 -8.612141362937215938e-02
5.026548245743669291e-02 1.931191320279485729e-02
6.283185307179586787e-02 -6.606293320813923231e-02
7.539822368615503589e-02 4.991774226821441007e-03
8.796459430051420392e-02 2.011569145187962759e-01
1.005309649148733858e-01 1.050593018803964024e-01
1.130973355292325677e-01 3.388745015113929504e-02
1.256637061435917357e-01 1.712483116224570168e-01
1.382300767579508760e-01 9.705324751751986945e-02
1.507964473723100718e-01 1.907529706222079735e-01
1.633628179866692676e-01 1.167418543525880897e-01
1.759291886010284078e-01 3.227869940693783857e-01
1.884955592153875759e-01 3.407409152394876295e-01
2.010619298297467716e-01 1.634082915043388873e-01
2.136283004441059397e-01 2.468767252282728086e-01
2.261946710584651354e-01 5.763272597485175064e-02
2.387610416728242757e-01 1.970345679476732115e-01
2.513274122871834715e-01 2.235438378263159276e-01
2.638937829015426395e-01 1.998082224167586074e-01
2.764601535159017520e-01 2.653112195822560082e-01
2.890265241302609756e-01 2.526307064922718726e-01
3.015928947446201436e-01 2.758741325219722929e-01
3.141592653589793116e-01 3.362396753507665426e-01
3.267256359733385351e-01 2.824040983200053478e-01
3.392920065876976476e-01 3.390082999060746172e-01
3.518583772020568157e-01 1.718407876010758506e-01
3.644247478164160392e-01 4.677013515620074280e-01
3.769911184307751517e-01 4.596158985630561244e-01
3.895574890451343197e-01 4.173557744289183025e-01
4.021238596594935433e-01 4.482692015798166452e-01
4.146902302738527113e-01 4.819179632606352959e-01
4.272566008882118793e-01 5.379129199500096714e-01
4.398229715025711029e-01 5.628408322334045311e-01
4.523893421169302709e-01 5.363926588586114264e-01
4.649557127312893834e-01 9.471740771650888346e-02
4.775220833456485514e-01 3.603794187607360922e-01
4.900884539600077194e-01 4.167001953951164905e-01
5.026548245743669430e-01 5.737790563132122434e-01
5.152211951887261110e-01 3.982704166645033572e-01
5.277875658030852790e-01 7.243895101738114795e-01
5.403539364174444470e-01 6.454096824071120508e-01
5.529203070318035040e-01 5.066838214661697481e-01
5.654866776461627831e-01 6.250620082693844060e-01
5.780530482605219511e-01 6.689266169385258420e-01
5.906194188748811191e-01 4.732427407560152455e-01
6.031857894892402872e-01 5.414331137667002247e-01
6.157521601035994552e-01 5.741300428985445237e-01
6.283185307179586232e-01 6.150463577785590941e-01
6.408849013323177912e-01 4.170805477387360405e-01
6.534512719466770703e-01 6.321870421379172100e-01
6.660176425610361273e-01 5.647434921709603151e-01
6.785840131753952953e-01 5.362415529794291036e-01
6.911503837897544633e-01 6.039056083237522854e-01
7.037167544041136313e-01 8.996110495327180878e-01
7.162831250184729104e-01 7.261668621599952633e-01
7.288494956328320784e-01 6.356745857086734119e-01
7.414158662471912464e-01 7.323766330746094289e-01
7.539822368615503034e-01 6.876381584824379223e-01
7.665486074759094715e-01 6.687039276073216687e-01
7.791149780902686395e-01 8.196562893397182359e-01
7.916813487046279185e-01 7.750612795274501865e-01
8.042477193189870865e-01 6.500776740473143134e-01
8.168140899333462546e-01 6.149564241930256525e-01
8.293804605477054226e-01 6.800236828880128481e-01
8.419468311620645906e-01 6.267879618804548247e-01
8.545132017764237586e-01 8.372021596312035907e-01
8.670795723907829267e-01 7.302235324263463001e-01
8.796459430051422057e-01 8.368854650252501859e-01
8.922123136195013737e-01 6.888765540486329053e-01
9.047786842338605418e-01 8.252952351740497905e-01
9.173450548482194877e-01 8.255533174456833878e-01
9.299114254625787668e-01 8.433247614666187220e-01
9.424777960769379348e-01 6.493828155133688496e-01
9.550441666912971028e-01 9.083808566242184135e-01
9.676105373056562708e-01 7.859012665413591670e-01
9.801769079200154389e-01 6.922919793703741220e-01
9.927432785343746069e-01 9.007995795268874950e-01
1.005309649148733886e+00 1.013041297587407241e+00
1.017876019763092943e+00 1.005705729100370371e+00
1.030442390377452222e+00 7.328990411687996698e-01
1.043008760991811279e+00 8.616024654357788970e-01
1.055575131606170558e+00 1.065336897875431399e+00
1.068141502220529837e+00 8.188351105927285101e-01
1.080707872834888894e+00 8.720726698894493145e-01
1.093274243449248173e+00 9.212798517212708038e-01
1.105840614063607008e+00 1.121689272478542332e+00
1.118406984677966287e+00 9.495513004269334756e-01
1.130973355292325566e+00 8.977948688882347872e-01
1.143539725906684623e+00 1.009349974056329424e+00
1.156106096521043902e+00 8.805339173315465118e-01
1.168672467135402959e+00 8.577289227317268505e-01
1.181238837749762238e+00 1.141874362701812196e+00
1.193805208364121295e+00 1.060311320064363461e+00
1.206371578978480574e+00 8.719359688029618694e-01
1.218937949592839853e+00 8.848932008470946631e-01
1.231504320207198910e+00 8.642185945187199625e-01
1.244070690821558189e+00 9.313783271565893029e-01
1.256637061435917246e+00 1.001531093482848966e+00
1.269203432050276525e+00 1.009623302670954459e+00
1.281769802664635582e+00 9.894578745037458933e-01
1.294336173278994861e+00 9.506170580321174901e-01
1.306902543893354141e+00 9.087196311793186432e-01
1.319468914507712975e+00 9.753415875317303918e-01
1.332035285122072255e+00 8.742300854735891580e-01
1.344601655736431534e+00 1.197687475847826866e+00
1.357168026350790591e+00 7.892105929975189449e-01
1.369734396965149870e+00 1.012997542612141144e+00
1.382300767579508927e+00 8.800273370342657220e-01
1.394867138193868206e+00 9.290859157363722254e-01
1.407433508808227263e+00 1.046995236598715406e+00
1.419999879422586542e+00 1.071811357908235784e+00
1.432566250036945821e+00 1.040271078730682364e+00
1.445132620651304878e+00 9.640074619873210127e-01
1.457698991265664157e+00 9.192881308016057629e-01
1.470265361880023214e+00 9.559506574905877185e-01
1.482831732494382493e+00 1.039373767758138944e+00
1.495398103108741550e+00 9.026288995975464413e-01
1.507964473723100607e+00 9.929910556723476889e-01
1.520530844337459886e+00 1.061169638801944703e+00
1.533097214951818943e+00 9.356092726546823002e-01
1.545663585566178222e+00 1.024141786558854017e+00
1.558229956180537279e+00 9.072427448935511674e-01
1.570796326794896558e+00 1.139766239317500762e+00
1.583362697409255837e+00 9.517893515530845283e-01
1.595929068023614894e+00 1.028981642485351289e+00
1.608495438637974173e+00 1.035579760933358351e+00
1.621061809252333230e+00 8.605860128580635759e-01
1.633628179866692509e+00 9.856983938645809129e-01
1.646194550481051566e+00 9.937807267513995013e-01
1.658760921095410845e+00 1.149123401917142795e+00
1.671327291709770124e+00 1.102024089306806287e+00
1.683893662324129181e+00 1.012323459124444547e+00
1.696460032938488460e+00 1.003633992755412097e+00
1.709026403552847517e+00 1.015222474575399936e+00
1.721592774167206796e+00 1.077622054638325721e+00
1.734159144781565853e+00 8.231401749122887468e-01
1.746725515395925132e+00 9.550587548391498149e-01
1.759291886010284411e+00 1.039234141199233852e+00
1.771858256624643468e+00 9.843150548614980622e-01
1.784424627239002747e+00 1.140632852695276256e+00
1.796990997853361804e+00 8.682616080639650180e-01
1.809557368467721084e+00 1.160365834242387262e+00
1.822123739082079918e+00 1.105794996120906371e+00
1.834690109696438975e+00 1.068864276041050942e+00
1.847256480310798255e+00 9.562665993477377224e-01
1.859822850925157534e+00 9.345201869607304701e-01
1.872389221539516591e+00 1.057590412318877293e+00
1.884955592153875870e+00 8.922159742590695108e-01
1.897521962768234927e+00 9.959318504355348933e-01
1.910088333382594206e+00 7.460200375220938929e-01
1.922654703996953263e+00 1.028604329720423483e+00
1.935221074611312542e+00 9.071876613134211009e-01
1.947787445225671821e+00 8.334276684468442387e-01
1.960353815840030878e+00 9.196062967957672196e-01
1.972920186454390157e+00 7.454765074722954354e-01
1.985486557068749214e+00 8.634031664160648489e-01
1.998052927683108493e+00 8.489308491520908273e-01
2.010619298297467772e+00 7.575489192605381339e-01
2.023185668911826607e+00 9.057865677428059703e-01
2.035752039526185886e+00 7.986633151644334516e-01
2.048318410140545165e+00 7.622873579655027321e-01
2.060884780754904444e+00 7.642523511226405608e-01
2.073451151369263723e+00 7.703813862082307118e-01
2.086017521983622558e+00 9.331732456817443122e-01
2.098583892597981837e+00 8.831123465407877404e-01
2.111150263212341116e+00 9.541927226420267028e-01
2.123716633826700395e+00 9.144745520448207543e-01
2.136283004441059674e+00 9.362313341690760016e-01
2.148849375055418509e+00 8.807849832933988266e-01
2.161415745669777788e+00 9.430613531392111337e-01
2.173982116284137067e+00 9.634696718040290930e-01
2.186548486898496346e+00 8.277266095375778177e-01
2.199114857512855181e+00 7.300264493915229469e-01
2.211681228127214016e+00 7.925382163502577848e-01
2.224247598741573295e+00 8.962867502399207709e-01
2.236813969355932574e+00 8.703106468303328791e-01
2.249380339970291853e+00 8.028439532915091492e-01
2.261946710584651132e+00 8.461207663526988387e-01
2.274513081199009967e+00 1.019663833117900431e+00
2.287079451813369246e+00 6.698870614318208627e-01
2.299645822427728525e+00 6.724953384248055777e-01
2.312212193042087804e+00 8.854091806604423853e-01
2.324778563656447083e+00 7.682726239117255718e-01
2.337344934270805918e+00 6.739761103760989469e-01
2.349911304885165197e+00 6.560418289709963879e-01
2.362477675499524477e+00 6.662127410733817978e-01
2.375044046113883756e+00 5.141408785561218941e-01
2.387610416728242591e+00 5.749890775554918898e-01
2.400176787342601870e+00 6.621299644294527109e-01
2.412743157956961149e+00 7.932509028400021034e-01
2.425309528571320428e+00 6.842913947651684259e-01
2.437875899185679707e+00 4.254840088892670180e-01
2.450442269800038542e+00 4.852068919498904731e-01
2.463008640414397821e+00 7.291072865151805305e-01
2.475575011028757100e+00 5.788309792370101015e-01
2.488141381643116379e+00 7.390522830008461330e-01
2.500707752257475658e+00 6.131461062663259298e-01
2.513274122871834493e+00 7.518738149334345255e-01
2.525840493486193772e+00 5.267807937122451767e-01
2.538406864100553051e+00 4.947377179903401645e-01
2.550973234714912330e+00 6.473078497139894694e-01
2.563539605329271165e+00 6.889175232219511003e-01
2.576105975943630444e+00 4.124683331132786845e-01
2.588672346557989723e+00 5.637257739589154326e-01
2.601238717172349002e+00 5.300375085909733164e-01
2.613805087786708281e+00 5.672674391630471158e-01
2.626371458401067116e+00 4.384629917367720009e-01
2.638937829015425951e+00 4.674681559099378436e-01
2.651504199629785230e+00 5.149041220131050922e-01
2.664070570244144509e+00 5.609999707973097882e-01
2.676636940858503788e+00 3.433490564720400595e-01
2.689203311472863067e+00 3.961776004803354012e-01
2.701769682087221902e+00 3.982220738395774728e-01
2.714336052701581181e+00 5.150554370599383924e-01
2.726902423315940460e+00 4.427187840614322800e-01
2.739468793930299739e+00 5.444182081228770009e-01
2.752035164544658574e+00 4.346782511098662427e-01
2.764601535159017853e+00 2.787413260975764584e-01
2.777167905773377132e+00 3.734445911480552827e-01
2.789734276387736411e+00 2.775106317040879622e-01
2.802300647002095690e+00 3.491247332281286475e-01
2.814867017616454525e+00 4.545576542010090204e-01
2.827433388230813804e+00 2.568354054133509812e-01
2.839999758845173083e+00 2.342466561856046403e-01
2.852566129459532362e+00 1.682388175618522719e-01
2.865132500073891642e+00 3.656919270647299158e-01
2.877698870688250476e+00 2.467838563053321443e-01
2.890265241302609756e+00 3.631199360647041630e-01
2.902831611916969035e+00 1.678835533789184986e-01
2.915397982531328314e+00 4.802711484679128562e-01
2.927964353145687149e+00 7.444973941749144508e-03
2.940530723760046428e+00 2.497585821040323451e-01
2.953097094374405707e+00 9.470361428500008449e-02
2.965663464988764986e+00 2.026774323237087172e-01
2.978229835603124265e+00 1.428393224187026744e-01
2.990796206217483100e+00 1.099160133178128662e-01
3.003362576831842379e+00 1.246498700145126926e-01
3.015928947446201214e+00 1.231904349104482044e-01
3.028495318060560493e+00 1.458261051105433082e-01
3.041061688674919772e+00 1.246308870180396489e-01
3.053628059289279051e+00 1.187119144850090624e-03
3.066194429903637886e+00 2.066275123134176939e-01
3.078760800517997165e+00 1.090044462919570467e-01
3.091327171132356444e+00 -1.671645244814305015e-02
3.103893541746715723e+00 2.809145154629176244e-01
3.116459912361074558e+00 1.448753085933449647e-01
3.129026282975433837e+00 2.115274003744837400e-02
3.141592653589793116e+00 -1.277055868819245155e-01
3.154159024204152395e+00 -1.138040257823860896e-01
3.166725394818511674e+00 -7.654598364591065629e-02
3.179291765432870509e+00 -1.312848721097604754e-01
3.191858136047229788e+00 -1.269928198826676680e-02
3.204424506661589067e+00 5.622773103305933606e-02
3.216990877275948346e+00 -1.214843122664838737e-01
3.229557247890307181e+00 9.919750847808352090e-02
3.242123618504666460e+00 -4.447335147471519895e-02
3.254689989119025739e+00 -1.183800008795328346e-01
3.267256359733385018e+00 -2.104659789206794751e-01
3.279822730347744297e+00 -2.231072957641503374e-01
3.292389100962103132e+00 -5.227887925327777408e-02
3.304955471576462411e+00 -4.306914745311782311e-01
3.317521842190821690e+00 -1.617882105745946097e-01
3.330088212805180969e+00 -1.203756392214130333e-01
3.342654583419540248e+00 -2.286396131743053117e-01
3.355220954033899083e+00 -1.566080836516300923e-01
3.367787324648258362e+00 -2.322584108322957863e-01
3.380353695262617642e+00 -8.495314299102882383e-02
3.392920065876976921e+00 -2.191256639566650510e-01
3.405486436491335756e+00 -2.355017509405436804e-01
3.418052807105695035e+00 -1.945427872595261176e-01
3.430619177720054314e+00 -3.756953611003649440e-01
3.443185548334413593e+00 -3.487462171129023236e-01
3.455751918948772872e+00 -4.267134292409524576e-01
3.468318289563131707e+00 -3.106272959245487963e-01
3.480884660177490986e+00 -4.239812947842037660e-01
3.493451030791850265e+00 -2.298020186293101008e-01
3.506017401406209544e+00 -2.143145535085837217e-01
3.518583772020568823e+00 -3.736614040778561963e-01
3.531150142634927658e+00 -5.661856066673383037e-01
3.543716513249286937e+00 -1.564158024169755856e-01
3.556282883863646216e+00 -4.786888885658409087e-01
3.568849254478005495e+00 -4.916598983943816226e-01
3.581415625092364330e+00 -4.107059225617533116e-01
3.593981995706723609e+00 -4.928483675495092253e-01
3.606548366321082888e+00 -4.964796521931614248e-01
3.619114736935442167e+00 -4.943261450432667736e-01
3.631681107549800558e+00 -5.454008681094575373e-01
3.644247478164159837e+00 -4.190097558493495744e-01
3.656813848778519116e+00 -4.710234338240511520e-01
3.669380219392877951e+00 -3.857198704355865870e-01
3.681946590007237230e+00 -4.207337053933551951e-01
3.694512960621596509e+00 -6.305472503737405976e-01
3.707079331235955788e+00 -3.514894538827773030e-01
3.719645701850315067e+00 -4.956507702951289951e-01
3.732212072464673902e+00 -6.459825386477173748e-01
3.744778443079033181e+00 -6.336029887817632433e-01
3.757344813693392460e+00 -7.297294849229092328e-01
3.769911184307751739e+00 -7.601650484203039682e-01
3.782477554922110574e+00 -4.526287685958135798e-01
3.795043925536469853e+00 -7.658598629453481355e-01
3.807610296150829132e+00 -8.158376498945122401e-01
3.820176666765188411e+00 -7.609509699717063036e-01
3.832743037379547690e+00 -6.175460973874699055e-01
3.845309407993906525e+00 -8.034310621824204413e-01
3.857875778608265804e+00 -6.636515993960796500e-01
3.870442149222625083e+00 -7.956510914563724723e-01
3.883008519836984362e+00 -5.247085875746791972e-01
3.895574890451343641e+00 -4.369773643425294285e-01
3.908141261065702476e+00 -7.207315886400101901e-01
3.920707631680061755e+00 -7.142687802747196280e-01
3.933274002294421035e+00 -7.555815113658361781e-01
3.945840372908780314e+00 -6.446012176980028263e-01
3.958406743523139149e+00 -7.392638345075256412e-01
3.970973114137498428e+00 -7.379767011258505649e-01
3.983539484751857707e+00 -8.513625836203515540e-01
3.996105855366216986e+00 -8.016385470268297953e-01
4.008672225980576265e+00 -7.572476330165466285e-01
4.021238596594935544e+00 -7.849638097739272125e-01
4.033804967209294823e+00 -5.707889825595247046e-01
4.046371337823653214e+00 -7.864364218940443907e-01
4.058937708438012493e+00 -8.039322724123965092e-01
4.071504079052371772e+00 -8.618799936057182087e-01
4.084070449666731051e+00 -8.237708133389471943e-01
4.096636820281090330e+00 -7.362825130978757349e-01
4.109203190895449609e+00 -8.038939220203656921e-01
4.121769561509808888e+00 -9.235945822625662993e-01
4.134335932124168167e+00 -7.575891467541672197e-01
4.146902302738527446e+00 -9.403383034180700095e-01
4.159468673352886725e+00 -9.544417234524280591e-01
4.172035043967245116e+00 -8.459144373140509154e-01
4.184601414581604395e+00 -8.913961272129501401e-01
4.197167785195963674e+00 -9.647703628595158953e-01
4.209734155810322953e+00 -6.300736905555912593e-01
4.222300526424682232e+00 -9.276187341613998383e-01
4.234866897039041511e+00 -8.820865581232433250e-01
4.247433267653400790e+00 -8.111106192086315891e-01
4.259999638267760069e+00 -8.869822867497189067e-01
4.272566008882119348e+00 -9.430490713094271671e-01
4.285132379496477739e+00 -8.034905471025126644e-01
4.297698750110837018e+00 -8.255307215896379169e-01
4.310265120725196297e+00 -1.078299985218552859e+00
4.322831491339555576e+00 -7.427137977204458785e-01
4.335397861953914855e+00 -8.084370030115746175e-01
4.347964232568274134e+00 -8.658709345661084189e-01
4.360530603182633413e+00 -9.606621140123168257e-01
4.373096973796992692e+00 -1.055403342980614001e+00
4.385663344411351972e+00 -1.029741524514336870e+00
4.398229715025710362e+00 -9.190538445949285595e-01
4.410796085640069641e+00 -9.559234708662799340e-01
4.423362456254428032e+00 -9.510503427084771033e-01
4.435928826868787311e+00 -9.890290245923147872e-01
4.448495197483146590e+00 -7.720588093891740389e-01
4.461061568097505869e+00 -7.689786495407717748e-01
4.473627938711865148e+00 -9.940731804738344168e-01
4.486194309326224428e+00 -1.079161700022801762e+00
4.498760679940583707e+00 -9.784950712098865466e-01
4.511327050554942986e+00 -9.686439990165311986e-01
4.523893421169302265e+00 -9.847214879697646639e-01
4.536459791783661544e+00 -8.534590316487301598e-01
4.549026162398019935e+00 -9.912877058528013485e-01
4.561592533012379214e+00 -1.020180536827455242e+00
4.574158903626738493e+00 -1.055431512438413932e+00
4.586725274241097772e+00 -1.032715516114699694e+00
4.599291644855457051e+00 -9.602950388280708793e-01
4.611858015469816330e+00 -9.986007971547147255e-01
4.624424386084175609e+00 -9.771042594570131801e-01
4.636990756698534888e+00 -1.004878526118106352e+00
4.649557127312894167e+00 -9.133706194232609210e-01
4.662123497927252558e+00 -8.599238114553701129e-01
4.674689868541611837e+00 -9.862897743395007133e-01
4.687256239155971116e+00 -9.028213296905918117e-01
4.699822609770330395e+00 -8.171085388736317734e-01
4.712388980384689674e+00 -1.089829363347041058e+00
4.724955350999048953e+00 -9.889438130614794931e-01
4.737521721613408232e+00 -1.181091377181814561e+00
4.750088092227767511e+00 -1.025676090015236408e+00
4.762654462842126790e+00 -1.058443076156865281e+00
4.775220833456485181e+00 -1.133188680300833528e+00
4.787787204070844460e+00 -1.009161346922680558e+00
4.800353574685203739e+00 -9.336970459747389040e-01
4.812919945299563018e+00 -9.181938909095714862e-01
4.825486315913922297e+00 -8.448360104289016626e-01
4.838052686528281576e+00 -9.314327527330414913e-01
4.850619057142640855e+00 -8.737031847492404690e-01
4.863185427757000134e+00 -1.063263467915752214e+00
4.875751798371359413e+00 -1.068733789965799819e+00
4.888318168985717804e+00 -1.096053979873175876e+00
4.900884539600077083e+00 -1.032579290083670998e+00
4.913450910214436362e+00 -1.198753130312650628e+00
4.926017280828795641e+00 -9.676021878478898719e-01
4.938583651443154920e+00 -9.035370765668214732e-01
4.951150022057514200e+00 -1.039398001816105310e+00
4.963716392671873479e+00 -9.134258768923479987e-01
4.976282763286232758e+00 -9.506216718370322782e-01
4.988849133900592037e+00 -8.852665081872044262e-01
5.001415504514951316e+00 -7.272545075601912767e-01
5.013981875129309707e+00 -9.761986742019538310e-01
5.026548245743668986e+00 -9.062718495737429603e-01
5.039114616358028265e+00 -8.191281338938940504e-01
5.051680986972387544e+00 -7.380944284999788607e-01
5.064247357586746823e+00 -9.775407156299942280e-01
5.076813728201106102e+00 -1.146860161774649445e+00
5.089380098815465381e+00 -1.033956587983733577e+00
5.101946469429824660e+00 -9.848289904396183569e-01
5.114512840044183939e+00 -8.835517277495802402e-01
5.127079210658542330e+00 -8.440398442268315371e-01
5.139645581272901609e+00 -7.048720933442834680e-01
5.152211951887260888e+00 -1.040037939398130051e+00
5.164778322501620167e+00 -9.396267579415363835e-01
5.177344693115979446e+00 -8.522668919307874180e-01
5.189911063730338725e+00 -9.566476108959818259e-01
5.202477434344698004e+00 -1.016804980383992252e+00
5.215043804959057283e+00 -9.675204655304090462e-01
5.227610175573416562e+00 -9.051785126071618670e-01
5.240176546187774953e+00 -8.956709667290443377e-01
5.252742916802134232e+00 -8.210374387896749449e-01
5.265309287416492623e+00 -9.674725397196597410e-01
5.277875658030851902e+00 -8.916999817257055261e-01
5.290442028645211181e+00 -9.319760563069863224e-01
5.303008399259570460e+00 -8.776920956141507357e-01
5.315574769873929739e+00 -7.179524690838550161e-01
5.328141140488289018e+00 -7.367211885721831610e-01
5.340707511102648297e+00 -8.440299413241112436e-01
5.353273881717007576e+00 -9.080482415654145267e-01
5.365840252331366855e+00 -7.847725797684943494e-01
5.378406622945726134e+00 -7.761498501523537152e-01
5.390972993560084525e+00 -7.111678830673667795e-01
5.403539364174443804e+00 -9.091289973272956848e-01
5.416105734788803083e+00 -5.919253398469989103e-01
5.428672105403162362e+00 -7.835242054725304328e-01
5.441238476017521641e+00 -6.919672795390487963e-01
5.453804846631880920e+00 -8.509438255717101107e-01
5.466371217246240199e+00 -8.019956480647024710e-01
5.478937587860599479e+00 -5.270025899626381571e-01
5.491503958474958758e+00 -5.709517984379284261e-01
5.504070329089317148e+00 -4.420817764765100910e-01
5.516636699703676427e+00 -6.179338447045767957e-01
5.529203070318035707e+00 -7.033325713636234822e-01
5.541769440932394986e+00 -6.586161629356759306e-01
5.554335811546754265e+00 -5.648032076269735580e-01
5.566902182161113544e+00 -7.256830361080758296e-01
5.579468552775472823e+00 -4.825782150743427312e-01
5.592034923389832102e+00 -6.154425020395266621e-01
5.604601294004191381e+00 -5.596095362668382922e-01
5.617167664618549772e+00 -6.289078492807700371e-01
5.629734035232909051e+00 -7.656484941018286694e-01
5.642300405847268330e+00 -4.787488350095592260e-01
5.654866776461627609e+00 -6.866183401128151953e-01
5.667433147075986888e+00 -5.160291396886826920e-01
5.679999517690346167e+00 -5.508728785170166065e-01
5.692565888304705446e+00 -5.018986324957619427e-01
5.705132258919064725e+00 -6.062642963050686173e-01
5.717698629533424004e+00 -4.267513713358270788e-01
5.730265000147783283e+00 -7.102710588195877417e-01
5.742831370762141674e+00 -2.513412244022030229e-01
5.755397741376500953e+00 -6.109814862875982966e-01
5.767964111990860232e+00 -4.943046822052441502e-01
5.780530482605219511e+00 -4.633039194819762452e-01
5.793096853219578790e+00 -6.193287359896377797e-01
5.805663223833938069e+00 -1.899381201892765270e-01
5.818229594448297348e+00 -4.840244082122289737e-01
5.830795965062656627e+00 -4.801986577472119322e-01
5.843362335677015906e+00 -4.668917931669842591e-01
5.855928706291374297e+00 -4.313796930244617744e-01
5.868495076905733576e+00 -4.040442411751603569e-01
5.881061447520092855e+00 -5.238976741139702575e-01
5.893627818134452134e+00 -4.508840381627075566e-01
5.906194188748811413e+00 -4.696412464984367485e-01
5.918760559363170692e+00 -3.145508750661915598e-01
5.931326929977529971e+00 -4.856257207445087154e-01
5.943893300591889250e+00 -5.078912111764865012e-01
5.956459671206248530e+00 -3.324562699492352724e-01
5.969026041820606920e+00 -2.584971377392886183e-01
5.981592412434966199e+00 -5.123326486290400439e-01
5.994158783049325478e+00 -3.522956835010053189e-01
6.006725153663684758e+00 -3.798953747477189502e-01
6.019291524278044037e+00 -1.530356243946559003e-01
6.031857894892402427e+00 -2.726632002966639656e-01
6.044424265506761706e+00 -3.255078714927633898e-01
6.056990636121120986e+00 -1.189611271802508974e-01
6.069557006735480265e+00 -2.605966526511763193e-01
6.082123377349839544e+00 -1.768702458832998869e-01
6.094689747964198823e+00 -9.210130538735435135e-02
6.107256118578558102e+00 -3.055290288211194860e-01
6.119822489192916493e+00 -1.487657756031155742e-01
6.132388859807275772e+00 -1.909811786874160422e-01
6.144955230421635051e+00 1.522859238033109908e-01
6.157521601035994330e+00 -3.261863126632855159e-01
6.170087971650353609e+00 -5.296097486277304839e-02
6.182654342264712888e+00 6.393221935174484005e-03
6.195220712879072167e+00 -2.906656644890405483e-02
6.207787083493431446e+00 -1.585164094317166317e-01
6.220353454107790725e+00 -2.346579452341563954e-01
6.232919824722149116e+00 -1.343099019557696949e-01
6.245486195336508395e+00 -2.939400425890173474e-01
6.258052565950867674e+00 2.527863033503962784e-02
6.270618936565226953e+00 -5.109362890312783151e-02
