0.000000000000000000e+00 -8.331543414864492347e-02
1.256637061435917323e-02 1.363351407878675980e-01
2.513274122871834645e-02 -2.224430084430656651e-01
3.769911184307751795e-02 -6.617290791558454177e-02
5.026548245743669291e-02 1.497088029280687071e-01
6.283185307179586787e-02 8.061301189263733735e-02
7.539822368615503589e-02 2.641884422286157330e-02
8.796459430051420392e-02 4.364233477843176834e-02
1.005309649148733858e-01 7.520086595033756427e-02
1.130973355292325677e-01 6.599168690809545379e-02
1.256637061435917357e-01 5.797351505380944625e-02
1.382300767579508760e-01 1.549344799991478061e-01
1.507964473723100718e-01 -3.404349231095832318e-02
1.633628179866692676e-01 2.423937716821042698e-01
1.759291886010284078e-01 1.335873012453569764e-01
1.884955592153875759e-01 1.631397815600891810e-01
2.010619298297467716e-01 1.344448325359035024e-01
2.136283004441059397e-01 2.376780366646162879e-01
2.261946710584651354e-01 2.647180738761078511e-01
2.387610416728242757e-01 1.248440392909000857e-01
2.513274122871834715e-01 2.946131211054558996e-01
2.638937829015426395e-01 2.507027636605498877e-01
2.764601535159017520e-01 2.450287119209054731e-01
2.890265241302609756e-01 3.302103634469616966e-01
3.015928947446201436e-01 3.354779190473092254e-01
3.141592653589793116e-01 3.469599298303800983e-01
3.267256359733385351e-01 3.160470789801383407e-01
3.392920065876976476e-01 4.610366385714805837e-01
3.518583772020568157e-01 3.268197411048702206e-01
3.644247478164160392e-01 2.137673777911623108e-01
3.769911184307751517e-01 2.935087481808926202e-01
3.895574890451343197e-01 4.317536849617524819e-01
4.021238596594935433e-01 4.859392490744659510e-01
4.146902302738527113e-01 3.391106275003590298e-01
4.272566008882118793e-01 4.759967890804531754e-01
4.398229715025711029e-01 5.412105548942293121e-01
4.523893421169302709e-01 3.911052659620696814e-01
4.649557127312893834e-01 3.074831586219305413e-01
4.775220833456485514e-01 2.731656851392091356e-01
4.900884539600077194e-01 5.328917994684021497e-01
5.026548245743669430e-01 5.637907253103522365e-01
5.152211951887261110e-01 3.367638904611398587e-01
5.277875658030852790e-01 5.043213399135729746e-01
5.403539364174444470e-01 3.951959822794374189e-01
5.529203070318035040e-01 5.332092543249862260e-01
5.654866776461627831e-01 5.663227899103380203e-01
5.780530482605219511e-01 4.498991541152516094e-01
5.906194188748811191e-01 5.074503578778715163e-01
6.031857894892402872e-01 5.407748873114154309e-01
6.157521601035994552e-01 4.633672833237549860e-01
6.283185307179586232e-01 4.762785461712151225e-01
6.408849013323177912e-01 5.029928061016423202e-01
6.534512719466770703e-01 7.165296448729204792e-01
6.660176425610361273e-01 6.456059398664015792e-01
6.785840131753952953e-01 7.741407856652813280e-01
6.911503837897544633e-01 5.514329586198662980e-01
7.037167544041136313e-01 5.121214123970284637e-01
7.162831250184729104e-01 7.370117842831243049e-01
7.288494956328320784e-01 6.855113646250267090e-01
7.414158662471912464e-01 5.606627286087032536e-01
7.539822368615503034e-01 8.858506885587471569e-01
7.665486074759094715e-01 9.913267630358471028e-01
7.791149780902686395e-01 6.460775266326614918e-01
7.916813487046279185e-01 6.851387898157240697e-01
8.042477193189870865e-01 9.542576904316335540e-01
8.168140899333462546e-01 7.741122881382843657e-01
8.293804605477054226e-01 7.724747604269065482e-01
8.419468311620645906e-01 8.988868439279042999e-01
8.545132017764237586e-01 6.685540028422467529e-01
8.670795723907829267e-01 5.810323318017595051e-01
8.796459430051422057e-01 7.588784965403118088e-01
8.922123136195013737e-01 8.491915286884987868e-01
9.047786842338605418e-01 9.633705471745896975e-01
9.173450548482194877e-01 7.678487612295651354e-01
9.299114254625787668e-01 7.919016429213846520e-01
9.424777960769379348e-01 6.797030861082365982e-01
9.550441666912971028e-01 9.385434676105138818e-01
9.676105373056562708e-01 8.611057669271038328e-01
9.801769079200154389e-01 7.987347378076503635e-01
9.927432785343746069e-01 8.200640918934161139e-01
1.005309649148733886e+00 9.150543685423161433e-01
1.017876019763092943e+00 7.593798375295239822e-01
1.030442390377452222e+00 7.558586228065996560e-01
1.043008760991811279e+00 8.101693824800241250e-01
1.055575131606170558e+00 8.851998090745558656e-01
1.068141502220529837e+00 7.713149011145410405e-01
1.080707872834888894e+00 9.719963633035892947e-01
1.093274243449248173e+00 9.282393488050989516e-01
1.105840614063607008e+00 7.699229110702557888e-01
1.118406984677966287e+00 8.948495465425309048e-01
1.130973355292325566e+00 7.822540294962661012e-01
1.143539725906684623e+00 8.614549405792428782e-01
1.156106096521043902e+00 9.003091119582165014e-01
1.168672467135402959e+00 9.775959706949897132e-01
1.181238837749762238e+00 1.016818173507929357e+00
1.193805208364121295e+00 9.706833073670604328e-01
1.206371578978480574e+00 9.810103572628150470e-01
1.218937949592839853e+00 9.005587200368035949e-01
1.231504320207198910e+00 9.436840984251313458e-01
1.244070690821558189e+00 9.711279014249423192e-01
1.256637061435917246e+00 1.027099282997832930e+00
1.269203432050276525e+00 1.092539324907922049e+00
1.281769802664635582e+00 8.658599757546969755e-01
1.294336173278994861e+00 9.993186703787236835e-01
1.306902543893354141e+00 9.559834778745377459e-01
1.319468914507712975e+00 1.220663878284049986e+00
1.332035285122072255e+00 7.893237675751921811e-01
1.344601655736431534e+00 1.007894738398166234e+00
1.357168026350790591e+00 1.266964084154462711e+00
1.369734396965149870e+00 9.907327919101013292e-01
1.382300767579508927e+00 1.139738772745936046e+00
1.394867138193868206e+00 9.997293529941051471e-01
1.407433508808227263e+00 9.912283913475625763e-01
1.419999879422586542e+00 1.095793287243544745e+00
1.432566250036945821e+00 9.958718858306268018e-01
1.445132620651304878e+00 1.029202616250755709e+00
1.457698991265664157e+00 1.015346756901478020e+00
1.470265361880023214e+00 9.185795026927221496e-01
1.482831732494382493e+00 1.022612210555157830e+00
1.495398103108741550e+00 1.124994249497902388e+00
1.507964473723100607e+00 9.199784651409933511e-01
1.520530844337459886e+00 8.564539801054116275e-01
1.533097214951818943e+00 1.041390918446982061e+00
1.545663585566178222e+00 9.798666693715684106e-01
1.558229956180537279e+00 8.264367683060978020e-01
1.570796326794896558e+00 9.691991497076266615e-01
1.583362697409255837e+00 9.533000685083576897e-01
1.595929068023614894e+00 9.708993467388884469e-01
1.608495438637974173e+00 9.941858636134335292e-01
1.621061809252333230e+00 9.257082399494114267e-01
1.633628179866692509e+00 1.007556569623892617e+00
1.646194550481051566e+00 1.091605781551857834e+00
1.658760921095410845e+00 8.284069624078148619e-01
1.671327291709770124e+00 1.049563164242593549e+00
1.683893662324129181e+00 1.015936690555139243e+00
1.696460032938488460e+00 8.071083401442374905e-01
1.709026403552847517e+00 7.934475637639246681e-01
1.721592774167206796e+00 1.059722217866061023e+00
1.734159144781565853e+00 9.381504861180657295e-01
1.746725515395925132e+00 1.011158220086314286e+00
1.759291886010284411e+00 1.048475204755001888e+00
1.771858256624643468e+00 1.040122713711137514e+00
1.784424627239002747e+00 9.094511086430580038e-01
1.796990997853361804e+00 1.099972069684807430e+00
1.809557368467721084e+00 9.526814683674760253e-01
1.822123739082079918e+00 9.662077121824316217e-01
1.834690109696438975e+00 9.599394265359587619e-01
1.847256480310798255e+00 1.076437442755777019e+00
1.859822850925157534e+00 9.891541752731742854e-01
1.872389221539516591e+00 8.560023988290915709e-01
1.884955592153875870e+00 9.681430107133625063e-01
1.897521962768234927e+00 1.072774161639569401e+00
1.910088333382594206e+00 8.874108006519667580e-01
1.922654703996953263e+00 1.044961613030605196e+00
1.935221074611312542e+00 9.600431245447468287e-01
1.947787445225671821e+00 1.070774080167215647e+00
1.960353815840030878e+00 9.734304840968257544e-01
1.972920186454390157e+00 1.012924312987346642e+00
1.985486557068749214e+00 8.618607370337123541e-01
1.998052927683108493e+00 9.773420659798499610e-01
2.010619298297467772e+00 8.412797303260460824e-01
2.023185668911826607e+00 8.018874029131810577e-01
2.035752039526185886e+00 9.198097019183129053e-01
2.048318410140545165e+00 9.403950153908087195e-01
2.060884780754904444e+00 1.005871861891376229e+00
2.073451151369263723e+00 8.723467697510146612e-01
2.086017521983622558e+00 7.492530570416263691e-01
2.098583892597981837e+00 8.478330676258492016e-01
2.111150263212341116e+00 9.862452640823606842e-01
2.123716633826700395e+00 8.749973400059791739e-01
2.136283004441059674e+00 9.214407807816925589e-01
2.148849375055418509e+00 9.589790812547858145e-01
2.161415745669777788e+00 8.176454691698670230e-01
2.173982116284137067e+00 8.932782015143280185e-01
2.186548486898496346e+00 7.361567425325621361e-01
2.199114857512855181e+00 7.323074417361128408e-01
2.211681228127214016e+00 8.085732767292397316e-01
2.224247598741573295e+00 6.099858802710622641e-01
2.236813969355932574e+00 8.455345362249379049e-01
2.249380339970291853e+00 8.473321732782532756e-01
2.261946710584651132e+00 7.090489738251737339e-01
2.274513081199009967e+00 7.350593141796014640e-01
2.287079451813369246e+00 8.946385422213664063e-01
2.299645822427728525e+00 7.880306891964857785e-01
2.312212193042087804e+00 8.933525037982349426e-01
2.324778563656447083e+00 8.071229340706131961e-01
2.337344934270805918e+00 7.182239918397337330e-01
2.349911304885165197e+00 4.721392257499771317e-01
2.362477675499524477e+00 6.986620930815976571e-01
2.375044046113883756e+00 6.016007353829805337e-01
2.387610416728242591e+00 7.986731884116878843e-01
2.400176787342601870e+00 5.372444892841106157e-01
2.412743157956961149e+00 8.561245974579132501e-01
2.425309528571320428e+00 5.339402972060041108e-01
2.437875899185679707e+00 8.152491052359869261e-01
2.450442269800038542e+00 6.631412535250986728e-01
2.463008640414397821e+00 7.110841256654002462e-01
2.475575011028757100e+00 4.908567605273073675e-01
2.488141381643116379e+00 7.970548176421643483e-01
2.500707752257475658e+00 5.394612283324876634e-01
2.513274122871834493e+00 6.547659699747263584e-01
2.525840493486193772e+00 4.397745322932180567e-01
2.538406864100553051e+00 6.214722130603440586e-01
2.550973234714912330e+00 4.063176754771227195e-01
2.563539605329271165e+00 5.082092804571166633e-01
2.576105975943630444e+00 5.341124994075351351e-01
2.588672346557989723e+00 5.138546555374708946e-01
2.601238717172349002e+00 5.750851937207971387e-01
2.613805087786708281e+00 5.492772313481650848e-01
2.626371458401067116e+00 7.280863531365246999e-01
2.638937829015425951e+00 3.437931795524485357e-01
2.651504199629785230e+00 4.475467421611301622e-01
2.664070570244144509e+00 5.543636883035611973e-01
2.676636940858503788e+00 5.005522171800426134e-01
2.689203311472863067e+00 3.931327634032468765e-01
2.701769682087221902e+00 4.112400559875282191e-01
2.714336052701581181e+00 3.141243011643507499e-01
2.726902423315940460e+00 2.938323495980558198e-01
2.739468793930299739e+00 4.718384697607697631e-01
2.752035164544658574e+00 4.127372273585038220e-01
2.764601535159017853e+00 4.401044628384523372e-01
2.777167905773377132e+00 2.192770174725230947e-01
2.789734276387736411e+00 4.105815873723558385e-01
2.802300647002095690e+00 1.877212902240441572e-01
2.814867017616454525e+00 3.653187304700955540e-01
2.827433388230813804e+00 3.074011588699577247e-01
2.839999758845173083e+00 3.734009358006585289e-01
2.852566129459532362e+00 3.735463035397441622e-01
2.865132500073891642e+00 2.636739520432038186e-01
2.877698870688250476e+00 3.020673920069691931e-01
2.890265241302609756e+00 2.999097158667483054e-01
2.902831611916969035e+00 -1.789903535332540430e-02
2.915397982531328314e+00 2.641394335072322908e-01
2.927964353145687149e+00 1.947784670027391807e-01
2.940530723760046428e+00 1.728313425201435660e-01
2.953097094374405707e+00 2.670037914550986713e-01
2.965663464988764986e+00 1.214832365501902489e-01
2.978229835603124265e+00 2.392583666048388458e-01
2.990796206217483100e+00 2.020507933708767800e-01
3.003362576831842379e+00 1.738813909279824654e-01
3.015928947446201214e+00 9.238358506879501553e-02
3.028495318060560493e+00 1.366000710403154628e-01
3.041061688674919772e+00 -1.217105135309801411e-01
3.053628059289279051e+00 4.790927308610051089e-02
3.066194429903637886e+00 2.509505745571968260e-01
3.078760800517997165e+00 6.492838860203162255e-02
3.091327171132356444e+00 2.200147816131314826e-03
3.103893541746715723e+00 1.034155854295720212e-01
3.116459912361074558e+00 -2.471996728992859396e-02
3.129026282975433837e+00 -2.022348702124659725e-01
3.141592653589793116e+00 2.022519503991669632e-02
3.154159024204152395e+00 -2.413851241253516661e-02
3.166725394818511674e+00 3.117361754843485724e-02
3.179291765432870509e+00 -9.815114491768567317e-02
3.191858136047229788e+00 -6.821420848634890399e-02
3.204424506661589067e+00 -1.603584927083263889e-02
3.216990877275948346e+00 -1.474630879187692478e-02
3.229557247890307181e+00 -9.859738722052707738e-02
3.242123618504666460e+00 -1.216804389751018067e-01
3.254689989119025739e+00 -1.549286919101451332e-01
3.267256359733385018e+00 -2.408749237200877302e-01
3.279822730347744297e+00 6.528569555501353983e-02
3.292389100962103132e+00 -1.551288636425307288e-01
3.304955471576462411e+00 -2.098773135988550032e-01
3.317521842190821690e+00 -9.634947853025874198e-02
3.330088212805180969e+00 -2.248163344530737795e-01
3.342654583419540248e+00 -1.644336201810118747e-01
3.355220954033899083e+00 -2.755187140559411940e-02
3.367787324648258362e+00 -1.813279676658581807e-01
3.380353695262617642e+00 -2.295492361899192091e-01
3.392920065876976921e+00 -2.004346264126998789e-01
3.405486436491335756e+00 -2.109095198390823211e-01
3.418052807105695035e+00 -3.539603063591963972e-01
3.430619177720054314e+00 -3.675515494098057223e-01
3.443185548334413593e+00 -2.590573401572008327e-01
3.455751918948772872e+00 -4.427887707088974389e-01
3.468318289563131707e+00 -1.793122370008954081e-01
3.480884660177490986e+00 -3.557428925385375251e-01
3.493451030791850265e+00 -4.704543556190872167e-01
3.506017401406209544e+00 -3.555098881929022459e-01
3.518583772020568823e+00 -4.552828564775188158e-01
3.531150142634927658e+00 -3.952742029622243192e-01
3.543716513249286937e+00 -2.175884673690729187e-01
3.556282883863646216e+00 -2.877445581607995240e-01
3.568849254478005495e+00 -2.307129036953478596e-01
3.581415625092364330e+00 -4.558667593559487252e-01
3.593981995706723609e+00 -4.230431664303103689e-01
3.606548366321082888e+00 -4.194856246219570983e-01
3.619114736935442167e+00 -1.859140098113725159e-01
3.631681107549800558e+00 -2.942917392500538076e-01
3.644247478164159837e+00 -4.576032971132311111e-01
3.656813848778519116e+00 -5.465004471579788525e-01
3.669380219392877951e+00 -5.514045668376095222e-01
3.681946590007237230e+00 -5.003065575229279638e-01
3.694512960621596509e+00 -5.030602549176305116e-01
3.707079331235955788e+00 -5.504221671057338838e-01
3.719645701850315067e+00 -3.771955446445912630e-01
3.732212072464673902e+00 -3.921164476843295166e-01
3.744778443079033181e+00 -5.744406338567302761e-01
3.757344813693392460e+00 -5.324935909741286277e-01
3.769911184307751739e+00 -6.271871424838451059e-01
3.782477554922110574e+00 -6.510186858053316206e-01
3.795043925536469853e+00 -6.347074059775867916e-01
3.807610296150829132e+00 -6.483631430390711659e-01
3.820176666765188411e+00 -4.749614729276520064e-01
3.832743037379547690e+00 -5.393154099698341808e-01
3.845309407993906525e+00 -7.783852948938811966e-01
3.857875778608265804e+00 -7.431021620144708795e-01
3.870442149222625083e+00 -8.912316059335320118e-01
3.883008519836984362e+00 -7.986097117819048741e-01
3.895574890451343641e+00 -6.852533144146046862e-01
3.908141261065702476e+00 -7.912396059939404980e-01
3.920707631680061755e+00 -7.742391417812293231e-01
3.933274002294421035e+00 -6.104885326994188288e-01
3.945840372908780314e+00 -8.168776148856760067e-01
3.958406743523139149e+00 -5.834258526472201334e-01
3.970973114137498428e+00 -6.395455713929371067e-01
3.983539484751857707e+00 -6.451808952004812747e-01
3.996105855366216986e+00 -5.334884739846734725e-01
4.008672225980576265e+00 -7.074752746068745379e-01
4.021238596594935544e+00 -7.840019340876746012e-01
4.033804967209294823e+00 -7.916251969848420167e-01
4.046371337823653214e+00 -8.811647393055555000e-01
4.058937708438012493e+00 -6.179365934217895262e-01
4.071504079052371772e+00 -6.899498354783392129e-01
4.084070449666731051e+00 -8.381001709598139282e-01
4.096636820281090330e+00 -7.418708307214452180e-01
4.109203190895449609e+00 -7.253146370931315978e-01
4.121769561509808888e+00 -8.874989789287496267e-01
4.134335932124168167e+00 -6.942088457089011788e-01
4.146902302738527446e+00 -9.703179617092572151e-01
4.159468673352886725e+00 -8.572870836336436984e-01
4.172035043967245116e+00 -9.963249730686436489e-01
4.184601414581604395e+00 -9.970628352025430186e-01
4.197167785195963674e+00 -8.930879305359731291e-01
4.209734155810322953e+00 -8.670563456770979949e-01
4.222300526424682232e+00 -7.794898026679201175e-01
4.234866897039041511e+00 -8.905451425916651731e-01
4.247433267653400790e+00 -8.461424371781629539e-01
4.259999638267760069e+00 -8.885914152530592913e-01
4.272566008882119348e+00 -8.766314730147142242e-01
4.285132379496477739e+00 -9.795717330604748474e-01
4.297698750110837018e+00 -9.111632704897884016e-01
4.310265120725196297e+00 -8.922213530802848291e-01
4.322831491339555576e+00 -8.972719709595299298e-01
4.335397861953914855e+00 -9.459057598952749224e-01
4.347964232568274134e+00 -8.917914063805215674e-01
4.360530603182633413e+00 -8.239445440575198232e-01
4.373096973796992692e+00 -1.007155265617278195e+00
4.385663344411351972e+00 -9.392090112095727861e-01
4.398229715025710362e+00 -9.658805554515561553e-01
4.410796085640069641e+00 -1.127626535749101766e+00
4.423362456254428032e+00 -7.868753627975616505e-01
4.435928826868787311e+00 -8.338120985742758506e-01
4.448495197483146590e+00 -8.669235977939250271e-01
4.461061568097505869e+00 -1.106295998012940096e+00
4.473627938711865148e+00 -9.771950861304913305e-01
4.486194309326224428e+00 -1.005380136281871728e+00
4.498760679940583707e+00 -9.683522322971382934e-01
4.511327050554942986e+00 -9.147321178696179445e-01
4.523893421169302265e+00 -9.102218575839298165e-01
4.536459791783661544e+00 -9.487479145107537981e-01
4.549026162398019935e+00 -9.142346478058021031e-01
4.561592533012379214e+00 -8.081200293622550213e-01
4.574158903626738493e+00 -1.028812423636914053e+00
4.586725274241097772e+00 -8.488457075331059531e-01
4.599291644855457051e+00 -1.036692308577745747e+00
4.611858015469816330e+00 -8.869191550046691130e-01
4.624424386084175609e+00 -9.435613835165905794e-01
4.636990756698534888e+00 -8.436498310057124472e-01
4.649557127312894167e+00 -1.083783314829541489e+00
4.662123497927252558e+00 -1.013444174346722626e+00
4.674689868541611837e+00 -1.062427930784053398e+00
4.687256239155971116e+00 -1.102685769486464462e+00
4.699822609770330395e+00 -1.147231980310387200e+00
4.712388980384689674e+00 -1.013808113250023180e+00
4.724955350999048953e+00 -9.226012275366268778e-01
4.737521721613408232e+00 -1.078154581558826042e+00
4.750088092227767511e+00 -1.094297515574083279e+00
4.762654462842126790e+00 -1.132713877564551552e+00
4.775220833456485181e+00 -9.548974855319564137e-01
4.787787204070844460e+00 -1.021497620357932679e+00
4.800353574685203739e+00 -1.158325127251784492e+00
4.812919945299563018e+00 -9.672687019345542758e-01
4.825486315913922297e+00 -9.827578303761156375e-01
4.838052686528281576e+00 -8.302514515700076814e-01
4.850619057142640855e+00 -8.932697278126873197e-01
4.863185427757000134e+00 -1.049413712880155058e+00
4.875751798371359413e+00 -1.036202637027342943e+00
4.888318168985717804e+00 -1.025663457859110839e+00
4.900884539600077083e+00 -8.927199531166757351e-01
4.913450910214436362e+00 -1.044596017461517645e+00
4.926017280828795641e+00 -1.258982523055117486e+00
4.938583651443154920e+00 -1.110308622927050903e+00
4.951150022057514200e+00 -8.069538106360963914e-01
4.963716392671873479e+00 -9.100802156348080096e-01
4.976282763286232758e+00 -9.178467141416175590e-01
4.988849133900592037e+00 -9.762704865809481714e-01
5.001415504514951316e+00 -1.020478974160449415e+00
5.013981875129309707e+00 -8.786759419365054447e-01
5.026548245743668986e+00 -1.044898004861662510e+00
5.039114616358028265e+00 -9.575344666569050034e-01
5.051680986972387544e+00 -1.051527435381257813e+00
5.064247357586746823e+00 -8.994533910514092012e-01
5.076813728201106102e+00 -1.081559672469811106e+00
5.089380098815465381e+00 -9.432726205326075197e-01
5.101946469429824660e+00 -7.884720136853767825e-01
5.114512840044183939e+00 -7.985977711415253033e-01
5.127079210658542330e+00 -8.376947242434659158e-01
5.139645581272901609e+00 -7.875718032146210579e-01
5.152211951887260888e+00 -1.016692693743070697e+00
5.164778322501620167e+00 -7.933764673375794940e-01
5.177344693115979446e+00 -9.011734351012578026e-01
5.189911063730338725e+00 -8.456699437511517869e-01
5.202477434344698004e+00 -1.175590118924958460e+00
5.215043804959057283e+00 -8.572646328087141221e-01
5.227610175573416562e+00 -8.098845820814610796e-01
5.240176546187774953e+00 -8.481451865733099504e-01
5.252742916802134232e+00 -1.050633191842412328e+00
5.265309287416492623e+00 -7.038384882467544346e-01
5.277875658030851902e+00 -8.667226218145374084e-01
5.290442028645211181e+00 -6.231947721701264209e-01
5.303008399259570460e+00 -1.044149253195780336e+00
5.315574769873929739e+00 -8.165268045540805542e-01
5.328141140488289018e+00 -9.701365378246870064e-01
5.340707511102648297e+00 -9.004793732745199897e-01
5.353273881717007576e+00 -8.475679336428966204e-01
5.365840252331366855e+00 -8.139034666847180244e-01
5.378406622945726134e+00 -8.759990836219208044e-01
5.390972993560084525e+00 -8.454410762400778045e-01
5.403539364174443804e+00 -1.008889987877662708e+00
5.416105734788803083e+00 -8.090409051241813643e-01
5.428672105403162362e+00 -8.462539240424032938e-01
5.441238476017521641e+00 -8.084540293016053703e-01
5.453804846631880920e+00 -6.732708868183097106e-01
5.466371217246240199e+00 -7.220642259371516936e-01
5.478937587860599479e+00 -6.227801334942857370e-01
5.491503958474958758e+00 -8.663111272178325439e-01
5.504070329089317148e+00 -6.610166477588907963e-01
5.516636699703676427e+00 -5.677253007896467807e-01
5.529203070318035707e+00 -6.231082899838211731e-01
5.541769440932394986e+00 -4.240265196998845854e-01
5.554335811546754265e+00 -6.474858816920721072e-01
5.566902182161113544e+00 -7.268541452296740646e-01
5.579468552775472823e+00 -4.807435273809781417e-01
5.592034923389832102e+00 -6.081307516655198864e-01
5.604601294004191381e+00 -6.524446750968846409e-01
5.617167664618549772e+00 -5.181816096909221958e-01
5.629734035232909051e+00 -6.601193970682891488e-01
5.642300405847268330e+00 -6.826777246329686077e-01
5.654866776461627609e+00 -5.452557522082559505e-01
5.667433147075986888e+00 -4.947159548029626541e-01
5.679999517690346167e+00 -5.291563887903479868e-01
5.692565888304705446e+00 -5.075276091113197774e-01
5.705132258919064725e+00 -6.528291054005864735e-01
5.717698629533424004e+00 -5.188304298943611226e-01
5.730265000147783283e+00 -4.922852172549164740e-01
5.742831370762141674e+00 -5.730384300077139281e-01
5.755397741376500953e+00 -7.223953128358773235e-01
5.767964111990860232e+00 -4.444688689615458599e-01
5.780530482605219511e+00 -5.296283129526976330e-01
5.793096853219578790e+00 -5.176033365763931249e-01
5.805663223833938069e+00 -4.121713472631185482e-01
5.818229594448297348e+00 -3.288210708190087428e-01
5.830795965062656627e+00 -5.078319377799623835e-01
5.843362335677015906e+00 -4.318881965544135171e-01
5.855928706291374297e+00 -4.424270655475092129e-01
5.868495076905733576e+00 -6.209690836584227380e-01
5.881061447520092855e+00 -4.131462038798242031e-01
5.893627818134452134e+00 -3.237807224461457523e-01
5.906194188748811413e+00 -4.186031201975314309e-01
5.918760559363170692e+00 -2.531856775266548287e-01
5.931326929977529971e+00 -3.145107119942786023e-01
5.943893300591889250e+00 -4.146757973309290746e-01
5.956459671206248530e+00 -3.099328715834268611e-01
5.969026041820606920e+00 -3.216933043826247784e-01
5.981592412434966199e+00 -2.541171139784771937e-01
5.994158783049325478e+00 -2.872814707117768984e-01
6.006725153663684758e+00 -3.945208898536193276e-01
6.019291524278044037e+00 -3.194602982829570781e-01
6.031857894892402427e+00 -2.423235692581517386e-01
6.044424265506761706e+00 -2.106370976182291299e-01
6.056990636121120986e+00 -4.190209045520271181e-01
6.069557006735480265e+00 -3.507796071452682352e-01
6.082123377349839544e+00 -2.309710984910584575e-01
6.094689747964198823e+00 -1.665877201689222042e-01
6.107256118578558102e+00 -5.285496414187823566e-03
6.119822489192916493e+00 -7.193730500497316771e-02
6.132388859807275772e+00 -2.983612164386680865e-01
6.144955230421635051e+00 -2.000017022817245915e-01
6.157521601035994330e+00 4.685731512251251063e-02
6.170087971650353609e+00 -7.196647422414560735e-02
6.182654342264712888e+00 1.188763873454839470e-01
6.195220712879072167e+00 -1.203280853912626069e-01
6.207787083493431446e+00 -6.288874529122719104e-02
6.220353454107790725e+00 -1.090215333736331144e-01
6.232919824722149116e+00 -8.742273282625502573e-02
6.245486195336508395e+00 6.227139142561888968e-02
6.258052565950867674e+00 -1.425537236256441305e-02
6.270618936565226953e+00 3.246360597481862814e-02
