0.000000000000000000e+00 -2.012253001523233165e-01
1.256637061435917323e-02 9.763854936428192910e-02
2.513274122871834645e-02 -4.299905653393937266e-02
3.769911184307751795e-02 -6.663032097891660732e-02
5.026548245743669291e-02 -1.929356139503354828e-01
6.283185307179586787e-02 1.217017359554764810e-01
7.539822368615503589e-02 1.536989502880626302e-01
8.796459430051420392e-02 -1.695164200948540423e-01
1.005309649148733858e-01 1.418480857161214248e-01
1.130973355292325677e-01 -1.145033864233039184e-01
1.256637061435917357e-01 1.409037743565067224e-01
1.382300767579508760e-01 1.846997212595415661e-01
1.507964473723100718e-01 3.057431753388069329e-02
1.633628179866692676e-01 1.106726236039025646e-01
1.759291886010284078e-01 7.249081358675080189e-02
1.884955592153875759e-01 1.592835320316765002e-01
2.010619298297467716e-01 2.134221525958813759e-01
2.136283004441059397e-01 2.671299538712112454e-01
2.261946710584651354e-01 4.160593656074514923e-01
2.387610416728242757e-01 1.790530829765722698e-01
2.513274122871834715e-01 1.033007473165699908e-01
2.638937829015426395e-01 2.380013545092125593e-01
2.764601535159017520e-01 2.420820152519867208e-01
2.890265241302609756e-01 3.527444122042466823e-01
3.015928947446201436e-01 1.293428399031169851e-01
3.141592653589793116e-01 3.123207631033436682e-01
3.267256359733385351e-01 3.856120170527045365e-01
3.392920065876976476e-01 2.336301928560769459e-01
3.518583772020568157e-01 3.097581506212734315e-01
3.644247478164160392e-01 3.489067830557693317e-01
3.769911184307751517e-01 2.628168786085392505e-01
3.895574890451343197e-01 2.455390115299508347e-01
4.021238596594935433e-01 4.591868019872425433e-01
4.146902302738527113e-01 2.917279389983790661e-01
4.272566008882118793e-01 3.434238826147998358e-01
4.398229715025711029e-01 4.374885866394480627e-01
4.523893421169302709e-01 3.902608695567486574e-01
4.649557127312893834e-01 3.160894662517839127e-01
4.775220833456485514e-01 5.369459584257447737e-01
4.900884539600077194e-01 4.367445715717327981e-01
5.026548245743669430e-01 4.149149511800229728e-01
5.152211951887261110e-01 2.842568291878556641e-01
5.277875658030852790e-01 5.493091470942491616e-01
5.403539364174444470e-01 5.376365531830797906e-01
5.529203070318035040e-01 6.244162369615933184e-01
5.654866776461627831e-01 4.146607752882239262e-01
5.780530482605219511e-01 4.065944067030716758e-01
5.906194188748811191e-01 4.169326778177083748e-01
6.031857894892402872e-01 6.540343962534576061e-01
6.157521601035994552e-01 6.284870000230189380e-01
6.283185307179586232e-01 5.494362703177314566e-01
6.408849013323177912e-01 6.518643446136247466e-01
6.534512719466770703e-01 5.381504059706769816e-01
6.660176425610361273e-01 8.237503241470518489e-01
6.785840131753952953e-01 3.918037476680177322e-01
6.911503837897544633e-01 5.709097661981153982e-01
7.037167544041136313e-01 8.593767701089894961e-01
7.162831250184729104e-01 6.406402646416351487e-01
7.288494956328320784e-01 7.432538978913586503e-01
7.414158662471912464e-01 7.390085875251121150e-01
7.539822368615503034e-01 6.308276182273918620e-01
7.665486074759094715e-01 5.821651655970304651e-01
7.791149780902686395e-01 6.239819081235786769e-01
7.916813487046279185e-01 6.541228026369892978e-01
8.042477193189870865e-01 7.577536910760928057e-01
8.168140899333462546e-01 8.568396026475461058e-01
8.293804605477054226e-01 9.183167642941481024e-01
8.419468311620645906e-01 7.323362263493373714e-01
8.545132017764237586e-01 7.513507458711430331e-01
8.670795723907829267e-01 7.212160819052559901e-01
8.796459430051422057e-01 7.645022379693113823e-01
8.922123136195013737e-01 5.452891204484774379e-01
9.047786842338605418e-01 7.390747842130043210e-01
9.173450548482194877e-01 7.415536210185911248e-01
9.299114254625787668e-01 7.257415944603419211e-01
9.424777960769379348e-01 9.679364826259577725e-01
9.550441666912971028e-01 7.319289350402522487e-01
9.676105373056562708e-01 8.727271971271720608e-01
9.801769079200154389e-01 7.123779010865315398e-01
9.927432785343746069e-01 7.973145126639666902e-01
1.005309649148733886e+00 8.614388058043660479e-01
1.017876019763092943e+00 9.086500234244503371e-01
1.030442390377452222e+00 9.775198464729084602e-01
1.043008760991811279e+00 9.290898248529934067e-01
1.055575131606170558e+00 9.435493401884279541e-01
1.068141502220529837e+00 1.022012374951444258e+00
1.080707872834888894e+00 7.010643500971164288e-01
1.093274243449248173e+00 9.565525706235213921e-01
1.105840614063607008e+00 8.622656538050815778e-01
1.118406984677966287e+00 9.452820398167776084e-01
1.130973355292325566e+00 8.465790427535205831e-01
1.143539725906684623e+00 9.089250346510265866e-01
1.156106096521043902e+00 8.478849525952798505e-01
1.168672467135402959e+00 8.575640359551633951e-01
1.181238837749762238e+00 8.716992187714071028e-01
1.193805208364121295e+00 1.077838275075118091e+00
1.206371578978480574e+00 8.300565840459452893e-01
1.218937949592839853e+00 9.098402841123800489e-01
1.231504320207198910e+00 8.385340217917878203e-01
1.244070690821558189e+00 1.063845596123532689e+00
1.256637061435917246e+00 1.142107085418551993e+00
1.269203432050276525e+00 8.651517784011358847e-01
1.281769802664635582e+00 9.737098872423942675e-01
1.294336173278994861e+00 9.911087439619606920e-01
1.306902543893354141e+00 8.119425164127039851e-01
1.319468914507712975e+00 1.031874405222557245e+00
1.332035285122072255e+00 8.327374121936700346e-01
1.344601655736431534e+00 1.026086196686626373e+00
1.357168026350790591e+00 1.109137138186253146e+00
1.369734396965149870e+00 1.158333277669369110e+00
1.382300767579508927e+00 9.894375492516104265e-01
1.394867138193868206e+00 1.075644915066226837e+00
1.407433508808227263e+00 8.673839061915615822e-01
1.419999879422586542e+00 1.034449040613937276e+00
1.432566250036945821e+00 1.053482686985303340e+00
1.445132620651304878e+00 7.262429135760402055e-01
1.457698991265664157e+00 1.140754782885982754e+00
1.470265361880023214e+00 9.309621826434986147e-01
1.482831732494382493e+00 1.078233185912732095e+00
1.495398103108741550e+00 8.468177420110627462e-01
1.507964473723100607e+00 1.004499813698897626e+00
1.520530844337459886e+00 1.175906461198915176e+00
1.533097214951818943e+00 1.066367701925383660e+00
1.545663585566178222e+00 1.069677223155213186e+00
1.558229956180537279e+00 1.053353892050058249e+00
1.570796326794896558e+00 9.355028196529018292e-01
1.583362697409255837e+00 1.034883488093540471e+00
1.595929068023614894e+00 8.847716033016499448e-01
1.608495438637974173e+00 1.081426413560379940e+00
1.621061809252333230e+00 8.656502597949270461e-01
1.633628179866692509e+00 1.049464611330873209e+00
1.646194550481051566e+00 1.143844262986616789e+00
1.658760921095410845e+00 1.074031306910718131e+00
1.671327291709770124e+00 9.584442789617211300e-01
1.683893662324129181e+00 1.143025190215883891e+00
1.696460032938488460e+00 9.513025680241361526e-01
1.709026403552847517e+00 8.764234876096113069e-01
1.721592774167206796e+00 9.055305105585275127e-01
1.734159144781565853e+00 9.829465238360570734e-01
1.746725515395925132e+00 1.114232586245365697e+00
1.759291886010284411e+00 9.450464826143810670e-01
1.771858256624643468e+00 9.177847554996753088e-01
1.784424627239002747e+00 1.127338816418245404e+00
1.796990997853361804e+00 9.697670165117002750e-01
1.809557368467721084e+00 8.877811219934720333e-01
1.822123739082079918e+00 8.733657011808091397e-01
1.834690109696438975e+00 9.171810597231099260e-01
1.847256480310798255e+00 1.046989883860982795e+00
1.859822850925157534e+00 9.039640970157013511e-01
1.872389221539516591e+00 8.094711888409185097e-01
1.884955592153875870e+00 9.000751225656107302e-01
1.897521962768234927e+00 1.226159443774701430e+00
1.910088333382594206e+00 1.031000575917907947e+00
1.922654703996953263e+00 9.932233958476636149e-01
1.935221074611312542e+00 1.083758557725553073e+00
1.947787445225671821e+00 9.497884421281044265e-01
1.960353815840030878e+00 1.071220974645758384e+00
1.972920186454390157e+00 8.287900156405708652e-01
1.985486557068749214e+00 1.026325713346931900e+00
1.998052927683108493e+00 6.623208461301293148e-01
2.010619298297467772e+00 8.901584458885770657e-01
2.023185668911826607e+00 9.716247377259995543e-01
2.035752039526185886e+00 1.017012711166068950e+00
2.048318410140545165e+00 7.015116184971771363e-01
2.060884780754904444e+00 9.227029631899741347e-01
2.073451151369263723e+00 8.265739454648917128e-01
2.086017521983622558e+00 7.875736868630356380e-01
2.098583892597981837e+00 9.272316172771123410e-01
2.111150263212341116e+00 8.895499622587376143e-01
2.123716633826700395e+00 7.489928073433236300e-01
2.136283004441059674e+00 8.256804874388044002e-01
2.148849375055418509e+00 7.372665367878148412e-01
2.161415745669777788e+00 8.711310652279293798e-01
2.173982116284137067e+00 9.497080964431472427e-01
2.186548486898496346e+00 9.596727367911896955e-01
2.199114857512855181e+00 8.495182220419231767e-01
2.211681228127214016e+00 8.169574594967141667e-01
2.224247598741573295e+00 6.750780872215105255e-01
2.236813969355932574e+00 7.684663051990382465e-01
2.249380339970291853e+00 7.223792605564101077e-01
2.261946710584651132e+00 7.029115314652130131e-01
2.274513081199009967e+00 7.434664583319481324e-01
2.287079451813369246e+00 8.538193139799413744e-01
2.299645822427728525e+00 5.807921015644358365e-01
2.312212193042087804e+00 1.039924146877069466e+00
2.324778563656447083e+00 7.703184108901873772e-01
2.337344934270805918e+00 7.561100805609913822e-01
2.349911304885165197e+00 7.113014462929145854e-01
2.362477675499524477e+00 5.390435589962545571e-01
2.375044046113883756e+00 6.453159437531414966e-01
2.387610416728242591e+00 6.568168008881029030e-01
2.400176787342601870e+00 8.852169285966213774e-01
2.412743157956961149e+00 7.161846067283306194e-01
2.425309528571320428e+00 6.940505492077158056e-01
2.437875899185679707e+00 6.376463481123189059e-01
2.450442269800038542e+00 6.555561512624510367e-01
2.463008640414397821e+00 6.337604201154366512e-01
2.475575011028757100e+00 6.479953128234332560e-01
2.488141381643116379e+00 4.485265689877356299e-01
2.500707752257475658e+00 4.815140385839298265e-01
2.513274122871834493e+00 6.587275617642074366e-01
2.525840493486193772e+00 6.422183129989930128e-01
2.538406864100553051e+00 6.018633267252164742e-01
2.550973234714912330e+00 7.295228990127498037e-01
2.563539605329271165e+00 4.664985583458174379e-01
2.576105975943630444e+00 6.742547455181214788e-01
2.588672346557989723e+00 5.485335662611285912e-01
2.601238717172349002e+00 6.351242240047234588e-01
2.613805087786708281e+00 4.397808898167139824e-01
2.626371458401067116e+00 5.016150614383979578e-01
2.638937829015425951e+00 3.507504158128292304e-01
2.651504199629785230e+00 5.720486048399147094e-01
2.664070570244144509e+00 4.223633311222437792e-01
2.676636940858503788e+00 3.927230932609300229e-01
2.689203311472863067e+00 4.869111367086351727e-01
2.701769682087221902e+00 4.120425484689895779e-01
2.714336052701581181e+00 3.569797825823615711e-01
2.726902423315940460e+00 4.845961603091890613e-01
2.739468793930299739e+00 4.051118437669389283e-01
2.752035164544658574e+00 4.768546617900555895e-01
2.764601535159017853e+00 2.462483824494012263e-01
2.777167905773377132e+00 2.935158724020499044e-01
2.789734276387736411e+00 4.161091308549439982e-01
2.802300647002095690e+00 3.486776366102777858e-01
2.814867017616454525e+00 1.783581283996065470e-01
2.827433388230813804e+00 4.120763996720837041e-01
2.839999758845173083e+00 4.505054795091545383e-01
2.852566129459532362e+00 2.599022207696781717e-01
2.865132500073891642e+00 2.428019080963978449e-01
2.877698870688250476e+00 3.139873980981675028e-01
2.890265241302609756e+00 3.520586883601939943e-01
2.902831611916969035e+00 1.831776853636896685e-01
2.915397982531328314e+00 1.493185150518814841e-01
2.927964353145687149e+00 2.213375574136555723e-02
2.940530723760046428e+00 2.416187190006707231e-01
2.953097094374405707e+00 2.549633338259282844e-01
2.965663464988764986e+00 7.603063393707390483e-02
2.978229835603124265e+00 2.396913844067954380e-01
2.990796206217483100e+00 2.910922639777585585e-01
3.003362576831842379e+00 1.708006657312041154e-01
3.015928947446201214e+00 -6.233970451920572975e-02
3.028495318060560493e+00 7.222724786785603146e-02
3.041061688674919772e+00 1.605732780201197529e-01
3.053628059289279051e+00 1.383870823231417857e-01
3.066194429903637886e+00 1.759054782981733234e-01
3.078760800517997165e+00 7.075413795943132078e-02
3.091327171132356444e+00 1.639951101311283299e-01
3.103893541746715723e+00 -9.521449943689680451e-02
3.116459912361074558e+00 1.780356755835579008e-01
3.129026282975433837e+00 2.402099128595222288e-01
3.141592653589793116e+00 -3.028693549316101644e-02
3.154159024204152395e+00 5.991395592904767003e-02
3.166725394818511674e+00 2.364056210896618368e-02
3.179291765432870509e+00 2.892839720300714734e-02
3.191858136047229788e+00 -5.083390403553171566e-02
3.204424506661589067e+00 -3.039454919077240747e-01
3.216990877275948346e+00 -3.561740497966327246e-02
3.229557247890307181e+00 -1.111157845035640745e-01
3.242123618504666460e+00 -2.948270687041918969e-01
3.254689989119025739e+00 -9.337050366051474759e-02
3.267256359733385018e+00 -1.382780263177766367e-01
3.279822730347744297e+00 -1.052696474740851817e-01
3.292389100962103132e+00 -1.147691134697205739e-01
3.304955471576462411e+00 -8.400484914463629549e-03
3.317521842190821690e+00 -2.472806423782079044e-01
3.330088212805180969e+00 -2.152808038110888278e-01
3.342654583419540248e+00 -8.382098792881126359e-02
3.355220954033899083e+00 -5.726401123394900261e-02
3.367787324648258362e+00 -2.866987352428448932e-01
3.380353695262617642e+00 -3.194574484912668932e-01
3.392920065876976921e+00 -3.518075361818887026e-01
3.405486436491335756e+00 -2.079256974819747861e-01
3.418052807105695035e+00 -2.665958217063598146e-01
3.430619177720054314e+00 -2.808533545410352716e-01
3.443185548334413593e+00 -3.121251215656912770e-01
3.455751918948772872e+00 -3.859238728608566094e-01
3.468318289563131707e+00 -3.205537398506280167e-01
3.480884660177490986e+00 -2.208406621591067209e-01
3.493451030791850265e+00 -2.753806659772120025e-01
3.506017401406209544e+00 -2.605730963778061238e-01
3.518583772020568823e+00 -3.731504136369818703e-01
3.531150142634927658e+00 -3.840408400500743835e-01
3.543716513249286937e+00 -3.224434298290608791e-01
3.556282883863646216e+00 -3.999999819999908723e-01
3.568849254478005495e+00 -3.405024568193960044e-01
3.581415625092364330e+00 -4.851397888149674431e-01
3.593981995706723609e+00 -4.956289826843838786e-01
3.606548366321082888e+00 -4.045428357516694939e-01
3.619114736935442167e+00 -4.776330423215910947e-01
3.631681107549800558e+00 -3.487333680209438458e-01
3.644247478164159837e+00 -6.434405183190010646e-01
3.656813848778519116e+00 -4.742171007232544588e-01
3.669380219392877951e+00 -5.797855397870003147e-01
3.681946590007237230e+00 -5.508023331606503037e-01
3.694512960621596509e+00 -3.995849460311919898e-01
3.707079331235955788e+00 -5.112422972266035259e-01
3.719645701850315067e+00 -7.510417407238207943e-01
3.732212072464673902e+00 -5.374394758303485675e-01
3.744778443079033181e+00 -7.621443099430467161e-01
3.757344813693392460e+00 -5.856399465406285643e-01
3.769911184307751739e+00 -4.068013372516953718e-01
3.782477554922110574e+00 -5.239127658228800444e-01
3.795043925536469853e+00 -4.075945548891837245e-01
3.807610296150829132e+00 -4.982547377058292870e-01
3.820176666765188411e+00 -6.761044953298480653e-01
3.832743037379547690e+00 -7.255200828877572672e-01
3.845309407993906525e+00 -4.144880929514435097e-01
3.857875778608265804e+00 -5.204746700207316668e-01
3.870442149222625083e+00 -6.116621231283357885e-01
3.883008519836984362e+00 -6.596989542429640974e-01
3.895574890451343641e+00 -7.058689761252938677e-01
3.908141261065702476e+00 -6.293840978209727099e-01
3.920707631680061755e+00 -7.300573115331017160e-01
3.933274002294421035e+00 -6.161819949815471320e-01
3.945840372908780314e+00 -6.613068177653983470e-01
3.958406743523139149e+00 -7.477880048689877768e-01
3.970973114137498428e+00 -6.598777729634160982e-01
3.983539484751857707e+00 -7.386137215140750056e-01
3.996105855366216986e+00 -5.952159251407717067e-01
4.008672225980576265e+00 -6.236268735195342749e-01
4.021238596594935544e+00 -7.327705257891388158e-01
4.033804967209294823e+00 -7.619349511885693538e-01
4.046371337823653214e+00 -4.899142565221794587e-01
4.058937708438012493e+00 -8.533065525535932228e-01
4.071504079052371772e+00 -7.517367078669097147e-01
4.084070449666731051e+00 -6.366382258326317434e-01
4.096636820281090330e+00 -6.505761940771183083e-01
4.109203190895449609e+00 -7.755011930251017871e-01
4.121769561509808888e+00 -9.613733355664243474e-01
4.134335932124168167e+00 -9.970900237157935830e-01
4.146902302738527446e+00 -8.208382444362768426e-01
4.159468673352886725e+00 -7.771034507089604748e-01
4.172035043967245116e+00 -9.069191081716309055e-01
4.184601414581604395e+00 -9.367898614442047300e-01
4.197167785195963674e+00 -9.426161704990920764e-01
4.209734155810322953e+00 -6.842796930754068141e-01
4.222300526424682232e+00 -9.514387801650718846e-01
4.234866897039041511e+00 -9.377105137307092386e-01
4.247433267653400790e+00 -5.712765946879960755e-01
4.259999638267760069e+00 -1.053292173197691417e+00
4.272566008882119348e+00 -9.291099455485409830e-01
4.285132379496477739e+00 -8.174474469895635087e-01
4.297698750110837018e+00 -8.721088743305338564e-01
4.310265120725196297e+00 -8.707519347764219875e-01
4.322831491339555576e+00 -8.845066868348170352e-01
4.335397861953914855e+00 -1.115464351322789094e+00
4.347964232568274134e+00 -9.216270656786615945e-01
4.360530603182633413e+00 -9.984085933092664567e-01
4.373096973796992692e+00 -9.836955198548213986e-01
4.385663344411351972e+00 -8.790032638089111394e-01
4.398229715025710362e+00 -8.630927059422636161e-01
4.410796085640069641e+00 -9.928059412877969780e-01
4.423362456254428032e+00 -7.387888163166188571e-01
4.435928826868787311e+00 -1.020003292369900283e+00
4.448495197483146590e+00 -8.554899021931273717e-01
4.461061568097505869e+00 -1.121057423429425270e+00
4.473627938711865148e+00 -8.865284252831066025e-01
4.486194309326224428e+00 -9.358991639406084584e-01
4.498760679940583707e+00 -7.382385565908827774e-01
4.511327050554942986e+00 -1.081439421266039869e+00
4.523893421169302265e+00 -9.586275024188679605e-01
4.536459791783661544e+00 -8.534743880847777131e-01
4.549026162398019935e+00 -1.165514606412460852e+00
4.561592533012379214e+00 -1.134475571154301976e+00
4.574158903626738493e+00 -8.682501941379593413e-01
4.586725274241097772e+00 -1.051289734519224028e+00
4.599291644855457051e+00 -1.027973948762897161e+00
4.611858015469816330e+00 -9.709857405155132293e-01
4.624424386084175609e+00 -8.592550571021601025e-01
4.636990756698534888e+00 -7.506916102566814075e-01
4.649557127312894167e+00 -9.188479289797857330e-01
4.662123497927252558e+00 -1.128709216151956074e+00
4.674689868541611837e+00 -9.404158401538147416e-01
4.687256239155971116e+00 -9.893019168758130366e-01
4.699822609770330395e+00 -1.064241122447021626e+00
4.712388980384689674e+00 -8.918371879677233771e-01
4.724955350999048953e+00 -1.068700333139495751e+00
4.737521721613408232e+00 -1.086816905589153004e+00
4.750088092227767511e+00 -9.368352720616536233e-01
4.762654462842126790e+00 -1.083954445928845933e+00
4.775220833456485181e+00 -9.210574118972505442e-01
4.787787204070844460e+00 -1.069361528396182370e+00
4.800353574685203739e+00 -1.062587769375090918e+00
4.812919945299563018e+00 -8.759688770528587520e-01
4.825486315913922297e+00 -9.023446070909446615e-01
4.838052686528281576e+00 -9.427350964713653303e-01
4.850619057142640855e+00 -1.006519812942814784e+00
4.863185427757000134e+00 -1.009510533261982701e+00
4.875751798371359413e+00 -1.047766710564137060e+00
4.888318168985717804e+00 -9.482258851202097771e-01
4.900884539600077083e+00 -8.315312200600180059e-01
4.913450910214436362e+00 -8.471884132553908486e-01
4.926017280828795641e+00 -8.007750554219630335e-01
4.938583651443154920e+00 -1.076187018756453284e+00
4.951150022057514200e+00 -1.028764555531700875e+00
4.963716392671873479e+00 -9.050887217996501644e-01
4.976282763286232758e+00 -1.007848114185340149e+00
4.988849133900592037e+00 -9.791247449588449392e-01
5.001415504514951316e+00 -7.343068756986393941e-01
5.013981875129309707e+00 -8.484244988787441599e-01
5.026548245743668986e+00 -9.751976985568693301e-01
5.039114616358028265e+00 -1.061938998531034795e+00
5.051680986972387544e+00 -1.015118622437916951e+00
5.064247357586746823e+00 -1.043304565437612297e+00
5.076813728201106102e+00 -9.969905986830189804e-01
5.089380098815465381e+00 -1.082823888427861148e+00
5.101946469429824660e+00 -1.034817264911080725e+00
5.114512840044183939e+00 -9.428416910695487374e-01
5.127079210658542330e+00 -8.796730072122572741e-01
5.139645581272901609e+00 -9.738861335277259057e-01
5.152211951887260888e+00 -8.360016656386506373e-01
5.164778322501620167e+00 -1.041845026652437944e+00
5.177344693115979446e+00 -7.550646880599012345e-01
5.189911063730338725e+00 -9.606004647395189888e-01
5.202477434344698004e+00 -8.158345578754564453e-01
5.215043804959057283e+00 -9.233452013006124837e-01
5.227610175573416562e+00 -9.040846392706638479e-01
5.240176546187774953e+00 -8.516850823899947409e-01
5.252742916802134232e+00 -8.663933385417531552e-01
5.265309287416492623e+00 -8.333441519593942637e-01
5.277875658030851902e+00 -7.632698796833168320e-01
5.290442028645211181e+00 -8.161854290546620705e-01
5.303008399259570460e+00 -9.015618799279130346e-01
5.315574769873929739e+00 -9.691898908618437058e-01
5.328141140488289018e+00 -7.323747733994903086e-01
5.340707511102648297e+00 -8.674064051455990798e-01
5.353273881717007576e+00 -8.688146406178353098e-01
5.365840252331366855e+00 -7.200481457392993168e-01
5.378406622945726134e+00 -9.488795840626412792e-01
5.390972993560084525e+00 -8.411799142725147060e-01
5.403539364174443804e+00 -7.870665790738766709e-01
5.416105734788803083e+00 -7.969309486113694829e-01
5.428672105403162362e+00 -9.124162343363279026e-01
5.441238476017521641e+00 -7.219647628649229487e-01
5.453804846631880920e+00 -6.722061124210471084e-01
5.466371217246240199e+00 -6.993237611800313669e-01
5.478937587860599479e+00 -6.463308607785438475e-01
5.491503958474958758e+00 -8.632782953685624872e-01
5.504070329089317148e+00 -6.521642944164857125e-01
5.516636699703676427e+00 -5.755910256935443670e-01
5.529203070318035707e+00 -7.667606637510402390e-01
5.541769440932394986e+00 -5.424558101436642854e-01
5.554335811546754265e+00 -7.543198494969519663e-01
5.566902182161113544e+00 -6.510524809182318684e-01
5.579468552775472823e+00 -6.104134679186933310e-01
5.592034923389832102e+00 -7.777921144880937110e-01
5.604601294004191381e+00 -7.667182731633286341e-01
5.617167664618549772e+00 -3.661915585215546609e-01
5.629734035232909051e+00 -5.551201359623274545e-01
5.642300405847268330e+00 -6.797036252106911647e-01
5.654866776461627609e+00 -6.826286845347147025e-01
5.667433147075986888e+00 -3.838812791834819160e-01
5.679999517690346167e+00 -4.076440510480193735e-01
5.692565888304705446e+00 -5.832973978940098059e-01
5.705132258919064725e+00 -5.420613534090429342e-01
5.717698629533424004e+00 -7.887570456005315034e-01
5.730265000147783283e+00 -5.043065777976373232e-01
5.742831370762141674e+00 -4.256961868858611386e-01
5.755397741376500953e+00 -6.310175564101575540e-01
5.767964111990860232e+00 -3.839983431804894765e-01
5.780530482605219511e+00 -5.909137833661401995e-01
5.793096853219578790e+00 -3.964335455272807729e-01
5.805663223833938069e+00 -3.058207228474992823e-01
5.818229594448297348e+00 -4.619750010987254130e-01
5.830795965062656627e+00 -4.723679939127319316e-01
5.843362335677015906e+00 -3.123558675347825053e-01
5.855928706291374297e+00 -5.937328426285287675e-01
5.868495076905733576e+00 -3.115739899479325614e-01
5.881061447520092855e+00 -3.768723465151925800e-01
5.893627818134452134e+00 -2.885771348120239055e-01
5.906194188748811413e+00 -3.059815481122257763e-01
5.918760559363170692e+00 -4.947891374639723505e-01
5.931326929977529971e+00 -2.540065166511846773e-01
5.943893300591889250e+00 -4.731588602700028678e-01
5.956459671206248530e+00 -2.978000469751057033e-01
5.969026041820606920e+00 -4.164755883614368326e-01
5.981592412434966199e+00 -2.806974800557240357e-01
5.994158783049325478e+00 -2.392742200086653281e-01
6.006725153663684758e+00 -1.734968359133979288e-01
6.019291524278044037e+00 -1.538291055239376648e-01
6.031857894892402427e+00 -5.262197798281098571e-02
6.044424265506761706e+00 -2.239400653239361494e-01
6.056990636121120986e+00 -3.578526785270457200e-01
6.069557006735480265e+00 -1.325707751970150450e-01
6.082123377349839544e+00 -2.470292607522418527e-01
6.094689747964198823e+00 -1.717368803030297764e-01
6.107256118578558102e+00 -3.927362160691432180e-01
6.119822489192916493e+00 -1.745659125778861176e-01
6.132388859807275772e+00 -2.641270627580648567e-01
6.144955230421635051e+00 -2.481236018893480388e-01
6.157521601035994330e+00 -2.804737158403060038e-01
6.170087971650353609e+00 -1.107065874647900211e-01
6.182654342264712888e+00 -6.658960014117068504e-02
6.195220712879072167e+00 -1.185355932833684067e-01
6.207787083493431446e+00 -1.800571357470573675e-01
6.220353454107790725e+00 -9.890018295833183370e-02
6.232919824722149116e+00 -1.362937857098303063e-01
6.245486195336508395e+00 -9.176790404657322875e-02
6.258052565950867674e+00 -5.412408276020214126e-03
6.270618936565226953e+00 5.299456277560148088e-02
