0.000000000000000000e+00 -7.211690588791823397e-02
1.256637061435917323e-02 1.144034156260747281e-01
2.513274122871834645e-02 -3.010274149046165623e-02
3.769911184307751795e-02 4.648065784929506644e-02
5.026548245743669291e-02 -3.157900814827531433e-02
6.283185307179586787e-02 8.740000912046200221e-02
7.539822368615503589e-02 3.517866137803189741e-02
8.796459430051420392e-02 3.797801845926622732e-01
1.005309649148733858e-01 1.875479342338913780e-01
1.130973355292325677e-01 2.135796042676056661e-01
1.256637061435917357e-01 8.359418499187315499e-02
1.382300767579508760e-01 2.906847364440989234e-01
1.507964473723100718e-01 1.249756048843590484e-01
1.633628179866692676e-01 2.372457480528595841e-01
1.759291886010284078e-01 1.787747729851137113e-01
1.884955592153875759e-01 3.050829383127573458e-01
2.010619298297467716e-01 2.182717405878097372e-01
2.136283004441059397e-01 2.110405878201963570e-01
2.261946710584651354e-01 1.913237403137996728e-01
2.387610416728242757e-01 1.988483424418998058e-01
2.513274122871834715e-01 4.207789752035400177e-01
2.638937829015426395e-01 2.764868845194541347e-01
2.764601535159017520e-01 4.080751954078513655e-01
2.890265241302609756e-01 3.403678509844204059e-01
3.015928947446201436e-01 3.485013133344773695e-01
3.141592653589793116e-01 1.656691815259082046e-01
3.267256359733385351e-01 4.867999883063244826e-01
3.392920065876976476e-01 3.346767518679728548e-01
3.518583772020568157e-01 1.476674520342593777e-01
3.644247478164160392e-01 4.411622345243598198e-01
3.769911184307751517e-01 2.881075549976138683e-01
3.895574890451343197e-01 1.856014161541168495e-01
4.021238596594935433e-01 3.198223704302928794e-01
4.146902302738527113e-01 5.469552770367349659e-01
4.272566008882118793e-01 2.674782283095546997e-01
4.398229715025711029e-01 3.826382726517885691e-01
4.523893421169302709e-01 4.892336548487527526e-01
4.649557127312893834e-01 7.100664051173641855e-01
4.775220833456485514e-01 2.614727593411499962e-01
4.900884539600077194e-01 3.093791244499979332e-01
5.026548245743669430e-01 4.825388089129149516e-01
5.152211951887261110e-01 4.320121806826557331e-01
5.277875658030852790e-01 4.616110111543675343e-01
5.403539364174444470e-01 4.291996882238654498e-01
5.529203070318035040e-01 3.760410617881859707e-01
5.654866776461627831e-01 6.766405883898828355e-01
5.780530482605219511e-01 5.939396599835208290e-01
5.906194188748811191e-01 5.095779034524848816e-01
6.031857894892402872e-01 5.433677975371039581e-01
6.157521601035994552e-01 7.846725793252558034e-01
6.283185307179586232e-01 5.872684250701059039e-01
6.408849013323177912e-01 5.352318227522300242e-01
6.534512719466770703e-01 7.173125145512386780e-01
6.660176425610361273e-01 6.014065345287595843e-01
6.785840131753952953e-01 6.623341277005796446e-01
6.911503837897544633e-01 4.410392080813361204e-01
7.037167544041136313e-01 6.082776635440468871e-01
7.162831250184729104e-01 7.227512037723953231e-01
7.288494956328320784e-01 6.626357826680312479e-01
7.414158662471912464e-01 6.293991138437567967e-01
7.539822368615503034e-01 6.662907790391967566e-01
7.665486074759094715e-01 6.385899614820226278e-01
7.791149780902686395e-01 9.243222883950162894e-01
7.916813487046279185e-01 7.971537590539011786e-01
8.042477193189870865e-01 8.037222354852378015e-01
8.168140899333462546e-01 8.136447391894591208e-01
8.293804605477054226e-01 7.275589337324301908e-01
8.419468311620645906e-01 8.068310084868249854e-01
8.545132017764237586e-01 6.597858163036632861e-01
8.670795723907829267e-01 8.455348976840078024e-01
8.796459430051422057e-01 6.887365410132797461e-01
8.922123136195013737e-01 7.355107921928074610e-01
9.047786842338605418e-01 8.019489091262277380e-01
9.173450548482194877e-01 8.097808347887838210e-01
9.299114254625787668e-01 9.109802835402730503e-01
9.424777960769379348e-01 7.357619529844992012e-01
9.550441666912971028e-01 9.278219208662845663e-01
9.676105373056562708e-01 9.376053732996422196e-01
9.801769079200154389e-01 7.727139866578225380e-01
9.927432785343746069e-01 8.352751627200853957e-01
1.005309649148733886e+00 7.645164587843774617e-01
1.017876019763092943e+00 8.262190131158408946e-01
1.030442390377452222e+00 9.425550676793752469e-01
1.043008760991811279e+00 9.102524761069243908e-01
1.055575131606170558e+00 8.197968528095630480e-01
1.068141502220529837e+00 8.356840517128893975e-01
1.080707872834888894e+00 7.375494347924521632e-01
1.093274243449248173e+00 8.554667140671690095e-01
1.105840614063607008e+00 8.243861569232555642e-01
1.118406984677966287e+00 1.028050733964339880e+00
1.130973355292325566e+00 8.720185730138584335e-01
1.143539725906684623e+00 8.405497351567277065e-01
1.156106096521043902e+00 9.605301646667956383e-01
1.168672467135402959e+00 9.066308348109849424e-01
1.181238837749762238e+00 9.279723802677224409e-01
1.193805208364121295e+00 9.707593035502040113e-01
1.206371578978480574e+00 9.448536990413117787e-01
1.218937949592839853e+00 7.957167190937779466e-01
1.231504320207198910e+00 8.440243036111223507e-01
1.244070690821558189e+00 7.441877591934172864e-01
1.256637061435917246e+00 1.035602921222591455e+00
1.269203432050276525e+00 9.250548651640411180e-01
1.281769802664635582e+00 1.051153634071171572e+00
1.294336173278994861e+00 1.045129386326328680e+00
1.306902543893354141e+00 9.274657918346504992e-01
1.319468914507712975e+00 8.867525402565835657e-01
1.332035285122072255e+00 9.395714972888845606e-01
1.344601655736431534e+00 9.368382739911311763e-01
1.357168026350790591e+00 1.018386563634493536e+00
1.369734396965149870e+00 9.682430273682879340e-01
1.382300767579508927e+00 9.312265897850682261e-01
1.394867138193868206e+00 9.379431803899103137e-01
1.407433508808227263e+00 7.673015128084184067e-01
1.419999879422586542e+00 1.099240074118686739e+00
1.432566250036945821e+00 1.074913484177159040e+00
1.445132620651304878e+00 1.005839711179972396e+00
1.457698991265664157e+00 8.270768792213087917e-01
1.470265361880023214e+00 1.033255071412109372e+00
1.482831732494382493e+00 1.140443167667110513e+00
1.495398103108741550e+00 1.057794581358409536e+00
1.507964473723100607e+00 9.690574679107640810e-01
1.520530844337459886e+00 9.468451035331345578e-01
1.533097214951818943e+00 1.012901198770078004e+00
1.545663585566178222e+00 9.374203617002259126e-01
1.558229956180537279e+00 1.147055404314315519e+00
1.570796326794896558e+00 1.021344070243676239e+00
1.583362697409255837e+00 1.081854286216235916e+00
1.595929068023614894e+00 9.254303146382077960e-01
1.608495438637974173e+00 1.115390552774891297e+00
1.621061809252333230e+00 8.451869185924427708e-01
1.633628179866692509e+00 9.449890522032569073e-01
1.646194550481051566e+00 8.663274237452197601e-01
1.658760921095410845e+00 1.000223499055629794e+00
1.671327291709770124e+00 1.094386749563498240e+00
1.683893662324129181e+00 9.400956319805732209e-01
1.696460032938488460e+00 9.723607203533286558e-01
1.709026403552847517e+00 1.002912740814695836e+00
1.721592774167206796e+00 1.094583684603850360e+00
1.734159144781565853e+00 9.747864897611149271e-01
1.746725515395925132e+00 8.253402128428688478e-01
1.759291886010284411e+00 9.864839845968582654e-01
1.771858256624643468e+00 9.659969642599582906e-01
1.784424627239002747e+00 1.031342063465429781e+00
1.796990997853361804e+00 1.012848378977418529e+00
1.809557368467721084e+00 9.824756867522939086e-01
1.822123739082079918e+00 9.625187156087637863e-01
1.834690109696438975e+00 7.854056009727163890e-01
1.847256480310798255e+00 1.063793811709743409e+00
1.859822850925157534e+00 9.206274502593557729e-01
1.872389221539516591e+00 9.104406019410302697e-01
1.884955592153875870e+00 9.186505621587768289e-01
1.897521962768234927e+00 9.057798931320057978e-01
1.910088333382594206e+00 1.025243339155843980e+00
1.922654703996953263e+00 9.359923469361595139e-01
1.935221074611312542e+00 9.547967677085767990e-01
1.947787445225671821e+00 8.001173391595254314e-01
1.960353815840030878e+00 9.057895586271216271e-01
1.972920186454390157e+00 8.988681015651345252e-01
1.985486557068749214e+00 9.864162898000232715e-01
1.998052927683108493e+00 1.014266327294500059e+00
2.010619298297467772e+00 7.555624086181036425e-01
2.023185668911826607e+00 7.115712271669826228e-01
2.035752039526185886e+00 1.006671185616768271e+00
2.048318410140545165e+00 7.010262964832051358e-01
2.060884780754904444e+00 8.834315148719577016e-01
2.073451151369263723e+00 8.740293238276071186e-01
2.086017521983622558e+00 8.981735966002235561e-01
2.098583892597981837e+00 8.902285835990518814e-01
2.111150263212341116e+00 8.361229450325343704e-01
2.123716633826700395e+00 1.083578414178490101e+00
2.136283004441059674e+00 1.110370164971147711e+00
2.148849375055418509e+00 9.553759210331884688e-01
2.161415745669777788e+00 8.964524786918818267e-01
2.173982116284137067e+00 7.974356492483462011e-01
2.186548486898496346e+00 8.191641086600102151e-01
2.199114857512855181e+00 8.847381222940494672e-01
2.211681228127214016e+00 9.883697787458276540e-01
2.224247598741573295e+00 7.907515737953741963e-01
2.236813969355932574e+00 7.003828761558810179e-01
2.249380339970291853e+00 8.561808608535175225e-01
2.261946710584651132e+00 8.275294993062817239e-01
2.274513081199009967e+00 7.707334039098854284e-01
2.287079451813369246e+00 7.320488941700795671e-01
2.299645822427728525e+00 6.155726638318057553e-01
2.312212193042087804e+00 9.659274822960740581e-01
2.324778563656447083e+00 7.699898142053396288e-01
2.337344934270805918e+00 7.134364596310904805e-01
2.349911304885165197e+00 7.825810025936038583e-01
2.362477675499524477e+00 8.138821365500723548e-01
2.375044046113883756e+00 7.611467071757876957e-01
2.387610416728242591e+00 7.906757428754587202e-01
2.400176787342601870e+00 6.139927088442399539e-01
2.412743157956961149e+00 6.850102840703609086e-01
2.425309528571320428e+00 6.081635550716089078e-01
2.437875899185679707e+00 6.915055841025258276e-01
2.450442269800038542e+00 4.846305628763899476e-01
2.463008640414397821e+00 5.699830690537046607e-01
2.475575011028757100e+00 6.530625811376495893e-01
2.488141381643116379e+00 4.858953840404929281e-01
2.500707752257475658e+00 5.454746253744103823e-01
2.513274122871834493e+00 7.213211760802769046e-01
2.525840493486193772e+00 6.427087508218232159e-01
2.538406864100553051e+00 6.040814083983085947e-01
2.550973234714912330e+00 5.839422294056624274e-01
2.563539605329271165e+00 6.442049191866091595e-01
2.576105975943630444e+00 6.260365323907671753e-01
2.588672346557989723e+00 5.996058178419497731e-01
2.601238717172349002e+00 7.088522409227501209e-01
2.613805087786708281e+00 5.257607843142871884e-01
2.626371458401067116e+00 5.348828610634157599e-01
2.638937829015425951e+00 4.621146927437858598e-01
2.651504199629785230e+00 4.166603010777386595e-01
2.664070570244144509e+00 5.023313248552239152e-01
2.676636940858503788e+00 3.311873888289126322e-01
2.689203311472863067e+00 4.363338750954157685e-01
2.701769682087221902e+00 4.865163369204057453e-01
2.714336052701581181e+00 3.991919513197371705e-01
2.726902423315940460e+00 5.348181162815834888e-01
2.739468793930299739e+00 4.223052054452332005e-01
2.752035164544658574e+00 3.487608821847814067e-01
2.764601535159017853e+00 3.075635506721319801e-01
2.777167905773377132e+00 2.277256665998931007e-01
2.789734276387736411e+00 5.121687913451552499e-01
2.802300647002095690e+00 3.309132689350384182e-01
2.814867017616454525e+00 3.862506798965462673e-01
2.827433388230813804e+00 2.180293579138561921e-01
2.839999758845173083e+00 3.773634832557786201e-01
2.852566129459532362e+00 5.322483909520819845e-02
2.865132500073891642e+00 2.915379074308488416e-01
2.877698870688250476e+00 3.428663308808674870e-01
2.890265241302609756e+00 1.900016637217255555e-01
2.902831611916969035e+00 2.287316131381923745e-01
2.915397982531328314e+00 3.546188679220388940e-01
2.927964353145687149e+00 2.597698027046563829e-01
2.940530723760046428e+00 2.658201325560495265e-01
2.953097094374405707e+00 1.487404231471808336e-01
2.965663464988764986e+00 2.897793816275894829e-01
2.978229835603124265e+00 1.842936131246853404e-01
2.990796206217483100e+00 2.512726823129677878e-01
3.003362576831842379e+00 1.231638037696240612e-01
3.015928947446201214e+00 5.290841822264150118e-02
3.028495318060560493e+00 7.380052145790805262e-02
3.041061688674919772e+00 2.574056223611642658e-01
3.053628059289279051e+00 1.251095428760969075e-01
3.066194429903637886e+00 5.467301134314982158e-02
3.078760800517997165e+00 3.344982201315727099e-02
3.091327171132356444e+00 9.583289724086818673e-02
3.103893541746715723e+00 -4.914825785311114498e-02
3.116459912361074558e+00 -6.351413226763526210e-02
3.129026282975433837e+00 -6.785991116519438093e-02
3.141592653589793116e+00 -3.010212167180554080e-02
3.154159024204152395e+00 5.094400041663933384e-03
3.166725394818511674e+00 -8.635483944447232274e-02
3.179291765432870509e+00 3.000724359792451834e-02
3.191858136047229788e+00 1.037477370526656700e-01
3.204424506661589067e+00 2.406162558784224470e-01
3.216990877275948346e+00 3.983907344220662117e-02
3.229557247890307181e+00 -6.776833687105762727e-02
3.242123618504666460e+00 -7.532840248309120856e-02
3.254689989119025739e+00 -1.211834868821737993e-01
3.267256359733385018e+00 -9.323894380070539556e-02
3.279822730347744297e+00 -1.527106941089345638e-02
3.292389100962103132e+00 -2.708544560075890062e-02
3.304955471576462411e+00 -1.328667631928618087e-01
3.317521842190821690e+00 -1.544112257961829382e-01
3.330088212805180969e+00 -2.036646391771999021e-01
3.342654583419540248e+00 -1.293916961966973256e-01
3.355220954033899083e+00 -1.624637728058212216e-01
3.367787324648258362e+00 -2.140108694498423225e-01
3.380353695262617642e+00 -2.028389438092288721e-01
3.392920065876976921e+00 -8.368288557887251788e-02
3.405486436491335756e+00 -3.250763223861121154e-01
3.418052807105695035e+00 -2.959262153865735434e-01
3.430619177720054314e+00 -3.447808679451297431e-01
3.443185548334413593e+00 -2.861245403620903405e-01
3.455751918948772872e+00 -3.239998864721523875e-01
3.468318289563131707e+00 -4.037845127065259332e-01
3.480884660177490986e+00 -3.195768858200013773e-01
3.493451030791850265e+00 -3.315603703780162781e-01
3.506017401406209544e+00 -3.595030963301434901e-01
3.518583772020568823e+00 -3.142074613158611363e-01
3.531150142634927658e+00 -4.145499639202169240e-01
3.543716513249286937e+00 -4.356165846282549770e-01
3.556282883863646216e+00 -4.344569942689682773e-01
3.568849254478005495e+00 -2.549475720312085469e-01
3.581415625092364330e+00 -5.140071034500343083e-01
3.593981995706723609e+00 -4.335578659774687038e-01
3.606548366321082888e+00 -3.274546431044341732e-01
3.619114736935442167e+00 -3.078273390951511979e-01
3.631681107549800558e+00 -6.286964498128633227e-01
3.644247478164159837e+00 -5.417660792721854524e-01
3.656813848778519116e+00 -5.042820935358895973e-01
3.669380219392877951e+00 -6.410831480972893903e-01
3.681946590007237230e+00 -3.663242025099464616e-01
3.694512960621596509e+00 -4.873683439602496392e-01
3.707079331235955788e+00 -6.878604212695308417e-01
3.719645701850315067e+00 -5.026492518526826103e-01
3.732212072464673902e+00 -4.744591794467093449e-01
3.744778443079033181e+00 -4.138746852953046895e-01
3.757344813693392460e+00 -7.242016164587025129e-01
3.769911184307751739e+00 -5.922067423754727722e-01
3.782477554922110574e+00 -4.118827854125673982e-01
3.795043925536469853e+00 -5.634339712368758857e-01
3.807610296150829132e+00 -7.553300936418514411e-01
3.820176666765188411e+00 -8.053623966425919045e-01
3.832743037379547690e+00 -4.333559645084050782e-01
3.845309407993906525e+00 -6.090049107548961560e-01
3.857875778608265804e+00 -6.580250202859351250e-01
3.870442149222625083e+00 -5.793523295325888611e-01
3.883008519836984362e+00 -7.611765619071546585e-01
3.895574890451343641e+00 -6.740411463359762267e-01
3.908141261065702476e+00 -9.526895979348859456e-01
3.920707631680061755e+00 -6.346878542538083590e-01
3.933274002294421035e+00 -6.256949668664704145e-01
3.945840372908780314e+00 -7.551422697604259771e-01
3.958406743523139149e+00 -8.764287487205926208e-01
3.970973114137498428e+00 -7.224734279424025463e-01
3.983539484751857707e+00 -6.781521327708968094e-01
3.996105855366216986e+00 -7.344854173275885412e-01
4.008672225980576265e+00 -7.832247919137994563e-01
4.021238596594935544e+00 -7.807945912257437948e-01
4.033804967209294823e+00 -8.025089928178907872e-01
4.046371337823653214e+00 -9.620793935977053346e-01
4.058937708438012493e+00 -9.898218541257783887e-01
4.071504079052371772e+00 -1.009014254058259397e+00
4.084070449666731051e+00 -8.834743868098868802e-01
4.096636820281090330e+00 -8.106930494157658096e-01
4.109203190895449609e+00 -8.950853181044404749e-01
4.121769561509808888e+00 -7.991020757623039650e-01
4.134335932124168167e+00 -7.591694929911766421e-01
4.146902302738527446e+00 -8.653869647746740279e-01
4.159468673352886725e+00 -9.508761412990394124e-01
4.172035043967245116e+00 -8.576420815308096746e-01
4.184601414581604395e+00 -9.730186485271554719e-01
4.197167785195963674e+00 -7.855185881187289887e-01
4.209734155810322953e+00 -8.160046174327508783e-01
4.222300526424682232e+00 -8.608181140587851665e-01
4.234866897039041511e+00 -9.882072490412268095e-01
4.247433267653400790e+00 -9.257646175055869175e-01
4.259999638267760069e+00 -7.331545232564209424e-01
4.272566008882119348e+00 -9.042236714840927725e-01
4.285132379496477739e+00 -9.133478922289237634e-01
4.297698750110837018e+00 -1.085968502310191042e+00
4.310265120725196297e+00 -9.382526619754956165e-01
4.322831491339555576e+00 -8.197246973735405895e-01
4.335397861953914855e+00 -8.247377876668835484e-01
4.347964232568274134e+00 -8.836434540827140527e-01
4.360530603182633413e+00 -9.987444454579031961e-01
4.373096973796992692e+00 -1.000121753143883740e+00
4.385663344411351972e+00 -9.930475609081940158e-01
4.398229715025710362e+00 -9.634655809769355761e-01
4.410796085640069641e+00 -1.030130362337018379e+00
4.423362456254428032e+00 -1.037903183541051932e+00
4.435928826868787311e+00 -8.395152630981226327e-01
4.448495197483146590e+00 -1.063769523937104111e+00
4.461061568097505869e+00 -9.467077583711035471e-01
4.473627938711865148e+00 -1.139445275659200396e+00
4.486194309326224428e+00 -7.400474554745999356e-01
4.498760679940583707e+00 -9.448217101235635296e-01
4.511327050554942986e+00 -9.674903961917716844e-01
4.523893421169302265e+00 -9.381800600997111106e-01
4.536459791783661544e+00 -9.052176549707225961e-01
4.549026162398019935e+00 -1.061104097406807778e+00
4.561592533012379214e+00 -1.027123695633111344e+00
4.574158903626738493e+00 -1.008716936171619949e+00
4.586725274241097772e+00 -9.559579588370126224e-01
4.599291644855457051e+00 -9.823576765075384687e-01
4.611858015469816330e+00 -1.156505865542135414e+00
4.624424386084175609e+00 -9.700678890653789965e-01
4.636990756698534888e+00 -9.986662635932380683e-01
4.649557127312894167e+00 -9.528669070066752012e-01
4.662123497927252558e+00 -1.073891761436613912e+00
4.674689868541611837e+00 -1.061068856723774712e+00
4.687256239155971116e+00 -9.616103214634956764e-01
4.699822609770330395e+00 -1.087702084814446746e+00
4.712388980384689674e+00 -9.706368430642192680e-01
4.724955350999048953e+00 -1.054088678481533092e+00
4.737521721613408232e+00 -1.093691774303380271e+00
4.750088092227767511e+00 -1.017451276537099769e+00
4.762654462842126790e+00 -1.033699283719467399e+00
4.775220833456485181e+00 -1.026884249047345099e+00
4.787787204070844460e+00 -9.911578709886392780e-01
4.800353574685203739e+00 -9.852149458492558409e-01
4.812919945299563018e+00 -8.480759297301700972e-01
4.825486315913922297e+00 -9.344211876984205301e-01
4.838052686528281576e+00 -9.698178330471004527e-01
4.850619057142640855e+00 -9.686701511655092522e-01
4.863185427757000134e+00 -1.108744006173404850e+00
4.875751798371359413e+00 -8.370247772787896556e-01
4.888318168985717804e+00 -7.684474168283643714e-01
4.900884539600077083e+00 -9.631480226568053249e-01
4.913450910214436362e+00 -1.202858133845993827e+00
4.926017280828795641e+00 -9.621815567494036436e-01
4.938583651443154920e+00 -8.945439099825857054e-01
4.951150022057514200e+00 -9.379460846047485978e-01
4.963716392671873479e+00 -9.401558737520407938e-01
4.976282763286232758e+00 -1.093889830784265271e+00
4.988849133900592037e+00 -1.259750122963870567e+00
5.001415504514951316e+00 -1.080897843784569323e+00
5.013981875129309707e+00 -9.960152418368597438e-01
5.026548245743668986e+00 -1.026279397874804156e+00
5.039114616358028265e+00 -9.820727628019616517e-01
5.051680986972387544e+00 -8.459314830297831600e-01
5.064247357586746823e+00 -9.993296265917828158e-01
5.076813728201106102e+00 -9.535587882830161011e-01
5.089380098815465381e+00 -9.762496065160757297e-01
5.101946469429824660e+00 -8.821764814445322012e-01
5.114512840044183939e+00 -9.393705082602670231e-01
5.127079210658542330e+00 -9.409740678027928018e-01
5.139645581272901609e+00 -9.207563378481296024e-01
5.152211951887260888e+00 -8.310639072413864570e-01
5.164778322501620167e+00 -8.385340170472839194e-01
5.177344693115979446e+00 -7.284667839856492355e-01
5.189911063730338725e+00 -8.364011599200783520e-01
5.202477434344698004e+00 -6.537391907420659898e-01
5.215043804959057283e+00 -9.865485769715895970e-01
5.227610175573416562e+00 -8.812932125746740786e-01
5.240176546187774953e+00 -8.614988776002161508e-01
5.252742916802134232e+00 -8.805519538972799154e-01
5.265309287416492623e+00 -8.944974079855182447e-01
5.277875658030851902e+00 -6.482117902325708059e-01
5.290442028645211181e+00 -6.439757227847794363e-01
5.303008399259570460e+00 -5.368251911561042755e-01
5.315574769873929739e+00 -8.280585795321506737e-01
5.328141140488289018e+00 -6.069222119414542371e-01
5.340707511102648297e+00 -7.716243049965562095e-01
5.353273881717007576e+00 -6.563255093495723447e-01
5.365840252331366855e+00 -7.656366073880227496e-01
5.378406622945726134e+00 -7.976914526314967668e-01
5.390972993560084525e+00 -7.739353512032695059e-01
5.403539364174443804e+00 -8.726744929415084506e-01
5.416105734788803083e+00 -7.569063446123194261e-01
5.428672105403162362e+00 -8.097370419448135515e-01
5.441238476017521641e+00 -7.925354882881944230e-01
5.453804846631880920e+00 -8.033017323939672938e-01
5.466371217246240199e+00 -6.186381205048114840e-01
5.478937587860599479e+00 -7.058543251384499229e-01
5.491503958474958758e+00 -9.839528098473839801e-01
5.504070329089317148e+00 -7.862253059382835474e-01
5.516636699703676427e+00 -7.104114415953154404e-01
5.529203070318035707e+00 -5.982713817596237993e-01
5.541769440932394986e+00 -5.898984561706535068e-01
5.554335811546754265e+00 -7.080474718288118918e-01
5.566902182161113544e+00 -6.253516465881526765e-01
5.579468552775472823e+00 -5.306340886834288728e-01
5.592034923389832102e+00 -7.054631794279466739e-01
5.604601294004191381e+00 -5.196877455075432639e-01
5.617167664618549772e+00 -6.084993245642495996e-01
5.629734035232909051e+00 -4.697164345755484582e-01
5.642300405847268330e+00 -7.004902001236856801e-01
5.654866776461627609e+00 -5.659235724606653806e-01
5.667433147075986888e+00 -7.471095782182086698e-01
5.679999517690346167e+00 -4.833748043269208150e-01
5.692565888304705446e+00 -6.237130530620781377e-01
5.705132258919064725e+00 -1.812413380676319297e-01
5.717698629533424004e+00 -6.135533127680529164e-01
5.730265000147783283e+00 -5.105058674425024812e-01
5.742831370762141674e+00 -5.146796794068392300e-01
5.755397741376500953e+00 -3.931594116704864028e-01
5.767964111990860232e+00 -5.054728342736638513e-01
5.780530482605219511e+00 -6.142526634466952684e-01
5.793096853219578790e+00 -4.948480752889048429e-01
5.805663223833938069e+00 -4.706184002039246472e-01
5.818229594448297348e+00 -5.186666640563979414e-01
5.830795965062656627e+00 -1.729980478810997369e-01
5.843362335677015906e+00 -3.576219586670710271e-01
5.855928706291374297e+00 -3.793707202469564499e-01
5.868495076905733576e+00 -5.069696274665843605e-01
5.881061447520092855e+00 -2.473229471067768248e-01
5.893627818134452134e+00 -5.581128910307615598e-01
5.906194188748811413e+00 -2.441370242994237438e-01
5.918760559363170692e+00 -3.794533061277023944e-01
5.931326929977529971e+00 -3.190605085751783143e-01
5.943893300591889250e+00 -3.992551660103909050e-01
5.956459671206248530e+00 -3.684643134204355630e-01
5.969026041820606920e+00 -1.419338681868628771e-01
5.981592412434966199e+00 -3.221516691100538288e-01
5.994158783049325478e+00 -1.674663479266189636e-01
6.006725153663684758e+00 -2.196413614925389890e-01
6.019291524278044037e+00 -4.272239065621972753e-01
6.031857894892402427e+00 -3.733737567786832301e-01
6.044424265506761706e+00 -4.349685055235327225e-01
6.056990636121120986e+00 -1.998967506281499606e-01
6.069557006735480265e+00 -4.319361665427606245e-01
6.082123377349839544e+00 -1.168255355411000340e-01
6.094689747964198823e+00 -2.717382197845744640e-01
6.107256118578558102e+00 2.531415332892417158e-03
6.119822489192916493e+00 -1.215047578537303274e-01
6.132388859807275772e+00 -1.309818329264654246e-01
6.144955230421635051e+00 -2.403285039801124623e-01
6.157521601035994330e+00 -2.292254832749844595e-01
6.170087971650353609e+00 -1.794698378508373104e-01
6.182654342264712888e+00 -1.146980206075894904e-01
6.195220712879072167e+00 -1.260989956158304615e-01
6.207787083493431446e+00 -1.422912882976878346e-01
6.220353454107790725e+00 -8.479582489127093781e-02
6.232919824722149116e+00 -2.520119025169217930e-01
6.245486195336508395e+00 -2.514935211654802383e-01
6.258052565950867674e+00 4.887840647804464478e-02
6.270618936565226953e+00 -2.742730148551763419e-02
