0.000000000000000000e+00 8.154068425847184332e-02
1.256637061435917323e-02 -4.815999922492844587e-02
2.513274122871834645e-02 1.027769249580085115e-01
3.769911184307751795e-02 -6.882098397064666251e-02
5.026548245743669291e-02 2.219346705061818747e-01
6.283185307179586787e-02 1.139246069725919908e-01
7.539822368615503589e-02 4.865134958708833279e-02
8.796459430051420392e-02 2.499007720500037721e-02
1.005309649148733858e-01 1.038136727222522954e-01
1.130973355292325677e-01 1.262115923807602125e-01
1.256637061435917357e-01 1.054352228446485684e-01
1.382300767579508760e-01 2.342484689557577104e-01
1.507964473723100718e-01 1.722083339768901156e-02
1.633628179866692676e-01 2.153018012566055295e-01
1.759291886010284078e-01 6.213063599665058501e-03
1.884955592153875759e-01 8.049600112739138669e-02
2.010619298297467716e-01 2.382166357486099617e-01
2.136283004441059397e-01 3.349536773760082853e-01
2.261946710584651354e-01 -3.473654571727530227e-02
2.387610416728242757e-01 2.599035792080433005e-01
2.513274122871834715e-01 4.444900102822928467e-01
2.638937829015426395e-01 6.484212341612363706e-02
2.764601535159017520e-01 3.241388187205623272e-01
2.890265241302609756e-01 5.292500012654172137e-01
3.015928947446201436e-01 2.130336274914318151e-01
3.141592653589793116e-01 3.083725694819310359e-01
3.267256359733385351e-01 1.983189383548397688e-01
3.392920065876976476e-01 2.443003052325069535e-01
3.518583772020568157e-01 5.889347347543002487e-01
3.644247478164160392e-01 3.700050537521541449e-01
3.769911184307751517e-01 4.296379979538260119e-01
3.895574890451343197e-01 3.396368853882097416e-01
4.021238596594935433e-01 3.548904684549434307e-01
4.146902302738527113e-01 4.446203606163806610e-01
4.272566008882118793e-01 3.694351288531124711e-01
4.398229715025711029e-01 4.329292792300539761e-01
4.523893421169302709e-01 3.153544664332850744e-01
4.649557127312893834e-01 5.026317219716820439e-01
4.775220833456485514e-01 5.146686616625874011e-01
4.900884539600077194e-01 4.009242046248642222e-01
5.026548245743669430e-01 4.801472582225246311e-01
5.152211951887261110e-01 6.042617215182916057e-01
5.277875658030852790e-01 6.116042066994962223e-01
5.403539364174444470e-01 6.976729060092103918e-01
5.529203070318035040e-01 6.227593493170492378e-01
5.654866776461627831e-01 5.452806894977034746e-01
5.780530482605219511e-01 3.491219333627658683e-01
5.906194188748811191e-01 5.515458026249950851e-01
6.031857894892402872e-01 6.622875807548818106e-01
6.157521601035994552e-01 4.909866712559391444e-01
6.283185307179586232e-01 5.621973445719897766e-01
6.408849013323177912e-01 7.156317266810925393e-01
6.534512719466770703e-01 5.915975443383809651e-01
6.660176425610361273e-01 5.311686900689926993e-01
6.785840131753952953e-01 6.293194536715912557e-01
6.911503837897544633e-01 4.945177108138887334e-01
7.037167544041136313e-01 5.715237076951735773e-01
7.162831250184729104e-01 7.278752552187138791e-01
7.288494956328320784e-01 9.054371838523285199e-01
7.414158662471912464e-01 6.411475478080407298e-01
7.539822368615503034e-01 6.902507340535691815e-01
7.665486074759094715e-01 6.602240671485667400e-01
7.791149780902686395e-01 5.553416097256769213e-01
7.916813487046279185e-01 8.857610490265557246e-01
8.042477193189870865e-01 7.838752704882653299e-01
8.168140899333462546e-01 7.147937862460227443e-01
8.293804605477054226e-01 7.509501673437012359e-01
8.419468311620645906e-01 6.666405192236032340e-01
8.545132017764237586e-01 8.828089697288075133e-01
8.670795723907829267e-01 8.387482702245953048e-01
8.796459430051422057e-01 6.129520212507165722e-01
8.922123136195013737e-01 8.425312187472825398e-01
9.047786842338605418e-01 8.743745079197231540e-01
9.173450548482194877e-01 7.321466093640005557e-01
9.299114254625787668e-01 8.021037566063675683e-01
9.424777960769379348e-01 7.952661375901056706e-01
9.550441666912971028e-01 6.174007423285304830e-01
9.676105373056562708e-01 1.004431493658814123e+00
9.801769079200154389e-01 1.008980345990207361e+00
9.927432785343746069e-01 7.395341132208509416e-01
1.005309649148733886e+00 8.517190019225266973e-01
1.017876019763092943e+00 9.279694636414165254e-01
1.030442390377452222e+00 7.232283556862721952e-01
1.043008760991811279e+00 9.918009418888842355e-01
1.055575131606170558e+00 9.127814369408968620e-01
1.068141502220529837e+00 7.852106236850485699e-01
1.080707872834888894e+00 9.505067962850539676e-01
1.093274243449248173e+00 9.458992460421732362e-01
1.105840614063607008e+00 9.101190972954671388e-01
1.118406984677966287e+00 8.079403611567064214e-01
1.130973355292325566e+00 8.139374009544522171e-01
1.143539725906684623e+00 9.214027767742276609e-01
1.156106096521043902e+00 7.608510585035184182e-01
1.168672467135402959e+00 8.194766913538383823e-01
1.181238837749762238e+00 6.934564864985011123e-01
1.193805208364121295e+00 1.010567810946841449e+00
1.206371578978480574e+00 9.363170288450470835e-01
1.218937949592839853e+00 8.323564639330154336e-01
1.231504320207198910e+00 7.125797760956197324e-01
1.244070690821558189e+00 1.024497447868806921e+00
1.256637061435917246e+00 9.286629396767026590e-01
1.269203432050276525e+00 9.291601238673995455e-01
1.281769802664635582e+00 9.360410890068545653e-01
1.294336173278994861e+00 1.138475796441405619e+00
1.306902543893354141e+00 9.435936705567700145e-01
1.319468914507712975e+00 1.085519650199875619e+00
1.332035285122072255e+00 8.234212124793011123e-01
1.344601655736431534e+00 9.002280944490590464e-01
1.357168026350790591e+00 9.396868331190408874e-01
1.369734396965149870e+00 8.522345287630569421e-01
1.382300767579508927e+00 9.135511571622029203e-01
1.394867138193868206e+00 9.148018655384919651e-01
1.407433508808227263e+00 1.087899049105936822e+00
1.419999879422586542e+00 8.393597508698208420e-01
1.432566250036945821e+00 9.509102012751754485e-01
1.445132620651304878e+00 9.766507125971878311e-01
1.457698991265664157e+00 8.258637273100531973e-01
1.470265361880023214e+00 9.695120944783498507e-01
1.482831732494382493e+00 1.146784937471025279e+00
1.495398103108741550e+00 1.091563566706191812e+00
1.507964473723100607e+00 9.896978323554147527e-01
1.520530844337459886e+00 9.765149531684764739e-01
1.533097214951818943e+00 1.079640400464589201e+00
1.545663585566178222e+00 9.503885417238454592e-01
1.558229956180537279e+00 1.033730551126470720e+00
1.570796326794896558e+00 1.221172249250978448e+00
1.583362697409255837e+00 9.884548825349536161e-01
1.595929068023614894e+00 8.981825235468332558e-01
1.608495438637974173e+00 9.306057153339538646e-01
1.621061809252333230e+00 1.051509865993782933e+00
1.633628179866692509e+00 9.047000982455575269e-01
1.646194550481051566e+00 1.087233192583497488e+00
1.658760921095410845e+00 9.932800140145576773e-01
1.671327291709770124e+00 9.889297779314216719e-01
1.683893662324129181e+00 1.078321758324758184e+00
1.696460032938488460e+00 9.430511252500249908e-01
1.709026403552847517e+00 9.572357002139340043e-01
1.721592774167206796e+00 9.183328622207654890e-01
1.734159144781565853e+00 9.348045404055936869e-01
1.746725515395925132e+00 1.032464385231232518e+00
1.759291886010284411e+00 1.050689707199724765e+00
1.771858256624643468e+00 8.661295975925513702e-01
1.784424627239002747e+00 9.671442437968735817e-01
1.796990997853361804e+00 9.371765929614233048e-01
1.809557368467721084e+00 7.162081218191350684e-01
1.822123739082079918e+00 8.830483609726729188e-01
1.834690109696438975e+00 8.120686797179970107e-01
1.847256480310798255e+00 9.455677166196725381e-01
1.859822850925157534e+00 9.670773082461679993e-01
1.872389221539516591e+00 7.757059222330082715e-01
1.884955592153875870e+00 9.473460747047579567e-01
1.897521962768234927e+00 1.079811944897079989e+00
1.910088333382594206e+00 8.225391491650290154e-01
1.922654703996953263e+00 9.786986578890015664e-01
1.935221074611312542e+00 8.137826759518940190e-01
1.947787445225671821e+00 9.574487066629944199e-01
1.960353815840030878e+00 1.047052354199966118e+00
1.972920186454390157e+00 1.075593905440924258e+00
1.985486557068749214e+00 7.231138625589232927e-01
1.998052927683108493e+00 9.648327126635398709e-01
2.010619298297467772e+00 9.797850833787067337e-01
2.023185668911826607e+00 1.133020392159974410e+00
2.035752039526185886e+00 9.767380769689120168e-01
2.048318410140545165e+00 8.268581294300765272e-01
2.060884780754904444e+00 9.725726290517300310e-01
2.073451151369263723e+00 1.048447431426718035e+00
2.086017521983622558e+00 9.432080965100180237e-01
2.098583892597981837e+00 8.162665534212965035e-01
2.111150263212341116e+00 8.756298181985973095e-01
2.123716633826700395e+00 8.114141235672794883e-01
2.136283004441059674e+00 8.297010543214219380e-01
2.148849375055418509e+00 8.169663746353773570e-01
2.161415745669777788e+00 6.883882200637250204e-01
2.173982116284137067e+00 9.122882256120208311e-01
2.186548486898496346e+00 8.570343819650938499e-01
2.199114857512855181e+00 7.713194115847903376e-01
2.211681228127214016e+00 8.849100013142450205e-01
2.224247598741573295e+00 8.207750283387909018e-01
2.236813969355932574e+00 8.241543516437129790e-01
2.249380339970291853e+00 6.907923820756420863e-01
2.261946710584651132e+00 8.628511119097039828e-01
2.274513081199009967e+00 7.277776447868609111e-01
2.287079451813369246e+00 7.460980017230725014e-01
2.299645822427728525e+00 7.272284309385804724e-01
2.312212193042087804e+00 6.442030572808356004e-01
2.324778563656447083e+00 8.314231845349369099e-01
2.337344934270805918e+00 6.442238113805758282e-01
2.349911304885165197e+00 8.107828808361244866e-01
2.362477675499524477e+00 6.622600955638693332e-01
2.375044046113883756e+00 6.714090789082928223e-01
2.387610416728242591e+00 6.729916324675154771e-01
2.400176787342601870e+00 6.406205831681296425e-01
2.412743157956961149e+00 7.155047300505610330e-01
2.425309528571320428e+00 6.498974155888490589e-01
2.437875899185679707e+00 7.361149570515803653e-01
2.450442269800038542e+00 6.356881880150004882e-01
2.463008640414397821e+00 5.698286361193614091e-01
2.475575011028757100e+00 5.765877758510874473e-01
2.488141381643116379e+00 7.499214756236636248e-01
2.500707752257475658e+00 4.708489370059558143e-01
2.513274122871834493e+00 7.095135484525960656e-01
2.525840493486193772e+00 3.962536008855820358e-01
2.538406864100553051e+00 5.553492756019802190e-01
2.550973234714912330e+00 5.352605577349487387e-01
2.563539605329271165e+00 6.187479103620019405e-01
2.576105975943630444e+00 5.623285356627019116e-01
2.588672346557989723e+00 4.899170832616590032e-01
2.601238717172349002e+00 5.786195397992666134e-01
2.613805087786708281e+00 4.792963966892700434e-01
2.626371458401067116e+00 4.924585751759967822e-01
2.638937829015425951e+00 3.877136504332314715e-01
2.651504199629785230e+00 3.996582567503955130e-01
2.664070570244144509e+00 3.780832975581422950e-01
2.676636940858503788e+00 4.756453274799598008e-01
2.689203311472863067e+00 5.083942108855707964e-01
2.701769682087221902e+00 4.178203655890894708e-01
2.714336052701581181e+00 3.360417449893705610e-01
2.726902423315940460e+00 4.544316349431347102e-01
2.739468793930299739e+00 3.717572529559580174e-01
2.752035164544658574e+00 4.288904865883699791e-01
2.764601535159017853e+00 3.475969146448493752e-01
2.777167905773377132e+00 4.074686451717348668e-01
2.789734276387736411e+00 3.925044045137703330e-01
2.802300647002095690e+00 3.896342661567124277e-01
2.814867017616454525e+00 2.885717160323244546e-01
2.827433388230813804e+00 3.070890791945556364e-01
2.839999758845173083e+00 1.574743260973921755e-01
2.852566129459532362e+00 2.526251606862951471e-01
2.865132500073891642e+00 1.889917298917811461e-01
2.877698870688250476e+00 9.019428072875010360e-02
2.890265241302609756e+00 8.719474887847836198e-02
2.902831611916969035e+00 2.961707886438607606e-01
2.915397982531328314e+00 1.818813053367816790e-01
2.927964353145687149e+00 1.627201665041424494e-01
2.940530723760046428e+00 1.787378412235753611e-01
2.953097094374405707e+00 2.610657838486646343e-01
2.965663464988764986e+00 1.309010947046687634e-01
2.978229835603124265e+00 1.993066378475932543e-01
2.990796206217483100e+00 -3.416820553852939479e-02
3.003362576831842379e+00 1.695565709542397603e-01
3.015928947446201214e+00 1.351216820029821075e-01
3.028495318060560493e+00 1.038477383847792174e-01
3.041061688674919772e+00 1.814356249529208154e-01
3.053628059289279051e+00 1.718330304104775386e-01
3.066194429903637886e+00 2.044098222294332134e-01
3.078760800517997165e+00 1.444129543670769067e-01
3.091327171132356444e+00 1.394528610941817848e-01
3.103893541746715723e+00 1.873119522992353070e-01
3.116459912361074558e+00 2.494528583477389205e-01
3.129026282975433837e+00 1.207965668843107160e-01
3.141592653589793116e+00 1.123919987891166539e-01
3.154159024204152395e+00 3.169988227379248735e-02
3.166725394818511674e+00 -4.007907400939715592e-02
3.179291765432870509e+00 5.457333146259166212e-03
3.191858136047229788e+00 2.033168269799445760e-01
3.204424506661589067e+00 -1.102646224223132465e-01
3.216990877275948346e+00 1.032395554286458655e-01
3.229557247890307181e+00 1.137635741937473993e-01
3.242123618504666460e+00 -1.424517639197449559e-01
3.254689989119025739e+00 -1.121130241672910199e-01
3.267256359733385018e+00 -2.746058794144776716e-01
3.279822730347744297e+00 -1.799749180758858924e-01
3.292389100962103132e+00 -1.969056974818219619e-01
3.304955471576462411e+00 -6.718020327041202000e-02
3.317521842190821690e+00 -5.515097683405201234e-02
3.330088212805180969e+00 -4.397421642624771421e-02
3.342654583419540248e+00 -4.139244299428562757e-01
3.355220954033899083e+00 -1.959099801955029863e-01
3.367787324648258362e+00 -1.799443583899961729e-01
3.380353695262617642e+00 -1.552146338518724800e-01
3.392920065876976921e+00 -4.439145925367563583e-01
3.405486436491335756e+00 -3.200477355417890024e-01
3.418052807105695035e+00 -3.889383854460028989e-01
3.430619177720054314e+00 -1.444708167491394191e-01
3.443185548334413593e+00 -3.640331651703662130e-01
3.455751918948772872e+00 -2.891603364247472552e-01
3.468318289563131707e+00 -2.619081829414885987e-01
3.480884660177490986e+00 -3.460143609557297939e-01
3.493451030791850265e+00 -5.041577179429900246e-01
3.506017401406209544e+00 -5.477763204273013997e-01
3.518583772020568823e+00 -4.075185920661455463e-01
3.531150142634927658e+00 -4.477250056923518517e-01
3.543716513249286937e+00 -4.286371051635744500e-01
3.556282883863646216e+00 -3.279816679693616233e-01
3.568849254478005495e+00 -5.384883405288826141e-01
3.581415625092364330e+00 -4.066446234212421351e-01
3.593981995706723609e+00 -6.950073873004649627e-01
3.606548366321082888e+00 -5.262687139135647785e-01
3.619114736935442167e+00 -5.601226446213473098e-01
3.631681107549800558e+00 -4.845835980056917291e-01
3.644247478164159837e+00 -4.752845795796999395e-01
3.656813848778519116e+00 -5.289270507225806162e-01
3.669380219392877951e+00 -3.835734133431246695e-01
3.681946590007237230e+00 -1.567255169948015281e-01
3.694512960621596509e+00 -6.102386679280322745e-01
3.707079331235955788e+00 -3.601444211495751224e-01
3.719645701850315067e+00 -4.817330177838759497e-01
3.732212072464673902e+00 -5.422910634328490520e-01
3.744778443079033181e+00 -5.607676137072797884e-01
3.757344813693392460e+00 -5.703087274330241874e-01
3.769911184307751739e+00 -6.126366459244944052e-01
3.782477554922110574e+00 -3.161219881055146730e-01
3.795043925536469853e+00 -5.744701625289336810e-01
3.807610296150829132e+00 -5.679351762223476818e-01
3.820176666765188411e+00 -5.720621337144310425e-01
3.832743037379547690e+00 -7.025843282477794993e-01
3.845309407993906525e+00 -4.992998245966895898e-01
3.857875778608265804e+00 -7.013911013507000414e-01
3.870442149222625083e+00 -5.656934798117139174e-01
3.883008519836984362e+00 -7.630911901821381127e-01
3.895574890451343641e+00 -4.303125444552208800e-01
3.908141261065702476e+00 -6.663937597676238278e-01
3.920707631680061755e+00 -5.934791159297014840e-01
3.933274002294421035e+00 -7.677513834574318796e-01
3.945840372908780314e+00 -7.284887521520854170e-01
3.958406743523139149e+00 -7.133165493327554563e-01
3.970973114137498428e+00 -8.766254846262562239e-01
3.983539484751857707e+00 -7.986571074233370648e-01
3.996105855366216986e+00 -8.369934684047792839e-01
4.008672225980576265e+00 -7.175191710157668989e-01
4.021238596594935544e+00 -8.063947243924967090e-01
4.033804967209294823e+00 -7.438890263521211743e-01
4.046371337823653214e+00 -8.047063934087215209e-01
4.058937708438012493e+00 -8.006728505870295276e-01
4.071504079052371772e+00 -6.988363504727044262e-01
4.084070449666731051e+00 -9.089068065492581505e-01
4.096636820281090330e+00 -7.467902864896601711e-01
4.109203190895449609e+00 -6.765313055587984792e-01
4.121769561509808888e+00 -7.601597941771256473e-01
4.134335932124168167e+00 -8.785028996522780131e-01
4.146902302738527446e+00 -8.574152550858876731e-01
4.159468673352886725e+00 -9.246871697783034527e-01
4.172035043967245116e+00 -8.279238970016212784e-01
4.184601414581604395e+00 -7.323309418608401344e-01
4.197167785195963674e+00 -9.985781457068076961e-01
4.209734155810322953e+00 -1.023343198602838067e+00
4.222300526424682232e+00 -7.377220866633988905e-01
4.234866897039041511e+00 -8.981953478054115481e-01
4.247433267653400790e+00 -1.051139820412542836e+00
4.259999638267760069e+00 -9.068357742838542013e-01
4.272566008882119348e+00 -9.408466030313001882e-01
4.285132379496477739e+00 -8.800382558784223264e-01
4.297698750110837018e+00 -7.151171195455692242e-01
4.310265120725196297e+00 -8.903507724561321446e-01
4.322831491339555576e+00 -7.567693519410167990e-01
4.335397861953914855e+00 -9.890805645145478442e-01
4.347964232568274134e+00 -8.907677972599487015e-01
4.360530603182633413e+00 -8.134120841342868946e-01
4.373096973796992692e+00 -9.192436588461952995e-01
4.385663344411351972e+00 -8.190890244094721773e-01
4.398229715025710362e+00 -1.055301950261617216e+00
4.410796085640069641e+00 -9.830437553960823527e-01
4.423362456254428032e+00 -9.384424245087471528e-01
4.435928826868787311e+00 -9.369328736946145320e-01
4.448495197483146590e+00 -8.959675289115630603e-01
4.461061568097505869e+00 -8.613949530342916994e-01
4.473627938711865148e+00 -9.420494611875217528e-01
4.486194309326224428e+00 -8.907759992629090684e-01
4.498760679940583707e+00 -9.031942643793924308e-01
4.511327050554942986e+00 -7.962233880946191222e-01
4.523893421169302265e+00 -8.485232835525140516e-01
4.536459791783661544e+00 -9.543308822077589681e-01
4.549026162398019935e+00 -8.724096979337712110e-01
4.561592533012379214e+00 -9.671509157722241179e-01
4.574158903626738493e+00 -9.439931873273047502e-01
4.586725274241097772e+00 -9.446029821094928947e-01
4.599291644855457051e+00 -9.001091835249912521e-01
4.611858015469816330e+00 -1.075451942705436092e+00
4.624424386084175609e+00 -1.083748694390432421e+00
4.636990756698534888e+00 -9.644114460089420193e-01
4.649557127312894167e+00 -1.042659227649301634e+00
4.662123497927252558e+00 -9.481841746833351570e-01
4.674689868541611837e+00 -8.373473644974416263e-01
4.687256239155971116e+00 -1.091076467676407979e+00
4.699822609770330395e+00 -8.054708264201807522e-01
4.712388980384689674e+00 -1.209114025661484959e+00
4.724955350999048953e+00 -9.319999419124099793e-01
4.737521721613408232e+00 -9.537611439916382494e-01
4.750088092227767511e+00 -1.091702523894837462e+00
4.762654462842126790e+00 -1.002471733461750780e+00
4.775220833456485181e+00 -9.189251700821351454e-01
4.787787204070844460e+00 -9.842042903043785040e-01
4.800353574685203739e+00 -9.154492799473246123e-01
4.812919945299563018e+00 -1.022631736992892337e+00
4.825486315913922297e+00 -9.888075114098046070e-01
4.838052686528281576e+00 -1.030529458959010380e+00
4.850619057142640855e+00 -9.590116384893158097e-01
4.863185427757000134e+00 -1.047200524657615484e+00
4.875751798371359413e+00 -1.078292263033487464e+00
4.888318168985717804e+00 -9.606842661853082221e-01
4.900884539600077083e+00 -9.912055412847685654e-01
4.913450910214436362e+00 -9.276018095402754904e-01
4.926017280828795641e+00 -8.396681861315746787e-01
4.938583651443154920e+00 -1.123152351420646511e+00
4.951150022057514200e+00 -1.238620572512321605e+00
4.963716392671873479e+00 -1.036118588264484108e+00
4.976282763286232758e+00 -1.082039915057465995e+00
4.988849133900592037e+00 -7.906976224910993167e-01
5.001415504514951316e+00 -1.026078594437131342e+00
5.013981875129309707e+00 -8.942519450810154646e-01
5.026548245743668986e+00 -1.122963788682902475e+00
5.039114616358028265e+00 -1.000771976860710843e+00
5.051680986972387544e+00 -1.092791699704244390e+00
5.064247357586746823e+00 -1.113986854541877181e+00
5.076813728201106102e+00 -9.662792961622320709e-01
5.089380098815465381e+00 -8.628000837995299932e-01
5.101946469429824660e+00 -9.638376719354710964e-01
5.114512840044183939e+00 -9.285700609724697463e-01
5.127079210658542330e+00 -9.238771684705471277e-01
5.139645581272901609e+00 -9.021213654478716926e-01
5.152211951887260888e+00 -9.226288995210023547e-01
5.164778322501620167e+00 -9.193975233954289061e-01
5.177344693115979446e+00 -1.081680724498153889e+00
5.189911063730338725e+00 -9.129148924075753957e-01
5.202477434344698004e+00 -8.121295272678046295e-01
5.215043804959057283e+00 -9.675141143333478855e-01
5.227610175573416562e+00 -7.410665702428758106e-01
5.240176546187774953e+00 -6.818932955240741833e-01
5.252742916802134232e+00 -6.881737429133486517e-01
5.265309287416492623e+00 -8.808930400053630594e-01
5.277875658030851902e+00 -7.617444909033503908e-01
5.290442028645211181e+00 -8.625762547014549364e-01
5.303008399259570460e+00 -9.472250720161404791e-01
5.315574769873929739e+00 -9.373565968580497287e-01
5.328141140488289018e+00 -8.046766985706362840e-01
5.340707511102648297e+00 -7.343381194464043693e-01
5.353273881717007576e+00 -7.632303497621344412e-01
5.365840252331366855e+00 -7.443792932374679872e-01
5.378406622945726134e+00 -8.430770355148283768e-01
5.390972993560084525e+00 -7.775219168454996499e-01
5.403539364174443804e+00 -6.976288780308694815e-01
5.416105734788803083e+00 -9.077539585595545413e-01
5.428672105403162362e+00 -7.260414625557711776e-01
5.441238476017521641e+00 -5.873673187041624777e-01
5.453804846631880920e+00 -6.524700202790449932e-01
5.466371217246240199e+00 -8.916654110149138113e-01
5.478937587860599479e+00 -6.685806815753835286e-01
5.491503958474958758e+00 -8.039364688055858910e-01
5.504070329089317148e+00 -7.033535186738503198e-01
5.516636699703676427e+00 -6.904094960212678878e-01
5.529203070318035707e+00 -5.672576126522433926e-01
5.541769440932394986e+00 -6.272678405660444545e-01
5.554335811546754265e+00 -7.215422034965498499e-01
5.566902182161113544e+00 -7.580128272643327225e-01
5.579468552775472823e+00 -7.054629555444276168e-01
5.592034923389832102e+00 -4.505317295844518677e-01
5.604601294004191381e+00 -5.403732333639885699e-01
5.617167664618549772e+00 -6.813436392764790073e-01
5.629734035232909051e+00 -5.657894800916605238e-01
5.642300405847268330e+00 -6.930651752227849904e-01
5.654866776461627609e+00 -5.015571611624985993e-01
5.667433147075986888e+00 -5.935299095282183801e-01
5.679999517690346167e+00 -7.777838592461059353e-01
5.692565888304705446e+00 -3.969193270429417497e-01
5.705132258919064725e+00 -4.709764376411644249e-01
5.717698629533424004e+00 -5.893253692102529140e-01
5.730265000147783283e+00 -5.392819608749065408e-01
5.742831370762141674e+00 -6.497943101309893166e-01
5.755397741376500953e+00 -4.090278536221524375e-01
5.767964111990860232e+00 -6.476219483193318416e-01
5.780530482605219511e+00 -3.636846677692768259e-01
5.793096853219578790e+00 -4.639000779193845903e-01
5.805663223833938069e+00 -5.004961441080029161e-01
5.818229594448297348e+00 -5.360295176838055786e-01
5.830795965062656627e+00 -5.324861343808822145e-01
5.843362335677015906e+00 -3.145543180021628804e-01
5.855928706291374297e+00 -3.026115369795012722e-01
5.868495076905733576e+00 -4.349118213994044302e-01
5.881061447520092855e+00 -3.461509417823040446e-01
5.893627818134452134e+00 -3.569074639436465857e-01
5.906194188748811413e+00 -4.683466369125809381e-01
5.918760559363170692e+00 -3.703509709278532402e-01
5.931326929977529971e+00 -5.330268814104996977e-01
5.943893300591889250e+00 -4.905710502778812820e-01
5.956459671206248530e+00 -2.457002935503193042e-01
5.969026041820606920e+00 -3.641368143153115300e-01
5.981592412434966199e+00 -2.992068999662202966e-01
5.994158783049325478e+00 -2.474626785229428472e-01
6.006725153663684758e+00 -3.001288457112891161e-01
6.019291524278044037e+00 -2.041695071234654879e-01
6.031857894892402427e+00 -2.442302044712748865e-01
6.044424265506761706e+00 -1.926791044032493960e-01
6.056990636121120986e+00 -3.012417047829362704e-01
6.069557006735480265e+00 -2.485372621370141866e-01
6.082123377349839544e+00 -9.279602247570650775e-02
6.094689747964198823e+00 -3.009458028733215662e-01
6.107256118578558102e+00 -7.037703896862977648e-02
6.119822489192916493e+00 8.807584178590008306e-02
6.132388859807275772e+00 -1.590543322663504622e-01
6.144955230421635051e+00 -9.199874904118043872e-02
6.157521601035994330e+00 -3.828942578350680304e-02
6.170087971650353609e+00 -2.416415993927811257e-01
6.182654342264712888e+00 5.777206956023892004e-02
6.195220712879072167e+00 -1.517266699280448439e-01
6.207787083493431446e+00 -1.196541106900765872e-01
6.220353454107790725e+00 2.411757713370320244e-02
6.232919824722149116e+00 -6.492849175419873609e-02
6.245486195336508395e+00 -7.449998239821054025e-02
6.258052565950867674e+00 -1.199670680969759824e-02
6.270618936565226953e+00 -3.146955928999740915e-02
