0.000000000000000000e+00 1.287434599493509357e-01
1.256637061435917323e-02 9.735860669351548147e-02
2.513274122871834645e-02 3.406735855539069768e-02
3.769911184307751795e-02 -1.015802053492338985e-01
5.026548245743669291e-02 1.528300218720874959e-01
6.283185307179586787e-02 1.222246014738170850e-01
7.539822368615503589e-02 1.644460954985473289e-01
8.796459430051420392e-02 9.517078605276156622e-02
1.005309649148733858e-01 -6.162710949352043222e-02
1.130973355292325677e-01 7.533842227439999095e-02
1.256637061435917357e-01 1.949357847505050478e-01
1.382300767579508760e-01 1.329004531969693592e-01
1.507964473723100718e-01 2.502793604571724173e-01
1.633628179866692676e-01 1.898835247692946537e-01
1.759291886010284078e-01 2.033238073704408677e-01
1.884955592153875759e-01 -2.780948834709204287e-02
2.010619298297467716e-01 2.182551987118953041e-01
2.136283004441059397e-01 1.369161537579617338e-01
2.261946710584651354e-01 2.110570586063441612e-01
2.387610416728242757e-01 1.655902691901714463e-01
2.513274122871834715e-01 1.499453415911908005e-01
2.638937829015426395e-01 2.638581874190101262e-01
2.764601535159017520e-01 2.790117517496313870e-01
2.890265241302609756e-01 3.229916988344923023e-01
3.015928947446201436e-01 3.638779507478543951e-01
3.141592653589793116e-01 3.413007127199507162e-01
3.267256359733385351e-01 3.156405198907948351e-01
3.392920065876976476e-01 3.753609614642435810e-01
3.518583772020568157e-01 5.128729836815382193e-01
3.644247478164160392e-01 2.041051366706269354e-01
3.769911184307751517e-01 3.617550496697147233e-01
3.895574890451343197e-01 1.818570150006902919e-01
4.021238596594935433e-01 3.135996916257272060e-01
4.146902302738527113e-01 4.477954949364388870e-01
4.272566008882118793e-01 4.607042314950975936e-01
4.398229715025711029e-01 5.213974232109384044e-01
4.523893421169302709e-01 4.788660630747761937e-01
4.649557127312893834e-01 5.132983324855161511e-01
4.775220833456485514e-01 4.135404521664874933e-01
4.900884539600077194e-01 5.259354394452808723e-01
5.026548245743669430e-01 4.123610219190554926e-01
5.152211951887261110e-01 5.733859051461850376e-01
5.277875658030852790e-01 6.572030305165322828e-01
5.403539364174444470e-01 4.796175999620736485e-01
5.529203070318035040e-01 3.642427200114122243e-01
5.654866776461627831e-01 4.994199872826451947e-01
5.780530482605219511e-01 7.796757047548094066e-01
5.906194188748811191e-01 6.039685292236007808e-01
6.031857894892402872e-01 5.815477174856114040e-01
6.157521601035994552e-01 6.242895391094880342e-01
6.283185307179586232e-01 6.603198644463673661e-01
6.408849013323177912e-01 7.189601318263091345e-01
6.534512719466770703e-01 7.206326896221058043e-01
6.660176425610361273e-01 3.992619386036229123e-01
6.785840131753952953e-01 5.931148654548173971e-01
6.911503837897544633e-01 5.054425604054167964e-01
7.037167544041136313e-01 6.828719802336549183e-01
7.162831250184729104e-01 7.092615764575689319e-01
7.288494956328320784e-01 6.494007886131722973e-01
7.414158662471912464e-01 7.006749139178630736e-01
7.539822368615503034e-01 6.751359540637399403e-01
7.665486074759094715e-01 6.521069034406904441e-01
7.791149780902686395e-01 7.082334852110236945e-01
7.916813487046279185e-01 6.325902860988671383e-01
8.042477193189870865e-01 8.138114953038921850e-01
8.168140899333462546e-01 7.457173721013061751e-01
8.293804605477054226e-01 8.240285252416214012e-01
8.419468311620645906e-01 6.528608803496749324e-01
8.545132017764237586e-01 8.816690637549307041e-01
8.670795723907829267e-01 8.105204069265250499e-01
8.796459430051422057e-01 7.766971641527957715e-01
8.922123136195013737e-01 6.814229562494552583e-01
9.047786842338605418e-01 7.058467075518982670e-01
9.173450548482194877e-01 9.601510856959312168e-01
9.299114254625787668e-01 8.102275459858709894e-01
9.424777960769379348e-01 9.025708419639023594e-01
9.550441666912971028e-01 9.716884970963948209e-01
9.676105373056562708e-01 9.303159038594026597e-01
9.801769079200154389e-01 8.036396969336507823e-01
9.927432785343746069e-01 7.486822866134368315e-01
1.005309649148733886e+00 8.619607382524498984e-01
1.017876019763092943e+00 7.115777934947851158e-01
1.030442390377452222e+00 7.155422126589868759e-01
1.043008760991811279e+00 8.926735736162941803e-01
1.055575131606170558e+00 7.735215459145279304e-01
1.068141502220529837e+00 9.692931164050551107e-01
1.080707872834888894e+00 9.516580437404588144e-01
1.093274243449248173e+00 7.365156342740245554e-01
1.105840614063607008e+00 8.836758071827035543e-01
1.118406984677966287e+00 1.045296552199722173e+00
1.130973355292325566e+00 1.026761597647882329e+00
1.143539725906684623e+00 8.158261121163500329e-01
1.156106096521043902e+00 9.075606956679471704e-01
1.168672467135402959e+00 9.775977482496631676e-01
1.181238837749762238e+00 7.675296120711612158e-01
1.193805208364121295e+00 1.070172382372838182e+00
1.206371578978480574e+00 8.943127763612210845e-01
1.218937949592839853e+00 9.118449940453966507e-01
1.231504320207198910e+00 9.832820897297382956e-01
1.244070690821558189e+00 1.195669920984563372e+00
1.256637061435917246e+00 8.175422870879192061e-01
1.269203432050276525e+00 9.728480763583281510e-01
1.281769802664635582e+00 8.590836477451004871e-01
1.294336173278994861e+00 9.357262301461786169e-01
1.306902543893354141e+00 9.414727800272711944e-01
1.319468914507712975e+00 9.828882740104630811e-01
1.332035285122072255e+00 1.039354476130757376e+00
1.344601655736431534e+00 1.011560193473829639e+00
1.357168026350790591e+00 1.027507439524633526e+00
1.369734396965149870e+00 1.032905859198317566e+00
1.382300767579508927e+00 9.841430674943939527e-01
1.394867138193868206e+00 8.506793498665701225e-01
1.407433508808227263e+00 9.768503252223644795e-01
1.419999879422586542e+00 1.092129148979621878e+00
1.432566250036945821e+00 8.816793558093145577e-01
1.445132620651304878e+00 7.961097560091975334e-01
1.457698991265664157e+00 9.177156254479170716e-01
1.470265361880023214e+00 8.964921559518189698e-01
1.482831732494382493e+00 1.057524001798780366e+00
1.495398103108741550e+00 9.972865390937073471e-01
1.507964473723100607e+00 1.106796026157713442e+00
1.520530844337459886e+00 8.919870583518063611e-01
1.533097214951818943e+00 9.950180120818810092e-01
1.545663585566178222e+00 1.060578636263314500e+00
1.558229956180537279e+00 1.025088193446531459e+00
1.570796326794896558e+00 1.066784136341449418e+00
1.583362697409255837e+00 9.427339333658585341e-01
1.595929068023614894e+00 1.102727170283358538e+00
1.608495438637974173e+00 9.893243185072783108e-01
1.621061809252333230e+00 1.137198258581284538e+00
1.633628179866692509e+00 1.063478013481043538e+00
1.646194550481051566e+00 9.050691462598413617e-01
1.658760921095410845e+00 9.551460813751861956e-01
1.671327291709770124e+00 8.584298313961393756e-01
1.683893662324129181e+00 1.010833302830615565e+00
1.696460032938488460e+00 1.101665257861498937e+00
1.709026403552847517e+00 1.190601198637187386e+00
1.721592774167206796e+00 1.024491376121585917e+00
1.734159144781565853e+00 9.235232826566708297e-01
1.746725515395925132e+00 1.036124480094285261e+00
1.759291886010284411e+00 8.730016500344712771e-01
1.771858256624643468e+00 1.052040091970337876e+00
1.784424627239002747e+00 1.107419856472238839e+00
1.796990997853361804e+00 8.158148158305433828e-01
1.809557368467721084e+00 8.904898245468322315e-01
1.822123739082079918e+00 8.012254822190350012e-01
1.834690109696438975e+00 9.258605507970716353e-01
1.847256480310798255e+00 1.026837222539092931e+00
1.859822850925157534e+00 8.808584421892595717e-01
1.872389221539516591e+00 9.907169104329871523e-01
1.884955592153875870e+00 1.060742886720408951e+00
1.897521962768234927e+00 1.036671058005821600e+00
1.910088333382594206e+00 8.093589838691127580e-01
1.922654703996953263e+00 9.660917506641172325e-01
1.935221074611312542e+00 8.450158135770052814e-01
1.947787445225671821e+00 8.833463621928085985e-01
1.960353815840030878e+00 1.062917199496637766e+00
1.972920186454390157e+00 1.002547284679243589e+00
1.985486557068749214e+00 8.516752289510278739e-01
1.998052927683108493e+00 8.796841979146018398e-01
2.010619298297467772e+00 1.091652437992388425e+00
2.023185668911826607e+00 8.106417326020196601e-01
2.035752039526185886e+00 7.386766527439639907e-01
2.048318410140545165e+00 8.327267410236871559e-01
2.060884780754904444e+00 8.674657760038316789e-01
2.073451151369263723e+00 7.275545129341929318e-01
2.086017521983622558e+00 8.751235256791848327e-01
2.098583892597981837e+00 7.617294302833190756e-01
2.111150263212341116e+00 8.617760836403780544e-01
2.123716633826700395e+00 9.519021264117847325e-01
2.136283004441059674e+00 7.815873022993514718e-01
2.148849375055418509e+00 8.902135741602983376e-01
2.161415745669777788e+00 7.274235553204281279e-01
2.173982116284137067e+00 8.069614777606293199e-01
2.186548486898496346e+00 8.346820370373357889e-01
2.199114857512855181e+00 8.420005065693770829e-01
2.211681228127214016e+00 9.000491565098880375e-01
2.224247598741573295e+00 9.134453689554606903e-01
2.236813969355932574e+00 6.860499789143864602e-01
2.249380339970291853e+00 7.527277775168250695e-01
2.261946710584651132e+00 7.432316134931972185e-01
2.274513081199009967e+00 6.441426879909335490e-01
2.287079451813369246e+00 8.778838431733463343e-01
2.299645822427728525e+00 8.814158041908439767e-01
2.312212193042087804e+00 7.589959494878382174e-01
2.324778563656447083e+00 8.825878544202138132e-01
2.337344934270805918e+00 7.632007543831862417e-01
2.349911304885165197e+00 8.334449019662897307e-01
2.362477675499524477e+00 6.448102180202345268e-01
2.375044046113883756e+00 6.823220575518996744e-01
2.387610416728242591e+00 8.188126712018261033e-01
2.400176787342601870e+00 6.752222700660932553e-01
2.412743157956961149e+00 6.591915568822438454e-01
2.425309528571320428e+00 5.601347258221622827e-01
2.437875899185679707e+00 6.560179805128187880e-01
2.450442269800038542e+00 5.905590886183971211e-01
2.463008640414397821e+00 4.991813496493239244e-01
2.475575011028757100e+00 6.599878836119308367e-01
2.488141381643116379e+00 5.894270093816686984e-01
2.500707752257475658e+00 5.217454816981644816e-01
2.513274122871834493e+00 7.861273624615651157e-01
2.525840493486193772e+00 7.966471955237728331e-01
2.538406864100553051e+00 7.296215691629055478e-01
2.550973234714912330e+00 4.559866150735595314e-01
2.563539605329271165e+00 4.634939771360868654e-01
2.576105975943630444e+00 4.252701369223200190e-01
2.588672346557989723e+00 4.929290416739025016e-01
2.601238717172349002e+00 4.670714709133632070e-01
2.613805087786708281e+00 4.903366287132090440e-01
2.626371458401067116e+00 3.066095725971093033e-01
2.638937829015425951e+00 6.358113890363121801e-01
2.651504199629785230e+00 4.199307724103616968e-01
2.664070570244144509e+00 3.579355526725719883e-01
2.676636940858503788e+00 3.350664714376991316e-01
2.689203311472863067e+00 5.003698864448820061e-01
2.701769682087221902e+00 4.158955814056123357e-01
2.714336052701581181e+00 3.766253501382981206e-01
2.726902423315940460e+00 1.740592363724335068e-01
2.739468793930299739e+00 5.167426045456628980e-01
2.752035164544658574e+00 3.279439149216827332e-01
2.764601535159017853e+00 2.636007374123416347e-01
2.777167905773377132e+00 3.398262392193936998e-01
2.789734276387736411e+00 2.532512269490946322e-01
2.802300647002095690e+00 1.928869691096113670e-01
2.814867017616454525e+00 2.691585505734070405e-01
2.827433388230813804e+00 3.008307441430466689e-01
2.839999758845173083e+00 8.524964512633181890e-02
2.852566129459532362e+00 2.041303073402189749e-01
2.865132500073891642e+00 2.479064678568313473e-01
2.877698870688250476e+00 2.785130238453202289e-01
2.890265241302609756e+00 2.536982495822878159e-01
2.902831611916969035e+00 3.565850908157244259e-01
2.915397982531328314e+00 1.976806126698833488e-01
2.927964353145687149e+00 1.934372672372492996e-01
2.940530723760046428e+00 4.255773630629108295e-01
2.953097094374405707e+00 1.269962280747899408e-02
2.965663464988764986e+00 2.663794070186006890e-01
2.978229835603124265e+00 1.716393061324725799e-01
2.990796206217483100e+00 1.332816766877109871e-01
3.003362576831842379e+00 1.539621490948757665e-01
3.015928947446201214e+00 -1.120591132986722138e-01
3.028495318060560493e+00 1.638881717227819168e-01
3.041061688674919772e+00 1.237435824208963087e-01
3.053628059289279051e+00 1.490798103210958514e-01
3.066194429903637886e+00 7.711374002400124550e-02
3.078760800517997165e+00 -3.131248015496559955e-02
3.091327171132356444e+00 1.736818957638627536e-01
3.103893541746715723e+00 1.201855721361496376e-01
3.116459912361074558e+00 7.130021375194332822e-02
3.129026282975433837e+00 -1.034581231529541762e-01
3.141592653589793116e+00 -1.132666207544388431e-01
3.154159024204152395e+00 4.847580177209748903e-02
3.166725394818511674e+00 7.788786057740232360e-02
3.179291765432870509e+00 7.277497206874027069e-02
3.191858136047229788e+00 -1.194353067147530534e-01
3.204424506661589067e+00 -1.808887323516913948e-01
3.216990877275948346e+00 -4.053327901348573875e-02
3.229557247890307181e+00 5.274010161989538259e-02
3.242123618504666460e+00 -2.291397788792464141e-01
3.254689989119025739e+00 -1.307630062572454344e-01
3.267256359733385018e+00 -5.538407657356340941e-02
3.279822730347744297e+00 -1.088532079302078348e-01
3.292389100962103132e+00 9.067588377898941343e-02
3.304955471576462411e+00 -4.584552019422011293e-02
3.317521842190821690e+00 -3.803248717639614584e-01
3.330088212805180969e+00 -1.821684743693647301e-01
3.342654583419540248e+00 -1.441037194966255930e-01
3.355220954033899083e+00 -1.722319580145239559e-01
3.367787324648258362e+00 -6.309727198411968496e-02
3.380353695262617642e+00 -2.007780665375315798e-01
3.392920065876976921e+00 -2.083178507066794638e-01
3.405486436491335756e+00 -3.633195883285221250e-01
3.418052807105695035e+00 -3.132564923074355745e-01
3.430619177720054314e+00 -1.156154204738815139e-01
3.443185548334413593e+00 -3.188997351681155390e-01
3.455751918948772872e+00 -3.400527444223729323e-01
3.468318289563131707e+00 -2.779148405722512427e-01
3.480884660177490986e+00 -4.151323502863938919e-01
3.493451030791850265e+00 -1.225027806800223773e-01
3.506017401406209544e+00 -4.469910124899016957e-01
3.518583772020568823e+00 -3.855108612348462360e-01
3.531150142634927658e+00 -4.176375941537155412e-01
3.543716513249286937e+00 -4.211999693593286298e-01
3.556282883863646216e+00 -3.106739730329497462e-01
3.568849254478005495e+00 -5.090059479865751690e-01
3.581415625092364330e+00 -4.917211981266915721e-01
3.593981995706723609e+00 -5.370857226124969852e-01
3.606548366321082888e+00 -4.383009414996834607e-01
3.619114736935442167e+00 -5.452585308799933195e-01
3.631681107549800558e+00 -5.740792612214357105e-01
3.644247478164159837e+00 -3.980172358271522048e-01
3.656813848778519116e+00 -3.071813267075686471e-01
3.669380219392877951e+00 -3.711728345996706535e-01
3.681946590007237230e+00 -4.789707719280905107e-01
3.694512960621596509e+00 -4.750060537278459338e-01
3.707079331235955788e+00 -6.032518171285485842e-01
3.719645701850315067e+00 -7.251070737809256483e-01
3.732212072464673902e+00 -5.265471807292622097e-01
3.744778443079033181e+00 -7.685152105557013780e-01
3.757344813693392460e+00 -5.062772492844478389e-01
3.769911184307751739e+00 -7.207018363602617494e-01
3.782477554922110574e+00 -6.091887003661607958e-01
3.795043925536469853e+00 -4.766834839851831207e-01
3.807610296150829132e+00 -6.473611697646425300e-01
3.820176666765188411e+00 -5.482229094097511579e-01
3.832743037379547690e+00 -5.686185517687208923e-01
3.845309407993906525e+00 -6.263156226789524661e-01
3.857875778608265804e+00 -4.944832117920615056e-01
3.870442149222625083e+00 -5.720356113769673456e-01
3.883008519836984362e+00 -6.400965125081906626e-01
3.895574890451343641e+00 -5.916370836889898177e-01
3.908141261065702476e+00 -6.701386430419853379e-01
3.920707631680061755e+00 -6.950438542287247223e-01
3.933274002294421035e+00 -7.770616386872616355e-01
3.945840372908780314e+00 -7.883497809168192871e-01
3.958406743523139149e+00 -7.520555726667432772e-01
3.970973114137498428e+00 -6.109357146844123232e-01
3.983539484751857707e+00 -6.409165109824569440e-01
3.996105855366216986e+00 -8.046644379343201869e-01
4.008672225980576265e+00 -7.558979893018209495e-01
4.021238596594935544e+00 -9.619491328414950804e-01
4.033804967209294823e+00 -7.515933711379468862e-01
4.046371337823653214e+00 -7.988537381515155023e-01
4.058937708438012493e+00 -9.621234064506827277e-01
4.071504079052371772e+00 -7.162279116084494524e-01
4.084070449666731051e+00 -5.569262952121497579e-01
4.096636820281090330e+00 -9.161480169482817404e-01
4.109203190895449609e+00 -8.485123527455701309e-01
4.121769561509808888e+00 -9.109169124590780209e-01
4.134335932124168167e+00 -8.301202199386119585e-01
4.146902302738527446e+00 -7.473502171683533701e-01
4.159468673352886725e+00 -7.502879314711805581e-01
4.172035043967245116e+00 -9.119140464894319731e-01
4.184601414581604395e+00 -9.513415743580558859e-01
4.197167785195963674e+00 -8.196692921088915007e-01
4.209734155810322953e+00 -7.685241443434623898e-01
4.222300526424682232e+00 -8.553124278837819228e-01
4.234866897039041511e+00 -9.376448116822541090e-01
4.247433267653400790e+00 -9.925970680667159929e-01
4.259999638267760069e+00 -1.016648290719291303e+00
4.272566008882119348e+00 -7.667294371088606564e-01
4.285132379496477739e+00 -8.137579565492295552e-01
4.297698750110837018e+00 -1.020392103668892547e+00
4.310265120725196297e+00 -8.636405777964067942e-01
4.322831491339555576e+00 -1.049798099659025929e+00
4.335397861953914855e+00 -9.087644498102631641e-01
4.347964232568274134e+00 -1.052536501448879891e+00
4.360530603182633413e+00 -9.749274892048377383e-01
4.373096973796992692e+00 -8.650232570664062592e-01
4.385663344411351972e+00 -9.827642345957239289e-01
4.398229715025710362e+00 -1.184515143041773300e+00
4.410796085640069641e+00 -9.040179796085663355e-01
4.423362456254428032e+00 -8.672546235630500533e-01
4.435928826868787311e+00 -1.169232284358435514e+00
4.448495197483146590e+00 -1.118002285169318988e+00
4.461061568097505869e+00 -1.007183243691091024e+00
4.473627938711865148e+00 -1.040798923645129159e+00
4.486194309326224428e+00 -1.045320549837815305e+00
4.498760679940583707e+00 -1.099537240693251761e+00
4.511327050554942986e+00 -1.102509214164786533e+00
4.523893421169302265e+00 -1.038308219261298238e+00
4.536459791783661544e+00 -9.917563417206791687e-01
4.549026162398019935e+00 -9.682866401849874460e-01
4.561592533012379214e+00 -9.564599513998200964e-01
4.574158903626738493e+00 -9.976075404045022799e-01
4.586725274241097772e+00 -1.161595870245696549e+00
4.599291644855457051e+00 -1.076340763670297740e+00
4.611858015469816330e+00 -9.664453612780262715e-01
4.624424386084175609e+00 -9.692463188380737726e-01
4.636990756698534888e+00 -1.133689717019845666e+00
4.649557127312894167e+00 -9.407528166521621493e-01
4.662123497927252558e+00 -1.053128225428303200e+00
4.674689868541611837e+00 -9.702639036483012847e-01
4.687256239155971116e+00 -1.029266568045845265e+00
4.699822609770330395e+00 -1.076473553479158740e+00
4.712388980384689674e+00 -1.048891425713897707e+00
4.724955350999048953e+00 -9.727695273820823330e-01
4.737521721613408232e+00 -9.980254138285870047e-01
4.750088092227767511e+00 -9.097740244206974358e-01
4.762654462842126790e+00 -1.038091284806585746e+00
4.775220833456485181e+00 -1.081849752863041525e+00
4.787787204070844460e+00 -9.683952824820220018e-01
4.800353574685203739e+00 -9.448192509774813175e-01
4.812919945299563018e+00 -9.807521800324309202e-01
4.825486315913922297e+00 -1.084565203021258473e+00
4.838052686528281576e+00 -8.969595931750800055e-01
4.850619057142640855e+00 -8.945592456283286698e-01
4.863185427757000134e+00 -7.745517148342639935e-01
4.875751798371359413e+00 -9.360738776608679146e-01
4.888318168985717804e+00 -1.089554909520095372e+00
4.900884539600077083e+00 -8.283780487849879970e-01
4.913450910214436362e+00 -8.737800321141472315e-01
4.926017280828795641e+00 -8.528883658944442780e-01
4.938583651443154920e+00 -9.690120955428510596e-01
4.951150022057514200e+00 -1.168707441293824756e+00
4.963716392671873479e+00 -9.467222363155086695e-01
4.976282763286232758e+00 -9.956875926154453715e-01
4.988849133900592037e+00 -9.691179657790618407e-01
5.001415504514951316e+00 -1.166682171915968791e+00
5.013981875129309707e+00 -1.103368584108132877e+00
5.026548245743668986e+00 -9.709261612927236884e-01
5.039114616358028265e+00 -9.499750657497101347e-01
5.051680986972387544e+00 -1.097227611755402510e+00
5.064247357586746823e+00 -8.703960107674696411e-01
5.076813728201106102e+00 -9.009178551888479269e-01
5.089380098815465381e+00 -1.007682513034700911e+00
5.101946469429824660e+00 -9.854767925356578973e-01
5.114512840044183939e+00 -9.074763841288975286e-01
5.127079210658542330e+00 -1.093668691878642019e+00
5.139645581272901609e+00 -9.999283477727298752e-01
5.152211951887260888e+00 -1.045297337235273849e+00
5.164778322501620167e+00 -7.351789614450966459e-01
5.177344693115979446e+00 -9.375574380953355380e-01
5.189911063730338725e+00 -8.402389452880829612e-01
5.202477434344698004e+00 -7.755864793844465810e-01
5.215043804959057283e+00 -8.425104660002945556e-01
5.227610175573416562e+00 -8.257679231231414008e-01
5.240176546187774953e+00 -7.760345532048745776e-01
5.252742916802134232e+00 -8.135244634434817268e-01
5.265309287416492623e+00 -7.924083838386413170e-01
5.277875658030851902e+00 -8.862235643576144017e-01
5.290442028645211181e+00 -7.181702852956750593e-01
5.303008399259570460e+00 -7.998827772626254662e-01
5.315574769873929739e+00 -7.937550820878249702e-01
5.328141140488289018e+00 -8.337956274190450046e-01
5.340707511102648297e+00 -8.624058700975854030e-01
5.353273881717007576e+00 -5.720534116887943110e-01
5.365840252331366855e+00 -7.331300811158238950e-01
5.378406622945726134e+00 -8.673163306826626728e-01
5.390972993560084525e+00 -8.200041982965532439e-01
5.403539364174443804e+00 -8.074548707118286428e-01
5.416105734788803083e+00 -9.614463847179297584e-01
5.428672105403162362e+00 -7.554691283994572348e-01
5.441238476017521641e+00 -4.543495441144165814e-01
5.453804846631880920e+00 -7.584349699781446352e-01
5.466371217246240199e+00 -7.740492134964569448e-01
5.478937587860599479e+00 -7.818794022222583795e-01
5.491503958474958758e+00 -6.303932655663977425e-01
5.504070329089317148e+00 -6.655812106490337499e-01
5.516636699703676427e+00 -7.334853174178428414e-01
5.529203070318035707e+00 -6.231134597217434790e-01
5.541769440932394986e+00 -5.051890432836297906e-01
5.554335811546754265e+00 -8.326913845449859242e-01
5.566902182161113544e+00 -4.728400966150496654e-01
5.579468552775472823e+00 -6.219567097476816908e-01
5.592034923389832102e+00 -5.612447703913062691e-01
5.604601294004191381e+00 -7.865824726905641384e-01
5.617167664618549772e+00 -6.186532013026593280e-01
5.629734035232909051e+00 -6.316444585222344976e-01
5.642300405847268330e+00 -5.610844585526626460e-01
5.654866776461627609e+00 -5.617279367434722115e-01
5.667433147075986888e+00 -6.670230104929133486e-01
5.679999517690346167e+00 -4.333555281919794777e-01
5.692565888304705446e+00 -5.098525752751511542e-01
5.705132258919064725e+00 -5.420879659818810259e-01
5.717698629533424004e+00 -5.217608139512960319e-01
5.730265000147783283e+00 -6.184694646604032009e-01
5.742831370762141674e+00 -4.925584353066928545e-01
5.755397741376500953e+00 -5.538474282413917704e-01
5.767964111990860232e+00 -4.053219019040524840e-01
5.780530482605219511e+00 -4.012627699391100866e-01
5.793096853219578790e+00 -5.019397047412863522e-01
5.805663223833938069e+00 -3.791244842637638834e-01
5.818229594448297348e+00 -3.355188189945802479e-01
5.830795965062656627e+00 -4.135652801105019760e-01
5.843362335677015906e+00 -2.608569675017741174e-01
5.855928706291374297e+00 -4.150313695773353295e-01
5.868495076905733576e+00 -3.859376662291510995e-01
5.881061447520092855e+00 -5.839652213508412792e-01
5.893627818134452134e+00 -3.325213240862230912e-01
5.906194188748811413e+00 -3.208927179354926773e-01
5.918760559363170692e+00 -2.700289368733661544e-01
5.931326929977529971e+00 -2.871128083616009130e-01
5.943893300591889250e+00 -4.828721726244592505e-01
5.956459671206248530e+00 -2.961083409875198136e-01
5.969026041820606920e+00 -4.869358122166569935e-01
5.981592412434966199e+00 -4.074019511140842265e-01
5.994158783049325478e+00 -1.501347187125753602e-01
6.006725153663684758e+00 -4.596718793163106498e-01
6.019291524278044037e+00 -1.270792116627010582e-01
6.031857894892402427e+00 -1.200772360669419558e-01
6.044424265506761706e+00 -2.070222576271673331e-01
6.056990636121120986e+00 -1.973070428087927430e-01
6.069557006735480265e+00 -3.109914045522735870e-01
6.082123377349839544e+00 -2.980260055336195202e-01
6.094689747964198823e+00 -1.823414466859170635e-01
6.107256118578558102e+00 -2.742595327545210848e-01
6.119822489192916493e+00 -1.602081172747338023e-01
6.132388859807275772e+00 -2.642100015815337377e-01
6.144955230421635051e+00 -2.747497524175546157e-02
6.157521601035994330e+00 -4.519515715123628707e-02
6.170087971650353609e+00 -1.984520555332534297e-01
6.182654342264712888e+00 -1.481999566843412164e-01
6.195220712879072167e+00 -6.443043936347273015e-02
6.207787083493431446e+00 -1.184342869850424640e-01
6.220353454107790725e+00 -1.363141284513694207e-01
6.232919824722149116e+00 -1.815321569758332476e-01
6.245486195336508395e+00 -1.084396288682689669e-01
6.258052565950867674e+00 -4.843037500131444628e-02
6.270618936565226953e+00 -2.269672971702686171e-01
