0.000000000000000000e+00 1.146587935709453276e-01
1.256637061435917323e-02 9.500492545153471635e-02
2.513274122871834645e-02 -1.329748756526908868e-02
3.769911184307751795e-02 -5.106507189469335073e-02
5.026548245743669291e-02 -8.249818277959407309e-02
6.283185307179586787e-02 2.271918359783977603e-01
7.539822368615503589e-02 -1.171211974866173677e-02
8.796459430051420392e-02 2.196846908480752647e-02
1.005309649148733858e-01 1.836328950402971172e-01
1.130973355292325677e-01 1.364374176704644670e-01
1.256637061435917357e-01 1.930226816182156191e-01
1.382300767579508760e-01 2.149644369844277425e-01
1.507964473723100718e-01 2.153653117719273868e-01
1.633628179866692676e-01 1.845926601521526433e-01
1.759291886010284078e-01 1.097479412758842199e-01
1.884955592153875759e-01 1.606727338585664244e-01
2.010619298297467716e-01 1.070381318894832179e-01
2.136283004441059397e-01 3.157805684521227119e-01
2.261946710584651354e-01 4.896261550742987967e-01
2.387610416728242757e-01 9.283747282694404523e-02
2.513274122871834715e-01 2.157599709068216409e-01
2.638937829015426395e-01 4.330875288370367171e-02
2.764601535159017520e-01 1.599840490233812862e-01
2.890265241302609756e-01 1.260022498421612125e-01
3.015928947446201436e-01 4.142822144174064802e-01
3.141592653589793116e-01 3.560999657299942500e-01
3.267256359733385351e-01 4.812400084569249947e-01
3.392920065876976476e-01 3.764649928913668675e-01
3.518583772020568157e-01 3.836095459027677457e-01
3.644247478164160392e-01 3.827415847069100541e-01
3.769911184307751517e-01 2.211080893647019430e-01
3.895574890451343197e-01 3.210376772989866900e-01
4.021238596594935433e-01 3.212605539335762761e-01
4.146902302738527113e-01 3.776378837525009025e-01
4.272566008882118793e-01 5.224254099528556905e-01
4.398229715025711029e-01 2.886491640933573910e-01
4.523893421169302709e-01 4.182221219627671460e-01
4.649557127312893834e-01 5.872693886493125515e-01
4.775220833456485514e-01 6.078922767645912328e-01
4.900884539600077194e-01 4.117751479151821603e-01
5.026548245743669430e-01 3.235772865454686897e-01
5.152211951887261110e-01 3.963544002394143728e-01
5.277875658030852790e-01 3.933719648772509569e-01
5.403539364174444470e-01 5.872474382803094528e-01
5.529203070318035040e-01 4.564449469962345574e-01
5.654866776461627831e-01 6.201213247952965801e-01
5.780530482605219511e-01 6.449602985155562518e-01
5.906194188748811191e-01 5.102108931904847378e-01
6.031857894892402872e-01 5.556116802878563465e-01
6.157521601035994552e-01 5.788740095702236133e-01
6.283185307179586232e-01 4.758532380841078435e-01
6.408849013323177912e-01 4.718136843337975561e-01
6.534512719466770703e-01 6.134070041659592798e-01
6.660176425610361273e-01 6.517221496430156691e-01
6.785840131753952953e-01 6.469706656444003112e-01
6.911503837897544633e-01 5.485199257130600747e-01
7.037167544041136313e-01 6.413329004931929145e-01
7.162831250184729104e-01 6.209270064735274985e-01
7.288494956328320784e-01 6.389377750812842427e-01
7.414158662471912464e-01 5.931529772566437320e-01
7.539822368615503034e-01 8.738394378444407362e-01
7.665486074759094715e-01 6.388751730418316122e-01
7.791149780902686395e-01 7.061651109981916807e-01
7.916813487046279185e-01 8.344017356761167514e-01
8.042477193189870865e-01 5.524614559663224567e-01
8.168140899333462546e-01 7.521680452179422272e-01
8.293804605477054226e-01 7.301696477839711985e-01
8.419468311620645906e-01 6.790607245406599102e-01
8.545132017764237586e-01 7.168256385259526020e-01
8.670795723907829267e-01 5.684039651825895101e-01
8.796459430051422057e-01 8.060821151222651304e-01
8.922123136195013737e-01 5.990592693093474974e-01
9.047786842338605418e-01 6.429333580573589613e-01
9.173450548482194877e-01 8.352129369748061416e-01
9.299114254625787668e-01 6.477819089023046928e-01
9.424777960769379348e-01 7.272755389631153644e-01
9.550441666912971028e-01 9.882638958440010946e-01
9.676105373056562708e-01 8.103148035956563300e-01
9.801769079200154389e-01 8.294952083512141527e-01
9.927432785343746069e-01 8.678535029241538634e-01
1.005309649148733886e+00 9.307899603629286034e-01
1.017876019763092943e+00 8.718012186143520026e-01
1.030442390377452222e+00 7.901179681966464807e-01
1.043008760991811279e+00 9.503985497705985663e-01
1.055575131606170558e+00 8.938353735015773793e-01
1.068141502220529837e+00 8.654987031005186848e-01
1.080707872834888894e+00 8.370272060837917749e-01
1.093274243449248173e+00 9.852929165313697446e-01
1.105840614063607008e+00 9.446025248339888769e-01
1.118406984677966287e+00 9.126275848457375828e-01
1.130973355292325566e+00 7.260225501832193729e-01
1.143539725906684623e+00 8.174649736532395572e-01
1.156106096521043902e+00 9.209796259511446870e-01
1.168672467135402959e+00 8.075544956381788264e-01
1.181238837749762238e+00 9.804368178159317271e-01
1.193805208364121295e+00 7.602389328087305609e-01
1.206371578978480574e+00 8.404546619988710887e-01
1.218937949592839853e+00 9.575516527057603700e-01
1.231504320207198910e+00 9.658447398465871414e-01
1.244070690821558189e+00 8.644737442225729485e-01
1.256637061435917246e+00 1.028509976949325111e+00
1.269203432050276525e+00 1.099237202805550373e+00
1.281769802664635582e+00 8.879053288021087065e-01
1.294336173278994861e+00 9.911337528937170793e-01
1.306902543893354141e+00 9.478072174721053900e-01
1.319468914507712975e+00 1.065776138616131075e+00
1.332035285122072255e+00 1.019307874031348593e+00
1.344601655736431534e+00 9.428287761200664363e-01
1.357168026350790591e+00 1.156091894778103812e+00
1.369734396965149870e+00 7.842304439222882451e-01
1.382300767579508927e+00 9.517046353294184025e-01
1.394867138193868206e+00 1.191466292828613494e+00
1.407433508808227263e+00 8.103369488299841938e-01
1.419999879422586542e+00 9.736883895418027013e-01
1.432566250036945821e+00 1.009481482876762204e+00
1.445132620651304878e+00 9.603068805030503530e-01
1.457698991265664157e+00 9.991556034287274457e-01
1.470265361880023214e+00 1.038837621961505864e+00
1.482831732494382493e+00 8.856805172058391795e-01
1.495398103108741550e+00 9.481915443639756802e-01
1.507964473723100607e+00 9.516936432708726912e-01
1.520530844337459886e+00 9.381653890865564449e-01
1.533097214951818943e+00 9.125661319351984213e-01
1.545663585566178222e+00 8.916952537173402638e-01
1.558229956180537279e+00 1.186740750909684339e+00
1.570796326794896558e+00 1.148983725978159010e+00
1.583362697409255837e+00 1.046992411676884949e+00
1.595929068023614894e+00 9.278142723607981646e-01
1.608495438637974173e+00 1.116763845783770748e+00
1.621061809252333230e+00 1.076713206461934469e+00
1.633628179866692509e+00 1.004310595051076227e+00
1.646194550481051566e+00 8.312555487468533677e-01
1.658760921095410845e+00 1.151837725251385169e+00
1.671327291709770124e+00 1.116228384493722636e+00
1.683893662324129181e+00 9.871511897774304378e-01
1.696460032938488460e+00 9.715513488510473250e-01
1.709026403552847517e+00 9.112102249478163385e-01
1.721592774167206796e+00 1.145295606057224802e+00
1.734159144781565853e+00 1.134127529237908050e+00
1.746725515395925132e+00 8.879234793578558715e-01
1.759291886010284411e+00 9.832579756445137820e-01
1.771858256624643468e+00 1.029913028457031254e+00
1.784424627239002747e+00 9.231604919812812504e-01
1.796990997853361804e+00 9.780293800349412203e-01
1.809557368467721084e+00 7.666110518220384806e-01
1.822123739082079918e+00 1.098742438791114440e+00
1.834690109696438975e+00 1.027323292073930361e+00
1.847256480310798255e+00 8.489022129085717072e-01
1.859822850925157534e+00 8.358799981591293893e-01
1.872389221539516591e+00 9.992725961972537263e-01
1.884955592153875870e+00 1.063798422222885787e+00
1.897521962768234927e+00 1.094564326063992787e+00
1.910088333382594206e+00 9.681769605014208802e-01
1.922654703996953263e+00 1.027965288005991962e+00
1.935221074611312542e+00 9.137242853056491976e-01
1.947787445225671821e+00 8.994510224836848034e-01
1.960353815840030878e+00 9.280107131604947712e-01
1.972920186454390157e+00 9.745007031715486878e-01
1.985486557068749214e+00 9.959555089472059697e-01
1.998052927683108493e+00 9.342627521453457096e-01
2.010619298297467772e+00 1.003535480063845853e+00
2.023185668911826607e+00 8.193830856536462592e-01
2.035752039526185886e+00 8.938342033003487952e-01
2.048318410140545165e+00 9.039098310297374317e-01
2.060884780754904444e+00 8.008517029642293616e-01
2.073451151369263723e+00 9.243041797159451400e-01
2.086017521983622558e+00 9.089501927950560667e-01
2.098583892597981837e+00 8.593034119532908521e-01
2.111150263212341116e+00 8.558924003518642021e-01
2.123716633826700395e+00 8.175711811327980305e-01
2.136283004441059674e+00 9.818942070651961451e-01
2.148849375055418509e+00 9.338381659050787320e-01
2.161415745669777788e+00 8.436578722754756177e-01
2.173982116284137067e+00 8.391664961952578494e-01
2.186548486898496346e+00 7.573189078308349975e-01
2.199114857512855181e+00 7.629671350036549837e-01
2.211681228127214016e+00 7.688062594486781975e-01
2.224247598741573295e+00 7.116313092445034627e-01
2.236813969355932574e+00 7.712913559435816691e-01
2.249380339970291853e+00 6.279371185548064949e-01
2.261946710584651132e+00 6.651872033393766426e-01
2.274513081199009967e+00 7.927369226487817055e-01
2.287079451813369246e+00 7.452606768408536198e-01
2.299645822427728525e+00 6.703789283698377011e-01
2.312212193042087804e+00 7.102314191980908520e-01
2.324778563656447083e+00 7.289065819599811480e-01
2.337344934270805918e+00 8.066913975887626265e-01
2.349911304885165197e+00 6.989722346292397415e-01
2.362477675499524477e+00 7.145500351722178234e-01
2.375044046113883756e+00 7.011396788635566590e-01
2.387610416728242591e+00 6.842121417265659700e-01
2.400176787342601870e+00 7.377911112908308588e-01
2.412743157956961149e+00 6.039135069450176641e-01
2.425309528571320428e+00 5.325141324593650749e-01
2.437875899185679707e+00 5.618518552904605556e-01
2.450442269800038542e+00 6.213010324908982973e-01
2.463008640414397821e+00 5.998162950318777220e-01
2.475575011028757100e+00 6.535818417383776335e-01
2.488141381643116379e+00 6.403812338516171598e-01
2.500707752257475658e+00 6.309634356939349820e-01
2.513274122871834493e+00 7.001920239218573094e-01
2.525840493486193772e+00 4.836926446359853249e-01
2.538406864100553051e+00 5.900639904347494413e-01
2.550973234714912330e+00 5.199857064529718187e-01
2.563539605329271165e+00 5.788390585758091955e-01
2.576105975943630444e+00 4.496276868427380724e-01
2.588672346557989723e+00 4.955892781092579580e-01
2.601238717172349002e+00 5.568159578529263687e-01
2.613805087786708281e+00 5.382197914685202811e-01
2.626371458401067116e+00 4.238129939239130284e-01
2.638937829015425951e+00 4.565784773200497471e-01
2.651504199629785230e+00 4.628828627980582366e-01
2.664070570244144509e+00 4.238793841161880849e-01
2.676636940858503788e+00 3.585350817106131571e-01
2.689203311472863067e+00 6.076155915134329177e-01
2.701769682087221902e+00 1.911571941409207775e-01
2.714336052701581181e+00 6.226638527917560673e-01
2.726902423315940460e+00 4.364670493320406686e-01
2.739468793930299739e+00 4.755823539972565128e-01
2.752035164544658574e+00 2.814890677438117716e-01
2.764601535159017853e+00 3.102186705217410134e-01
2.777167905773377132e+00 1.288028053851521804e-01
2.789734276387736411e+00 3.319370804631849858e-01
2.802300647002095690e+00 3.810048559819801950e-01
2.814867017616454525e+00 3.368157894142803088e-01
2.827433388230813804e+00 3.501576204376618540e-01
2.839999758845173083e+00 2.806433171124215198e-01
2.852566129459532362e+00 3.823962133990825851e-01
2.865132500073891642e+00 2.596153276119127495e-01
2.877698870688250476e+00 2.200608958763467793e-01
2.890265241302609756e+00 2.475134164275805682e-01
2.902831611916969035e+00 4.059500493266798848e-01
2.915397982531328314e+00 2.418813769979377970e-01
2.927964353145687149e+00 2.498747177625137150e-01
2.940530723760046428e+00 1.560717686475540655e-01
2.953097094374405707e+00 1.907398716488457879e-01
2.965663464988764986e+00 -8.500880705466784537e-04
2.978229835603124265e+00 1.504901109882710308e-01
2.990796206217483100e+00 2.546888118551665081e-01
3.003362576831842379e+00 -6.013983015488028050e-03
3.015928947446201214e+00 1.041666193337670576e-01
3.028495318060560493e+00 1.401319032045056368e-01
3.041061688674919772e+00 1.039748179097560316e-01
3.053628059289279051e+00 5.341570577158357563e-02
3.066194429903637886e+00 6.183813364399608214e-02
3.078760800517997165e+00 -7.012844570069251549e-02
3.091327171132356444e+00 -1.058389931438453169e-01
3.103893541746715723e+00 4.449650691502046729e-02
3.116459912361074558e+00 -1.976383022941549106e-01
3.129026282975433837e+00 -1.774803523843770936e-02
3.141592653589793116e+00 -3.347973235411945414e-02
3.154159024204152395e+00 -5.459353040280548464e-02
3.166725394818511674e+00 -6.596459695196452144e-02
3.179291765432870509e+00 -2.761749106989309921e-02
3.191858136047229788e+00 -8.592525885946854236e-02
3.204424506661589067e+00 2.282399911867888931e-01
3.216990877275948346e+00 -1.158887528577420833e-01
3.229557247890307181e+00 7.184117227708249065e-02
3.242123618504666460e+00 -1.385144881960821972e-01
3.254689989119025739e+00 4.821187153235974299e-02
3.267256359733385018e+00 -2.806596975290770457e-01
3.279822730347744297e+00 -1.525255306022037516e-01
3.292389100962103132e+00 -2.401494269949647764e-01
3.304955471576462411e+00 -8.452186249665213924e-02
3.317521842190821690e+00 -4.073723188504695392e-01
3.330088212805180969e+00 -2.879589119637912531e-01
3.342654583419540248e+00 -8.367311705614505213e-02
3.355220954033899083e+00 -2.461122653312304287e-01
3.367787324648258362e+00 -1.492083420556657436e-01
3.380353695262617642e+00 -1.231683517981733977e-01
3.392920065876976921e+00 -3.135693878620680608e-01
3.405486436491335756e+00 -1.452196467202823138e-01
3.418052807105695035e+00 -3.735147389352576619e-01
3.430619177720054314e+00 -1.915171667467715499e-01
3.443185548334413593e+00 -1.908975576598102575e-01
3.455751918948772872e+00 -2.932855305306555915e-01
3.468318289563131707e+00 -3.094865503933334483e-01
3.480884660177490986e+00 -5.538328614669043581e-01
3.493451030791850265e+00 -5.385288927129471270e-01
3.506017401406209544e+00 -2.951108126930797049e-01
3.518583772020568823e+00 -5.070507326587224695e-01
3.531150142634927658e+00 -1.137563333759145645e-01
3.543716513249286937e+00 -3.609289514522388553e-01
3.556282883863646216e+00 -1.542260059288741159e-01
3.568849254478005495e+00 -4.240309423883573681e-01
3.581415625092364330e+00 -4.840672016209892625e-01
3.593981995706723609e+00 -4.161291079616987187e-01
3.606548366321082888e+00 -6.114818595221922504e-01
3.619114736935442167e+00 -5.648781567492273670e-01
3.631681107549800558e+00 -3.743525629314043979e-01
3.644247478164159837e+00 -4.543491964517950565e-01
3.656813848778519116e+00 -4.351578454382054595e-01
3.669380219392877951e+00 -6.753115883382251328e-01
3.681946590007237230e+00 -5.431882835679898713e-01
3.694512960621596509e+00 -4.294731908211799065e-01
3.707079331235955788e+00 -5.759771962646581533e-01
3.719645701850315067e+00 -5.752091935532794853e-01
3.732212072464673902e+00 -6.725736661332734068e-01
3.744778443079033181e+00 -5.051479303385251196e-01
3.757344813693392460e+00 -5.706024328871933671e-01
3.769911184307751739e+00 -4.293245376664437396e-01
3.782477554922110574e+00 -6.632227165598865160e-01
3.795043925536469853e+00 -3.733872633048994638e-01
3.807610296150829132e+00 -5.500093520061896113e-01
3.820176666765188411e+00 -6.974337515439127388e-01
3.832743037379547690e+00 -7.070356771855861311e-01
3.845309407993906525e+00 -5.252258322524770984e-01
3.857875778608265804e+00 -5.739874101127107053e-01
3.870442149222625083e+00 -7.315396286782707147e-01
3.883008519836984362e+00 -6.398371890855799604e-01
3.895574890451343641e+00 -7.502838548854461331e-01
3.908141261065702476e+00 -8.664037360802756549e-01
3.920707631680061755e+00 -6.883210354374017514e-01
3.933274002294421035e+00 -6.817278037921680189e-01
3.945840372908780314e+00 -6.530944365331948775e-01
3.958406743523139149e+00 -8.838059933464519347e-01
3.970973114137498428e+00 -8.220234032131787938e-01
3.983539484751857707e+00 -5.973831548697456917e-01
3.996105855366216986e+00 -7.081083606996074753e-01
4.008672225980576265e+00 -7.544054324172304593e-01
4.021238596594935544e+00 -8.064335192831759702e-01
4.033804967209294823e+00 -8.457008639910141845e-01
4.046371337823653214e+00 -7.889048999830503561e-01
4.058937708438012493e+00 -7.725460002066842913e-01
4.071504079052371772e+00 -8.044476198508667686e-01
4.084070449666731051e+00 -8.399825649809474770e-01
4.096636820281090330e+00 -7.952927711332352656e-01
4.109203190895449609e+00 -9.520688590124883888e-01
4.121769561509808888e+00 -8.128425467895094014e-01
4.134335932124168167e+00 -6.480324225432070318e-01
4.146902302738527446e+00 -8.783828564459256194e-01
4.159468673352886725e+00 -7.992841813375124449e-01
4.172035043967245116e+00 -7.733395287712725441e-01
4.184601414581604395e+00 -8.320930235859819168e-01
4.197167785195963674e+00 -9.905131881488241641e-01
4.209734155810322953e+00 -8.623098706869024577e-01
4.222300526424682232e+00 -7.736683230182473947e-01
4.234866897039041511e+00 -9.360906426612122244e-01
4.247433267653400790e+00 -6.908882395089774864e-01
4.259999638267760069e+00 -7.161075573329018784e-01
4.272566008882119348e+00 -1.068830649025305224e+00
4.285132379496477739e+00 -9.773714184520818637e-01
4.297698750110837018e+00 -1.001177424152644324e+00
4.310265120725196297e+00 -1.151448137152809137e+00
4.322831491339555576e+00 -9.124219170613760976e-01
4.335397861953914855e+00 -9.004662513622635478e-01
4.347964232568274134e+00 -9.807214294042131408e-01
4.360530603182633413e+00 -7.736576299474672291e-01
4.373096973796992692e+00 -1.013703116036298368e+00
4.385663344411351972e+00 -7.955998813706941508e-01
4.398229715025710362e+00 -9.509688695877726028e-01
4.410796085640069641e+00 -8.992700467371521622e-01
4.423362456254428032e+00 -7.160338980140226184e-01
4.435928826868787311e+00 -1.039745405387532573e+00
4.448495197483146590e+00 -8.224553870977904246e-01
4.461061568097505869e+00 -9.771238244290276764e-01
4.473627938711865148e+00 -1.122974151700782297e+00
4.486194309326224428e+00 -1.125457260794450853e+00
4.498760679940583707e+00 -1.082046505006951653e+00
4.511327050554942986e+00 -1.007544945797127056e+00
4.523893421169302265e+00 -8.884687864372387001e-01
4.536459791783661544e+00 -9.824243081352298512e-01
4.549026162398019935e+00 -1.067868532853177177e+00
4.561592533012379214e+00 -9.853465308437077130e-01
4.574158903626738493e+00 -9.114879112843736753e-01
4.586725274241097772e+00 -1.030982983474870718e+00
4.599291644855457051e+00 -1.054232774813814055e+00
4.611858015469816330e+00 -8.014189197173535728e-01
4.624424386084175609e+00 -9.227032175735644381e-01
4.636990756698534888e+00 -1.111233327397591841e+00
4.649557127312894167e+00 -1.037630105285340720e+00
4.662123497927252558e+00 -1.066036907926595667e+00
4.674689868541611837e+00 -1.019360391106119312e+00
4.687256239155971116e+00 -1.078458655983156822e+00
4.699822609770330395e+00 -9.715514767971928922e-01
4.712388980384689674e+00 -9.562644146081937802e-01
4.724955350999048953e+00 -9.183282646152091111e-01
4.737521721613408232e+00 -1.087231414048444256e+00
4.750088092227767511e+00 -8.865163458649775174e-01
4.762654462842126790e+00 -1.193877186174175264e+00
4.775220833456485181e+00 -9.137622536786117466e-01
4.787787204070844460e+00 -1.122701129158596212e+00
4.800353574685203739e+00 -1.016046795758771326e+00
4.812919945299563018e+00 -9.736362322224313415e-01
4.825486315913922297e+00 -1.031483625219203004e+00
4.838052686528281576e+00 -9.748561925161471908e-01
4.850619057142640855e+00 -1.059474951267339815e+00
4.863185427757000134e+00 -1.087092321202298928e+00
4.875751798371359413e+00 -9.643377770316323705e-01
4.888318168985717804e+00 -9.956118868946104428e-01
4.900884539600077083e+00 -1.011850912613599718e+00
4.913450910214436362e+00 -1.142737684438202894e+00
4.926017280828795641e+00 -1.021926129865422972e+00
4.938583651443154920e+00 -1.006987577437797654e+00
4.951150022057514200e+00 -9.084169353040327799e-01
4.963716392671873479e+00 -9.384060922725816489e-01
4.976282763286232758e+00 -9.021556158297201478e-01
4.988849133900592037e+00 -8.119070403305137518e-01
5.001415504514951316e+00 -1.057525610806471672e+00
5.013981875129309707e+00 -9.617887893085262929e-01
5.026548245743668986e+00 -9.626419498014634479e-01
5.039114616358028265e+00 -9.751233594068705601e-01
5.051680986972387544e+00 -9.452842845756074253e-01
5.064247357586746823e+00 -1.126862987877582878e+00
5.076813728201106102e+00 -7.006078689296773021e-01
5.089380098815465381e+00 -8.009560259216770284e-01
5.101946469429824660e+00 -1.024152051406587383e+00
5.114512840044183939e+00 -8.997293903604733911e-01
5.127079210658542330e+00 -8.027045175249494235e-01
5.139645581272901609e+00 -1.027926660804917125e+00
5.152211951887260888e+00 -6.395930560350469030e-01
5.164778322501620167e+00 -7.796882079304807700e-01
5.177344693115979446e+00 -8.459904888158999992e-01
5.189911063730338725e+00 -7.578839315918360908e-01
5.202477434344698004e+00 -1.015483817314302373e+00
5.215043804959057283e+00 -7.494370731415529452e-01
5.227610175573416562e+00 -8.162789957502798455e-01
5.240176546187774953e+00 -8.373142875405090724e-01
5.252742916802134232e+00 -8.784322907813602033e-01
5.265309287416492623e+00 -7.761614961122955680e-01
5.277875658030851902e+00 -7.809198912949621985e-01
5.290442028645211181e+00 -8.408245530856149896e-01
5.303008399259570460e+00 -6.626006045119896548e-01
5.315574769873929739e+00 -7.170686843924333198e-01
5.328141140488289018e+00 -9.198069407213398385e-01
5.340707511102648297e+00 -7.927023444910854533e-01
5.353273881717007576e+00 -9.668999280748411529e-01
5.365840252331366855e+00 -7.397718064172619234e-01
5.378406622945726134e+00 -7.959301783235512850e-01
5.390972993560084525e+00 -6.724768454016317731e-01
5.403539364174443804e+00 -7.287807681359910195e-01
5.416105734788803083e+00 -8.859916720697476045e-01
5.428672105403162362e+00 -8.023427214160149257e-01
5.441238476017521641e+00 -6.487526371243612644e-01
5.453804846631880920e+00 -5.899238530518601253e-01
5.466371217246240199e+00 -6.006903768610158956e-01
5.478937587860599479e+00 -6.346033339188542621e-01
5.491503958474958758e+00 -8.095384288132237982e-01
5.504070329089317148e+00 -7.631625479196814110e-01
5.516636699703676427e+00 -6.033677988274395165e-01
5.529203070318035707e+00 -6.247600930434593636e-01
5.541769440932394986e+00 -5.622075132428655531e-01
5.554335811546754265e+00 -4.074023716430990594e-01
5.566902182161113544e+00 -5.331147872142456556e-01
5.579468552775472823e+00 -5.853612002474566367e-01
5.592034923389832102e+00 -5.553887006677540317e-01
5.604601294004191381e+00 -6.472659300592953358e-01
5.617167664618549772e+00 -6.939591479495457182e-01
5.629734035232909051e+00 -5.877654952721773629e-01
5.642300405847268330e+00 -5.879296283351809205e-01
5.654866776461627609e+00 -5.405072423611169130e-01
5.667433147075986888e+00 -7.163992205691140924e-01
5.679999517690346167e+00 -4.462324126249527789e-01
5.692565888304705446e+00 -5.137966501806745523e-01
5.705132258919064725e+00 -6.041077113570687551e-01
5.717698629533424004e+00 -4.894052054697142773e-01
5.730265000147783283e+00 -6.098287856140306440e-01
5.742831370762141674e+00 -3.362485747881704956e-01
5.755397741376500953e+00 -4.371813887661778475e-01
5.767964111990860232e+00 -4.203066935243308100e-01
5.780530482605219511e+00 -4.084676333111946778e-01
5.793096853219578790e+00 -5.278722483481782524e-01
5.805663223833938069e+00 -6.668983021863473803e-01
5.818229594448297348e+00 -4.253922584149705810e-01
5.830795965062656627e+00 -4.587492432069733006e-01
5.843362335677015906e+00 -3.330579890115991093e-01
5.855928706291374297e+00 -5.227622266923086514e-01
5.868495076905733576e+00 -3.522702448419386401e-01
5.881061447520092855e+00 -5.383724629441565268e-01
5.893627818134452134e+00 -4.324942955209709616e-01
5.906194188748811413e+00 -5.310656628391761114e-01
5.918760559363170692e+00 -4.404312198733322248e-01
5.931326929977529971e+00 -1.756315348448279912e-01
5.943893300591889250e+00 -3.206414656557952103e-01
5.956459671206248530e+00 -2.781497987503346869e-01
5.969026041820606920e+00 -4.889594163326231313e-01
5.981592412434966199e+00 -3.071992646040471731e-01
5.994158783049325478e+00 -3.080005311979305826e-01
6.006725153663684758e+00 -3.146516723446061703e-01
6.019291524278044037e+00 -3.046594540013854435e-01
6.031857894892402427e+00 -1.626844845547012197e-01
6.044424265506761706e+00 -3.754741066172540553e-01
6.056990636121120986e+00 -4.510533313404134770e-01
6.069557006735480265e+00 -2.866229622351046946e-01
6.082123377349839544e+00 -1.917375090023440420e-01
6.094689747964198823e+00 -2.201447435643101302e-01
6.107256118578558102e+00 -2.439892265224874457e-01
6.119822489192916493e+00 -6.466064755531449049e-02
6.132388859807275772e+00 -2.477355617048865311e-02
6.144955230421635051e+00 3.475178731150047051e-02
6.157521601035994330e+00 -2.320115259942565622e-01
6.170087971650353609e+00 -1.268500266025404666e-02
6.182654342264712888e+00 -3.433496782622544319e-03
6.195220712879072167e+00 -2.488678327151645775e-01
6.207787083493431446e+00 -9.433290648795075728e-02
6.220353454107790725e+00 -4.413149437846881906e-02
6.232919824722149116e+00 -2.506221948508234321e-01
6.245486195336508395e+00 -1.882478701370493557e-01
6.258052565950867674e+00 -1.952262829906206976e-01
6.270618936565226953e+00 -4.193203307015536813e-02
