0.000000000000000000e+00 7.613877860005789644e-02
1.256637061435917323e-02 -2.060442621817420439e-01
2.513274122871834645e-02 6.659250580505970962e-02
3.769911184307751795e-02 1.126400636185377058e-01
5.026548245743669291e-02 1.281050659837467548e-02
6.283185307179586787e-02 8.798217835653726615e-02
7.539822368615503589e-02 1.606102726318471563e-01
8.796459430051420392e-02 2.588415120112532164e-01
1.005309649148733858e-01 1.260073840022598868e-01
1.130973355292325677e-01 2.945753263611915473e-01
1.256637061435917357e-01 -4.039587772726963011e-02
1.382300767579508760e-01 2.533079648256691963e-01
1.507964473723100718e-01 1.813409875020187134e-01
1.633628179866692676e-01 8.191857321072171239e-02
1.759291886010284078e-01 4.588575542445108568e-02
1.884955592153875759e-01 3.503688041880781423e-01
2.010619298297467716e-01 -2.051370866428670059e-02
2.136283004441059397e-01 1.914251897005891656e-01
2.261946710584651354e-01 3.963752463538233184e-01
2.387610416728242757e-01 1.347179171588527846e-01
2.513274122871834715e-01 3.174061989716187027e-01
2.638937829015426395e-01 1.579733675072377275e-01
2.764601535159017520e-01 2.889844894749397097e-01
2.890265241302609756e-01 3.754578879955001169e-01
3.015928947446201436e-01 1.741270882615905125e-01
3.141592653589793116e-01 1.168189428994333423e-01
3.267256359733385351e-01 4.525209365546457030e-01
3.392920065876976476e-01 4.327792134370240240e-01
3.518583772020568157e-01 3.645822797085362388e-01
3.644247478164160392e-01 4.635967142940551344e-01
3.769911184307751517e-01 3.191477591064897923e-01
3.895574890451343197e-01 5.061182951213669678e-01
4.021238596594935433e-01 6.629428885453724218e-01
4.146902302738527113e-01 5.159240849747841473e-01
4.272566008882118793e-01 3.712997601616545018e-01
4.398229715025711029e-01 5.066552717820433926e-01
4.523893421169302709e-01 3.009218595594984613e-01
4.649557127312893834e-01 3.976943534684946324e-01
4.775220833456485514e-01 4.532267628257788949e-01
4.900884539600077194e-01 5.507800370273524537e-01
5.026548245743669430e-01 4.083790374999041739e-01
5.152211951887261110e-01 6.374386710039297022e-01
5.277875658030852790e-01 5.211191441249852785e-01
5.403539364174444470e-01 7.813846510368112064e-01
5.529203070318035040e-01 4.346028790849442158e-01
5.654866776461627831e-01 5.584137468572166751e-01
5.780530482605219511e-01 6.663428039584676776e-01
5.906194188748811191e-01 5.226111543688736205e-01
6.031857894892402872e-01 4.992966430810882317e-01
6.157521601035994552e-01 4.956221119642295614e-01
6.283185307179586232e-01 7.922020499290028939e-01
6.408849013323177912e-01 6.268280790476759012e-01
6.534512719466770703e-01 5.872645687321895736e-01
6.660176425610361273e-01 5.748210132049906829e-01
6.785840131753952953e-01 4.533157637787541550e-01
6.911503837897544633e-01 5.384821836631976666e-01
7.037167544041136313e-01 9.066622277790510331e-01
7.162831250184729104e-01 7.133004002927001430e-01
7.288494956328320784e-01 6.849818458419839606e-01
7.414158662471912464e-01 8.221973642921680536e-01
7.539822368615503034e-01 6.509671188004405584e-01
7.665486074759094715e-01 7.016605964126646500e-01
7.791149780902686395e-01 5.944403716550660244e-01
7.916813487046279185e-01 8.679574472715870792e-01
8.042477193189870865e-01 8.172241503856854106e-01
8.168140899333462546e-01 8.008933621096799849e-01
8.293804605477054226e-01 8.698447306951525571e-01
8.419468311620645906e-01 7.122260401828819365e-01
8.545132017764237586e-01 7.525638558266765088e-01
8.670795723907829267e-01 8.545867070217694206e-01
8.796459430051422057e-01 7.984181605766740297e-01
8.922123136195013737e-01 1.012886336952250943e+00
9.047786842338605418e-01 7.477121690902647222e-01
9.173450548482194877e-01 6.524466004911833039e-01
9.299114254625787668e-01 9.115255962236741283e-01
9.424777960769379348e-01 7.058733478910630410e-01
9.550441666912971028e-01 7.463286783500409083e-01
9.676105373056562708e-01 7.875976032234145441e-01
9.801769079200154389e-01 9.203544545731341397e-01
9.927432785343746069e-01 8.054315857962194292e-01
1.005309649148733886e+00 7.695313081302308511e-01
1.017876019763092943e+00 9.721764990021726227e-01
1.030442390377452222e+00 9.295344128078127932e-01
1.043008760991811279e+00 7.315196054453498853e-01
1.055575131606170558e+00 6.933052628447551324e-01
1.068141502220529837e+00 7.796701056456356582e-01
1.080707872834888894e+00 6.998740984814622035e-01
1.093274243449248173e+00 9.109004837030034718e-01
1.105840614063607008e+00 9.434583551918611644e-01
1.118406984677966287e+00 8.862766527967634866e-01
1.130973355292325566e+00 1.119977962353618128e+00
1.143539725906684623e+00 9.064966421541109654e-01
1.156106096521043902e+00 9.261695370941093186e-01
1.168672467135402959e+00 9.166746724326091389e-01
1.181238837749762238e+00 7.272170847743498756e-01
1.193805208364121295e+00 9.798942560730624640e-01
1.206371578978480574e+00 8.494457011204619157e-01
1.218937949592839853e+00 8.509237455124216698e-01
1.231504320207198910e+00 9.972756007698032610e-01
1.244070690821558189e+00 1.013767706904577626e+00
1.256637061435917246e+00 1.068603106051865925e+00
1.269203432050276525e+00 1.012595985915738517e+00
1.281769802664635582e+00 8.691156733456347760e-01
1.294336173278994861e+00 9.798697173152285389e-01
1.306902543893354141e+00 8.036163162975050733e-01
1.319468914507712975e+00 8.097520429931210906e-01
1.332035285122072255e+00 9.826400885864176038e-01
1.344601655736431534e+00 1.040989896749919374e+00
1.357168026350790591e+00 1.051061736487649556e+00
1.369734396965149870e+00 1.056516584698446559e+00
1.382300767579508927e+00 9.539487579969337938e-01
1.394867138193868206e+00 1.065542562951757866e+00
1.407433508808227263e+00 1.009073332928083433e+00
1.419999879422586542e+00 8.295710005905738704e-01
1.432566250036945821e+00 9.275016829632388715e-01
1.445132620651304878e+00 1.031548311063041679e+00
1.457698991265664157e+00 1.002465671464053854e+00
1.470265361880023214e+00 1.176821878176692593e+00
1.482831732494382493e+00 9.938157002891354619e-01
1.495398103108741550e+00 1.067999060570523628e+00
1.507964473723100607e+00 1.108478069358122653e+00
1.520530844337459886e+00 1.120281908026597550e+00
1.533097214951818943e+00 9.025503007491777474e-01
1.545663585566178222e+00 8.912356489571374718e-01
1.558229956180537279e+00 8.894404999576672743e-01
1.570796326794896558e+00 9.584385394202243891e-01
1.583362697409255837e+00 1.069617856293116898e+00
1.595929068023614894e+00 7.880591931710649867e-01
1.608495438637974173e+00 9.843284809530277180e-01
1.621061809252333230e+00 1.024000092287811858e+00
1.633628179866692509e+00 8.552676313452037826e-01
1.646194550481051566e+00 1.138461717985215893e+00
1.658760921095410845e+00 9.104947107751801827e-01
1.671327291709770124e+00 1.085183757257153658e+00
1.683893662324129181e+00 1.018826095364949502e+00
1.696460032938488460e+00 1.020569288762189109e+00
1.709026403552847517e+00 8.708329732309632032e-01
1.721592774167206796e+00 8.472280974839623280e-01
1.734159144781565853e+00 9.499540397775240175e-01
1.746725515395925132e+00 8.475776116745130651e-01
1.759291886010284411e+00 1.011162272930650641e+00
1.771858256624643468e+00 1.039572967781125179e+00
1.784424627239002747e+00 9.831332956913375609e-01
1.796990997853361804e+00 1.002231636319135255e+00
1.809557368467721084e+00 8.898798856138983027e-01
1.822123739082079918e+00 8.532132440699462528e-01
1.834690109696438975e+00 1.012446463579470990e+00
1.847256480310798255e+00 1.059958250952277359e+00
1.859822850925157534e+00 1.041604423692705561e+00
1.872389221539516591e+00 8.881597938726782937e-01
1.884955592153875870e+00 1.008989136740366499e+00
1.897521962768234927e+00 8.278165573376792263e-01
1.910088333382594206e+00 9.094910356755557812e-01
1.922654703996953263e+00 8.387464185255264493e-01
1.935221074611312542e+00 8.744172531046672248e-01
1.947787445225671821e+00 9.850334146103295607e-01
1.960353815840030878e+00 1.060593305540707298e+00
1.972920186454390157e+00 7.018930723412238892e-01
1.985486557068749214e+00 7.824819661704870422e-01
1.998052927683108493e+00 1.036495865140898198e+00
2.010619298297467772e+00 9.096996823526277698e-01
2.023185668911826607e+00 1.002202927871750360e+00
2.035752039526185886e+00 9.145544977170020351e-01
2.048318410140545165e+00 9.106036067311791271e-01
2.060884780754904444e+00 8.579062643136721178e-01
2.073451151369263723e+00 1.013812618050064618e+00
2.086017521983622558e+00 8.228559815269602673e-01
2.098583892597981837e+00 8.407166660665477131e-01
2.111150263212341116e+00 9.133258071765149033e-01
2.123716633826700395e+00 9.078067062448861302e-01
2.136283004441059674e+00 9.176153438710505927e-01
2.148849375055418509e+00 8.986673466300790780e-01
2.161415745669777788e+00 6.998113532567448170e-01
2.173982116284137067e+00 9.366654139577214044e-01
2.186548486898496346e+00 9.404317969206648087e-01
2.199114857512855181e+00 7.289776700239318785e-01
2.211681228127214016e+00 8.854487453342745340e-01
2.224247598741573295e+00 7.360047458497169792e-01
2.236813969355932574e+00 8.853563391588255005e-01
2.249380339970291853e+00 6.375682030462256344e-01
2.261946710584651132e+00 6.699426433017777738e-01
2.274513081199009967e+00 7.466525495956076730e-01
2.287079451813369246e+00 6.991869048864415292e-01
2.299645822427728525e+00 8.260207292989031336e-01
2.312212193042087804e+00 7.215676552891859830e-01
2.324778563656447083e+00 7.260925441558758742e-01
2.337344934270805918e+00 6.569311700398159370e-01
2.349911304885165197e+00 9.185386774392253484e-01
2.362477675499524477e+00 8.005614718883611314e-01
2.375044046113883756e+00 4.939058170894485844e-01
2.387610416728242591e+00 7.925336856957945209e-01
2.400176787342601870e+00 6.412875538611459980e-01
2.412743157956961149e+00 7.401958214736437114e-01
2.425309528571320428e+00 7.438348679913098227e-01
2.437875899185679707e+00 8.695477744624802163e-01
2.450442269800038542e+00 5.881566193465133097e-01
2.463008640414397821e+00 5.439739920569698350e-01
2.475575011028757100e+00 4.930947796372812664e-01
2.488141381643116379e+00 4.224955596354205145e-01
2.500707752257475658e+00 6.293024272920884066e-01
2.513274122871834493e+00 4.752235093276229727e-01
2.525840493486193772e+00 6.826464776061242912e-01
2.538406864100553051e+00 8.068362459667488551e-01
2.550973234714912330e+00 7.157343398895376074e-01
2.563539605329271165e+00 5.051492220649238529e-01
2.576105975943630444e+00 5.532710622758665320e-01
2.588672346557989723e+00 3.420380322841864995e-01
2.601238717172349002e+00 6.559513813320346776e-01
2.613805087786708281e+00 5.089203936070956225e-01
2.626371458401067116e+00 4.096283066312831345e-01
2.638937829015425951e+00 4.630801962332689592e-01
2.651504199629785230e+00 2.922184472857284332e-01
2.664070570244144509e+00 2.667936449198016757e-01
2.676636940858503788e+00 3.709347258111655998e-01
2.689203311472863067e+00 3.701999099333406207e-01
2.701769682087221902e+00 5.424331285690520144e-01
2.714336052701581181e+00 4.857117982768192621e-01
2.726902423315940460e+00 4.804856963263509639e-01
2.739468793930299739e+00 3.188152803793778411e-01
2.752035164544658574e+00 4.455725358585660434e-01
2.764601535159017853e+00 3.442798747056031727e-01
2.777167905773377132e+00 2.684384573954041731e-01
2.789734276387736411e+00 2.742177133981411608e-01
2.802300647002095690e+00 3.006987654523939901e-01
2.814867017616454525e+00 3.235809754541205674e-01
2.827433388230813804e+00 3.041282700691222973e-01
2.839999758845173083e+00 2.567802697900489761e-01
2.852566129459532362e+00 2.920284393950882684e-01
2.865132500073891642e+00 2.730058607237546564e-01
2.877698870688250476e+00 2.189383104824774440e-01
2.890265241302609756e+00 1.648787091894272083e-01
2.902831611916969035e+00 2.555784801168897724e-01
2.915397982531328314e+00 3.744831663823953161e-01
2.927964353145687149e+00 1.057752777874007982e-01
2.940530723760046428e+00 2.329895992129250304e-01
2.953097094374405707e+00 3.562670538450204427e-01
2.965663464988764986e+00 1.663535821897748901e-01
2.978229835603124265e+00 2.959549794266865819e-01
2.990796206217483100e+00 3.136252857986585041e-02
3.003362576831842379e+00 5.245974580185477909e-02
3.015928947446201214e+00 6.601378357198572910e-02
3.028495318060560493e+00 1.291350216211105406e-01
3.041061688674919772e+00 1.781088154539040569e-01
3.053628059289279051e+00 -4.791202406483811849e-02
3.066194429903637886e+00 1.247641568073290658e-01
3.078760800517997165e+00 -2.923368916591331801e-02
3.091327171132356444e+00 8.289610375722011870e-02
3.103893541746715723e+00 2.604845675654695464e-02
3.116459912361074558e+00 6.184949232179109968e-02
3.129026282975433837e+00 -9.424054881255698041e-04
3.141592653589793116e+00 1.254263262556438163e-01
3.154159024204152395e+00 -1.694337024171758688e-01
3.166725394818511674e+00 1.020674465690764726e-01
3.179291765432870509e+00 3.838744882835555539e-02
3.191858136047229788e+00 -2.658473067017151983e-02
3.204424506661589067e+00 4.835101400032523755e-02
3.216990877275948346e+00 6.282095353180032482e-02
3.229557247890307181e+00 -1.993354163833168380e-01
3.242123618504666460e+00 -1.362764007856399062e-01
3.254689989119025739e+00 -1.149083479112277123e-01
3.267256359733385018e+00 -1.410465538969213062e-01
3.279822730347744297e+00 -1.191782260131964283e-01
3.292389100962103132e+00 -7.161189667577175233e-02
3.304955471576462411e+00 -4.272491409365937465e-02
3.317521842190821690e+00 -1.761697054410832630e-01
3.330088212805180969e+00 -7.112988714160661807e-02
3.342654583419540248e+00 -1.782263592775328309e-01
3.355220954033899083e+00 -2.524393857368757432e-01
3.367787324648258362e+00 -3.099095881081282977e-01
3.380353695262617642e+00 -1.380827295438707414e-01
3.392920065876976921e+00 -2.766886156403850494e-01
3.405486436491335756e+00 -3.305341282673402992e-01
3.418052807105695035e+00 -1.779917664922186227e-01
3.430619177720054314e+00 -3.222062324508657705e-01
3.443185548334413593e+00 -2.293222410063218974e-01
3.455751918948772872e+00 -2.144933419851879075e-01
3.468318289563131707e+00 -4.030215881414114798e-01
3.480884660177490986e+00 -4.041406259798349110e-01
3.493451030791850265e+00 -3.588111438356015870e-01
3.506017401406209544e+00 -2.956694242032388842e-01
3.518583772020568823e+00 -5.903837126899571519e-01
3.531150142634927658e+00 -5.198013414831215151e-01
3.543716513249286937e+00 -5.760322366396120053e-01
3.556282883863646216e+00 -3.753242033101779618e-01
3.568849254478005495e+00 -5.409050529676306951e-01
3.581415625092364330e+00 -4.495071291626174803e-01
3.593981995706723609e+00 -4.355220355127595866e-01
3.606548366321082888e+00 -4.249428096548527045e-01
3.619114736935442167e+00 -3.909380420077142593e-01
3.631681107549800558e+00 -4.205416659061246287e-01
3.644247478164159837e+00 -4.538191113187731718e-01
3.656813848778519116e+00 -5.092578483027503378e-01
3.669380219392877951e+00 -3.805739978441206040e-01
3.681946590007237230e+00 -5.529175727314667999e-01
3.694512960621596509e+00 -3.794227299971207334e-01
3.707079331235955788e+00 -4.132795639872032245e-01
3.719645701850315067e+00 -6.114596008074332234e-01
3.732212072464673902e+00 -6.832971247985983876e-01
3.744778443079033181e+00 -2.994814170600287317e-01
3.757344813693392460e+00 -7.039527148388271538e-01
3.769911184307751739e+00 -6.254654736271514359e-01
3.782477554922110574e+00 -7.898280841185011392e-01
3.795043925536469853e+00 -6.298854044022547116e-01
3.807610296150829132e+00 -7.683560237283961758e-01
3.820176666765188411e+00 -7.406059479482985930e-01
3.832743037379547690e+00 -7.564590048801196343e-01
3.845309407993906525e+00 -6.376298654748663308e-01
3.857875778608265804e+00 -5.622412011564600354e-01
3.870442149222625083e+00 -7.471013070738752315e-01
3.883008519836984362e+00 -6.087546013967073399e-01
3.895574890451343641e+00 -5.793435890831662993e-01
3.908141261065702476e+00 -6.533395317037753447e-01
3.920707631680061755e+00 -5.722074923332363117e-01
3.933274002294421035e+00 -7.302837019038102007e-01
3.945840372908780314e+00 -7.799645329560780382e-01
3.958406743523139149e+00 -7.277009768333848605e-01
3.970973114137498428e+00 -8.048636127311890043e-01
3.983539484751857707e+00 -8.337778329633329655e-01
3.996105855366216986e+00 -8.214302868800728019e-01
4.008672225980576265e+00 -8.280768854406803658e-01
4.021238596594935544e+00 -7.823012439714378541e-01
4.033804967209294823e+00 -6.947890013310027424e-01
4.046371337823653214e+00 -9.081487188790230425e-01
4.058937708438012493e+00 -7.496512058600375283e-01
4.071504079052371772e+00 -8.432983143075927224e-01
4.084070449666731051e+00 -8.396525191590886728e-01
4.096636820281090330e+00 -8.449942235270606616e-01
4.109203190895449609e+00 -9.195665208677527014e-01
4.121769561509808888e+00 -8.729536278659169035e-01
4.134335932124168167e+00 -9.623699101852841720e-01
4.146902302738527446e+00 -7.819791372273955377e-01
4.159468673352886725e+00 -8.247530247629776268e-01
4.172035043967245116e+00 -8.023491095118017169e-01
4.184601414581604395e+00 -9.649016080445185217e-01
4.197167785195963674e+00 -8.385439449221314678e-01
4.209734155810322953e+00 -8.365123804376847216e-01
4.222300526424682232e+00 -9.221718826297132798e-01
4.234866897039041511e+00 -7.055670955253727783e-01
4.247433267653400790e+00 -7.464909412875021522e-01
4.259999638267760069e+00 -9.092308453302094806e-01
4.272566008882119348e+00 -1.044459667281836479e+00
4.285132379496477739e+00 -8.815165189466892537e-01
4.297698750110837018e+00 -1.024795190198979578e+00
4.310265120725196297e+00 -1.024188404176235023e+00
4.322831491339555576e+00 -9.417843640761206503e-01
4.335397861953914855e+00 -9.942125407328724629e-01
4.347964232568274134e+00 -9.983967219172301677e-01
4.360530603182633413e+00 -9.343931324328222932e-01
4.373096973796992692e+00 -8.220048969835853647e-01
4.385663344411351972e+00 -7.253973858001258046e-01
4.398229715025710362e+00 -8.332513277825709386e-01
4.410796085640069641e+00 -9.939378633513614725e-01
4.423362456254428032e+00 -9.129646380992357813e-01
4.435928826868787311e+00 -9.978056270962547547e-01
4.448495197483146590e+00 -1.055053417339290700e+00
4.461061568097505869e+00 -9.624184755487490417e-01
4.473627938711865148e+00 -9.163697039554399293e-01
4.486194309326224428e+00 -9.193013176482155435e-01
4.498760679940583707e+00 -1.021758538855384257e+00
4.511327050554942986e+00 -1.031737310822239184e+00
4.523893421169302265e+00 -1.004534612036135366e+00
4.536459791783661544e+00 -9.806621964068554798e-01
4.549026162398019935e+00 -7.636826483369687502e-01
4.561592533012379214e+00 -1.034495091403327072e+00
4.574158903626738493e+00 -9.065012627494364317e-01
4.586725274241097772e+00 -1.096526887201559664e+00
4.599291644855457051e+00 -1.068630877387854339e+00
4.611858015469816330e+00 -8.447507470349565617e-01
4.624424386084175609e+00 -1.023874055189856858e+00
4.636990756698534888e+00 -1.213111668041943592e+00
4.649557127312894167e+00 -9.423663919711039449e-01
4.662123497927252558e+00 -7.691904318603683954e-01
4.674689868541611837e+00 -9.812216929575822144e-01
4.687256239155971116e+00 -9.350435220434822892e-01
4.699822609770330395e+00 -9.625640556731294151e-01
4.712388980384689674e+00 -9.848234086379429320e-01
4.724955350999048953e+00 -1.069307194605923828e+00
4.737521721613408232e+00 -8.712704485225066797e-01
4.750088092227767511e+00 -1.089893861543221210e+00
4.762654462842126790e+00 -9.363794502107672946e-01
4.775220833456485181e+00 -1.002452494690335705e+00
4.787787204070844460e+00 -8.737185471913622159e-01
4.800353574685203739e+00 -1.074868772473345446e+00
4.812919945299563018e+00 -8.833359606412165554e-01
4.825486315913922297e+00 -9.791527056100273185e-01
4.838052686528281576e+00 -1.036251020494558972e+00
4.850619057142640855e+00 -1.122436223506772190e+00
4.863185427757000134e+00 -1.072243619920348001e+00
4.875751798371359413e+00 -1.122015936251461010e+00
4.888318168985717804e+00 -1.133392909361577106e+00
4.900884539600077083e+00 -1.045716974458215098e+00
4.913450910214436362e+00 -8.520625163037305327e-01
4.926017280828795641e+00 -9.949486172564510067e-01
4.938583651443154920e+00 -9.721345215552658070e-01
4.951150022057514200e+00 -1.064793688576379127e+00
4.963716392671873479e+00 -1.115075162497658479e+00
4.976282763286232758e+00 -8.666665597842068136e-01
4.988849133900592037e+00 -1.094853780151382905e+00
5.001415504514951316e+00 -9.058638037074835392e-01
5.013981875129309707e+00 -9.511155225912111266e-01
5.026548245743668986e+00 -1.022413393774194157e+00
5.039114616358028265e+00 -9.343228951765996104e-01
5.051680986972387544e+00 -8.204021273175825524e-01
5.064247357586746823e+00 -1.112272864216710122e+00
5.076813728201106102e+00 -1.047123542205143032e+00
5.089380098815465381e+00 -7.988349658166238321e-01
5.101946469429824660e+00 -8.644343765158121196e-01
5.114512840044183939e+00 -9.958956324945699157e-01
5.127079210658542330e+00 -8.004674482030098570e-01
5.139645581272901609e+00 -8.514838440311565115e-01
5.152211951887260888e+00 -1.035360735726163828e+00
5.164778322501620167e+00 -8.333147195368307836e-01
5.177344693115979446e+00 -8.930853676234561389e-01
5.189911063730338725e+00 -9.821356098590797723e-01
5.202477434344698004e+00 -9.775855994877793442e-01
5.215043804959057283e+00 -1.067843051189011128e+00
5.227610175573416562e+00 -8.803253592497496394e-01
5.240176546187774953e+00 -8.108358875342045469e-01
5.252742916802134232e+00 -9.467691178293327070e-01
5.265309287416492623e+00 -8.102608314609269780e-01
5.277875658030851902e+00 -7.526092078498411997e-01
5.290442028645211181e+00 -8.232138394488230926e-01
5.303008399259570460e+00 -7.282829375374340053e-01
5.315574769873929739e+00 -7.860474780705927200e-01
5.328141140488289018e+00 -8.410557773921335523e-01
5.340707511102648297e+00 -6.714076195201281738e-01
5.353273881717007576e+00 -7.920399294908565535e-01
5.365840252331366855e+00 -8.627600451477508425e-01
5.378406622945726134e+00 -6.633894218624816208e-01
5.390972993560084525e+00 -7.814489520712674109e-01
5.403539364174443804e+00 -9.921689716510201373e-01
5.416105734788803083e+00 -6.942641057458522891e-01
5.428672105403162362e+00 -7.240328091357828288e-01
5.441238476017521641e+00 -8.935153734220160349e-01
5.453804846631880920e+00 -6.818509174945194262e-01
5.466371217246240199e+00 -6.525681316214120287e-01
5.478937587860599479e+00 -7.268910172671357861e-01
5.491503958474958758e+00 -5.204589205621736880e-01
5.504070329089317148e+00 -5.788460483684750857e-01
5.516636699703676427e+00 -6.167841457010794226e-01
5.529203070318035707e+00 -5.291648554923779058e-01
5.541769440932394986e+00 -5.303415427150892647e-01
5.554335811546754265e+00 -6.547880871037834449e-01
5.566902182161113544e+00 -5.998071807140561429e-01
5.579468552775472823e+00 -5.606544917838343078e-01
5.592034923389832102e+00 -6.325176014831702664e-01
5.604601294004191381e+00 -4.599471296612959170e-01
5.617167664618549772e+00 -7.475113520207599116e-01
5.629734035232909051e+00 -7.840417575211611201e-01
5.642300405847268330e+00 -5.965635276271656906e-01
5.654866776461627609e+00 -5.373434567435679821e-01
5.667433147075986888e+00 -4.475594645709841113e-01
5.679999517690346167e+00 -4.549068632672509382e-01
5.692565888304705446e+00 -6.828864282756235138e-01
5.705132258919064725e+00 -4.959439774107313736e-01
5.717698629533424004e+00 -3.664089810263435609e-01
5.730265000147783283e+00 -3.635477640913110653e-01
5.742831370762141674e+00 -4.795450905762583260e-01
5.755397741376500953e+00 -4.423883241053930271e-01
5.767964111990860232e+00 -3.610218035639103373e-01
5.780530482605219511e+00 -4.698544904661237087e-01
5.793096853219578790e+00 -5.171775193700026696e-01
5.805663223833938069e+00 -3.407684910649054211e-01
5.818229594448297348e+00 -5.734472019774083940e-01
5.830795965062656627e+00 -3.697954340184401723e-01
5.843362335677015906e+00 -5.934671763146772694e-01
5.855928706291374297e+00 -4.403960390084885601e-01
5.868495076905733576e+00 -3.383082493765420251e-01
5.881061447520092855e+00 -4.925030253880758324e-01
5.893627818134452134e+00 -4.444408980878980508e-01
5.906194188748811413e+00 -4.729311158755911126e-01
5.918760559363170692e+00 -2.502994229288967309e-01
5.931326929977529971e+00 -5.486680215987547182e-01
5.943893300591889250e+00 -3.385202824010105638e-01
5.956459671206248530e+00 -2.748182705466328812e-01
5.969026041820606920e+00 -3.650006508342723555e-01
5.981592412434966199e+00 -1.281544313350120867e-01
5.994158783049325478e+00 -1.797789049710888376e-01
6.006725153663684758e+00 -2.550198427757982556e-01
6.019291524278044037e+00 -4.501593702477287295e-01
6.031857894892402427e+00 -1.198438395859715844e-01
6.044424265506761706e+00 -2.911710363916959476e-01
6.056990636121120986e+00 -4.023573695781842985e-02
6.069557006735480265e+00 -2.893587730322371154e-01
6.082123377349839544e+00 -3.305064011232416998e-01
6.094689747964198823e+00 -3.606900976386653856e-02
6.107256118578558102e+00 -1.745284914261085729e-01
6.119822489192916493e+00 -9.152776465879980394e-02
6.132388859807275772e+00 -1.526689805927481103e-01
6.144955230421635051e+00 -8.398285391520851628e-02
6.157521601035994330e+00 -1.114270646622148170e-01
6.170087971650353609e+00 -1.919629592203898616e-01
6.182654342264712888e+00 -2.436731241156079586e-01
6.195220712879072167e+00 -4.165027237066195459e-02
6.207787083493431446e+00 -9.115079482608622052e-02
6.220353454107790725e+00 4.634186077161422945e-02
6.232919824722149116e+00 -8.068789063426923258e-03
6.245486195336508395e+00 -5.403912540416366816e-02
6.258052565950867674e+00 1.927677359669102350e-02
6.270618936565226953e+00 -1.523310775201566943e-02
