0.000000000000000000e+00 -1.417143072796579230e-02
1.256637061435917323e-02 -7.675357688138532974e-03
2.513274122871834645e-02 1.086797132371083580e-01
3.769911184307751795e-02 -3.417035022121558963e-02
5.026548245743669291e-02 -5.683223280074349570e-02
6.283185307179586787e-02 1.074515170298393080e-01
7.539822368615503589e-02 1.881227537299629549e-01
8.796459430051420392e-02 5.864146856331547975e-02
1.005309649148733858e-01 3.950558374251121885e-01
1.130973355292325677e-01 -4.512613587590573461e-02
1.256637061435917357e-01 3.296312973175788419e-02
1.382300767579508760e-01 6.058277780350691810e-02
1.507964473723100718e-01 1.889639562771612546e-01
1.633628179866692676e-01 2.545069103290494850e-01
1.759291886010284078e-01 9.604184815743810333e-02
1.884955592153875759e-01 1.798967080377769090e-01
2.010619298297467716e-01 2.563699515203519685e-01
2.136283004441059397e-01 3.166225338673971934e-01
2.261946710584651354e-01 1.262976395987931433e-01
2.387610416728242757e-01 1.829611899787523532e-01
2.513274122871834715e-01 2.469074716552596693e-01
2.638937829015426395e-01 2.610369233174968384e-01
2.764601535159017520e-01 7.685401144299847109e-02
2.890265241302609756e-01 3.119475413168398270e-01
3.015928947446201436e-01 3.054575403321067029e-01
3.141592653589793116e-01 3.896883718401592533e-01
3.267256359733385351e-01 3.365590566625286106e-01
3.392920065876976476e-01 3.209716949661346463e-01
3.518583772020568157e-01 3.382270500745293007e-01
3.644247478164160392e-01 3.570596579441918661e-01
3.769911184307751517e-01 6.430977347085027329e-01
3.895574890451343197e-01 3.821510574628711465e-01
4.021238596594935433e-01 2.441551115419228757e-01
4.146902302738527113e-01 3.321669903770483323e-01
4.272566008882118793e-01 4.501646676175077300e-01
4.398229715025711029e-01 4.383141559714411883e-01
4.523893421169302709e-01 4.523664471687119382e-01
4.649557127312893834e-01 5.186203653865129048e-01
4.775220833456485514e-01 4.289924350384274887e-01
4.900884539600077194e-01 4.708867630519050218e-01
5.026548245743669430e-01 5.435045179556999839e-01
5.152211951887261110e-01 6.231278813809827399e-01
5.277875658030852790e-01 4.550607800690679716e-01
5.403539364174444470e-01 3.997633212730729024e-01
5.529203070318035040e-01 5.654737116874832825e-01
5.654866776461627831e-01 5.022810250604131665e-01
5.780530482605219511e-01 5.962416250418283159e-01
5.906194188748811191e-01 4.623085262790114780e-01
6.031857894892402872e-01 5.973750747735558919e-01
6.157521601035994552e-01 7.127356597403755600e-01
6.283185307179586232e-01 7.678474657570174555e-01
6.408849013323177912e-01 4.910945479444370765e-01
6.534512719466770703e-01 5.756429386039840779e-01
6.660176425610361273e-01 6.056805244476050065e-01
6.785840131753952953e-01 7.494392319929861213e-01
6.911503837897544633e-01 6.274913768145685689e-01
7.037167544041136313e-01 5.293533851025966630e-01
7.162831250184729104e-01 5.179778529660498121e-01
7.288494956328320784e-01 7.512000290416290804e-01
7.414158662471912464e-01 5.818127006503952536e-01
7.539822368615503034e-01 6.768473867608818528e-01
7.665486074759094715e-01 7.242394284615184530e-01
7.791149780902686395e-01 5.125999830937976176e-01
7.916813487046279185e-01 8.105157518660730531e-01
8.042477193189870865e-01 7.391769434239463532e-01
8.168140899333462546e-01 7.211461777213765689e-01
8.293804605477054226e-01 8.283790787315268300e-01
8.419468311620645906e-01 9.203388037574172786e-01
8.545132017764237586e-01 6.266715814635571702e-01
8.670795723907829267e-01 5.185831299018235363e-01
8.796459430051422057e-01 7.771472602119997575e-01
8.922123136195013737e-01 7.518736055102831495e-01
9.047786842338605418e-01 8.570254917033115483e-01
9.173450548482194877e-01 7.733705544555701250e-01
9.299114254625787668e-01 9.744551091764188655e-01
9.424777960769379348e-01 6.823602943479907257e-01
9.550441666912971028e-01 7.014946986612674573e-01
9.676105373056562708e-01 8.767224968761296866e-01
9.801769079200154389e-01 9.829974273112939143e-01
9.927432785343746069e-01 9.412140344890305155e-01
1.005309649148733886e+00 9.610270552453438198e-01
1.017876019763092943e+00 1.012630460013878020e+00
1.030442390377452222e+00 7.735771301391607402e-01
1.043008760991811279e+00 7.161552761397824707e-01
1.055575131606170558e+00 9.777080232975112750e-01
1.068141502220529837e+00 9.435827207626982238e-01
1.080707872834888894e+00 9.873606465411794986e-01
1.093274243449248173e+00 8.762087264288512811e-01
1.105840614063607008e+00 7.835207576128880858e-01
1.118406984677966287e+00 8.565673842371307467e-01
1.130973355292325566e+00 7.455518165652755824e-01
1.143539725906684623e+00 7.825692092166898206e-01
1.156106096521043902e+00 9.710796604883767946e-01
1.168672467135402959e+00 1.046455251579163859e+00
1.181238837749762238e+00 1.096594249728331194e+00
1.193805208364121295e+00 9.445794971183056887e-01
1.206371578978480574e+00 1.042924091611578952e+00
1.218937949592839853e+00 9.665551848024803716e-01
1.231504320207198910e+00 8.681001946585937823e-01
1.244070690821558189e+00 9.134315419110978773e-01
1.256637061435917246e+00 8.829338316652766139e-01
1.269203432050276525e+00 1.102023690885308271e+00
1.281769802664635582e+00 9.443054011253245728e-01
1.294336173278994861e+00 9.676460057564135742e-01
1.306902543893354141e+00 8.602052458862575746e-01
1.319468914507712975e+00 8.823365089535211148e-01
1.332035285122072255e+00 9.521722095912917849e-01
1.344601655736431534e+00 1.201474169197797703e+00
1.357168026350790591e+00 8.590864097509868236e-01
1.369734396965149870e+00 9.059270827883053601e-01
1.382300767579508927e+00 1.047162396257999895e+00
1.394867138193868206e+00 1.056986657240338801e+00
1.407433508808227263e+00 9.286748797602268901e-01
1.419999879422586542e+00 1.028727690946022122e+00
1.432566250036945821e+00 1.025089151950783428e+00
1.445132620651304878e+00 9.280721790842083596e-01
1.457698991265664157e+00 1.013918308179152294e+00
1.470265361880023214e+00 9.050232131105716560e-01
1.482831732494382493e+00 1.159871885586186036e+00
1.495398103108741550e+00 1.115294109320531746e+00
1.507964473723100607e+00 9.670598837314009488e-01
1.520530844337459886e+00 8.563235610778116014e-01
1.533097214951818943e+00 1.092942806861011196e+00
1.545663585566178222e+00 1.107879206126209271e+00
1.558229956180537279e+00 1.076017799407225972e+00
1.570796326794896558e+00 1.065403145534023821e+00
1.583362697409255837e+00 9.070425642429306157e-01
1.595929068023614894e+00 1.104237362792455768e+00
1.608495438637974173e+00 1.086666887588905395e+00
1.621061809252333230e+00 1.214555558216168674e+00
1.633628179866692509e+00 1.000116843483486173e+00
1.646194550481051566e+00 1.110397201759865116e+00
1.658760921095410845e+00 1.101207210512397339e+00
1.671327291709770124e+00 1.003680943790058899e+00
1.683893662324129181e+00 9.014836228602902679e-01
1.696460032938488460e+00 1.008119558883179723e+00
1.709026403552847517e+00 9.849302799415143861e-01
1.721592774167206796e+00 9.410842463153129556e-01
1.734159144781565853e+00 1.024200774743952547e+00
1.746725515395925132e+00 9.477047202153175975e-01
1.759291886010284411e+00 7.545051752034068748e-01
1.771858256624643468e+00 9.824282984031754706e-01
1.784424627239002747e+00 9.896265129902637181e-01
1.796990997853361804e+00 1.073236839257912356e+00
1.809557368467721084e+00 1.001507943661220201e+00
1.822123739082079918e+00 9.518688414198162029e-01
1.834690109696438975e+00 1.122989280277669089e+00
1.847256480310798255e+00 9.105243345946973932e-01
1.859822850925157534e+00 9.633121673017660536e-01
1.872389221539516591e+00 1.105657664948349828e+00
1.884955592153875870e+00 1.023484968816175122e+00
1.897521962768234927e+00 9.547418096716039360e-01
1.910088333382594206e+00 8.711948995832734521e-01
1.922654703996953263e+00 9.395110299579273461e-01
1.935221074611312542e+00 9.706047646112679894e-01
1.947787445225671821e+00 9.932067621579900862e-01
1.960353815840030878e+00 8.264912784519724553e-01
1.972920186454390157e+00 8.982751416685357260e-01
1.985486557068749214e+00 7.468399615018163074e-01
1.998052927683108493e+00 7.827141121662353207e-01
2.010619298297467772e+00 8.844720073161118634e-01
2.023185668911826607e+00 1.003401268453268047e+00
2.035752039526185886e+00 7.497601709458304731e-01
2.048318410140545165e+00 7.264995659908677350e-01
2.060884780754904444e+00 8.968161748410705680e-01
2.073451151369263723e+00 8.948445811090405266e-01
2.086017521983622558e+00 1.042937724804573918e+00
2.098583892597981837e+00 9.823521495423898076e-01
2.111150263212341116e+00 9.259926083019115461e-01
2.123716633826700395e+00 8.106024432159157911e-01
2.136283004441059674e+00 8.354025957924682277e-01
2.148849375055418509e+00 7.397643853280740922e-01
2.161415745669777788e+00 8.567266039694436675e-01
2.173982116284137067e+00 8.194541165974721375e-01
2.186548486898496346e+00 7.629570492034918328e-01
2.199114857512855181e+00 1.021551580169590911e+00
2.211681228127214016e+00 6.802696735119463378e-01
2.224247598741573295e+00 8.541244072031538570e-01
2.236813969355932574e+00 6.993488542275171360e-01
2.249380339970291853e+00 9.021608754839610667e-01
2.261946710584651132e+00 6.251259289753898774e-01
2.274513081199009967e+00 8.322584898779180618e-01
2.287079451813369246e+00 7.018547474986674972e-01
2.299645822427728525e+00 9.605818466327439298e-01
2.312212193042087804e+00 6.676737768383704807e-01
2.324778563656447083e+00 8.864889132896571766e-01
2.337344934270805918e+00 7.748400686971957940e-01
2.349911304885165197e+00 7.545470325392256150e-01
2.362477675499524477e+00 7.256607473567331379e-01
2.375044046113883756e+00 7.001594748414569080e-01
2.387610416728242591e+00 5.566738247545690577e-01
2.400176787342601870e+00 6.201330752718601236e-01
2.412743157956961149e+00 6.979301684321987942e-01
2.425309528571320428e+00 6.164057028039099384e-01
2.437875899185679707e+00 6.857270420778006637e-01
2.450442269800038542e+00 6.316338351367655202e-01
2.463008640414397821e+00 5.646781734994482660e-01
2.475575011028757100e+00 6.676421944358037486e-01
2.488141381643116379e+00 7.787117565402383867e-01
2.500707752257475658e+00 4.096647378446260923e-01
2.513274122871834493e+00 4.690155341494409713e-01
2.525840493486193772e+00 5.919734703004865262e-01
2.538406864100553051e+00 6.169216544082566367e-01
2.550973234714912330e+00 5.429147831213906317e-01
2.563539605329271165e+00 5.857455130538012922e-01
2.576105975943630444e+00 3.911162519958263917e-01
2.588672346557989723e+00 6.080637962321503442e-01
2.601238717172349002e+00 5.092598191898911608e-01
2.613805087786708281e+00 2.636437413264676177e-01
2.626371458401067116e+00 3.969131664138501048e-01
2.638937829015425951e+00 4.740479860196382678e-01
2.651504199629785230e+00 5.795395705882064874e-01
2.664070570244144509e+00 3.638297575507867254e-01
2.676636940858503788e+00 3.582105965882045884e-01
2.689203311472863067e+00 3.255688619204398782e-01
2.701769682087221902e+00 2.471312370531822400e-01
2.714336052701581181e+00 5.545587708369716928e-01
2.726902423315940460e+00 3.322366145555699646e-01
2.739468793930299739e+00 3.788243573346207205e-01
2.752035164544658574e+00 5.207989879574329573e-01
2.764601535159017853e+00 1.667959672782177716e-01
2.777167905773377132e+00 2.303659312498855249e-01
2.789734276387736411e+00 5.663446198534110021e-01
2.802300647002095690e+00 3.429633720782974127e-01
2.814867017616454525e+00 4.506675716825814804e-01
2.827433388230813804e+00 3.347760306498471783e-01
2.839999758845173083e+00 4.890049791267253587e-01
2.852566129459532362e+00 5.224844954093879057e-01
2.865132500073891642e+00 2.452935448385549222e-01
2.877698870688250476e+00 3.020272638490928419e-01
2.890265241302609756e+00 2.742786055077155449e-01
2.902831611916969035e+00 2.677892100075895954e-01
2.915397982531328314e+00 2.815162560228388067e-01
2.927964353145687149e+00 2.540444485505812255e-01
2.940530723760046428e+00 1.711536420916670853e-01
2.953097094374405707e+00 2.452443192826498086e-01
2.965663464988764986e+00 2.595977060337519293e-01
2.978229835603124265e+00 1.902977031256875007e-01
2.990796206217483100e+00 1.744024941028186892e-01
3.003362576831842379e+00 2.202228436188312655e-01
3.015928947446201214e+00 8.291470335521966550e-02
3.028495318060560493e+00 8.086536123654469721e-02
3.041061688674919772e+00 7.433854513553780907e-02
3.053628059289279051e+00 1.576052663886102767e-01
3.066194429903637886e+00 9.478302946437089371e-04
3.078760800517997165e+00 1.252075060425222874e-02
3.091327171132356444e+00 1.407455329224747143e-01
3.103893541746715723e+00 2.179647670828756614e-02
3.116459912361074558e+00 9.086747421733068486e-02
3.129026282975433837e+00 3.548772258655991108e-02
3.141592653589793116e+00 -5.871544736539437842e-02
3.154159024204152395e+00 6.275159991409708093e-02
3.166725394818511674e+00 1.305560415817766731e-02
3.179291765432870509e+00 -1.099344197746484342e-01
3.191858136047229788e+00 1.013896508800489898e-01
3.204424506661589067e+00 -2.619923849915447439e-02
3.216990877275948346e+00 8.516343459971313645e-02
3.229557247890307181e+00 -1.444927156793657241e-01
3.242123618504666460e+00 -9.271496220340715022e-02
3.254689989119025739e+00 -2.322601432289752577e-01
3.267256359733385018e+00 -2.896793301205381477e-01
3.279822730347744297e+00 -1.025457988965038647e-01
3.292389100962103132e+00 -1.287021442280371908e-01
3.304955471576462411e+00 -2.096477172327613769e-01
3.317521842190821690e+00 -2.783890284132342074e-01
3.330088212805180969e+00 -2.924689182066576021e-01
3.342654583419540248e+00 -2.454176906079791887e-01
3.355220954033899083e+00 -6.181822100995235103e-02
3.367787324648258362e+00 -1.782766527946559598e-01
3.380353695262617642e+00 -3.445940883887866901e-01
3.392920065876976921e+00 -1.778448934558668204e-01
3.405486436491335756e+00 -3.398286305049402767e-01
3.418052807105695035e+00 -3.840705523084536610e-01
3.430619177720054314e+00 -1.546978744347058121e-01
3.443185548334413593e+00 -3.840555213198000306e-01
3.455751918948772872e+00 -3.476425267959645238e-01
3.468318289563131707e+00 -4.563838873290602671e-01
3.480884660177490986e+00 -4.708477484321014206e-01
3.493451030791850265e+00 -4.631923699084798396e-01
3.506017401406209544e+00 -2.661985899222861773e-01
3.518583772020568823e+00 -3.691872078009308944e-01
3.531150142634927658e+00 -5.361930421744951492e-01
3.543716513249286937e+00 -4.312988414890458477e-01
3.556282883863646216e+00 -2.268579553256453440e-01
3.568849254478005495e+00 -3.243769940607272861e-01
3.581415625092364330e+00 -4.195373709925554473e-01
3.593981995706723609e+00 -3.194439199794408268e-01
3.606548366321082888e+00 -4.783034861602164511e-01
3.619114736935442167e+00 -4.223641382796844979e-01
3.631681107549800558e+00 -4.201820265175594815e-01
3.644247478164159837e+00 -5.849855586356732529e-01
3.656813848778519116e+00 -3.994791657064294954e-01
3.669380219392877951e+00 -4.825517492929307095e-01
3.681946590007237230e+00 -4.819538431860594385e-01
3.694512960621596509e+00 -4.784727507468594654e-01
3.707079331235955788e+00 -4.502330209266868222e-01
3.719645701850315067e+00 -4.462869815787823269e-01
3.732212072464673902e+00 -5.719306572859944593e-01
3.744778443079033181e+00 -7.183489109502803061e-01
3.757344813693392460e+00 -6.788805966195916586e-01
3.769911184307751739e+00 -5.798780597110442248e-01
3.782477554922110574e+00 -5.535224292266959223e-01
3.795043925536469853e+00 -5.591841174102886169e-01
3.807610296150829132e+00 -6.466481511542717664e-01
3.820176666765188411e+00 -4.398552453664134054e-01
3.832743037379547690e+00 -5.088155172707796714e-01
3.845309407993906525e+00 -6.137894774223401351e-01
3.857875778608265804e+00 -7.646018103204685890e-01
3.870442149222625083e+00 -6.460560307068994312e-01
3.883008519836984362e+00 -7.129233957199134775e-01
3.895574890451343641e+00 -8.381076614081450771e-01
3.908141261065702476e+00 -7.057171975605025516e-01
3.920707631680061755e+00 -6.265251041109844987e-01
3.933274002294421035e+00 -6.922870109005664352e-01
3.945840372908780314e+00 -5.028838993695530224e-01
3.958406743523139149e+00 -6.072354690949096634e-01
3.970973114137498428e+00 -7.820355322768299811e-01
3.983539484751857707e+00 -9.447653026465376858e-01
3.996105855366216986e+00 -7.861482551658176554e-01
4.008672225980576265e+00 -8.989242886562915924e-01
4.021238596594935544e+00 -8.945175432538258198e-01
4.033804967209294823e+00 -6.785533886841286222e-01
4.046371337823653214e+00 -7.390373421859370850e-01
4.058937708438012493e+00 -6.919577321376773060e-01
4.071504079052371772e+00 -6.142988176544375012e-01
4.084070449666731051e+00 -8.121364098188769143e-01
4.096636820281090330e+00 -8.212882179214587852e-01
4.109203190895449609e+00 -8.610917143383463035e-01
4.121769561509808888e+00 -8.096846644305389917e-01
4.134335932124168167e+00 -8.541869023425484597e-01
4.146902302738527446e+00 -7.678534301060735423e-01
4.159468673352886725e+00 -8.865060548764817083e-01
4.172035043967245116e+00 -8.364026651699221215e-01
4.184601414581604395e+00 -9.465597532160231475e-01
4.197167785195963674e+00 -8.638661536423865028e-01
4.209734155810322953e+00 -9.002178515642496048e-01
4.222300526424682232e+00 -8.419587238643633231e-01
4.234866897039041511e+00 -7.056522676498500068e-01
4.247433267653400790e+00 -1.049428190909490244e+00
4.259999638267760069e+00 -1.009393272777002526e+00
4.272566008882119348e+00 -8.214097772531693264e-01
4.285132379496477739e+00 -1.092213048060119984e+00
4.297698750110837018e+00 -7.985919736938391633e-01
4.310265120725196297e+00 -9.564317819823682232e-01
4.322831491339555576e+00 -1.101328163658769288e+00
4.335397861953914855e+00 -8.826933308467347361e-01
4.347964232568274134e+00 -9.252421657175319281e-01
4.360530603182633413e+00 -9.507296676698571147e-01
4.373096973796992692e+00 -9.415203689395023057e-01
4.385663344411351972e+00 -9.412536814684708819e-01
4.398229715025710362e+00 -1.042472165741680445e+00
4.410796085640069641e+00 -9.951547617749800789e-01
4.423362456254428032e+00 -9.967139807317770828e-01
4.435928826868787311e+00 -8.399918816243545638e-01
4.448495197483146590e+00 -1.099535789156742549e+00
4.461061568097505869e+00 -8.436427972484609183e-01
4.473627938711865148e+00 -1.088126655320158287e+00
4.486194309326224428e+00 -9.957956287750181490e-01
4.498760679940583707e+00 -9.719932613055873860e-01
4.511327050554942986e+00 -9.834714555535131186e-01
4.523893421169302265e+00 -1.006696927267358488e+00
4.536459791783661544e+00 -1.071414158708443587e+00
4.549026162398019935e+00 -1.009058450213677460e+00
4.561592533012379214e+00 -1.018229758835888177e+00
4.574158903626738493e+00 -1.024719336936223968e+00
4.586725274241097772e+00 -1.011743145292804513e+00
4.599291644855457051e+00 -1.053493413259565470e+00
4.611858015469816330e+00 -9.482958689085749793e-01
4.624424386084175609e+00 -9.703140292193160876e-01
4.636990756698534888e+00 -8.791502119903429335e-01
4.649557127312894167e+00 -9.784953151306822194e-01
4.662123497927252558e+00 -9.781768470962401985e-01
4.674689868541611837e+00 -9.704877703545385925e-01
4.687256239155971116e+00 -1.077673678051828565e+00
4.699822609770330395e+00 -9.646342486569533525e-01
4.712388980384689674e+00 -1.014101988453551151e+00
4.724955350999048953e+00 -8.874383595436440286e-01
4.737521721613408232e+00 -1.060711205851067485e+00
4.750088092227767511e+00 -1.141985053720866450e+00
4.762654462842126790e+00 -1.056135407175135432e+00
4.775220833456485181e+00 -9.453515134532619602e-01
4.787787204070844460e+00 -8.334322026616478585e-01
4.800353574685203739e+00 -9.381309745376632536e-01
4.812919945299563018e+00 -1.020919436576217976e+00
4.825486315913922297e+00 -9.840159082791631873e-01
4.838052686528281576e+00 -1.070020048166295368e+00
4.850619057142640855e+00 -1.040523615282060499e+00
4.863185427757000134e+00 -9.095559502804261287e-01
4.875751798371359413e+00 -8.648932522229022535e-01
4.888318168985717804e+00 -8.319932071853061162e-01
4.900884539600077083e+00 -9.404393046840057169e-01
4.913450910214436362e+00 -1.197322328598483532e+00
4.926017280828795641e+00 -1.021283687612831503e+00
4.938583651443154920e+00 -1.024755862560448483e+00
4.951150022057514200e+00 -9.318076243013545534e-01
4.963716392671873479e+00 -9.405946030816995096e-01
4.976282763286232758e+00 -9.183208631634857122e-01
4.988849133900592037e+00 -1.042151791507877290e+00
5.001415504514951316e+00 -9.299119583780404152e-01
5.013981875129309707e+00 -9.888698944398116586e-01
5.026548245743668986e+00 -8.410899419804293009e-01
5.039114616358028265e+00 -1.025068232347733366e+00
5.051680986972387544e+00 -9.004928858518174151e-01
5.064247357586746823e+00 -7.125225983321343826e-01
5.076813728201106102e+00 -1.027610906712584038e+00
5.089380098815465381e+00 -9.204587573729060557e-01
5.101946469429824660e+00 -8.986906087089739925e-01
5.114512840044183939e+00 -9.015918080488767306e-01
5.127079210658542330e+00 -1.060316934396253297e+00
5.139645581272901609e+00 -9.062933255408102129e-01
5.152211951887260888e+00 -9.370070258308622613e-01
5.164778322501620167e+00 -8.430357096451934762e-01
5.177344693115979446e+00 -9.066270032034020598e-01
5.189911063730338725e+00 -8.638408216203271595e-01
5.202477434344698004e+00 -7.761993454302611450e-01
5.215043804959057283e+00 -9.154425327038397953e-01
5.227610175573416562e+00 -9.879487140320345473e-01
5.240176546187774953e+00 -9.648248388093503269e-01
5.252742916802134232e+00 -8.731715864894223911e-01
5.265309287416492623e+00 -7.884331364078315252e-01
5.277875658030851902e+00 -9.420656466384189631e-01
5.290442028645211181e+00 -8.499892401755562155e-01
5.303008399259570460e+00 -9.474452706486061748e-01
5.315574769873929739e+00 -6.424588208797807898e-01
5.328141140488289018e+00 -9.571609089249675240e-01
5.340707511102648297e+00 -8.505117287752851363e-01
5.353273881717007576e+00 -9.416231859104422508e-01
5.365840252331366855e+00 -7.874694424535412240e-01
5.378406622945726134e+00 -1.015437844246912080e+00
5.390972993560084525e+00 -7.362417255533518778e-01
5.403539364174443804e+00 -8.099876885543428884e-01
5.416105734788803083e+00 -7.536207796554250660e-01
5.428672105403162362e+00 -6.468038165746974322e-01
5.441238476017521641e+00 -7.024669021454752471e-01
5.453804846631880920e+00 -8.378800809298260210e-01
5.466371217246240199e+00 -8.255452142776722457e-01
5.478937587860599479e+00 -8.170648892289751331e-01
5.491503958474958758e+00 -7.099755481218206210e-01
5.504070329089317148e+00 -7.709558876475549605e-01
5.516636699703676427e+00 -5.693083631145491319e-01
5.529203070318035707e+00 -6.496224596727124823e-01
5.541769440932394986e+00 -6.269000160079953865e-01
5.554335811546754265e+00 -6.425537111178860616e-01
5.566902182161113544e+00 -8.071252421671870625e-01
5.579468552775472823e+00 -6.367178109789011220e-01
5.592034923389832102e+00 -6.929886344630576955e-01
5.604601294004191381e+00 -6.624253934957907708e-01
5.617167664618549772e+00 -4.442241677095992713e-01
5.629734035232909051e+00 -6.004325120483996470e-01
5.642300405847268330e+00 -6.596966018301279044e-01
5.654866776461627609e+00 -5.999189304505373466e-01
5.667433147075986888e+00 -6.483989390328436242e-01
5.679999517690346167e+00 -4.598775445220305569e-01
5.692565888304705446e+00 -6.456168187124459168e-01
5.705132258919064725e+00 -6.245512670643065256e-01
5.717698629533424004e+00 -5.559649224846714421e-01
5.730265000147783283e+00 -6.084545252168447327e-01
5.742831370762141674e+00 -3.967818181452554271e-01
5.755397741376500953e+00 -5.358600871139096444e-01
5.767964111990860232e+00 -3.551746873162915374e-01
5.780530482605219511e+00 -5.255174660868979775e-01
5.793096853219578790e+00 -5.175245685873068879e-01
5.805663223833938069e+00 -3.866818018340453245e-01
5.818229594448297348e+00 -4.471890162345074082e-01
5.830795965062656627e+00 -5.220898165770845312e-01
5.843362335677015906e+00 -4.171149487476736861e-01
5.855928706291374297e+00 -3.811888668086084730e-01
5.868495076905733576e+00 -4.355872256729543257e-01
5.881061447520092855e+00 -3.758984491571072950e-01
5.893627818134452134e+00 -4.485615515799619146e-01
5.906194188748811413e+00 -3.081714762569625066e-01
5.918760559363170692e+00 -3.849608805382441212e-01
5.931326929977529971e+00 -4.826193871087202658e-01
5.943893300591889250e+00 -4.586049098746450836e-01
5.956459671206248530e+00 -2.808965527818710894e-01
5.969026041820606920e+00 -4.240216532378044412e-01
5.981592412434966199e+00 -2.750204648468971280e-01
5.994158783049325478e+00 -1.924465619368325719e-01
6.006725153663684758e+00 -1.449507262628853821e-01
6.019291524278044037e+00 -2.671209123499300730e-01
6.031857894892402427e+00 -1.510823127525580678e-01
6.044424265506761706e+00 -2.948564417545109784e-01
6.056990636121120986e+00 -2.051223537870114355e-01
6.069557006735480265e+00 -4.903568287411225191e-02
6.082123377349839544e+00 -2.649916387248558713e-01
6.094689747964198823e+00 -2.339641571609878123e-01
6.107256118578558102e+00 -2.940626633792356448e-02
6.119822489192916493e+00 -1.139491637390924739e-01
6.132388859807275772e+00 -2.776006698828123453e-02
6.144955230421635051e+00 -2.552735033321241742e-01
6.157521601035994330e+00 -2.409192322644334583e-01
6.170087971650353609e+00 -1.130700336525684718e-01
6.182654342264712888e+00 2.009724124483044938e-02
6.195220712879072167e+00 4.932773074271562530e-02
6.207787083493431446e+00 -3.350804626375344930e-02
6.220353454107790725e+00 -1.075648010996212711e-01
6.232919824722149116e+00 -7.295124244825361426e-02
6.245486195336508395e+00 -7.926927747482725994e-02
6.258052565950867674e+00 3.781650762220657713e-02
6.270618936565226953e+00 8.886245049074542601e-02
