0.000000000000000000e+00 -2.176205220328877171e-03
1.256637061435917323e-02 9.255436113783477303e-02
2.513274122871834645e-02 -4.101421335985494521e-02
3.769911184307751795e-02 1.647791653645163112e-01
5.026548245743669291e-02 5.679830358962373316e-02
6.283185307179586787e-02 -4.802180749706706775e-02
7.539822368615503589e-02 -1.399850695144276569e-02
8.796459430051420392e-02 1.558927875397973783e-01
1.005309649148733858e-01 -3.010562301018326892e-02
1.130973355292325677e-01 -1.227983269602626881e-02
1.256637061435917357e-01 5.614620160643769842e-02
1.382300767579508760e-01 1.563802132647186538e-01
1.507964473723100718e-01 1.747643960237068861e-01
1.633628179866692676e-01 1.024548446637150861e-01
1.759291886010284078e-01 3.653820181389730304e-02
1.884955592153875759e-01 1.563432999551196689e-01
2.010619298297467716e-01 1.815747359446898967e-01
2.136283004441059397e-01 2.405009738203827685e-01
2.261946710584651354e-01 2.277668917416360295e-01
2.387610416728242757e-01 2.240334504370597446e-01
2.513274122871834715e-01 2.270332188150203656e-01
2.638937829015426395e-01 3.830347910922775045e-01
2.764601535159017520e-01 2.323664985977242081e-01
2.890265241302609756e-01 2.860656712771203480e-01
3.015928947446201436e-01 2.648785813535842193e-01
3.141592653589793116e-01 4.234784247537567436e-01
3.267256359733385351e-01 1.461245320420344607e-01
3.392920065876976476e-01 2.460669586370168860e-01
3.518583772020568157e-01 5.239361338204630014e-01
3.644247478164160392e-01 3.233104364264295372e-01
3.769911184307751517e-01 4.346341766567509146e-01
3.895574890451343197e-01 4.626541953005386953e-01
4.021238596594935433e-01 3.806973606629648343e-01
4.146902302738527113e-01 3.875623444909721549e-01
4.272566008882118793e-01 5.189445682809082916e-01
4.398229715025711029e-01 3.881088077439532880e-01
4.523893421169302709e-01 5.344929780434900524e-01
4.649557127312893834e-01 3.128269947298373266e-01
4.775220833456485514e-01 3.897172415842735660e-01
4.900884539600077194e-01 5.582174011197399421e-01
5.026548245743669430e-01 4.066401512709694188e-01
5.152211951887261110e-01 6.089422160112449856e-01
5.277875658030852790e-01 6.377141147975811108e-01
5.403539364174444470e-01 5.163728958069971897e-01
5.529203070318035040e-01 3.024481754213431683e-01
5.654866776461627831e-01 5.418709538698756045e-01
5.780530482605219511e-01 7.518228883778805827e-01
5.906194188748811191e-01 5.700725384492848491e-01
6.031857894892402872e-01 7.887342003131624368e-01
6.157521601035994552e-01 3.896371005813742405e-01
6.283185307179586232e-01 5.702515107911174663e-01
6.408849013323177912e-01 6.180275743405220235e-01
6.534512719466770703e-01 4.908827063623160125e-01
6.660176425610361273e-01 6.069322002420172169e-01
6.785840131753952953e-01 5.411542456457578698e-01
6.911503837897544633e-01 8.917004125460774588e-01
7.037167544041136313e-01 6.203663839255767476e-01
7.162831250184729104e-01 6.575097556717006686e-01
7.288494956328320784e-01 5.244575072213836231e-01
7.414158662471912464e-01 5.125092211120072516e-01
7.539822368615503034e-01 4.612853049837846164e-01
7.665486074759094715e-01 5.800112664797415496e-01
7.791149780902686395e-01 7.709051136199852605e-01
7.916813487046279185e-01 7.901246734955149620e-01
8.042477193189870865e-01 6.616138957014283672e-01
8.168140899333462546e-01 7.251306336752364468e-01
8.293804605477054226e-01 6.411760418538777762e-01
8.419468311620645906e-01 8.354346933140814890e-01
8.545132017764237586e-01 6.871177044075434948e-01
8.670795723907829267e-01 8.031272634118715725e-01
8.796459430051422057e-01 8.973827789581686476e-01
8.922123136195013737e-01 6.755762160737094346e-01
9.047786842338605418e-01 7.798864970918998329e-01
9.173450548482194877e-01 5.952875961762310597e-01
9.299114254625787668e-01 6.951867097012076613e-01
9.424777960769379348e-01 8.771831141144179611e-01
9.550441666912971028e-01 6.632177747817907809e-01
9.676105373056562708e-01 7.460206376712485987e-01
9.801769079200154389e-01 7.845551491639418673e-01
9.927432785343746069e-01 8.218596136970297561e-01
1.005309649148733886e+00 9.232329840252210262e-01
1.017876019763092943e+00 1.039912168065486364e+00
1.030442390377452222e+00 9.921160125282084685e-01
1.043008760991811279e+00 9.489186071206073825e-01
1.055575131606170558e+00 7.506286014278585883e-01
1.068141502220529837e+00 7.197550759348467775e-01
1.080707872834888894e+00 1.000337524088346086e+00
1.093274243449248173e+00 8.876125048667764528e-01
1.105840614063607008e+00 1.003951602739556526e+00
1.118406984677966287e+00 9.726945553732074812e-01
1.130973355292325566e+00 1.012556767758105103e+00
1.143539725906684623e+00 1.132663139244421968e+00
1.156106096521043902e+00 9.082940333914777398e-01
1.168672467135402959e+00 9.423394472040080849e-01
1.181238837749762238e+00 8.649956104869753748e-01
1.193805208364121295e+00 7.856001369072871388e-01
1.206371578978480574e+00 8.982519324817983541e-01
1.218937949592839853e+00 1.005531475594143798e+00
1.231504320207198910e+00 1.026265608674025831e+00
1.244070690821558189e+00 9.120680356807753242e-01
1.256637061435917246e+00 9.544194128910702402e-01
1.269203432050276525e+00 1.099416142780609507e+00
1.281769802664635582e+00 8.877596748230888180e-01
1.294336173278994861e+00 9.637258948742734033e-01
1.306902543893354141e+00 1.094822624930708921e+00
1.319468914507712975e+00 9.273882871977312536e-01
1.332035285122072255e+00 8.963275720749581676e-01
1.344601655736431534e+00 1.074059854420229332e+00
1.357168026350790591e+00 9.486386019544055248e-01
1.369734396965149870e+00 9.143411933948797365e-01
1.382300767579508927e+00 9.869887829301479121e-01
1.394867138193868206e+00 9.115571153225278112e-01
1.407433508808227263e+00 9.714057302146251738e-01
1.419999879422586542e+00 1.143259274379128110e+00
1.432566250036945821e+00 8.636365290406057271e-01
1.445132620651304878e+00 9.386633838266228436e-01
1.457698991265664157e+00 8.909666741787773958e-01
1.470265361880023214e+00 7.217218136099634584e-01
1.482831732494382493e+00 1.117121460635081220e+00
1.495398103108741550e+00 9.781499678473148940e-01
1.507964473723100607e+00 9.421609044527532451e-01
1.520530844337459886e+00 9.036971881607451795e-01
1.533097214951818943e+00 8.880098896456852797e-01
1.545663585566178222e+00 8.566077715481555943e-01
1.558229956180537279e+00 8.809480682639310167e-01
1.570796326794896558e+00 7.862077256765916955e-01
1.583362697409255837e+00 1.084913339613428063e+00
1.595929068023614894e+00 1.117071883814783506e+00
1.608495438637974173e+00 1.218488901158953031e+00
1.621061809252333230e+00 1.092150125199549349e+00
1.633628179866692509e+00 1.047438558849084878e+00
1.646194550481051566e+00 9.601710902850784102e-01
1.658760921095410845e+00 7.757688578780175259e-01
1.671327291709770124e+00 1.014427473824523140e+00
1.683893662324129181e+00 9.613104636861551366e-01
1.696460032938488460e+00 7.264017741885153701e-01
1.709026403552847517e+00 8.990741991684830792e-01
1.721592774167206796e+00 1.049989574452318886e+00
1.734159144781565853e+00 1.006425772175378874e+00
1.746725515395925132e+00 8.203464787702688943e-01
1.759291886010284411e+00 1.019616769627886166e+00
1.771858256624643468e+00 1.135602846080206785e+00
1.784424627239002747e+00 8.578061816752754476e-01
1.796990997853361804e+00 1.044363687896465276e+00
1.809557368467721084e+00 9.625941618101919728e-01
1.822123739082079918e+00 1.020229399354813271e+00
1.834690109696438975e+00 1.107592540582036378e+00
1.847256480310798255e+00 8.726158889199427948e-01
1.859822850925157534e+00 1.077898373843687363e+00
1.872389221539516591e+00 9.910360153729759203e-01
1.884955592153875870e+00 9.622839097325399660e-01
1.897521962768234927e+00 9.674069286867352790e-01
1.910088333382594206e+00 1.045790250062125226e+00
1.922654703996953263e+00 1.122818939175312947e+00
1.935221074611312542e+00 1.006649724511211597e+00
1.947787445225671821e+00 8.968563226415952050e-01
1.960353815840030878e+00 1.005791322996701265e+00
1.972920186454390157e+00 8.536658556027626465e-01
1.985486557068749214e+00 8.451179601335594427e-01
1.998052927683108493e+00 8.279603550864879091e-01
2.010619298297467772e+00 9.406975165300630604e-01
2.023185668911826607e+00 1.072446195970216509e+00
2.035752039526185886e+00 9.765341521094473842e-01
2.048318410140545165e+00 9.844971004633589207e-01
2.060884780754904444e+00 1.094777580868784517e+00
2.073451151369263723e+00 8.309458117846542091e-01
2.086017521983622558e+00 8.478432193580011100e-01
2.098583892597981837e+00 1.051262996079265211e+00
2.111150263212341116e+00 7.069892002256448205e-01
2.123716633826700395e+00 8.704700608420927743e-01
2.136283004441059674e+00 8.650404302876718576e-01
2.148849375055418509e+00 8.294861055118075699e-01
2.161415745669777788e+00 8.588961985564483870e-01
2.173982116284137067e+00 7.980679720500900576e-01
2.186548486898496346e+00 7.316462694863294924e-01
2.199114857512855181e+00 7.391801166338513029e-01
2.211681228127214016e+00 9.019171042365171642e-01
2.224247598741573295e+00 8.338468479441216719e-01
2.236813969355932574e+00 7.300417631994259304e-01
2.249380339970291853e+00 6.704101198997565181e-01
2.261946710584651132e+00 6.968651675641472920e-01
2.274513081199009967e+00 6.365829854513913588e-01
2.287079451813369246e+00 7.541307479218456455e-01
2.299645822427728525e+00 6.123605983894313542e-01
2.312212193042087804e+00 6.927883903108990049e-01
2.324778563656447083e+00 9.314216549659072308e-01
2.337344934270805918e+00 7.978622009694396056e-01
2.349911304885165197e+00 4.811175531198778055e-01
2.362477675499524477e+00 8.828120445317308995e-01
2.375044046113883756e+00 6.701774308094078370e-01
2.387610416728242591e+00 7.676258677217324689e-01
2.400176787342601870e+00 9.105172621046719872e-01
2.412743157956961149e+00 6.886064803567990555e-01
2.425309528571320428e+00 6.520345914839689172e-01
2.437875899185679707e+00 6.099150434988624969e-01
2.450442269800038542e+00 7.659732870167365038e-01
2.463008640414397821e+00 6.043059700771229448e-01
2.475575011028757100e+00 6.802314690044357626e-01
2.488141381643116379e+00 5.805974010696283161e-01
2.500707752257475658e+00 7.171955073839771932e-01
2.513274122871834493e+00 5.787071371012063592e-01
2.525840493486193772e+00 3.556709382420096821e-01
2.538406864100553051e+00 5.629797335736339559e-01
2.550973234714912330e+00 5.780983137014077400e-01
2.563539605329271165e+00 6.326930035051161472e-01
2.576105975943630444e+00 5.007314466417497334e-01
2.588672346557989723e+00 3.761485819222474269e-01
2.601238717172349002e+00 5.215403808270164809e-01
2.613805087786708281e+00 4.232026911502326794e-01
2.626371458401067116e+00 3.414391842355740669e-01
2.638937829015425951e+00 3.126939994572367487e-01
2.651504199629785230e+00 5.510123088809163461e-01
2.664070570244144509e+00 4.071889706347206483e-01
2.676636940858503788e+00 4.782125466600255503e-01
2.689203311472863067e+00 4.968556989555001913e-01
2.701769682087221902e+00 2.178896663662374666e-01
2.714336052701581181e+00 4.351251759140334352e-01
2.726902423315940460e+00 4.450208298502140725e-01
2.739468793930299739e+00 4.265266524208202736e-01
2.752035164544658574e+00 2.873484208466682288e-01
2.764601535159017853e+00 2.717888476303969014e-01
2.777167905773377132e+00 3.206019899158564224e-01
2.789734276387736411e+00 4.236459674728041414e-01
2.802300647002095690e+00 4.171157715035043179e-01
2.814867017616454525e+00 1.523719233235903137e-01
2.827433388230813804e+00 4.847216122546796901e-01
2.839999758845173083e+00 2.792459060858128450e-01
2.852566129459532362e+00 4.098751061472815094e-01
2.865132500073891642e+00 3.076502204612967528e-01
2.877698870688250476e+00 3.951633939826551534e-01
2.890265241302609756e+00 2.448943055050498419e-01
2.902831611916969035e+00 2.689977715428453764e-01
2.915397982531328314e+00 1.820137479686342596e-01
2.927964353145687149e+00 3.340002323107838511e-01
2.940530723760046428e+00 1.714244232467112550e-01
2.953097094374405707e+00 2.047088310584074533e-01
2.965663464988764986e+00 2.113300089081706634e-01
2.978229835603124265e+00 3.453517058402347795e-01
2.990796206217483100e+00 9.171106805624106018e-02
3.003362576831842379e+00 6.541921437041631204e-03
3.015928947446201214e+00 6.738526340338776843e-02
3.028495318060560493e+00 1.334732475654264172e-01
3.041061688674919772e+00 3.245857099816835123e-01
3.053628059289279051e+00 1.779375613608106532e-01
3.066194429903637886e+00 1.099660746950950063e-01
3.078760800517997165e+00 7.409783012888283837e-02
3.091327171132356444e+00 1.056421366042842175e-01
3.103893541746715723e+00 -8.778942794491112478e-02
3.116459912361074558e+00 1.546298912738668097e-01
3.129026282975433837e+00 1.683786809831286091e-01
3.141592653589793116e+00 -4.676662728277774725e-03
3.154159024204152395e+00 -5.525439692397591390e-02
3.166725394818511674e+00 -1.316313748086721247e-01
3.179291765432870509e+00 -8.286821759200535542e-04
3.191858136047229788e+00 -1.738214163978655524e-01
3.204424506661589067e+00 1.437653154152972457e-01
3.216990877275948346e+00 -1.172185754905012978e-01
3.229557247890307181e+00 -3.061230880380687025e-01
3.242123618504666460e+00 -2.267784994184195990e-01
3.254689989119025739e+00 -5.253564908702848535e-02
3.267256359733385018e+00 3.778346580802677268e-02
3.279822730347744297e+00 -1.572755138037996714e-01
3.292389100962103132e+00 -1.357180844842550138e-01
3.304955471576462411e+00 -3.704679490344739423e-02
3.317521842190821690e+00 -8.284220171782052944e-02
3.330088212805180969e+00 -6.438123502780930540e-02
3.342654583419540248e+00 -2.002263383011748943e-01
3.355220954033899083e+00 -2.771851798001442879e-01
3.367787324648258362e+00 -9.046231554836739464e-02
3.380353695262617642e+00 -3.297808003132806087e-01
3.392920065876976921e+00 -2.242632349542154069e-01
3.405486436491335756e+00 -2.506860164437653138e-01
3.418052807105695035e+00 -2.500471866784886865e-01
3.430619177720054314e+00 -1.518582470114619998e-01
3.443185548334413593e+00 -3.605338919103772688e-01
3.455751918948772872e+00 -2.750636642587934722e-01
3.468318289563131707e+00 -2.507003479268664625e-01
3.480884660177490986e+00 -2.574131835706953697e-01
3.493451030791850265e+00 -2.269171874789062682e-01
3.506017401406209544e+00 -2.339674729766502703e-01
3.518583772020568823e+00 -4.088892522892462744e-01
3.531150142634927658e+00 -4.622187654451234140e-01
3.543716513249286937e+00 -3.315893599044054674e-01
3.556282883863646216e+00 -3.569659177185658394e-01
3.568849254478005495e+00 -5.372515896550047465e-01
3.581415625092364330e+00 -4.869602160811399294e-01
3.593981995706723609e+00 -3.761944411897109042e-01
3.606548366321082888e+00 -4.478937410949818676e-01
3.619114736935442167e+00 -5.814829760520975332e-01
3.631681107549800558e+00 -4.309733833098708389e-01
3.644247478164159837e+00 -5.949058317229407589e-01
3.656813848778519116e+00 -5.248383878093578758e-01
3.669380219392877951e+00 -4.575347835481911041e-01
3.681946590007237230e+00 -3.625966231418674690e-01
3.694512960621596509e+00 -5.058315414286793654e-01
3.707079331235955788e+00 -4.102388052720000733e-01
3.719645701850315067e+00 -6.308288924100438066e-01
3.732212072464673902e+00 -5.622989781995939573e-01
3.744778443079033181e+00 -5.280257424339204197e-01
3.757344813693392460e+00 -7.556147235027498299e-01
3.769911184307751739e+00 -6.002420989705894439e-01
3.782477554922110574e+00 -6.584620547945934099e-01
3.795043925536469853e+00 -6.215017469020451824e-01
3.807610296150829132e+00 -6.909579617225769521e-01
3.820176666765188411e+00 -7.658007741386051448e-01
3.832743037379547690e+00 -3.458522538294715454e-01
3.845309407993906525e+00 -7.733733796695780871e-01
3.857875778608265804e+00 -6.037205910627999605e-01
3.870442149222625083e+00 -6.756063089755524054e-01
3.883008519836984362e+00 -5.461963049672347026e-01
3.895574890451343641e+00 -6.394675987960466435e-01
3.908141261065702476e+00 -7.743465822004376165e-01
3.920707631680061755e+00 -5.990572352268541678e-01
3.933274002294421035e+00 -8.423045216354865250e-01
3.945840372908780314e+00 -7.069908687108902301e-01
3.958406743523139149e+00 -7.362581759955983962e-01
3.970973114137498428e+00 -7.368774778359716837e-01
3.983539484751857707e+00 -7.391669123974291544e-01
3.996105855366216986e+00 -7.744126207320960464e-01
4.008672225980576265e+00 -6.210064913676325293e-01
4.021238596594935544e+00 -7.573774404462734200e-01
4.033804967209294823e+00 -7.648749047554619374e-01
4.046371337823653214e+00 -7.773133984392622819e-01
4.058937708438012493e+00 -8.232725059208133578e-01
4.071504079052371772e+00 -7.961627538331678133e-01
4.084070449666731051e+00 -7.272220953261177012e-01
4.096636820281090330e+00 -8.458452517324340780e-01
4.109203190895449609e+00 -9.197737918772959098e-01
4.121769561509808888e+00 -8.019344106937923433e-01
4.134335932124168167e+00 -6.551322557387747603e-01
4.146902302738527446e+00 -1.018812070625846999e+00
4.159468673352886725e+00 -7.648612137336617822e-01
4.172035043967245116e+00 -1.060518527526763677e+00
4.184601414581604395e+00 -8.837593369442848790e-01
4.197167785195963674e+00 -7.816118784740184733e-01
4.209734155810322953e+00 -8.624971797084315384e-01
4.222300526424682232e+00 -7.712186633292278382e-01
4.234866897039041511e+00 -9.006087363133933321e-01
4.247433267653400790e+00 -8.127938229507495338e-01
4.259999638267760069e+00 -8.125607792490994186e-01
4.272566008882119348e+00 -8.226540550269012542e-01
4.285132379496477739e+00 -9.885846969865252909e-01
4.297698750110837018e+00 -9.719031074457255004e-01
4.310265120725196297e+00 -8.862470414227059390e-01
4.322831491339555576e+00 -8.518177050934363503e-01
4.335397861953914855e+00 -9.905699773094011062e-01
4.347964232568274134e+00 -8.011027398604829708e-01
4.360530603182633413e+00 -9.275223417203309895e-01
4.373096973796992692e+00 -9.712686760757194282e-01
4.385663344411351972e+00 -8.226227405458712560e-01
4.398229715025710362e+00 -9.900445053129202089e-01
4.410796085640069641e+00 -1.006501664549096953e+00
4.423362456254428032e+00 -8.356675485434041928e-01
4.435928826868787311e+00 -8.187255643334294675e-01
4.448495197483146590e+00 -1.073750122987301880e+00
4.461061568097505869e+00 -1.122994802774990308e+00
4.473627938711865148e+00 -8.844465428284610242e-01
4.486194309326224428e+00 -1.061491404201369892e+00
4.498760679940583707e+00 -8.925135540656217170e-01
4.511327050554942986e+00 -9.930771171763244087e-01
4.523893421169302265e+00 -9.245204502059539697e-01
4.536459791783661544e+00 -8.459196455412111293e-01
4.549026162398019935e+00 -1.053692778223890070e+00
4.561592533012379214e+00 -1.029490755360667364e+00
4.574158903626738493e+00 -9.351790606127687866e-01
4.586725274241097772e+00 -1.192248909319425287e+00
4.599291644855457051e+00 -1.098321569995014180e+00
4.611858015469816330e+00 -1.104073613952988753e+00
4.624424386084175609e+00 -1.060154539317651468e+00
4.636990756698534888e+00 -9.469570708550176796e-01
4.649557127312894167e+00 -1.050370923473691320e+00
4.662123497927252558e+00 -9.735461996723102640e-01
4.674689868541611837e+00 -9.786430140324159366e-01
4.687256239155971116e+00 -9.122297802531633693e-01
4.699822609770330395e+00 -1.056193634206432197e+00
4.712388980384689674e+00 -1.015240376938661981e+00
4.724955350999048953e+00 -1.035023539342379895e+00
4.737521721613408232e+00 -9.779154756365001644e-01
4.750088092227767511e+00 -9.968599059617617719e-01
4.762654462842126790e+00 -9.196350209565696820e-01
4.775220833456485181e+00 -1.044880351447549538e+00
4.787787204070844460e+00 -1.186073244865886167e+00
4.800353574685203739e+00 -9.131229636695183949e-01
4.812919945299563018e+00 -1.012896775993465059e+00
4.825486315913922297e+00 -1.002529231220302908e+00
4.838052686528281576e+00 -9.008547706571981006e-01
4.850619057142640855e+00 -1.011799200769576634e+00
4.863185427757000134e+00 -9.359584338211324184e-01
4.875751798371359413e+00 -9.007819051442430558e-01
4.888318168985717804e+00 -9.143188174342131713e-01
4.900884539600077083e+00 -7.858475887796410042e-01
4.913450910214436362e+00 -9.621207267739252389e-01
4.926017280828795641e+00 -9.973215197069990046e-01
4.938583651443154920e+00 -8.902983610046834029e-01
4.951150022057514200e+00 -1.028203788735724267e+00
4.963716392671873479e+00 -1.160345227395470635e+00
4.976282763286232758e+00 -1.158600290885429374e+00
4.988849133900592037e+00 -9.016434734653110405e-01
5.001415504514951316e+00 -9.957475436002604097e-01
5.013981875129309707e+00 -8.452531587646779920e-01
5.026548245743668986e+00 -1.005947476262017748e+00
5.039114616358028265e+00 -9.209601560035297618e-01
5.051680986972387544e+00 -1.070793182369250252e+00
5.064247357586746823e+00 -8.073696673489594300e-01
5.076813728201106102e+00 -9.916362110007692632e-01
5.089380098815465381e+00 -9.860451019574717479e-01
5.101946469429824660e+00 -8.034668565903091420e-01
5.114512840044183939e+00 -9.165464168633955522e-01
5.127079210658542330e+00 -1.022506318272972115e+00
5.139645581272901609e+00 -8.317628361453967001e-01
5.152211951887260888e+00 -7.745886305767175628e-01
5.164778322501620167e+00 -8.661450823946507116e-01
5.177344693115979446e+00 -9.976402583019041703e-01
5.189911063730338725e+00 -8.429348868138289985e-01
5.202477434344698004e+00 -1.011709205713517079e+00
5.215043804959057283e+00 -9.604274723110695078e-01
5.227610175573416562e+00 -7.757118680439628600e-01
5.240176546187774953e+00 -8.756863228319464731e-01
5.252742916802134232e+00 -8.168578814629292584e-01
5.265309287416492623e+00 -7.614120574862957014e-01
5.277875658030851902e+00 -5.581699144939438195e-01
5.290442028645211181e+00 -9.928448346431157923e-01
5.303008399259570460e+00 -6.810550459494894016e-01
5.315574769873929739e+00 -9.256560092336566514e-01
5.328141140488289018e+00 -9.673164638431633877e-01
5.340707511102648297e+00 -7.695633424504766396e-01
5.353273881717007576e+00 -7.887014531937079909e-01
5.365840252331366855e+00 -9.973401519496541967e-01
5.378406622945726134e+00 -9.808847186018775366e-01
5.390972993560084525e+00 -8.629178462842774788e-01
5.403539364174443804e+00 -7.305510916576021252e-01
5.416105734788803083e+00 -9.417082175614128747e-01
5.428672105403162362e+00 -7.344358103968940954e-01
5.441238476017521641e+00 -8.752665300532966874e-01
5.453804846631880920e+00 -6.493069439063662296e-01
5.466371217246240199e+00 -8.256571818954048236e-01
5.478937587860599479e+00 -6.591078935590957144e-01
5.491503958474958758e+00 -5.702477334758928595e-01
5.504070329089317148e+00 -8.819434535256395202e-01
5.516636699703676427e+00 -7.201780006800259093e-01
5.529203070318035707e+00 -6.892398714844863994e-01
5.541769440932394986e+00 -7.696535802169880425e-01
5.554335811546754265e+00 -6.123867342199947883e-01
5.566902182161113544e+00 -7.679495973351084803e-01
5.579468552775472823e+00 -6.941720697958241315e-01
5.592034923389832102e+00 -6.103592924982877976e-01
5.604601294004191381e+00 -7.567512474971356262e-01
5.617167664618549772e+00 -7.815474165655562633e-01
5.629734035232909051e+00 -6.194360024656813124e-01
5.642300405847268330e+00 -6.626125361589457752e-01
5.654866776461627609e+00 -5.132108605933021206e-01
5.667433147075986888e+00 -5.330218852334507318e-01
5.679999517690346167e+00 -5.403588666677155983e-01
5.692565888304705446e+00 -5.277247933983926220e-01
5.705132258919064725e+00 -4.526925156391647942e-01
5.717698629533424004e+00 -4.773010770105791112e-01
5.730265000147783283e+00 -4.518507362782615555e-01
5.742831370762141674e+00 -5.646954722565835638e-01
5.755397741376500953e+00 -4.650180358717873608e-01
5.767964111990860232e+00 -2.845593421934549117e-01
5.780530482605219511e+00 -5.212607307593721817e-01
5.793096853219578790e+00 -3.996151843842873363e-01
5.805663223833938069e+00 -4.546783631313145446e-01
5.818229594448297348e+00 -4.176278075746131524e-01
5.830795965062656627e+00 -3.915999025984328030e-01
5.843362335677015906e+00 -5.178961904498742275e-01
5.855928706291374297e+00 -4.168075576799261661e-01
5.868495076905733576e+00 -2.382505073061056966e-01
5.881061447520092855e+00 -3.758952193634947925e-01
5.893627818134452134e+00 -4.074339510809599219e-01
5.906194188748811413e+00 -1.583884090258773913e-01
5.918760559363170692e+00 -3.588119022222858723e-01
5.931326929977529971e+00 -2.662197213315099509e-01
5.943893300591889250e+00 -4.178111959588247104e-01
5.956459671206248530e+00 -2.322502869537564907e-01
5.969026041820606920e+00 -2.957695097174405929e-01
5.981592412434966199e+00 -3.063383544781072554e-01
5.994158783049325478e+00 -1.538824309632599308e-01
6.006725153663684758e+00 -2.761055082750558665e-01
6.019291524278044037e+00 -3.908030123485760066e-01
6.031857894892402427e+00 1.957713925916981790e-02
6.044424265506761706e+00 -8.594807685228694760e-02
6.056990636121120986e+00 -3.098992300786373999e-01
6.069557006735480265e+00 -2.494053118096122568e-01
6.082123377349839544e+00 -2.000776174963241061e-01
6.094689747964198823e+00 -1.595077396278952453e-01
6.107256118578558102e+00 -4.093279062864886297e-01
6.119822489192916493e+00 -4.559522043618646769e-03
6.132388859807275772e+00 -1.353316874003578085e-01
6.144955230421635051e+00 -1.793359020834461026e-01
6.157521601035994330e+00 -5.217820333519536391e-02
6.170087971650353609e+00 -3.239804020902474213e-01
6.182654342264712888e+00 -2.644130149386777484e-01
6.195220712879072167e+00 -5.276139595973305951e-02
6.207787083493431446e+00 -1.297282284173013889e-02
6.220353454107790725e+00 -1.727946804535356318e-01
6.232919824722149116e+00 -1.583443600782104971e-02
6.245486195336508395e+00 -1.146555583291380964e-02
6.258052565950867674e+00 1.313743620829326553e-01
6.270618936565226953e+00 1.074306882769318766e-01
