0.000000000000000000e+00 -1.211392489712855014e-01
1.256637061435917323e-02 2.085670581680132765e-02
2.513274122871834645e-02 1.397771828988221207e-02
3.769911184307751795e-02 8.352836645733176246e-02
5.026548245743669291e-02 6.102160396992521718e-02
6.283185307179586787e-02 -1.909521010243036554e-01
7.539822368615503589e-02 1.150540662296324623e-01
8.796459430051420392e-02 1.679174959163979852e-01
1.005309649148733858e-01 8.029217037967509296e-02
1.130973355292325677e-01 1.006679240328532954e-01
1.256637061435917357e-01 1.999862468684515393e-01
1.382300767579508760e-01 1.368336205460040644e-01
1.507964473723100718e-01 1.727575028923024059e-01
1.633628179866692676e-01 -4.789580388558484225e-02
1.759291886010284078e-01 1.663604883804326584e-01
1.884955592153875759e-01 3.207354909520627739e-01
2.010619298297467716e-01 2.932830460930745953e-01
2.136283004441059397e-01 2.788635348765724498e-01
2.261946710584651354e-01 3.526518437554486129e-01
2.387610416728242757e-01 2.598791711965530160e-01
2.513274122871834715e-01 1.994250782210951478e-01
2.638937829015426395e-01 3.717229049054457390e-01
2.764601535159017520e-01 9.595503293677748458e-02
2.890265241302609756e-01 3.659786548669464734e-01
3.015928947446201436e-01 2.728718963456391866e-01
3.141592653589793116e-01 3.098855539538751258e-01
3.267256359733385351e-01 6.860572425851230172e-02
3.392920065876976476e-01 3.104610158347884674e-01
3.518583772020568157e-01 4.398369796442384017e-01
3.644247478164160392e-01 4.023667677288526590e-01
3.769911184307751517e-01 3.631232705574058972e-01
3.895574890451343197e-01 4.388349015920521845e-01
4.021238596594935433e-01 4.274450241743434908e-01
4.146902302738527113e-01 5.063513889143043123e-01
4.272566008882118793e-01 4.061421221659723413e-01
4.398229715025711029e-01 3.855098333147323197e-01
4.523893421169302709e-01 3.514556136269391673e-01
4.649557127312893834e-01 5.750893898156133055e-01
4.775220833456485514e-01 3.942161168828224316e-01
4.900884539600077194e-01 5.610876809132078202e-01
5.026548245743669430e-01 5.130355594286167831e-01
5.152211951887261110e-01 3.861327753837756616e-01
5.277875658030852790e-01 5.672980912645351204e-01
5.403539364174444470e-01 4.358301254525939195e-01
5.529203070318035040e-01 5.517446217829666821e-01
5.654866776461627831e-01 3.230827941421011151e-01
5.780530482605219511e-01 6.175924922177942200e-01
5.906194188748811191e-01 5.329541906784306393e-01
6.031857894892402872e-01 5.691224662317282412e-01
6.157521601035994552e-01 6.035869007827269206e-01
6.283185307179586232e-01 6.388446363036917042e-01
6.408849013323177912e-01 5.915038248185737757e-01
6.534512719466770703e-01 5.515715211990417366e-01
6.660176425610361273e-01 6.054921087147839831e-01
6.785840131753952953e-01 6.696220182944303545e-01
6.911503837897544633e-01 8.077691847959678206e-01
7.037167544041136313e-01 4.534061035540172258e-01
7.162831250184729104e-01 6.635100910191430446e-01
7.288494956328320784e-01 6.124616112339594798e-01
7.414158662471912464e-01 7.288528504503957173e-01
7.539822368615503034e-01 4.909589420197395526e-01
7.665486074759094715e-01 7.484505028612175037e-01
7.791149780902686395e-01 8.877341959768038082e-01
7.916813487046279185e-01 6.484380500782487289e-01
8.042477193189870865e-01 6.482657846534567447e-01
8.168140899333462546e-01 6.374099059390703204e-01
8.293804605477054226e-01 5.990085918688240474e-01
8.419468311620645906e-01 8.009429157147796019e-01
8.545132017764237586e-01 7.195574841962067980e-01
8.670795723907829267e-01 6.773592925812259580e-01
8.796459430051422057e-01 8.167267427784035139e-01
8.922123136195013737e-01 7.794997576799123085e-01
9.047786842338605418e-01 7.069888144499344440e-01
9.173450548482194877e-01 8.461041175469267150e-01
9.299114254625787668e-01 8.245259551922468066e-01
9.424777960769379348e-01 8.255118250155296655e-01
9.550441666912971028e-01 1.145476666436327839e+00
9.676105373056562708e-01 1.064664164831551574e+00
9.801769079200154389e-01 7.384938258199591488e-01
9.927432785343746069e-01 9.514798425202302123e-01
1.005309649148733886e+00 7.296336741398896653e-01
1.017876019763092943e+00 8.760688942226257936e-01
1.030442390377452222e+00 8.127587166249812256e-01
1.043008760991811279e+00 7.009526625689328494e-01
1.055575131606170558e+00 8.259730384854647722e-01
1.068141502220529837e+00 1.054420044916740906e+00
1.080707872834888894e+00 8.272718630828508335e-01
1.093274243449248173e+00 8.913570293768514619e-01
1.105840614063607008e+00 6.683518479384890076e-01
1.118406984677966287e+00 8.983846057209047276e-01
1.130973355292325566e+00 9.617267757776238879e-01
1.143539725906684623e+00 8.617753293905561218e-01
1.156106096521043902e+00 1.014595174706020453e+00
1.168672467135402959e+00 8.087856604938583605e-01
1.181238837749762238e+00 1.051240000620200732e+00
1.193805208364121295e+00 9.360431268097937352e-01
1.206371578978480574e+00 1.228010764419975365e+00
1.218937949592839853e+00 7.468376981673136017e-01
1.231504320207198910e+00 8.254955799728874721e-01
1.244070690821558189e+00 1.033632109347311978e+00
1.256637061435917246e+00 1.058782853814105307e+00
1.269203432050276525e+00 9.014605683086927002e-01
1.281769802664635582e+00 9.659973239499752840e-01
1.294336173278994861e+00 9.581902688084296127e-01
1.306902543893354141e+00 9.518916039290107323e-01
1.319468914507712975e+00 9.302515779346406388e-01
1.332035285122072255e+00 8.110226531374857828e-01
1.344601655736431534e+00 1.016452533343506159e+00
1.357168026350790591e+00 1.046283904859236280e+00
1.369734396965149870e+00 9.043570723390597088e-01
1.382300767579508927e+00 8.424301597683454546e-01
1.394867138193868206e+00 9.413311963325258214e-01
1.407433508808227263e+00 1.121425473102480863e+00
1.419999879422586542e+00 1.020167495867417395e+00
1.432566250036945821e+00 1.005652495229856891e+00
1.445132620651304878e+00 9.316273324164106029e-01
1.457698991265664157e+00 9.301698432943661388e-01
1.470265361880023214e+00 1.018568696129994677e+00
1.482831732494382493e+00 1.073385778818691572e+00
1.495398103108741550e+00 8.088349952895141914e-01
1.507964473723100607e+00 9.073011833358139988e-01
1.520530844337459886e+00 1.058474379981294788e+00
1.533097214951818943e+00 9.810107298127377362e-01
1.545663585566178222e+00 1.221719846935319431e+00
1.558229956180537279e+00 1.101134510255898924e+00
1.570796326794896558e+00 1.005063965525104130e+00
1.583362697409255837e+00 8.818797058204967954e-01
1.595929068023614894e+00 1.061145873324533140e+00
1.608495438637974173e+00 1.133582119620253126e+00
1.621061809252333230e+00 1.012532841748245094e+00
1.633628179866692509e+00 8.081603144171805031e-01
1.646194550481051566e+00 9.579106828143344465e-01
1.658760921095410845e+00 9.616002178798187527e-01
1.671327291709770124e+00 1.017215901772949849e+00
1.683893662324129181e+00 1.122790753353873683e+00
1.696460032938488460e+00 1.047664127511330312e+00
1.709026403552847517e+00 1.135715679726795324e+00
1.721592774167206796e+00 1.060279787701528642e+00
1.734159144781565853e+00 9.519705801528052236e-01
1.746725515395925132e+00 1.022733723289766417e+00
1.759291886010284411e+00 7.722949545828508011e-01
1.771858256624643468e+00 9.885628748733361615e-01
1.784424627239002747e+00 9.856468049185350688e-01
1.796990997853361804e+00 9.519666869036158552e-01
1.809557368467721084e+00 1.084055278602733097e+00
1.822123739082079918e+00 1.074785438984885877e+00
1.834690109696438975e+00 1.036758068711675973e+00
1.847256480310798255e+00 8.563191989199263610e-01
1.859822850925157534e+00 1.027470713428009219e+00
1.872389221539516591e+00 1.049230570458691725e+00
1.884955592153875870e+00 1.042228741562697625e+00
1.897521962768234927e+00 1.174725867803475099e+00
1.910088333382594206e+00 9.729717891378600880e-01
1.922654703996953263e+00 7.838118225498037495e-01
1.935221074611312542e+00 8.444962458802941496e-01
1.947787445225671821e+00 6.903375219653375972e-01
1.960353815840030878e+00 9.868227832423583923e-01
1.972920186454390157e+00 9.809368753470284474e-01
1.985486557068749214e+00 1.207962390841164080e+00
1.998052927683108493e+00 9.199485913482084998e-01
2.010619298297467772e+00 8.651785511615636137e-01
2.023185668911826607e+00 9.186059180546196634e-01
2.035752039526185886e+00 8.104659689798727751e-01
2.048318410140545165e+00 8.661654628943719070e-01
2.060884780754904444e+00 6.688817294017288528e-01
2.073451151369263723e+00 9.356376088865798746e-01
2.086017521983622558e+00 7.131625168014702476e-01
2.098583892597981837e+00 9.929632685535101366e-01
2.111150263212341116e+00 9.833030101155841862e-01
2.123716633826700395e+00 9.783551554068274925e-01
2.136283004441059674e+00 5.923353940102318305e-01
2.148849375055418509e+00 9.215434314463043508e-01
2.161415745669777788e+00 7.955832078483248138e-01
2.173982116284137067e+00 8.428553875879063462e-01
2.186548486898496346e+00 7.187682627598823704e-01
2.199114857512855181e+00 7.892968521632214296e-01
2.211681228127214016e+00 9.347743910083932128e-01
2.224247598741573295e+00 8.270431155455633121e-01
2.236813969355932574e+00 7.256246129183272497e-01
2.249380339970291853e+00 6.848311010663107323e-01
2.261946710584651132e+00 8.767334628063455648e-01
2.274513081199009967e+00 8.378009907689032421e-01
2.287079451813369246e+00 7.085177943470379880e-01
2.299645822427728525e+00 7.759644754707057945e-01
2.312212193042087804e+00 6.523896457955717931e-01
2.324778563656447083e+00 7.681918686825071063e-01
2.337344934270805918e+00 7.205716120779915856e-01
2.349911304885165197e+00 9.241585294081960944e-01
2.362477675499524477e+00 6.920810036789165620e-01
2.375044046113883756e+00 8.660855235470752422e-01
2.387610416728242591e+00 7.995788750816205104e-01
2.400176787342601870e+00 8.651350979365850513e-01
2.412743157956961149e+00 6.329036623177339838e-01
2.425309528571320428e+00 6.718429815606314914e-01
2.437875899185679707e+00 6.909865615893998614e-01
2.450442269800038542e+00 6.992348497109075467e-01
2.463008640414397821e+00 6.111480718248747390e-01
2.475575011028757100e+00 5.616281811913388378e-01
2.488141381643116379e+00 4.413727343162999750e-01
2.500707752257475658e+00 5.672417458365787146e-01
2.513274122871834493e+00 7.405548590069300774e-01
2.525840493486193772e+00 5.545486931131764496e-01
2.538406864100553051e+00 4.163412128242685584e-01
2.550973234714912330e+00 4.491392115249984718e-01
2.563539605329271165e+00 6.126441970618210497e-01
2.576105975943630444e+00 5.416637324570403589e-01
2.588672346557989723e+00 5.368127428159430448e-01
2.601238717172349002e+00 4.570095196320079767e-01
2.613805087786708281e+00 4.349112492006726449e-01
2.626371458401067116e+00 4.085380944058278341e-01
2.638937829015425951e+00 4.151670387751528191e-01
2.651504199629785230e+00 4.074180381106524140e-01
2.664070570244144509e+00 5.657674922265403250e-01
2.676636940858503788e+00 4.386258461690187294e-01
2.689203311472863067e+00 4.666399591169678729e-01
2.701769682087221902e+00 3.693544357950017676e-01
2.714336052701581181e+00 3.959219468529875385e-01
2.726902423315940460e+00 2.991592425025557112e-01
2.739468793930299739e+00 5.168380186689732758e-01
2.752035164544658574e+00 3.365216420699584932e-01
2.764601535159017853e+00 4.716080530522731018e-01
2.777167905773377132e+00 4.021493772580289616e-01
2.789734276387736411e+00 3.276317970921013845e-01
2.802300647002095690e+00 5.270957397377242781e-01
2.814867017616454525e+00 3.503881949705193732e-01
2.827433388230813804e+00 3.605547344166378232e-01
2.839999758845173083e+00 2.401588885555756003e-01
2.852566129459532362e+00 3.492957046241774721e-01
2.865132500073891642e+00 3.496683983751121549e-01
2.877698870688250476e+00 2.881390191497085196e-01
2.890265241302609756e+00 2.935260335323967018e-01
2.902831611916969035e+00 1.361929637782529068e-01
2.915397982531328314e+00 2.767966537471637789e-01
2.927964353145687149e+00 2.840719485892490015e-01
2.940530723760046428e+00 1.066348617836517521e-01
2.953097094374405707e+00 2.025567113762817839e-01
2.965663464988764986e+00 2.144340136691352816e-01
2.978229835603124265e+00 3.694422665164495689e-02
2.990796206217483100e+00 2.064994903473309773e-01
3.003362576831842379e+00 1.942610662271465338e-01
3.015928947446201214e+00 2.936158924170199913e-02
3.028495318060560493e+00 1.103933272742627925e-01
3.041061688674919772e+00 9.476748054579015035e-02
3.053628059289279051e+00 7.014443015858855268e-02
3.066194429903637886e+00 -3.042819851835930345e-02
3.078760800517997165e+00 1.369184824284195301e-01
3.091327171132356444e+00 1.116154887365477522e-01
3.103893541746715723e+00 4.852950721501290976e-02
3.116459912361074558e+00 3.104050686873647408e-02
3.129026282975433837e+00 -1.094556903440725704e-01
3.141592653589793116e+00 -6.868766663450756593e-02
3.154159024204152395e+00 -9.096078452008275750e-02
3.166725394818511674e+00 -1.274361438505661540e-02
3.179291765432870509e+00 1.757795534331440396e-02
3.191858136047229788e+00 7.209663128096902018e-02
3.204424506661589067e+00 -1.293610394929024104e-02
3.216990877275948346e+00 -9.481377060505465082e-02
3.229557247890307181e+00 -1.024506495830737191e-01
3.242123618504666460e+00 -1.675764102910901610e-01
3.254689989119025739e+00 1.977472156892874644e-02
3.267256359733385018e+00 -2.524604172744061570e-01
3.279822730347744297e+00 -2.272544980509474399e-01
3.292389100962103132e+00 5.887533965332186758e-02
3.304955471576462411e+00 -3.493305157906232972e-01
3.317521842190821690e+00 -2.320824551294355387e-01
3.330088212805180969e+00 -2.145111608574507556e-01
3.342654583419540248e+00 -1.801439123732072045e-01
3.355220954033899083e+00 -2.678348479726316844e-01
3.367787324648258362e+00 -3.546015454880178108e-01
3.380353695262617642e+00 -4.366207296862428255e-01
3.392920065876976921e+00 -3.679775570609861157e-01
3.405486436491335756e+00 -2.639098709370289453e-01
3.418052807105695035e+00 -2.673844977478298524e-01
3.430619177720054314e+00 -1.931968397592742082e-01
3.443185548334413593e+00 -4.315407608661745442e-01
3.455751918948772872e+00 -4.047779929702143287e-01
3.468318289563131707e+00 -2.219626671343666591e-01
3.480884660177490986e+00 -4.239665002067358746e-01
3.493451030791850265e+00 -2.478501026120986939e-01
3.506017401406209544e+00 -4.188826293944029611e-01
3.518583772020568823e+00 -4.918954981159088247e-01
3.531150142634927658e+00 -4.053201098551127979e-01
3.543716513249286937e+00 -3.113419032799973341e-01
3.556282883863646216e+00 -3.885778187217622248e-01
3.568849254478005495e+00 -5.025568546989198637e-01
3.581415625092364330e+00 -4.307427786347146070e-01
3.593981995706723609e+00 -3.536690592902100860e-01
3.606548366321082888e+00 -4.642621286835615368e-01
3.619114736935442167e+00 -5.400769170214680948e-01
3.631681107549800558e+00 -3.501113203978571398e-01
3.644247478164159837e+00 -4.400133245427346185e-01
3.656813848778519116e+00 -4.511130157706184085e-01
3.669380219392877951e+00 -5.049602786680849054e-01
3.681946590007237230e+00 -3.718660133381876953e-01
3.694512960621596509e+00 -3.506263454755332853e-01
3.707079331235955788e+00 -5.254414985487919632e-01
3.719645701850315067e+00 -4.017852501170341428e-01
3.732212072464673902e+00 -7.371421954662995546e-01
3.744778443079033181e+00 -6.096722956033582275e-01
3.757344813693392460e+00 -4.821320441717522609e-01
3.769911184307751739e+00 -6.078559909662216709e-01
3.782477554922110574e+00 -7.097063216209990033e-01
3.795043925536469853e+00 -5.157008144777632808e-01
3.807610296150829132e+00 -4.721663931959845795e-01
3.820176666765188411e+00 -4.249596378950734055e-01
3.832743037379547690e+00 -5.913770420481686552e-01
3.845309407993906525e+00 -7.985242467998047156e-01
3.857875778608265804e+00 -5.262517240091717508e-01
3.870442149222625083e+00 -5.583547007698910214e-01
3.883008519836984362e+00 -6.147486003167612623e-01
3.895574890451343641e+00 -6.986097557836676852e-01
3.908141261065702476e+00 -5.218072425648279111e-01
3.920707631680061755e+00 -8.437899272076085921e-01
3.933274002294421035e+00 -7.840075394535974684e-01
3.945840372908780314e+00 -7.416143483104227219e-01
3.958406743523139149e+00 -8.351415524211728281e-01
3.970973114137498428e+00 -5.839924612083716715e-01
3.983539484751857707e+00 -7.761167609867583028e-01
3.996105855366216986e+00 -7.263797818475907775e-01
4.008672225980576265e+00 -8.136432770184074403e-01
4.021238596594935544e+00 -8.033287091453577000e-01
4.033804967209294823e+00 -7.589823301043260306e-01
4.046371337823653214e+00 -7.496860588750068333e-01
4.058937708438012493e+00 -7.472893967843310392e-01
4.071504079052371772e+00 -6.926275944585563726e-01
4.084070449666731051e+00 -7.250379823438162230e-01
4.096636820281090330e+00 -6.695337732149501120e-01
4.109203190895449609e+00 -9.756799888021006062e-01
4.121769561509808888e+00 -7.308731339667751126e-01
4.134335932124168167e+00 -7.084628581494822885e-01
4.146902302738527446e+00 -7.971016092896792138e-01
4.159468673352886725e+00 -9.909870311846903368e-01
4.172035043967245116e+00 -7.909899612547778291e-01
4.184601414581604395e+00 -7.256277179835342039e-01
4.197167785195963674e+00 -1.049693174263538475e+00
4.209734155810322953e+00 -8.540073655325246538e-01
4.222300526424682232e+00 -9.527298244666871918e-01
4.234866897039041511e+00 -6.435138857812832125e-01
4.247433267653400790e+00 -1.131856789651115580e+00
4.259999638267760069e+00 -9.455252444839234993e-01
4.272566008882119348e+00 -8.106013437576055081e-01
4.285132379496477739e+00 -7.280335178855347200e-01
4.297698750110837018e+00 -8.256869035333427309e-01
4.310265120725196297e+00 -8.118967388195428292e-01
4.322831491339555576e+00 -9.224938275448457681e-01
4.335397861953914855e+00 -8.951837673156417541e-01
4.347964232568274134e+00 -9.236777243233966761e-01
4.360530603182633413e+00 -7.478007398293985419e-01
4.373096973796992692e+00 -7.608385504870424088e-01
4.385663344411351972e+00 -1.068086057692937185e+00
4.398229715025710362e+00 -8.653382665827135112e-01
4.410796085640069641e+00 -9.968264166908961110e-01
4.423362456254428032e+00 -9.881182286673253490e-01
4.435928826868787311e+00 -9.854602398291952836e-01
4.448495197483146590e+00 -8.690453417124395230e-01
4.461061568097505869e+00 -1.044067136925598493e+00
4.473627938711865148e+00 -9.781319273542118387e-01
4.486194309326224428e+00 -9.445111257546529027e-01
4.498760679940583707e+00 -1.072211553231374737e+00
4.511327050554942986e+00 -8.511084909944346411e-01
4.523893421169302265e+00 -9.344725655018149002e-01
4.536459791783661544e+00 -8.481986766354836504e-01
4.549026162398019935e+00 -1.063993928337966910e+00
4.561592533012379214e+00 -1.004016986593738725e+00
4.574158903626738493e+00 -8.481034293045006667e-01
4.586725274241097772e+00 -8.972225310096063611e-01
4.599291644855457051e+00 -8.260379055298899820e-01
4.611858015469816330e+00 -1.051816621928230333e+00
4.624424386084175609e+00 -1.180517644120707699e+00
4.636990756698534888e+00 -1.041934486617267064e+00
4.649557127312894167e+00 -9.382737726374389409e-01
4.662123497927252558e+00 -9.886610407274796231e-01
4.674689868541611837e+00 -1.137635167797346192e+00
4.687256239155971116e+00 -9.180078680959838922e-01
4.699822609770330395e+00 -9.614193971149678219e-01
4.712388980384689674e+00 -9.135113747236475179e-01
4.724955350999048953e+00 -8.375677593174163382e-01
4.737521721613408232e+00 -1.175362350315138915e+00
4.750088092227767511e+00 -1.166487365835097822e+00
4.762654462842126790e+00 -9.483853782968891810e-01
4.775220833456485181e+00 -1.178037176735445168e+00
4.787787204070844460e+00 -1.025996251581165142e+00
4.800353574685203739e+00 -1.049158160983955312e+00
4.812919945299563018e+00 -8.195836166514010035e-01
4.825486315913922297e+00 -1.179772029510916864e+00
4.838052686528281576e+00 -9.977505311912028274e-01
4.850619057142640855e+00 -8.620370566178889860e-01
4.863185427757000134e+00 -1.043043390532753856e+00
4.875751798371359413e+00 -9.382713717346398141e-01
4.888318168985717804e+00 -8.588272650489440219e-01
4.900884539600077083e+00 -9.502483868445453785e-01
4.913450910214436362e+00 -1.041704049671735133e+00
4.926017280828795641e+00 -1.041068901677596692e+00
4.938583651443154920e+00 -1.142988765835426301e+00
4.951150022057514200e+00 -1.025098752838637939e+00
4.963716392671873479e+00 -9.948065412510104233e-01
4.976282763286232758e+00 -1.008176951920229714e+00
4.988849133900592037e+00 -9.152249688631711733e-01
5.001415504514951316e+00 -1.020989489963420205e+00
5.013981875129309707e+00 -9.813375641279487027e-01
5.026548245743668986e+00 -9.412037426956212371e-01
5.039114616358028265e+00 -8.200812372490335900e-01
5.051680986972387544e+00 -9.226608997180872906e-01
5.064247357586746823e+00 -1.075171541040507606e+00
5.076813728201106102e+00 -1.094492521961901055e+00
5.089380098815465381e+00 -8.786809735104531560e-01
5.101946469429824660e+00 -1.017801317829125418e+00
5.114512840044183939e+00 -9.033234421234099809e-01
5.127079210658542330e+00 -7.559574749061392929e-01
5.139645581272901609e+00 -9.672971281695348367e-01
5.152211951887260888e+00 -8.322030620361892117e-01
5.164778322501620167e+00 -8.796569894473035278e-01
5.177344693115979446e+00 -8.390306456737245400e-01
5.189911063730338725e+00 -8.539873108004244484e-01
5.202477434344698004e+00 -1.065082080973373202e+00
5.215043804959057283e+00 -7.985132505924009694e-01
5.227610175573416562e+00 -8.412490076139530482e-01
5.240176546187774953e+00 -8.825813939034287126e-01
5.252742916802134232e+00 -9.208573006949913875e-01
5.265309287416492623e+00 -1.033705481014416838e+00
5.277875658030851902e+00 -9.312112598459690860e-01
5.290442028645211181e+00 -9.106046562046932191e-01
5.303008399259570460e+00 -6.771767570981049866e-01
5.315574769873929739e+00 -7.831217216587924579e-01
5.328141140488289018e+00 -8.844731808372996440e-01
5.340707511102648297e+00 -7.481056830726582341e-01
5.353273881717007576e+00 -7.911191520797878907e-01
5.365840252331366855e+00 -6.609444649123175086e-01
5.378406622945726134e+00 -6.876625703785513855e-01
5.390972993560084525e+00 -7.219010890717818540e-01
5.403539364174443804e+00 -7.816020419820973730e-01
5.416105734788803083e+00 -7.242406161346822691e-01
5.428672105403162362e+00 -9.104128206069914686e-01
5.441238476017521641e+00 -8.908992670928904678e-01
5.453804846631880920e+00 -6.218663939315468570e-01
5.466371217246240199e+00 -7.488862926654930030e-01
5.478937587860599479e+00 -6.656286671081079742e-01
5.491503958474958758e+00 -6.932497347248217645e-01
5.504070329089317148e+00 -7.852149626018571915e-01
5.516636699703676427e+00 -6.666801087254765612e-01
5.529203070318035707e+00 -6.287845570610872681e-01
5.541769440932394986e+00 -6.718586434807239938e-01
5.554335811546754265e+00 -5.817789231740121414e-01
5.566902182161113544e+00 -7.257497249540999507e-01
5.579468552775472823e+00 -7.756965181595134595e-01
5.592034923389832102e+00 -6.784974033250589232e-01
5.604601294004191381e+00 -5.895597173664440804e-01
5.617167664618549772e+00 -6.475711963093548906e-01
5.629734035232909051e+00 -7.273941989793135665e-01
5.642300405847268330e+00 -5.333979020776334901e-01
5.654866776461627609e+00 -6.102252501096797621e-01
5.667433147075986888e+00 -5.157490190135519681e-01
5.679999517690346167e+00 -5.140055904220448557e-01
5.692565888304705446e+00 -3.669225246393362783e-01
5.705132258919064725e+00 -5.269415500226098947e-01
5.717698629533424004e+00 -5.162672924183636658e-01
5.730265000147783283e+00 -4.699688511959428383e-01
5.742831370762141674e+00 -3.672178610783626285e-01
5.755397741376500953e+00 -5.769990317341575636e-01
5.767964111990860232e+00 -4.172535087347065685e-01
5.780530482605219511e+00 -4.944979497903796428e-01
5.793096853219578790e+00 -3.832262903935963472e-01
5.805663223833938069e+00 -3.615451893233887493e-01
5.818229594448297348e+00 -4.065482935885778581e-01
5.830795965062656627e+00 -5.528198498301777342e-01
5.843362335677015906e+00 -4.656930146094310774e-01
5.855928706291374297e+00 -5.919411158632280623e-01
5.868495076905733576e+00 -3.283754814886142848e-01
5.881061447520092855e+00 -4.645190180554056858e-01
5.893627818134452134e+00 -3.733107166191265147e-01
5.906194188748811413e+00 -5.608933129478498314e-01
5.918760559363170692e+00 -3.497142946712807343e-01
5.931326929977529971e+00 -3.073653850303072477e-01
5.943893300591889250e+00 -4.558901659852305777e-01
5.956459671206248530e+00 -2.886115929494034726e-01
5.969026041820606920e+00 -3.496084322720960369e-01
5.981592412434966199e+00 -2.020827082292117605e-01
5.994158783049325478e+00 -3.298918259670380326e-01
6.006725153663684758e+00 -2.906484028687551513e-01
6.019291524278044037e+00 -1.857359975325617585e-01
6.031857894892402427e+00 -2.208778720814785212e-01
6.044424265506761706e+00 -1.502407892787430699e-01
6.056990636121120986e+00 -1.133395203351865999e-01
6.069557006735480265e+00 -1.753522347884220178e-01
6.082123377349839544e+00 -2.812539302456984469e-01
6.094689747964198823e+00 -2.152539795843411152e-01
6.107256118578558102e+00 -2.756924726464845543e-01
6.119822489192916493e+00 -1.645541796268084611e-01
6.132388859807275772e+00 -8.646998308538081379e-02
6.144955230421635051e+00 -1.088524681630114593e-01
6.157521601035994330e+00 -6.489870329479068001e-02
6.170087971650353609e+00 -8.700182364258834955e-02
6.182654342264712888e+00 -8.381197139574042554e-02
6.195220712879072167e+00 5.283614988135312829e-02
6.207787083493431446e+00 -3.626048644869489523e-02
6.220353454107790725e+00 -3.635556848265518448e-02
6.232919824722149116e+00 3.343315150972211991e-02
6.245486195336508395e+00 -2.159682163785284770e-01
6.258052565950867674e+00 -3.642280757725344098e-02
6.270618936565226953e+00 4.758501693049653480e-02
