0.000000000000000000e+00 -9.758762491101208303e-02
1.256637061435917323e-02 1.482315971356370499e-01
2.513274122871834645e-02 3.292044019653942999e-01
3.769911184307751795e-02 -1.064615565585264600e-01
5.026548245743669291e-02 3.670629594757927050e-01
6.283185307179586787e-02 -1.311413111444963975e-01
7.539822368615503589e-02 -1.764889236778156845e-01
8.796459430051420392e-02 8.326612208499166445e-02
1.005309649148733858e-01 1.821808355205186414e-01
1.130973355292325677e-01 -7.219053367868007165e-02
1.256637061435917357e-01 1.684582304645075579e-01
1.382300767579508760e-01 6.221893236138660577e-02
1.507964473723100718e-01 3.716331916342484609e-01
1.633628179866692676e-01 2.365653462363009885e-02
1.759291886010284078e-01 2.371936083667203765e-01
1.884955592153875759e-01 -7.760602405328759223e-02
2.010619298297467716e-01 3.453193583761205998e-01
2.136283004441059397e-01 2.259224816737641084e-01
2.261946710584651354e-01 1.261421795745062691e-01
2.387610416728242757e-01 2.312932012327988396e-01
2.513274122871834715e-01 2.500857075849998723e-01
2.638937829015426395e-01 2.350159084417571265e-01
2.764601535159017520e-01 2.262859475472893400e-01
2.890265241302609756e-01 2.093050291670508489e-01
3.015928947446201436e-01 2.392530953981551745e-01
3.141592653589793116e-01 4.525580977613873346e-01
3.267256359733385351e-01 4.851632076024389173e-01
3.392920065876976476e-01 3.948696700413741878e-01
3.518583772020568157e-01 3.620421788885448411e-01
3.644247478164160392e-01 4.074348399076729299e-01
3.769911184307751517e-01 3.331920955009400886e-01
3.895574890451343197e-01 3.338805819168661482e-01
4.021238596594935433e-01 4.922195852964463270e-01
4.146902302738527113e-01 4.566917311702747839e-01
4.272566008882118793e-01 5.827973086607206588e-01
4.398229715025711029e-01 3.346589328009109687e-01
4.523893421169302709e-01 5.402638472043794771e-01
4.649557127312893834e-01 4.719215553402433261e-01
4.775220833456485514e-01 4.808095928122842477e-01
4.900884539600077194e-01 4.740094100045735281e-01
5.026548245743669430e-01 3.927134482291791961e-01
5.152211951887261110e-01 4.245398874338114914e-01
5.277875658030852790e-01 3.962702188627653666e-01
5.403539364174444470e-01 5.127574265267638154e-01
5.529203070318035040e-01 4.675676615254927837e-01
5.654866776461627831e-01 4.817956906257398475e-01
5.780530482605219511e-01 5.201681241634060759e-01
5.906194188748811191e-01 5.895589083996699564e-01
6.031857894892402872e-01 4.802781069495575261e-01
6.157521601035994552e-01 5.323732296640367734e-01
6.283185307179586232e-01 6.040323687135835673e-01
6.408849013323177912e-01 3.948201110999715047e-01
6.534512719466770703e-01 4.622162256372649436e-01
6.660176425610361273e-01 5.841518437958885812e-01
6.785840131753952953e-01 5.346888034527647049e-01
6.911503837897544633e-01 6.060117815992506207e-01
7.037167544041136313e-01 6.920410476404057487e-01
7.162831250184729104e-01 6.898209261070777920e-01
7.288494956328320784e-01 6.280495235826232259e-01
7.414158662471912464e-01 5.976273646134290241e-01
7.539822368615503034e-01 6.076631091670570139e-01
7.665486074759094715e-01 7.543026483921775327e-01
7.791149780902686395e-01 7.316324105796355726e-01
7.916813487046279185e-01 6.016153178764540588e-01
8.042477193189870865e-01 6.083482366107361150e-01
8.168140899333462546e-01 7.583995842665114395e-01
8.293804605477054226e-01 7.554015248895670220e-01
8.419468311620645906e-01 6.222678562953020132e-01
8.545132017764237586e-01 8.713499715729393635e-01
8.670795723907829267e-01 7.733883635004459300e-01
8.796459430051422057e-01 6.070811042368762234e-01
8.922123136195013737e-01 8.707523764918563280e-01
9.047786842338605418e-01 7.797317383175601524e-01
9.173450548482194877e-01 7.631409280567279518e-01
9.299114254625787668e-01 9.526061016369168355e-01
9.424777960769379348e-01 7.326503436973861305e-01
9.550441666912971028e-01 5.909476498184840221e-01
9.676105373056562708e-01 9.331811105250447103e-01
9.801769079200154389e-01 8.860423610372125669e-01
9.927432785343746069e-01 8.685122304490694445e-01
1.005309649148733886e+00 7.500582562936144448e-01
1.017876019763092943e+00 9.726596019777706825e-01
1.030442390377452222e+00 8.260501951894594352e-01
1.043008760991811279e+00 7.914618864976569190e-01
1.055575131606170558e+00 9.449161901295378696e-01
1.068141502220529837e+00 7.763910139032061952e-01
1.080707872834888894e+00 8.153726828663554471e-01
1.093274243449248173e+00 9.029186621247936584e-01
1.105840614063607008e+00 9.876783302655145480e-01
1.118406984677966287e+00 9.574392045020783115e-01
1.130973355292325566e+00 6.724918656490416202e-01
1.143539725906684623e+00 9.951993437313179092e-01
1.156106096521043902e+00 8.497338151790601035e-01
1.168672467135402959e+00 9.320962548216494836e-01
1.181238837749762238e+00 9.795091038547506512e-01
1.193805208364121295e+00 1.009887327460693429e+00
1.206371578978480574e+00 9.087406528971201380e-01
1.218937949592839853e+00 9.874430768288759985e-01
1.231504320207198910e+00 9.163134674887192244e-01
1.244070690821558189e+00 9.227120300347153581e-01
1.256637061435917246e+00 8.861099160186893808e-01
1.269203432050276525e+00 9.864112344526769771e-01
1.281769802664635582e+00 1.059637701981092306e+00
1.294336173278994861e+00 1.024683155648007160e+00
1.306902543893354141e+00 1.026367631019436288e+00
1.319468914507712975e+00 1.020173292172996682e+00
1.332035285122072255e+00 1.104993846466054919e+00
1.344601655736431534e+00 9.529587410915596468e-01
1.357168026350790591e+00 1.037382009610181344e+00
1.369734396965149870e+00 9.911286255145620450e-01
1.382300767579508927e+00 8.792444568753646772e-01
1.394867138193868206e+00 8.974755055188189390e-01
1.407433508808227263e+00 7.346361844043576284e-01
1.419999879422586542e+00 9.928480850580558847e-01
1.432566250036945821e+00 9.409021791705349802e-01
1.445132620651304878e+00 1.032160354628783416e+00
1.457698991265664157e+00 8.357484171531607275e-01
1.470265361880023214e+00 1.018746932284841034e+00
1.482831732494382493e+00 9.602037378472635387e-01
1.495398103108741550e+00 8.540495345531299298e-01
1.507964473723100607e+00 1.021013326786755604e+00
1.520530844337459886e+00 1.025989685383547290e+00
1.533097214951818943e+00 1.028853066061478305e+00
1.545663585566178222e+00 1.017319412736257478e+00
1.558229956180537279e+00 1.097932018195370674e+00
1.570796326794896558e+00 1.026478309847461690e+00
1.583362697409255837e+00 1.041440167335869527e+00
1.595929068023614894e+00 1.047258257305567986e+00
1.608495438637974173e+00 9.284813491801217067e-01
1.621061809252333230e+00 8.147402495002967759e-01
1.633628179866692509e+00 1.089439630774350576e+00
1.646194550481051566e+00 1.022851652686640689e+00
1.658760921095410845e+00 9.353796932767356465e-01
1.671327291709770124e+00 9.690744576714501735e-01
1.683893662324129181e+00 9.795538964071813792e-01
1.696460032938488460e+00 9.578666348155431276e-01
1.709026403552847517e+00 9.357311635780324321e-01
1.721592774167206796e+00 1.044809195315592465e+00
1.734159144781565853e+00 1.019038916732600386e+00
1.746725515395925132e+00 1.141788366697146451e+00
1.759291886010284411e+00 1.163329909418119756e+00
1.771858256624643468e+00 9.713545716080805859e-01
1.784424627239002747e+00 8.883185886509471496e-01
1.796990997853361804e+00 9.719034220400109003e-01
1.809557368467721084e+00 8.818621884917693388e-01
1.822123739082079918e+00 9.784116220448195733e-01
1.834690109696438975e+00 9.375830003392775502e-01
1.847256480310798255e+00 9.312576768853367826e-01
1.859822850925157534e+00 9.558757544335808598e-01
1.872389221539516591e+00 8.815821044846432475e-01
1.884955592153875870e+00 1.035557332548845189e+00
1.897521962768234927e+00 8.143607781980896076e-01
1.910088333382594206e+00 9.937474356091838823e-01
1.922654703996953263e+00 1.040409706350912122e+00
1.935221074611312542e+00 8.173890133739417641e-01
1.947787445225671821e+00 9.636360952395406354e-01
1.960353815840030878e+00 8.976983607564360534e-01
1.972920186454390157e+00 1.107270792243676416e+00
1.985486557068749214e+00 9.587599889139221121e-01
1.998052927683108493e+00 9.401140282776485613e-01
2.010619298297467772e+00 9.787025053730242785e-01
2.023185668911826607e+00 9.588420628306645321e-01
2.035752039526185886e+00 8.643059325829159922e-01
2.048318410140545165e+00 9.791534462124532601e-01
2.060884780754904444e+00 8.697706705079811806e-01
2.073451151369263723e+00 8.339932582511568882e-01
2.086017521983622558e+00 9.007978340762331504e-01
2.098583892597981837e+00 8.026560157836721832e-01
2.111150263212341116e+00 8.396662331997897244e-01
2.123716633826700395e+00 8.101897471978616316e-01
2.136283004441059674e+00 6.857309009945732337e-01
2.148849375055418509e+00 8.129302132617829413e-01
2.161415745669777788e+00 9.750175988090754586e-01
2.173982116284137067e+00 9.655968861750439114e-01
2.186548486898496346e+00 8.180639745363781357e-01
2.199114857512855181e+00 8.961700334808462287e-01
2.211681228127214016e+00 6.275956674972686944e-01
2.224247598741573295e+00 6.171352895601216471e-01
2.236813969355932574e+00 6.719170329886543502e-01
2.249380339970291853e+00 7.236177749944785464e-01
2.261946710584651132e+00 7.280120519581756433e-01
2.274513081199009967e+00 7.405376900147918606e-01
2.287079451813369246e+00 5.599029774792031455e-01
2.299645822427728525e+00 6.598026151608539225e-01
2.312212193042087804e+00 6.433418444210734499e-01
2.324778563656447083e+00 8.501812140619124936e-01
2.337344934270805918e+00 6.549329696554568869e-01
2.349911304885165197e+00 7.001122853622966380e-01
2.362477675499524477e+00 6.663217960608097679e-01
2.375044046113883756e+00 6.086837811432475043e-01
2.387610416728242591e+00 6.776445144573497448e-01
2.400176787342601870e+00 6.919527392355311335e-01
2.412743157956961149e+00 6.576386789808996713e-01
2.425309528571320428e+00 5.996371150005461725e-01
2.437875899185679707e+00 5.144121490246174044e-01
2.450442269800038542e+00 4.803727029224585388e-01
2.463008640414397821e+00 5.081007832588011475e-01
2.475575011028757100e+00 5.558214745454101990e-01
2.488141381643116379e+00 6.493784144891978638e-01
2.500707752257475658e+00 7.375176311959046327e-01
2.513274122871834493e+00 5.767332230963441164e-01
2.525840493486193772e+00 5.442470601350910542e-01
2.538406864100553051e+00 5.823456915070505113e-01
2.550973234714912330e+00 4.977777208563968214e-01
2.563539605329271165e+00 4.039752171374018097e-01
2.576105975943630444e+00 6.360497217876664999e-01
2.588672346557989723e+00 4.818397487743598107e-01
2.601238717172349002e+00 6.751663625734297680e-01
2.613805087786708281e+00 5.202956759802198627e-01
2.626371458401067116e+00 4.909170372203348065e-01
2.638937829015425951e+00 5.929207038009011166e-01
2.651504199629785230e+00 4.455884905103068006e-01
2.664070570244144509e+00 4.187805603740232807e-01
2.676636940858503788e+00 4.775658007858403220e-01
2.689203311472863067e+00 2.063573322818728073e-01
2.701769682087221902e+00 5.001638680685523974e-01
2.714336052701581181e+00 5.160263420505176724e-01
2.726902423315940460e+00 3.578347679995232955e-01
2.739468793930299739e+00 4.102946369427237783e-01
2.752035164544658574e+00 5.176091164834386582e-01
2.764601535159017853e+00 4.446776898802086153e-01
2.777167905773377132e+00 3.529631968730119751e-01
2.789734276387736411e+00 3.460380273240367677e-01
2.802300647002095690e+00 5.608913973996101365e-01
2.814867017616454525e+00 2.063781504212731099e-01
2.827433388230813804e+00 3.040775487132545418e-01
2.839999758845173083e+00 3.520225238374461996e-01
2.852566129459532362e+00 1.416738142617060825e-01
2.865132500073891642e+00 2.178090039023948543e-01
2.877698870688250476e+00 5.170177190922392585e-02
2.890265241302609756e+00 2.555661769932746075e-01
2.902831611916969035e+00 3.189708476697337147e-01
2.915397982531328314e+00 1.307405322930761671e-01
2.927964353145687149e+00 1.654085585784856316e-01
2.940530723760046428e+00 1.492172488222543725e-01
2.953097094374405707e+00 2.236009476893570658e-01
2.965663464988764986e+00 1.437194015402298852e-01
2.978229835603124265e+00 2.213568715814048793e-01
2.990796206217483100e+00 1.301864119683837639e-02
3.003362576831842379e+00 6.266435061866582057e-03
3.015928947446201214e+00 4.464519080424279862e-02
3.028495318060560493e+00 1.293379610967609339e-01
3.041061688674919772e+00 1.149848753444133731e-01
3.053628059289279051e+00 1.317409195458467130e-01
3.066194429903637886e+00 1.334710220532191460e-01
3.078760800517997165e+00 2.410868278430577938e-02
3.091327171132356444e+00 3.429090683957304597e-02
3.103893541746715723e+00 1.089083737841982646e-01
3.116459912361074558e+00 -1.253012363869898949e-01
3.129026282975433837e+00 3.254834420979379681e-03
3.141592653589793116e+00 6.414618642940252136e-02
3.154159024204152395e+00 -1.400178533650019326e-02
3.166725394818511674e+00 3.690248802651414917e-02
3.179291765432870509e+00 -4.334033713760074291e-02
3.191858136047229788e+00 -9.121879576451656646e-03
3.204424506661589067e+00 -1.908216694405266423e-01
3.216990877275948346e+00 6.874979342604929655e-02
3.229557247890307181e+00 -1.138047045671957413e-01
3.242123618504666460e+00 -2.650735892173837760e-01
3.254689989119025739e+00 -2.789636490968323002e-01
3.267256359733385018e+00 -4.028042983004206934e-02
3.279822730347744297e+00 -9.307881582296664846e-02
3.292389100962103132e+00 -5.389226813566991292e-02
3.304955471576462411e+00 -1.959835052127224531e-01
3.317521842190821690e+00 -2.858348528614611528e-01
3.330088212805180969e+00 -2.129555183393189444e-01
3.342654583419540248e+00 -2.264247826434234445e-01
3.355220954033899083e+00 -2.027444885825152865e-01
3.367787324648258362e+00 -1.323438943355775832e-02
3.380353695262617642e+00 -2.745015729255323444e-01
3.392920065876976921e+00 -4.236478044608343874e-01
3.405486436491335756e+00 -3.444382410969921704e-01
3.418052807105695035e+00 -1.420635581882578047e-01
3.430619177720054314e+00 -4.785661339425519856e-01
3.443185548334413593e+00 -1.987189866357830792e-01
3.455751918948772872e+00 -4.560106053898436151e-01
3.468318289563131707e+00 -3.965138667173553344e-01
3.480884660177490986e+00 -3.751481533815906877e-01
3.493451030791850265e+00 -4.477167694821108657e-01
3.506017401406209544e+00 -4.115139721062450739e-01
3.518583772020568823e+00 -2.855528828940739339e-01
3.531150142634927658e+00 -4.362050710503887485e-01
3.543716513249286937e+00 -4.400896374266457522e-01
3.556282883863646216e+00 -3.749059014878208806e-01
3.568849254478005495e+00 -5.596237930516737569e-01
3.581415625092364330e+00 -5.287513712569393842e-01
3.593981995706723609e+00 -5.156488738933160398e-01
3.606548366321082888e+00 -3.629778249090110376e-01
3.619114736935442167e+00 -4.915164196206909253e-01
3.631681107549800558e+00 -3.124768636492160079e-01
3.644247478164159837e+00 -5.219685688244727340e-01
3.656813848778519116e+00 -5.844330624179312483e-01
3.669380219392877951e+00 -5.514433437454697717e-01
3.681946590007237230e+00 -6.708892801898378444e-01
3.694512960621596509e+00 -4.944583697169473990e-01
3.707079331235955788e+00 -5.288925188028416047e-01
3.719645701850315067e+00 -6.139909008148584091e-01
3.732212072464673902e+00 -7.173223146676238615e-01
3.744778443079033181e+00 -5.165539095825973925e-01
3.757344813693392460e+00 -4.707486960846478663e-01
3.769911184307751739e+00 -5.686842058365434438e-01
3.782477554922110574e+00 -7.135842359547414082e-01
3.795043925536469853e+00 -6.384648084026735004e-01
3.807610296150829132e+00 -7.351719266595732050e-01
3.820176666765188411e+00 -6.451522745045407126e-01
3.832743037379547690e+00 -6.088509776620204539e-01
3.845309407993906525e+00 -6.442381610075895715e-01
3.857875778608265804e+00 -7.503253350250940201e-01
3.870442149222625083e+00 -6.296315897858218991e-01
3.883008519836984362e+00 -6.617142357044134560e-01
3.895574890451343641e+00 -5.798788729646900952e-01
3.908141261065702476e+00 -5.927614474819455914e-01
3.920707631680061755e+00 -6.880565250428534174e-01
3.933274002294421035e+00 -5.441113579447397486e-01
3.945840372908780314e+00 -9.676552948247518771e-01
3.958406743523139149e+00 -7.949139266686784389e-01
3.970973114137498428e+00 -7.092537809463315135e-01
3.983539484751857707e+00 -7.237343815468523234e-01
3.996105855366216986e+00 -5.959339553520331956e-01
4.008672225980576265e+00 -7.335250081806442557e-01
4.021238596594935544e+00 -8.541617483477191852e-01
4.033804967209294823e+00 -7.699705076432563633e-01
4.046371337823653214e+00 -8.258723678429273907e-01
4.058937708438012493e+00 -8.069130904188706044e-01
4.071504079052371772e+00 -7.488669069492535080e-01
4.084070449666731051e+00 -8.222933127049865121e-01
4.096636820281090330e+00 -7.244677354318165285e-01
4.109203190895449609e+00 -7.645932051859766210e-01
4.121769561509808888e+00 -1.001791697891805555e+00
4.134335932124168167e+00 -8.278960380889103243e-01
4.146902302738527446e+00 -9.153461126919202329e-01
4.159468673352886725e+00 -8.490841634552266370e-01
4.172035043967245116e+00 -8.927164673323468858e-01
4.184601414581604395e+00 -7.766784263657131593e-01
4.197167785195963674e+00 -8.101326108455103592e-01
4.209734155810322953e+00 -9.655781382427817139e-01
4.222300526424682232e+00 -8.509743147704859068e-01
4.234866897039041511e+00 -8.055686948333100617e-01
4.247433267653400790e+00 -8.338273427083500167e-01
4.259999638267760069e+00 -9.637488362857445923e-01
4.272566008882119348e+00 -8.822647471978816158e-01
4.285132379496477739e+00 -1.011116953341065328e+00
4.297698750110837018e+00 -8.633743849170960605e-01
4.310265120725196297e+00 -9.186007558696112074e-01
4.322831491339555576e+00 -8.055033320127122920e-01
4.335397861953914855e+00 -9.658592366839255927e-01
4.347964232568274134e+00 -1.089118374175047199e+00
4.360530603182633413e+00 -1.018066899929476188e+00
4.373096973796992692e+00 -9.717469184171989571e-01
4.385663344411351972e+00 -9.293284694752810271e-01
4.398229715025710362e+00 -1.070311436005627170e+00
4.410796085640069641e+00 -9.357130685025555339e-01
4.423362456254428032e+00 -1.040527700366385533e+00
4.435928826868787311e+00 -1.005391015367291141e+00
4.448495197483146590e+00 -1.007880801634573720e+00
4.461061568097505869e+00 -1.091359193296690178e+00
4.473627938711865148e+00 -1.096789556635445306e+00
4.486194309326224428e+00 -8.296642881740559083e-01
4.498760679940583707e+00 -1.089621263485782698e+00
4.511327050554942986e+00 -7.732741035273534846e-01
4.523893421169302265e+00 -9.701006504867402125e-01
4.536459791783661544e+00 -9.424447488859526434e-01
4.549026162398019935e+00 -1.147289048910491216e+00
4.561592533012379214e+00 -1.286482712796454875e+00
4.574158903626738493e+00 -1.101040374778419206e+00
4.586725274241097772e+00 -1.029316036677172752e+00
4.599291644855457051e+00 -1.084306807363333514e+00
4.611858015469816330e+00 -1.165065643264550088e+00
4.624424386084175609e+00 -9.178414654667719219e-01
4.636990756698534888e+00 -1.094430536465830217e+00
4.649557127312894167e+00 -1.088223099435893904e+00
4.662123497927252558e+00 -1.003786116124252059e+00
4.674689868541611837e+00 -9.482438166563655901e-01
4.687256239155971116e+00 -1.177936155115764105e+00
4.699822609770330395e+00 -1.029217255951002219e+00
4.712388980384689674e+00 -9.834393117856045086e-01
4.724955350999048953e+00 -9.181460640308181098e-01
4.737521721613408232e+00 -1.133114515024445934e+00
4.750088092227767511e+00 -8.582048661808601153e-01
4.762654462842126790e+00 -9.698748910005225987e-01
4.775220833456485181e+00 -1.038783489642340685e+00
4.787787204070844460e+00 -9.203771075730197149e-01
4.800353574685203739e+00 -9.053571899078918239e-01
4.812919945299563018e+00 -9.518802298418200802e-01
4.825486315913922297e+00 -9.551632359756636603e-01
4.838052686528281576e+00 -1.011174271819411885e+00
4.850619057142640855e+00 -9.160012941903843409e-01
4.863185427757000134e+00 -1.087617876754094492e+00
4.875751798371359413e+00 -9.337370079757655317e-01
4.888318168985717804e+00 -1.060713507144261047e+00
4.900884539600077083e+00 -9.433216632234795451e-01
4.913450910214436362e+00 -9.449794847953280064e-01
4.926017280828795641e+00 -8.888004107275530030e-01
4.938583651443154920e+00 -1.112549055143160714e+00
4.951150022057514200e+00 -9.867545328669899973e-01
4.963716392671873479e+00 -9.887464090241856463e-01
4.976282763286232758e+00 -9.962564990608626658e-01
4.988849133900592037e+00 -9.369461579939654117e-01
5.001415504514951316e+00 -1.162948336871860722e+00
5.013981875129309707e+00 -1.038923428519048509e+00
5.026548245743668986e+00 -9.703013779523377291e-01
5.039114616358028265e+00 -9.791852026599610070e-01
5.051680986972387544e+00 -8.716978922143802100e-01
5.064247357586746823e+00 -9.817790419621632569e-01
5.076813728201106102e+00 -9.073715409249929476e-01
5.089380098815465381e+00 -9.890312079801525380e-01
5.101946469429824660e+00 -8.784854661638619167e-01
5.114512840044183939e+00 -7.962934441882025816e-01
5.127079210658542330e+00 -8.068644678849542506e-01
5.139645581272901609e+00 -8.250536008685882550e-01
5.152211951887260888e+00 -8.466198956143874410e-01
5.164778322501620167e+00 -7.564819272300227215e-01
5.177344693115979446e+00 -8.007136033433860378e-01
5.189911063730338725e+00 -9.483500666446341709e-01
5.202477434344698004e+00 -8.721578381204283525e-01
5.215043804959057283e+00 -8.524416270031045517e-01
5.227610175573416562e+00 -9.494730044138837144e-01
5.240176546187774953e+00 -9.798564178046658135e-01
5.252742916802134232e+00 -7.647411371497176980e-01
5.265309287416492623e+00 -7.343670671903912428e-01
5.277875658030851902e+00 -8.721547857120188763e-01
5.290442028645211181e+00 -7.523569260616409515e-01
5.303008399259570460e+00 -8.538001831123244179e-01
5.315574769873929739e+00 -9.302894009999755909e-01
5.328141140488289018e+00 -5.781731253017781125e-01
5.340707511102648297e+00 -7.300993292736434048e-01
5.353273881717007576e+00 -1.078150674338461235e+00
5.365840252331366855e+00 -9.798359327204357871e-01
5.378406622945726134e+00 -7.294835521328608685e-01
5.390972993560084525e+00 -8.410951073171708536e-01
5.403539364174443804e+00 -7.933080305455812997e-01
5.416105734788803083e+00 -6.326541560899479055e-01
5.428672105403162362e+00 -9.672596181602801657e-01
5.441238476017521641e+00 -7.346414862624724984e-01
5.453804846631880920e+00 -6.645904980504209192e-01
5.466371217246240199e+00 -9.176036064569620399e-01
5.478937587860599479e+00 -7.595363388785766334e-01
5.491503958474958758e+00 -7.379355057445321497e-01
5.504070329089317148e+00 -6.259816538278700770e-01
5.516636699703676427e+00 -6.631075169661044821e-01
5.529203070318035707e+00 -8.078097832888939678e-01
5.541769440932394986e+00 -6.517574349613501905e-01
5.554335811546754265e+00 -5.808416982735806755e-01
5.566902182161113544e+00 -6.625431867521780482e-01
5.579468552775472823e+00 -7.220022813482459556e-01
5.592034923389832102e+00 -6.664714751756986022e-01
5.604601294004191381e+00 -5.305590978310531503e-01
5.617167664618549772e+00 -5.187891754863139804e-01
5.629734035232909051e+00 -7.123404535453647934e-01
5.642300405847268330e+00 -6.855953339559854864e-01
5.654866776461627609e+00 -6.151476357049772137e-01
5.667433147075986888e+00 -6.350157124041061474e-01
5.679999517690346167e+00 -6.443291448268182453e-01
5.692565888304705446e+00 -4.981591601542819103e-01
5.705132258919064725e+00 -3.482468946041147317e-01
5.717698629533424004e+00 -4.585968599874996610e-01
5.730265000147783283e+00 -4.870531364952853659e-01
5.742831370762141674e+00 -4.632368735016672012e-01
5.755397741376500953e+00 -4.114025904714550541e-01
5.767964111990860232e+00 -4.291334017592913219e-01
5.780530482605219511e+00 -3.776201551093962827e-01
5.793096853219578790e+00 -3.972690755715109767e-01
5.805663223833938069e+00 -2.614197566008397144e-01
5.818229594448297348e+00 -4.579742935218373834e-01
5.830795965062656627e+00 -5.174457739061164574e-01
5.843362335677015906e+00 -3.682501131685868012e-01
5.855928706291374297e+00 -3.140082385338376358e-01
5.868495076905733576e+00 -4.125211122950377951e-01
5.881061447520092855e+00 -4.943440934701446299e-01
5.893627818134452134e+00 -5.376828530519682792e-01
5.906194188748811413e+00 -5.201860459274673110e-01
5.918760559363170692e+00 -4.573902668253982950e-01
5.931326929977529971e+00 -3.090575104176943588e-01
5.943893300591889250e+00 -3.083856413132347596e-01
5.956459671206248530e+00 -2.593281766932631349e-01
5.969026041820606920e+00 -2.093852291540240496e-01
5.981592412434966199e+00 -4.036058300565423806e-01
5.994158783049325478e+00 -3.768750855445440751e-01
6.006725153663684758e+00 -3.127594897507802174e-01
6.019291524278044037e+00 -2.996540817486926245e-01
6.031857894892402427e+00 -2.782917103028816896e-01
6.044424265506761706e+00 -9.379550908185602109e-02
6.056990636121120986e+00 -1.383772664907060301e-01
6.069557006735480265e+00 -2.414337103701653664e-01
6.082123377349839544e+00 -1.774625471028579982e-01
6.094689747964198823e+00 -3.222172647893943309e-01
6.107256118578558102e+00 -1.941274319141319538e-01
6.119822489192916493e+00 -3.558180617432394888e-01
6.132388859807275772e+00 -3.954452370851348209e-02
6.144955230421635051e+00 -4.513701119664785544e-02
6.157521601035994330e+00 -5.586617301112019318e-02
6.170087971650353609e+00 -1.597309014045211750e-01
6.182654342264712888e+00 -2.947159185824328453e-01
6.195220712879072167e+00 -2.375678274131014789e-01
6.207787083493431446e+00 -1.360379174739461683e-01
6.220353454107790725e+00 -3.267628229119237671e-02
6.232919824722149116e+00 6.614228441570073336e-02
6.245486195336508395e+00 -6.778486342525150143e-02
6.258052565950867674e+00 -1.500141220428464206e-01
6.270618936565226953e+00 -2.786097089223512485e-02
