0.000000000000000000e+00 1.239990117101223144e-01
1.256637061435917323e-02 7.746889619571617480e-02
2.513274122871834645e-02 -8.448110741215689168e-02
3.769911184307751795e-02 -4.092659338040456618e-02
5.026548245743669291e-02 2.555288066162559116e-02
6.283185307179586787e-02 -7.957519683209683670e-02
7.539822368615503589e-02 2.018521177584811088e-01
8.796459430051420392e-02 8.458627944493055106e-02
1.005309649148733858e-01 1.461694542778232964e-01
1.130973355292325677e-01 2.020536096324854758e-01
1.256637061435917357e-01 1.469862196160249823e-01
1.382300767579508760e-01 9.551343503583695216e-02
1.507964473723100718e-01 1.548451616737337722e-01
1.633628179866692676e-01 1.672937191805768942e-01
1.759291886010284078e-01 3.502638687424864949e-01
1.884955592153875759e-01 6.330231336203652470e-02
2.010619298297467716e-01 1.942885895597438184e-01
2.136283004441059397e-01 2.238042371776344241e-02
2.261946710584651354e-01 1.602097477598777020e-01
2.387610416728242757e-01 4.074054588296287527e-01
2.513274122871834715e-01 3.003994979204677729e-01
2.638937829015426395e-01 2.000901164647351793e-01
2.764601535159017520e-01 4.873807762943518362e-01
2.890265241302609756e-01 3.050026318187731289e-01
3.015928947446201436e-01 4.432707305369650852e-01
3.141592653589793116e-01 2.259876892291576844e-01
3.267256359733385351e-01 1.455900463375697229e-01
3.392920065876976476e-01 4.683122264630873444e-01
3.518583772020568157e-01 2.547891464687300767e-01
3.644247478164160392e-01 2.579689168580202585e-01
3.769911184307751517e-01 3.275690545669384113e-01
3.895574890451343197e-01 3.767744326161980295e-01
4.021238596594935433e-01 1.768653823710135686e-01
4.146902302738527113e-01 5.092415095875173492e-01
4.272566008882118793e-01 4.141128051157819123e-01
4.398229715025711029e-01 4.625427501156665344e-01
4.523893421169302709e-01 5.094000455821779960e-01
4.649557127312893834e-01 3.075506535823128162e-01
4.775220833456485514e-01 3.878042907550657281e-01
4.900884539600077194e-01 4.708842184488863380e-01
5.026548245743669430e-01 4.181179313578518020e-01
5.152211951887261110e-01 4.919465082226791020e-01
5.277875658030852790e-01 6.059861284180454444e-01
5.403539364174444470e-01 5.409403856130889920e-01
5.529203070318035040e-01 5.991931413605200429e-01
5.654866776461627831e-01 6.644355005010733617e-01
5.780530482605219511e-01 5.866052064619622364e-01
5.906194188748811191e-01 6.456616687321011794e-01
6.031857894892402872e-01 7.599995700009674060e-01
6.157521601035994552e-01 6.636370280254680898e-01
6.283185307179586232e-01 4.896681323339783232e-01
6.408849013323177912e-01 5.550663656293910453e-01
6.534512719466770703e-01 6.734553561936004185e-01
6.660176425610361273e-01 7.882965711637980322e-01
6.785840131753952953e-01 6.937729126094945853e-01
6.911503837897544633e-01 6.115406038881092687e-01
7.037167544041136313e-01 6.037048874760944095e-01
7.162831250184729104e-01 6.513996588327138904e-01
7.288494956328320784e-01 6.421002287520578555e-01
7.414158662471912464e-01 5.812983350916979264e-01
7.539822368615503034e-01 7.147925829398265041e-01
7.665486074759094715e-01 7.615645421172769769e-01
7.791149780902686395e-01 7.849303671174789887e-01
7.916813487046279185e-01 6.736691375580968755e-01
8.042477193189870865e-01 7.362953372998684021e-01
8.168140899333462546e-01 6.327232357890921755e-01
8.293804605477054226e-01 8.790894059279832362e-01
8.419468311620645906e-01 8.580514849399599742e-01
8.545132017764237586e-01 6.761602291936469333e-01
8.670795723907829267e-01 7.467037539956608017e-01
8.796459430051422057e-01 7.474920641242720487e-01
8.922123136195013737e-01 8.231539676283053941e-01
9.047786842338605418e-01 7.431355670845768424e-01
9.173450548482194877e-01 1.003064746962776255e+00
9.299114254625787668e-01 6.641148423124103584e-01
9.424777960769379348e-01 7.322224557716852100e-01
9.550441666912971028e-01 9.604138069007219780e-01
9.676105373056562708e-01 8.790247796118961787e-01
9.801769079200154389e-01 7.235653047277005312e-01
9.927432785343746069e-01 9.974082235166942256e-01
1.005309649148733886e+00 8.282820192021569383e-01
1.017876019763092943e+00 7.824396170290603969e-01
1.030442390377452222e+00 7.435466894144471262e-01
1.043008760991811279e+00 1.043201810849807787e+00
1.055575131606170558e+00 8.678097521309781071e-01
1.068141502220529837e+00 9.004999275484636412e-01
1.080707872834888894e+00 1.025741417672870304e+00
1.093274243449248173e+00 8.416196667426600886e-01
1.105840614063607008e+00 9.258702273400042371e-01
1.118406984677966287e+00 9.900137625079556969e-01
1.130973355292325566e+00 8.301048479545277692e-01
1.143539725906684623e+00 8.013116891110290130e-01
1.156106096521043902e+00 9.446061257403713940e-01
1.168672467135402959e+00 9.096598244221058005e-01
1.181238837749762238e+00 9.106456668176581282e-01
1.193805208364121295e+00 9.181167430755163839e-01
1.206371578978480574e+00 9.582823907485611414e-01
1.218937949592839853e+00 1.032880528385466290e+00
1.231504320207198910e+00 1.006871110351917231e+00
1.244070690821558189e+00 9.907448357534067718e-01
1.256637061435917246e+00 1.030081898732974288e+00
1.269203432050276525e+00 1.015904641307556533e+00
1.281769802664635582e+00 8.387352024122287641e-01
1.294336173278994861e+00 9.376034159498257692e-01
1.306902543893354141e+00 9.341375625092861457e-01
1.319468914507712975e+00 9.283937949122935684e-01
1.332035285122072255e+00 1.001496022686769294e+00
1.344601655736431534e+00 9.235173233737795639e-01
1.357168026350790591e+00 9.902636535779686389e-01
1.369734396965149870e+00 9.068634246544995392e-01
1.382300767579508927e+00 1.042621303183039139e+00
1.394867138193868206e+00 1.089947037321767453e+00
1.407433508808227263e+00 1.128466336195652620e+00
1.419999879422586542e+00 9.390921759947368219e-01
1.432566250036945821e+00 9.350246480055636189e-01
1.445132620651304878e+00 1.045280994683442266e+00
1.457698991265664157e+00 9.256898884063536892e-01
1.470265361880023214e+00 9.701881569535532046e-01
1.482831732494382493e+00 9.811975445662622919e-01
1.495398103108741550e+00 9.515776084783502675e-01
1.507964473723100607e+00 1.006958682200663757e+00
1.520530844337459886e+00 1.144318796136890359e+00
1.533097214951818943e+00 1.080307004316633623e+00
1.545663585566178222e+00 8.792443143725823251e-01
1.558229956180537279e+00 1.084600854450529450e+00
1.570796326794896558e+00 1.092804622844001372e+00
1.583362697409255837e+00 1.106309518710098638e+00
1.595929068023614894e+00 8.836143230896608136e-01
1.608495438637974173e+00 1.052004498960758427e+00
1.621061809252333230e+00 1.094587757540108397e+00
1.633628179866692509e+00 9.620328376386033664e-01
1.646194550481051566e+00 1.150057894658920166e+00
1.658760921095410845e+00 9.659620904348344972e-01
1.671327291709770124e+00 1.003330396838212568e+00
1.683893662324129181e+00 1.027483584750683576e+00
1.696460032938488460e+00 8.702432332632857870e-01
1.709026403552847517e+00 9.605067048700250965e-01
1.721592774167206796e+00 1.045211273212705683e+00
1.734159144781565853e+00 1.078377726302176765e+00
1.746725515395925132e+00 1.059326204877706790e+00
1.759291886010284411e+00 9.721207459197312994e-01
1.771858256624643468e+00 1.053019981307691255e+00
1.784424627239002747e+00 1.049590487249913329e+00
1.796990997853361804e+00 8.856508651909686947e-01
1.809557368467721084e+00 8.576729539932984592e-01
1.822123739082079918e+00 1.156677292166880866e+00
1.834690109696438975e+00 8.783454381480828577e-01
1.847256480310798255e+00 8.694628434107823933e-01
1.859822850925157534e+00 9.046085831436546654e-01
1.872389221539516591e+00 1.009989971420609534e+00
1.884955592153875870e+00 8.582038447927451408e-01
1.897521962768234927e+00 8.902281858876632814e-01
1.910088333382594206e+00 9.988890117691929804e-01
1.922654703996953263e+00 9.920540413323684081e-01
1.935221074611312542e+00 8.954264492824650645e-01
1.947787445225671821e+00 1.071562345700066032e+00
1.960353815840030878e+00 8.115187885180410454e-01
1.972920186454390157e+00 7.490409932408795823e-01
1.985486557068749214e+00 9.468621482606109918e-01
1.998052927683108493e+00 1.014580256151646820e+00
2.010619298297467772e+00 9.619250579746182472e-01
2.023185668911826607e+00 1.050333404707243012e+00
2.035752039526185886e+00 8.225319378398370240e-01
2.048318410140545165e+00 8.558674495243077107e-01
2.060884780754904444e+00 8.216870624062007078e-01
2.073451151369263723e+00 1.023763921900640472e+00
2.086017521983622558e+00 8.989903759712446485e-01
2.098583892597981837e+00 7.930384242080436019e-01
2.111150263212341116e+00 1.026833935996329217e+00
2.123716633826700395e+00 1.049121886371056522e+00
2.136283004441059674e+00 8.889644090173411950e-01
2.148849375055418509e+00 8.653874348056757038e-01
2.161415745669777788e+00 7.873509150238482412e-01
2.173982116284137067e+00 9.228076275295450381e-01
2.186548486898496346e+00 6.986632716363954110e-01
2.199114857512855181e+00 9.983283957719040203e-01
2.211681228127214016e+00 9.689394159503080806e-01
2.224247598741573295e+00 8.434167723952662454e-01
2.236813969355932574e+00 5.852618734943796364e-01
2.249380339970291853e+00 7.422270161486129725e-01
2.261946710584651132e+00 8.422870677808116380e-01
2.274513081199009967e+00 8.767368158548052293e-01
2.287079451813369246e+00 7.182758100639332621e-01
2.299645822427728525e+00 5.116288777775036545e-01
2.312212193042087804e+00 7.012881263222471295e-01
2.324778563656447083e+00 7.335587117939169621e-01
2.337344934270805918e+00 7.547987320333700012e-01
2.349911304885165197e+00 5.258839681742633054e-01
2.362477675499524477e+00 7.529974995981065788e-01
2.375044046113883756e+00 9.906371231605408667e-01
2.387610416728242591e+00 7.167956886039226205e-01
2.400176787342601870e+00 7.371186316274961348e-01
2.412743157956961149e+00 6.786313606198627335e-01
2.425309528571320428e+00 5.969840821728187308e-01
2.437875899185679707e+00 8.716801423328862652e-01
2.450442269800038542e+00 6.577238201539021833e-01
2.463008640414397821e+00 5.621005059520023384e-01
2.475575011028757100e+00 5.181228888335278615e-01
2.488141381643116379e+00 6.281547854231905870e-01
2.500707752257475658e+00 5.812228321554149257e-01
2.513274122871834493e+00 6.113643694634770531e-01
2.525840493486193772e+00 4.413287370136422805e-01
2.538406864100553051e+00 4.813068653428915211e-01
2.550973234714912330e+00 5.264377889814235711e-01
2.563539605329271165e+00 5.110436058487657363e-01
2.576105975943630444e+00 5.246415975231860651e-01
2.588672346557989723e+00 6.171691798722311884e-01
2.601238717172349002e+00 3.392119136202392804e-01
2.613805087786708281e+00 3.723531778741649978e-01
2.626371458401067116e+00 6.070815970298020225e-01
2.638937829015425951e+00 6.063325581649039453e-01
2.651504199629785230e+00 3.496848236946087929e-01
2.664070570244144509e+00 6.240592975414775978e-01
2.676636940858503788e+00 4.758821419324552049e-01
2.689203311472863067e+00 5.590202675502260465e-01
2.701769682087221902e+00 3.156713585236971542e-01
2.714336052701581181e+00 4.355674951569064035e-01
2.726902423315940460e+00 4.963006081355095800e-01
2.739468793930299739e+00 6.604393532476096063e-01
2.752035164544658574e+00 3.476242477851784196e-01
2.764601535159017853e+00 3.831431052460937958e-01
2.777167905773377132e+00 5.262025893563484491e-01
2.789734276387736411e+00 3.702605437439041580e-01
2.802300647002095690e+00 2.973275235526283700e-01
2.814867017616454525e+00 3.074087592927214341e-01
2.827433388230813804e+00 2.691335183988695090e-01
2.839999758845173083e+00 3.124187456776850724e-01
2.852566129459532362e+00 3.593311197044096739e-01
2.865132500073891642e+00 3.456957576716115366e-01
2.877698870688250476e+00 3.484656985899496906e-01
2.890265241302609756e+00 2.263904783240298924e-01
2.902831611916969035e+00 3.486258743699944818e-01
2.915397982531328314e+00 2.274487046777209642e-01
2.927964353145687149e+00 1.906133829335205920e-01
2.940530723760046428e+00 2.474185983990107862e-01
2.953097094374405707e+00 1.430545849001553238e-01
2.965663464988764986e+00 3.287370341328701984e-01
2.978229835603124265e+00 2.041517751298273786e-01
2.990796206217483100e+00 1.382616347623180919e-01
3.003362576831842379e+00 -2.269112952799698379e-02
3.015928947446201214e+00 2.190795093043352293e-01
3.028495318060560493e+00 6.169383610975534560e-02
3.041061688674919772e+00 8.874257882828989752e-02
3.053628059289279051e+00 2.839383651980907919e-01
3.066194429903637886e+00 9.666290514089820318e-02
3.078760800517997165e+00 8.773311240984672799e-02
3.091327171132356444e+00 1.533035066181432093e-01
3.103893541746715723e+00 1.116047173628267608e-01
3.116459912361074558e+00 7.224556692983793993e-02
3.129026282975433837e+00 -2.733812097705680400e-02
3.141592653589793116e+00 1.608516276967242864e-01
3.154159024204152395e+00 4.398141455585457410e-02
3.166725394818511674e+00 2.470336789660977292e-02
3.179291765432870509e+00 -6.236393947572375918e-02
3.191858136047229788e+00 -6.935104066464445327e-02
3.204424506661589067e+00 -2.481286064409673336e-02
3.216990877275948346e+00 4.223445993264504650e-03
3.229557247890307181e+00 1.013417545786349655e-01
3.242123618504666460e+00 -1.238121570522803805e-01
3.254689989119025739e+00 -1.268881178907811380e-01
3.267256359733385018e+00 -3.179506263499517482e-01
3.279822730347744297e+00 2.294641569793198776e-03
3.292389100962103132e+00 -2.488063641052207509e-01
3.304955471576462411e+00 -1.103096109783875123e-01
3.317521842190821690e+00 -2.270670051952522750e-01
3.330088212805180969e+00 -2.544979354561143214e-01
3.342654583419540248e+00 -1.492898186267766769e-01
3.355220954033899083e+00 -2.738724840284080808e-01
3.367787324648258362e+00 -3.198697043737693257e-01
3.380353695262617642e+00 -1.321663641828497160e-01
3.392920065876976921e+00 -1.704298273055333823e-01
3.405486436491335756e+00 -2.535646429542408598e-01
3.418052807105695035e+00 -3.592937997187479748e-01
3.430619177720054314e+00 -2.573461685259298415e-01
3.443185548334413593e+00 -2.573787904931234549e-01
3.455751918948772872e+00 -2.654670250067735493e-01
3.468318289563131707e+00 -3.267006062677412226e-01
3.480884660177490986e+00 -3.966737738604729224e-01
3.493451030791850265e+00 -3.126936727837130170e-01
3.506017401406209544e+00 -3.617400480933690710e-01
3.518583772020568823e+00 -2.787639974778247098e-01
3.531150142634927658e+00 -4.142237834156617393e-01
3.543716513249286937e+00 -4.107186603412280590e-01
3.556282883863646216e+00 -3.581691928593326857e-01
3.568849254478005495e+00 -3.536319345018781868e-01
3.581415625092364330e+00 -4.047858184495712885e-01
3.593981995706723609e+00 -5.522318626535531738e-01
3.606548366321082888e+00 -5.161757730198719418e-01
3.619114736935442167e+00 -4.701285623812474501e-01
3.631681107549800558e+00 -4.050917199082741393e-01
3.644247478164159837e+00 -3.514075937542125438e-01
3.656813848778519116e+00 -4.008970311467006109e-01
3.669380219392877951e+00 -6.132941908975326761e-01
3.681946590007237230e+00 -6.454535892379236195e-01
3.694512960621596509e+00 -6.482250173579409136e-01
3.707079331235955788e+00 -6.618296745292771011e-01
3.719645701850315067e+00 -5.018076962024886623e-01
3.732212072464673902e+00 -5.002057682255627302e-01
3.744778443079033181e+00 -5.493354013180253848e-01
3.757344813693392460e+00 -5.685853381575790566e-01
3.769911184307751739e+00 -5.577253639657150375e-01
3.782477554922110574e+00 -5.288200099331403781e-01
3.795043925536469853e+00 -5.702021831552849251e-01
3.807610296150829132e+00 -4.562702114016671251e-01
3.820176666765188411e+00 -6.809759683407275999e-01
3.832743037379547690e+00 -4.875814197349307988e-01
3.845309407993906525e+00 -7.085012550684802735e-01
3.857875778608265804e+00 -5.246484957684469652e-01
3.870442149222625083e+00 -5.402776436657484860e-01
3.883008519836984362e+00 -5.290420502581322237e-01
3.895574890451343641e+00 -7.030974515127609292e-01
3.908141261065702476e+00 -6.918862987732266046e-01
3.920707631680061755e+00 -6.570669390153284217e-01
3.933274002294421035e+00 -8.814656663916435875e-01
3.945840372908780314e+00 -7.569903251699726665e-01
3.958406743523139149e+00 -7.105387623033960764e-01
3.970973114137498428e+00 -6.359910153864711813e-01
3.983539484751857707e+00 -7.407196968873386300e-01
3.996105855366216986e+00 -7.679069513877879727e-01
4.008672225980576265e+00 -9.184245233250367679e-01
4.021238596594935544e+00 -7.902081040898446540e-01
4.033804967209294823e+00 -7.540169419872511103e-01
4.046371337823653214e+00 -9.023393131652054366e-01
4.058937708438012493e+00 -8.326623270368161966e-01
4.071504079052371772e+00 -5.682322621265933904e-01
4.084070449666731051e+00 -7.529700224687551069e-01
4.096636820281090330e+00 -9.177309437874858755e-01
4.109203190895449609e+00 -7.514382720335358590e-01
4.121769561509808888e+00 -6.485290855416635525e-01
4.134335932124168167e+00 -7.646482484805021684e-01
4.146902302738527446e+00 -7.996199472929307328e-01
4.159468673352886725e+00 -8.853794242421948457e-01
4.172035043967245116e+00 -7.619782629027219700e-01
4.184601414581604395e+00 -8.302680179266663796e-01
4.197167785195963674e+00 -9.419640821248489448e-01
4.209734155810322953e+00 -8.895798238406239511e-01
4.222300526424682232e+00 -7.597188092103223100e-01
4.234866897039041511e+00 -9.573471536883844113e-01
4.247433267653400790e+00 -8.690970853715481725e-01
4.259999638267760069e+00 -9.046294241746937193e-01
4.272566008882119348e+00 -8.301405203840588332e-01
4.285132379496477739e+00 -8.926638233149142287e-01
4.297698750110837018e+00 -9.023446252867118877e-01
4.310265120725196297e+00 -9.832202515587366021e-01
4.322831491339555576e+00 -8.992259371284508918e-01
4.335397861953914855e+00 -9.545972631566880251e-01
4.347964232568274134e+00 -9.964867843142911630e-01
4.360530603182633413e+00 -9.299685811814266678e-01
4.373096973796992692e+00 -9.073276789078238425e-01
4.385663344411351972e+00 -8.849731142263836947e-01
4.398229715025710362e+00 -1.020108155916931603e+00
4.410796085640069641e+00 -1.108891114725264249e+00
4.423362456254428032e+00 -9.744285501107615710e-01
4.435928826868787311e+00 -1.069371151120456220e+00
4.448495197483146590e+00 -1.067803039527460474e+00
4.461061568097505869e+00 -1.089828391117386941e+00
4.473627938711865148e+00 -1.032921396525637192e+00
4.486194309326224428e+00 -9.940080548400276328e-01
4.498760679940583707e+00 -9.227332395051855984e-01
4.511327050554942986e+00 -8.741449915637913293e-01
4.523893421169302265e+00 -9.442806232777742892e-01
4.536459791783661544e+00 -7.706068939136366813e-01
4.549026162398019935e+00 -1.076084099695238994e+00
4.561592533012379214e+00 -8.742719257202515859e-01
4.574158903626738493e+00 -9.791087235456096272e-01
4.586725274241097772e+00 -1.076521341874928206e+00
4.599291644855457051e+00 -9.609720019876333286e-01
4.611858015469816330e+00 -1.011670614016848324e+00
4.624424386084175609e+00 -8.208482391071798556e-01
4.636990756698534888e+00 -1.045393372907062135e+00
4.649557127312894167e+00 -8.646596996493162157e-01
4.662123497927252558e+00 -1.111559452186713148e+00
4.674689868541611837e+00 -8.276768956384580322e-01
4.687256239155971116e+00 -7.590612282433434332e-01
4.699822609770330395e+00 -8.993239234052460285e-01
4.712388980384689674e+00 -1.010648372678019991e+00
4.724955350999048953e+00 -1.189195430109637019e+00
4.737521721613408232e+00 -1.068188914828590796e+00
4.750088092227767511e+00 -1.020077696488651320e+00
4.762654462842126790e+00 -1.054401041983458853e+00
4.775220833456485181e+00 -1.041313882311613481e+00
4.787787204070844460e+00 -8.602359944140497428e-01
4.800353574685203739e+00 -9.581362401966920794e-01
4.812919945299563018e+00 -1.068753350733099738e+00
4.825486315913922297e+00 -1.104574599255024658e+00
4.838052686528281576e+00 -1.007512067344009443e+00
4.850619057142640855e+00 -8.909702290113665768e-01
4.863185427757000134e+00 -9.229564239799574743e-01
4.875751798371359413e+00 -9.919679017002150934e-01
4.888318168985717804e+00 -9.593636603887231162e-01
4.900884539600077083e+00 -1.053022637008371953e+00
4.913450910214436362e+00 -9.615218467955833903e-01
4.926017280828795641e+00 -8.386577610858989562e-01
4.938583651443154920e+00 -9.794828652195899377e-01
4.951150022057514200e+00 -1.053621358745505665e+00
4.963716392671873479e+00 -9.584694445851764666e-01
4.976282763286232758e+00 -1.089157365048971426e+00
4.988849133900592037e+00 -9.438718013065406920e-01
5.001415504514951316e+00 -1.015691238690323628e+00
5.013981875129309707e+00 -7.834896027897149118e-01
5.026548245743668986e+00 -1.001999889603545579e+00
5.039114616358028265e+00 -1.094434868286860763e+00
5.051680986972387544e+00 -1.006406458123044967e+00
5.064247357586746823e+00 -8.961135729638352032e-01
5.076813728201106102e+00 -9.589694603793627037e-01
5.089380098815465381e+00 -6.877059951227284529e-01
5.101946469429824660e+00 -9.729227858999488499e-01
5.114512840044183939e+00 -1.001145547818141246e+00
5.127079210658542330e+00 -8.975257283080451121e-01
5.139645581272901609e+00 -9.638435020645048645e-01
5.152211951887260888e+00 -1.156838680861758339e+00
5.164778322501620167e+00 -1.058321163683354715e+00
5.177344693115979446e+00 -8.122280077603671877e-01
5.189911063730338725e+00 -9.344643262785297111e-01
5.202477434344698004e+00 -8.605670179449709245e-01
5.215043804959057283e+00 -1.016327012350413783e+00
5.227610175573416562e+00 -7.855124532988154717e-01
5.240176546187774953e+00 -5.817516976984729027e-01
5.252742916802134232e+00 -8.437829568528695257e-01
5.265309287416492623e+00 -8.890640010109613911e-01
5.277875658030851902e+00 -8.345982407944353421e-01
5.290442028645211181e+00 -7.915882438971030277e-01
5.303008399259570460e+00 -6.735600174107884142e-01
5.315574769873929739e+00 -9.482985564941746048e-01
5.328141140488289018e+00 -8.106116724990397593e-01
5.340707511102648297e+00 -7.577918047487809394e-01
5.353273881717007576e+00 -7.468486693256591868e-01
5.365840252331366855e+00 -8.722310157477300985e-01
5.378406622945726134e+00 -8.300441524787198766e-01
5.390972993560084525e+00 -7.664636919451387476e-01
5.403539364174443804e+00 -7.527716674035446198e-01
5.416105734788803083e+00 -7.151943402790686966e-01
5.428672105403162362e+00 -5.858747860497293125e-01
5.441238476017521641e+00 -1.022924002863784043e+00
5.453804846631880920e+00 -6.968798476086927041e-01
5.466371217246240199e+00 -7.670333487182462440e-01
5.478937587860599479e+00 -7.452088688804995309e-01
5.491503958474958758e+00 -6.716332033175979044e-01
5.504070329089317148e+00 -7.586534821879682422e-01
5.516636699703676427e+00 -6.691973394242973772e-01
5.529203070318035707e+00 -8.359330968811342633e-01
5.541769440932394986e+00 -6.606718712767462032e-01
5.554335811546754265e+00 -7.822042295619782148e-01
5.566902182161113544e+00 -8.593835995349390355e-01
5.579468552775472823e+00 -7.245994970467163343e-01
5.592034923389832102e+00 -5.517423325816543933e-01
5.604601294004191381e+00 -6.226662934889085621e-01
5.617167664618549772e+00 -6.022099373885955176e-01
5.629734035232909051e+00 -6.328165512795709269e-01
5.642300405847268330e+00 -5.599859621240524943e-01
5.654866776461627609e+00 -5.404778468185255091e-01
5.667433147075986888e+00 -5.038231114796734023e-01
5.679999517690346167e+00 -5.959956110575032051e-01
5.692565888304705446e+00 -6.575621495630377122e-01
5.705132258919064725e+00 -7.815834577133400352e-01
5.717698629533424004e+00 -4.873420140686167690e-01
5.730265000147783283e+00 -5.561159080739073168e-01
5.742831370762141674e+00 -5.192193289161732839e-01
5.755397741376500953e+00 -6.339179247123265526e-01
5.767964111990860232e+00 -5.231103335755233896e-01
5.780530482605219511e+00 -6.154793092946404531e-01
5.793096853219578790e+00 -4.096554303223249871e-01
5.805663223833938069e+00 -3.155602025448578374e-01
5.818229594448297348e+00 -3.720031516034409957e-01
5.830795965062656627e+00 -2.950655755277318826e-01
5.843362335677015906e+00 -4.081034630509045025e-01
5.855928706291374297e+00 -4.015028384215844071e-01
5.868495076905733576e+00 -3.043700849957170496e-01
5.881061447520092855e+00 -2.575676026171975219e-01
5.893627818134452134e+00 -5.615628650944257672e-01
5.906194188748811413e+00 -3.101453460907368509e-01
5.918760559363170692e+00 -4.088266919493873663e-01
5.931326929977529971e+00 -2.164146378517904090e-01
5.943893300591889250e+00 -3.684247373357067978e-01
5.956459671206248530e+00 -2.649779954033426033e-01
5.969026041820606920e+00 -1.969762270105274160e-01
5.981592412434966199e+00 -3.070540199129986325e-01
5.994158783049325478e+00 -3.507482504441832849e-01
6.006725153663684758e+00 -2.028182144853081237e-01
6.019291524278044037e+00 -2.831173396312209878e-01
6.031857894892402427e+00 -8.555305935201606982e-02
6.044424265506761706e+00 -5.352933183043681598e-02
6.056990636121120986e+00 -2.531525156660293652e-01
6.069557006735480265e+00 -2.037068262374344962e-01
6.082123377349839544e+00 -1.679018387357093800e-01
6.094689747964198823e+00 -2.350025381113364231e-01
6.107256118578558102e+00 -2.351310778409045898e-01
6.119822489192916493e+00 -1.361664533627169327e-01
6.132388859807275772e+00 -1.674535183284026896e-01
6.144955230421635051e+00 -1.743457320064683569e-01
6.157521601035994330e+00 -2.488346742493732777e-01
6.170087971650353609e+00 -1.944287207660590489e-01
6.182654342264712888e+00 3.301474777009860695e-02
6.195220712879072167e+00 3.224108706784947764e-02
6.207787083493431446e+00 -1.468001669004929677e-01
6.220353454107790725e+00 7.127619215554344134e-02
6.232919824722149116e+00 -1.694289309059668902e-01
6.245486195336508395e+00 4.732096187588128583e-02
6.258052565950867674e+00 1.204851285066481925e-01
6.270618936565226953e+00 -6.074727504523559640e-02
