0.000000000000000000e+00 9.825333780714151644e-02
1.256637061435917323e-02 -6.153323569122603337e-02
2.513274122871834645e-02 -2.610169537081254501e-02
3.769911184307751795e-02 1.024102158749255753e-03
5.026548245743669291e-02 4.261440983730993559e-02
6.283185307179586787e-02 -2.732304602627151635e-02
7.539822368615503589e-02 2.438999372720951353e-02
8.796459430051420392e-02 4.375839887664795258e-02
1.005309649148733858e-01 1.255477488651710605e-01
1.130973355292325677e-01 1.596825168091546288e-01
1.256637061435917357e-01 1.927195760955131565e-01
1.382300767579508760e-01 1.073570169857944456e-01
1.507964473723100718e-01 -1.148637356948215005e-01
1.633628179866692676e-01 1.048851338688231716e-01
1.759291886010284078e-01 9.927906815052552070e-02
1.884955592153875759e-01 3.341196010588715071e-02
2.010619298297467716e-01 1.043265555130815508e-01
2.136283004441059397e-01 1.268033245992525315e-01
2.261946710584651354e-01 1.576357214524108652e-01
2.387610416728242757e-01 2.368642582550010423e-01
2.513274122871834715e-01 2.934183820864862402e-01
2.638937829015426395e-01 2.882991429813944184e-01
2.764601535159017520e-01 1.171783845455713902e-01
2.890265241302609756e-01 1.193841601243725292e-01
3.015928947446201436e-01 2.074263179653346723e-01
3.141592653589793116e-01 2.878074449210845098e-01
3.267256359733385351e-01 4.128006922076332685e-01
3.392920065876976476e-01 5.255817412970469338e-01
3.518583772020568157e-01 4.294564628541022167e-01
3.644247478164160392e-01 4.152352873317379234e-01
3.769911184307751517e-01 4.635908384949125050e-01
3.895574890451343197e-01 2.530986162279862395e-01
4.021238596594935433e-01 4.285054726086767740e-01
4.146902302738527113e-01 2.121937537793325279e-01
4.272566008882118793e-01 5.346939834248194412e-01
4.398229715025711029e-01 3.573350214705606209e-01
4.523893421169302709e-01 4.907333379174647625e-01
4.649557127312893834e-01 4.133209545697408283e-01
4.775220833456485514e-01 5.271903893390433860e-01
4.900884539600077194e-01 3.652573758845329421e-01
5.026548245743669430e-01 5.543514197501860918e-01
5.152211951887261110e-01 6.198705696636485074e-01
5.277875658030852790e-01 5.774357373279007666e-01
5.403539364174444470e-01 1.392615897563472260e-01
5.529203070318035040e-01 6.148659582142758095e-01
5.654866776461627831e-01 4.436809640950478140e-01
5.780530482605219511e-01 6.940804431928659923e-01
5.906194188748811191e-01 5.568709149481656517e-01
6.031857894892402872e-01 5.964308608773990494e-01
6.157521601035994552e-01 5.487352392038238325e-01
6.283185307179586232e-01 7.597863488514777774e-01
6.408849013323177912e-01 5.386641996499670348e-01
6.534512719466770703e-01 7.620092384229311122e-01
6.660176425610361273e-01 5.985599592089855259e-01
6.785840131753952953e-01 6.933063574848917776e-01
6.911503837897544633e-01 7.045186241969035867e-01
7.037167544041136313e-01 7.040225092429982512e-01
7.162831250184729104e-01 8.436189498692810984e-01
7.288494956328320784e-01 6.138564409865232552e-01
7.414158662471912464e-01 5.037598643891484373e-01
7.539822368615503034e-01 8.928351276095638500e-01
7.665486074759094715e-01 5.978847390767279002e-01
7.791149780902686395e-01 6.285045698278711734e-01
7.916813487046279185e-01 7.611935212340494861e-01
8.042477193189870865e-01 7.695401769706456951e-01
8.168140899333462546e-01 6.835446811220854402e-01
8.293804605477054226e-01 8.552356263768710054e-01
8.419468311620645906e-01 6.743363304622047583e-01
8.545132017764237586e-01 7.914694151634932284e-01
8.670795723907829267e-01 8.288458708533645858e-01
8.796459430051422057e-01 8.720229906555774235e-01
8.922123136195013737e-01 7.692523077745336835e-01
9.047786842338605418e-01 9.305845327435262604e-01
9.173450548482194877e-01 7.305150228561926307e-01
9.299114254625787668e-01 7.194261346671368962e-01
9.424777960769379348e-01 9.036395558520075033e-01
9.550441666912971028e-01 6.897819604365177382e-01
9.676105373056562708e-01 7.477610592801263723e-01
9.801769079200154389e-01 8.746228836354575931e-01
9.927432785343746069e-01 7.615949790930086616e-01
1.005309649148733886e+00 8.123915208187800774e-01
1.017876019763092943e+00 7.463531748095815210e-01
1.030442390377452222e+00 9.135357061481654828e-01
1.043008760991811279e+00 9.265893443496632242e-01
1.055575131606170558e+00 9.534707210195626503e-01
1.068141502220529837e+00 8.869875001982394647e-01
1.080707872834888894e+00 6.949436566000077864e-01
1.093274243449248173e+00 9.642316715318566267e-01
1.105840614063607008e+00 7.557042204804500507e-01
1.118406984677966287e+00 9.538128159153841379e-01
1.130973355292325566e+00 9.547796011115631254e-01
1.143539725906684623e+00 9.852408222267017290e-01
1.156106096521043902e+00 9.914873581988464801e-01
1.168672467135402959e+00 9.231348057879276148e-01
1.181238837749762238e+00 1.089075442866791921e+00
1.193805208364121295e+00 7.650705348004074313e-01
1.206371578978480574e+00 1.065565680396014514e+00
1.218937949592839853e+00 8.332719169197302378e-01
1.231504320207198910e+00 1.032836726479447798e+00
1.244070690821558189e+00 9.443498191967888422e-01
1.256637061435917246e+00 9.487672616744418086e-01
1.269203432050276525e+00 1.025609174273902191e+00
1.281769802664635582e+00 8.107416820783486244e-01
1.294336173278994861e+00 1.007134192007545614e+00
1.306902543893354141e+00 9.592436048651844516e-01
1.319468914507712975e+00 9.697213439966130277e-01
1.332035285122072255e+00 1.100712103082336801e+00
1.344601655736431534e+00 8.832501777683721134e-01
1.357168026350790591e+00 1.001600664846711064e+00
1.369734396965149870e+00 1.046958553078278342e+00
1.382300767579508927e+00 1.016666960871701608e+00
1.394867138193868206e+00 9.376561094556733478e-01
1.407433508808227263e+00 9.447401394609978853e-01
1.419999879422586542e+00 8.869722113893723225e-01
1.432566250036945821e+00 1.115127182567804187e+00
1.445132620651304878e+00 9.959897367240365673e-01
1.457698991265664157e+00 8.018843087092639710e-01
1.470265361880023214e+00 9.509557302870544904e-01
1.482831732494382493e+00 9.758554682420212956e-01
1.495398103108741550e+00 9.688907099294364889e-01
1.507964473723100607e+00 9.433261316601989632e-01
1.520530844337459886e+00 9.542729086778177772e-01
1.533097214951818943e+00 1.150893083197900291e+00
1.545663585566178222e+00 9.438722642610244407e-01
1.558229956180537279e+00 8.607260304426964659e-01
1.570796326794896558e+00 9.812593629202625012e-01
1.583362697409255837e+00 1.116194886479862980e+00
1.595929068023614894e+00 1.069573555920010799e+00
1.608495438637974173e+00 1.121179002326717633e+00
1.621061809252333230e+00 8.939308435573274370e-01
1.633628179866692509e+00 9.286477013317434581e-01
1.646194550481051566e+00 1.076944055386826582e+00
1.658760921095410845e+00 8.073949010043475205e-01
1.671327291709770124e+00 9.531799628248223133e-01
1.683893662324129181e+00 9.376656713251831921e-01
1.696460032938488460e+00 1.108490486729436286e+00
1.709026403552847517e+00 9.643901813483669594e-01
1.721592774167206796e+00 8.277125408543736240e-01
1.734159144781565853e+00 9.783703638062658525e-01
1.746725515395925132e+00 1.157169755355085705e+00
1.759291886010284411e+00 8.884035988996196176e-01
1.771858256624643468e+00 9.751947780920831033e-01
1.784424627239002747e+00 8.105270067086434160e-01
1.796990997853361804e+00 1.010467446868825059e+00
1.809557368467721084e+00 9.350623342279931194e-01
1.822123739082079918e+00 9.630309066093082349e-01
1.834690109696438975e+00 1.012245766120674517e+00
1.847256480310798255e+00 8.704067992369166618e-01
1.859822850925157534e+00 1.158096910959374615e+00
1.872389221539516591e+00 9.650170119138788971e-01
1.884955592153875870e+00 8.865463748964381718e-01
1.897521962768234927e+00 7.470864122658316120e-01
1.910088333382594206e+00 8.651456350148923891e-01
1.922654703996953263e+00 8.992698307671149749e-01
1.935221074611312542e+00 9.751632631583407873e-01
1.947787445225671821e+00 1.008910702317569408e+00
1.960353815840030878e+00 8.604868850155802384e-01
1.972920186454390157e+00 9.927089613695597725e-01
1.985486557068749214e+00 9.404268663438973830e-01
1.998052927683108493e+00 1.020068261026794820e+00
2.010619298297467772e+00 7.633578522275469291e-01
2.023185668911826607e+00 9.342427342764749731e-01
2.035752039526185886e+00 1.122809220104179939e+00
2.048318410140545165e+00 8.923753863466530323e-01
2.060884780754904444e+00 7.444852395451100335e-01
2.073451151369263723e+00 9.727910057393680532e-01
2.086017521983622558e+00 6.980632950879129828e-01
2.098583892597981837e+00 7.684283167199359443e-01
2.111150263212341116e+00 8.340988069872959931e-01
2.123716633826700395e+00 8.241873360789961911e-01
2.136283004441059674e+00 8.901386781369731160e-01
2.148849375055418509e+00 7.243354690075434199e-01
2.161415745669777788e+00 9.743596292015928029e-01
2.173982116284137067e+00 9.023775651080940818e-01
2.186548486898496346e+00 7.353708205261154651e-01
2.199114857512855181e+00 4.335658958190581891e-01
2.211681228127214016e+00 7.706665797132306039e-01
2.224247598741573295e+00 8.640093964763816414e-01
2.236813969355932574e+00 8.227054515413420033e-01
2.249380339970291853e+00 8.565267300899691572e-01
2.261946710584651132e+00 6.564387973281379240e-01
2.274513081199009967e+00 6.476679505564205686e-01
2.287079451813369246e+00 8.217253339593757477e-01
2.299645822427728525e+00 6.209762486763386047e-01
2.312212193042087804e+00 7.550289928000675221e-01
2.324778563656447083e+00 7.179650117097184925e-01
2.337344934270805918e+00 7.239424291642532205e-01
2.349911304885165197e+00 6.516795666214278970e-01
2.362477675499524477e+00 6.781421961054077130e-01
2.375044046113883756e+00 6.135752497465605249e-01
2.387610416728242591e+00 7.474902548656855439e-01
2.400176787342601870e+00 7.139411717381859424e-01
2.412743157956961149e+00 6.814693487903065172e-01
2.425309528571320428e+00 5.866277303279685551e-01
2.437875899185679707e+00 5.105973655189928184e-01
2.450442269800038542e+00 6.725792428501654596e-01
2.463008640414397821e+00 5.871575700193059077e-01
2.475575011028757100e+00 5.189421939414500251e-01
2.488141381643116379e+00 6.961701065009207046e-01
2.500707752257475658e+00 5.719941006309747777e-01
2.513274122871834493e+00 6.842739472904517672e-01
2.525840493486193772e+00 5.919739037007833993e-01
2.538406864100553051e+00 6.243681773347865560e-01
2.550973234714912330e+00 5.496363669276279618e-01
2.563539605329271165e+00 6.397489581103287248e-01
2.576105975943630444e+00 5.911175236600125782e-01
2.588672346557989723e+00 6.308567267309984627e-01
2.601238717172349002e+00 6.259819812632325675e-01
2.613805087786708281e+00 5.940261091091727508e-01
2.626371458401067116e+00 4.970054667936630866e-01
2.638937829015425951e+00 4.579995997864353408e-01
2.651504199629785230e+00 6.005989126140830470e-01
2.664070570244144509e+00 4.857779600134877196e-01
2.676636940858503788e+00 5.070042498868236880e-01
2.689203311472863067e+00 4.947677240686120248e-01
2.701769682087221902e+00 3.207946466384919426e-01
2.714336052701581181e+00 5.013770122821659125e-01
2.726902423315940460e+00 3.447797990189938599e-01
2.739468793930299739e+00 3.937391907473848374e-01
2.752035164544658574e+00 3.586640134274908243e-01
2.764601535159017853e+00 2.954449457356390085e-01
2.777167905773377132e+00 2.647097131753947119e-01
2.789734276387736411e+00 5.288177160426019707e-01
2.802300647002095690e+00 2.908617237122176347e-01
2.814867017616454525e+00 2.899938423259902920e-01
2.827433388230813804e+00 6.344671167245793386e-01
2.839999758845173083e+00 1.852147017823025932e-01
2.852566129459532362e+00 2.335333942346052849e-01
2.865132500073891642e+00 1.076252422860257685e-02
2.877698870688250476e+00 2.040285023852735080e-01
2.890265241302609756e+00 4.473951706892002056e-01
2.902831611916969035e+00 3.283055257887987910e-01
2.915397982531328314e+00 2.268941598717694186e-01
2.927964353145687149e+00 3.215406548028604261e-01
2.940530723760046428e+00 2.261508703350507132e-01
2.953097094374405707e+00 1.861734613765012591e-01
2.965663464988764986e+00 1.976675723071943946e-01
2.978229835603124265e+00 1.123193614430963716e-01
2.990796206217483100e+00 1.687252733810074568e-01
3.003362576831842379e+00 1.940828766570886210e-01
3.015928947446201214e+00 3.005230109427048379e-03
3.028495318060560493e+00 1.182062445995422928e-02
3.041061688674919772e+00 1.406811517059216310e-01
3.053628059289279051e+00 -5.875362014968825430e-02
3.066194429903637886e+00 -6.450726610849276399e-02
3.078760800517997165e+00 -7.623411826356271681e-03
3.091327171132356444e+00 2.001927799297621366e-02
3.103893541746715723e+00 7.468049728398062914e-02
3.116459912361074558e+00 3.043910203017287375e-02
3.129026282975433837e+00 -8.738561953932118265e-02
3.141592653589793116e+00 2.421249178597289012e-02
3.154159024204152395e+00 -1.207956001759439846e-01
3.166725394818511674e+00 3.030220366130833079e-02
3.179291765432870509e+00 1.186988254280850474e-01
3.191858136047229788e+00 -1.779115007323047726e-01
3.204424506661589067e+00 6.634852627114549983e-02
3.216990877275948346e+00 5.053657267324070113e-02
3.229557247890307181e+00 -7.814596871199541717e-02
3.242123618504666460e+00 -3.046239112663479132e-02
3.254689989119025739e+00 1.325776049762315556e-01
3.267256359733385018e+00 -1.883755665137508695e-01
3.279822730347744297e+00 -1.208061322557356654e-01
3.292389100962103132e+00 -1.209295520684589981e-01
3.304955471576462411e+00 -2.750015555174083470e-01
3.317521842190821690e+00 -2.687649266306860740e-01
3.330088212805180969e+00 -3.672942837558582085e-01
3.342654583419540248e+00 -4.043213967704986644e-02
3.355220954033899083e+00 -3.143857049282637872e-01
3.367787324648258362e+00 -1.773029938077645140e-01
3.380353695262617642e+00 -1.276458020326969867e-01
3.392920065876976921e+00 -2.158680624470227238e-01
3.405486436491335756e+00 -1.803086494997215850e-01
3.418052807105695035e+00 -1.785598280497524837e-01
3.430619177720054314e+00 -2.491102825350391126e-01
3.443185548334413593e+00 -4.780296389970502546e-01
3.455751918948772872e+00 -5.769320327630509393e-01
3.468318289563131707e+00 -5.005510462927090787e-01
3.480884660177490986e+00 -4.843490400164283116e-01
3.493451030791850265e+00 -6.018400924764770732e-01
3.506017401406209544e+00 -5.488816145370463140e-01
3.518583772020568823e+00 -2.388543022713510433e-01
3.531150142634927658e+00 -4.227428146147170218e-01
3.543716513249286937e+00 -3.705150318449322855e-01
3.556282883863646216e+00 -4.940436231692343916e-01
3.568849254478005495e+00 -5.475922728778527260e-01
3.581415625092364330e+00 -4.865478905591482661e-01
3.593981995706723609e+00 -4.029354487228076764e-01
3.606548366321082888e+00 -5.776075879975166583e-01
3.619114736935442167e+00 -4.937740951998829675e-01
3.631681107549800558e+00 -5.904929285724681565e-01
3.644247478164159837e+00 -3.773374680191751152e-01
3.656813848778519116e+00 -6.039086855828339484e-01
3.669380219392877951e+00 -6.187478197028886129e-01
3.681946590007237230e+00 -5.407328189777009797e-01
3.694512960621596509e+00 -7.621197841278746221e-01
3.707079331235955788e+00 -4.756344200185649851e-01
3.719645701850315067e+00 -5.370501096960074161e-01
3.732212072464673902e+00 -6.648270888602825224e-01
3.744778443079033181e+00 -3.277144953226838187e-01
3.757344813693392460e+00 -8.318246907180631977e-01
3.769911184307751739e+00 -5.908044768530803514e-01
3.782477554922110574e+00 -5.585405462575785407e-01
3.795043925536469853e+00 -3.699903174051292765e-01
3.807610296150829132e+00 -4.988557235087371922e-01
3.820176666765188411e+00 -4.055403217686333051e-01
3.832743037379547690e+00 -6.305159129829632780e-01
3.845309407993906525e+00 -7.108830971083023309e-01
3.857875778608265804e+00 -7.061554080656996524e-01
3.870442149222625083e+00 -6.362989856656655618e-01
3.883008519836984362e+00 -6.442191663198840734e-01
3.895574890451343641e+00 -7.448945276608264221e-01
3.908141261065702476e+00 -6.760629757405574036e-01
3.920707631680061755e+00 -5.394508879403129287e-01
3.933274002294421035e+00 -7.200642639742806939e-01
3.945840372908780314e+00 -6.015971128979775706e-01
3.958406743523139149e+00 -8.896160172675010580e-01
3.970973114137498428e+00 -7.613578210915178390e-01
3.983539484751857707e+00 -7.893930011590154505e-01
3.996105855366216986e+00 -8.423746791123748467e-01
4.008672225980576265e+00 -7.798436632297208737e-01
4.021238596594935544e+00 -7.932154976786739420e-01
4.033804967209294823e+00 -8.989848997124890717e-01
4.046371337823653214e+00 -8.709916700667028611e-01
4.058937708438012493e+00 -8.787661622897254832e-01
4.071504079052371772e+00 -8.792107088895717570e-01
4.084070449666731051e+00 -8.374086944706050639e-01
4.096636820281090330e+00 -9.245862592961499038e-01
4.109203190895449609e+00 -8.989937107387205861e-01
4.121769561509808888e+00 -8.208796939330983422e-01
4.134335932124168167e+00 -8.774420606836106362e-01
4.146902302738527446e+00 -8.296757388261261079e-01
4.159468673352886725e+00 -8.299121768463776361e-01
4.172035043967245116e+00 -7.838081021044325247e-01
4.184601414581604395e+00 -9.299369339627181485e-01
4.197167785195963674e+00 -8.716424999244543059e-01
4.209734155810322953e+00 -8.178331178509332666e-01
4.222300526424682232e+00 -6.225226479995067397e-01
4.234866897039041511e+00 -7.628528164470257389e-01
4.247433267653400790e+00 -7.700241755505300434e-01
4.259999638267760069e+00 -6.821555938655980977e-01
4.272566008882119348e+00 -9.501571458334979736e-01
4.285132379496477739e+00 -8.217372177405535272e-01
4.297698750110837018e+00 -9.261169045799104715e-01
4.310265120725196297e+00 -8.725641093894569433e-01
4.322831491339555576e+00 -1.033034786028533603e+00
4.335397861953914855e+00 -8.118368136320247563e-01
4.347964232568274134e+00 -1.105035585802008224e+00
4.360530603182633413e+00 -1.086855900744465586e+00
4.373096973796992692e+00 -8.913391945420128248e-01
4.385663344411351972e+00 -9.900026264640215956e-01
4.398229715025710362e+00 -8.304342166692790794e-01
4.410796085640069641e+00 -9.111929161781546771e-01
4.423362456254428032e+00 -7.798329698655905862e-01
4.435928826868787311e+00 -1.009376777801234581e+00
4.448495197483146590e+00 -9.754108557819826109e-01
4.461061568097505869e+00 -1.031999599352207753e+00
4.473627938711865148e+00 -1.005224400707277921e+00
4.486194309326224428e+00 -1.106675463073474308e+00
4.498760679940583707e+00 -9.294113720488577091e-01
4.511327050554942986e+00 -1.007141567798444104e+00
4.523893421169302265e+00 -9.684506007328668176e-01
4.536459791783661544e+00 -1.128028324596472398e+00
4.549026162398019935e+00 -1.064461085144565722e+00
4.561592533012379214e+00 -1.080219019546421855e+00
4.574158903626738493e+00 -1.076956441012716814e+00
4.586725274241097772e+00 -1.058508962198366765e+00
4.599291644855457051e+00 -8.967169469814612048e-01
4.611858015469816330e+00 -1.146196878010520059e+00
4.624424386084175609e+00 -1.077597015385828083e+00
4.636990756698534888e+00 -9.654574738018563140e-01
4.649557127312894167e+00 -9.818609298910874195e-01
4.662123497927252558e+00 -1.036833219573028320e+00
4.674689868541611837e+00 -1.101632152210110904e+00
4.687256239155971116e+00 -9.826930755463408884e-01
4.699822609770330395e+00 -1.009247207368529686e+00
4.712388980384689674e+00 -1.153062195816609181e+00
4.724955350999048953e+00 -9.715668762851045193e-01
4.737521721613408232e+00 -9.611607667061080607e-01
4.750088092227767511e+00 -1.016739025463625490e+00
4.762654462842126790e+00 -1.084916071499664181e+00
4.775220833456485181e+00 -1.100813830292000750e+00
4.787787204070844460e+00 -8.353799151567486980e-01
4.800353574685203739e+00 -1.018606816067366250e+00
4.812919945299563018e+00 -9.594445890245294484e-01
4.825486315913922297e+00 -1.044740052133033226e+00
4.838052686528281576e+00 -9.837660386859345962e-01
4.850619057142640855e+00 -1.038530942414414904e+00
4.863185427757000134e+00 -9.725971656388255893e-01
4.875751798371359413e+00 -1.021492392080815881e+00
4.888318168985717804e+00 -9.749254763429329174e-01
4.900884539600077083e+00 -9.991020488896303897e-01
4.913450910214436362e+00 -1.201004336145822027e+00
4.926017280828795641e+00 -1.054691038737087139e+00
4.938583651443154920e+00 -9.876280199823408434e-01
4.951150022057514200e+00 -8.994055394342294063e-01
4.963716392671873479e+00 -7.333262929449364531e-01
4.976282763286232758e+00 -9.881516487170159957e-01
4.988849133900592037e+00 -1.026072889846062930e+00
5.001415504514951316e+00 -8.436481049333264259e-01
5.013981875129309707e+00 -9.616702748736413175e-01
5.026548245743668986e+00 -9.581454326194945859e-01
5.039114616358028265e+00 -9.230451782277950823e-01
5.051680986972387544e+00 -8.259033410154226207e-01
5.064247357586746823e+00 -7.794061458703275269e-01
5.076813728201106102e+00 -9.761330356604713820e-01
5.089380098815465381e+00 -8.900788568160041825e-01
5.101946469429824660e+00 -7.674310222090193756e-01
5.114512840044183939e+00 -9.104464437261963194e-01
5.127079210658542330e+00 -8.860472916540949040e-01
5.139645581272901609e+00 -8.609920690449190950e-01
5.152211951887260888e+00 -7.795748456549120853e-01
5.164778322501620167e+00 -8.585795573636288980e-01
5.177344693115979446e+00 -7.966708238783557494e-01
5.189911063730338725e+00 -9.798812434243303615e-01
5.202477434344698004e+00 -8.988081005042846128e-01
5.215043804959057283e+00 -7.524793052702622997e-01
5.227610175573416562e+00 -8.387702506843254247e-01
5.240176546187774953e+00 -8.185884616117610202e-01
5.252742916802134232e+00 -8.642850251705143094e-01
5.265309287416492623e+00 -9.194324192588129163e-01
5.277875658030851902e+00 -9.528583416649385462e-01
5.290442028645211181e+00 -8.363198830366100900e-01
5.303008399259570460e+00 -8.042957054816988194e-01
5.315574769873929739e+00 -9.446636691422392040e-01
5.328141140488289018e+00 -8.202306597059918492e-01
5.340707511102648297e+00 -8.099578347278617585e-01
5.353273881717007576e+00 -8.841570959221141113e-01
5.365840252331366855e+00 -7.143336727093276828e-01
5.378406622945726134e+00 -5.999470636707695537e-01
5.390972993560084525e+00 -7.393889103962959508e-01
5.403539364174443804e+00 -1.024771676150134869e+00
5.416105734788803083e+00 -7.562321503438207415e-01
5.428672105403162362e+00 -8.274567132966383909e-01
5.441238476017521641e+00 -6.223969198705038286e-01
5.453804846631880920e+00 -8.939968878127737550e-01
5.466371217246240199e+00 -7.818203526412340620e-01
5.478937587860599479e+00 -6.144458395624450286e-01
5.491503958474958758e+00 -7.517588613079552173e-01
5.504070329089317148e+00 -7.709969025570768686e-01
5.516636699703676427e+00 -6.900749266291014150e-01
5.529203070318035707e+00 -7.760485357159483399e-01
5.541769440932394986e+00 -7.753444520099187498e-01
5.554335811546754265e+00 -5.379704784191829958e-01
5.566902182161113544e+00 -8.519037576317691762e-01
5.579468552775472823e+00 -3.837682249095890064e-01
5.592034923389832102e+00 -5.613991594167633270e-01
5.604601294004191381e+00 -5.819244176393298940e-01
5.617167664618549772e+00 -6.809794565282456524e-01
5.629734035232909051e+00 -5.822817961628213856e-01
5.642300405847268330e+00 -6.260725767878196901e-01
5.654866776461627609e+00 -6.514737745567074079e-01
5.667433147075986888e+00 -5.934072553636032810e-01
5.679999517690346167e+00 -4.613011332186179869e-01
5.692565888304705446e+00 -4.730897950329847612e-01
5.705132258919064725e+00 -4.063368036530497496e-01
5.717698629533424004e+00 -6.378183877710982275e-01
5.730265000147783283e+00 -3.359553526412632496e-01
5.742831370762141674e+00 -5.215947283854620586e-01
5.755397741376500953e+00 -4.832545691929364118e-01
5.767964111990860232e+00 -2.588325434211889431e-01
5.780530482605219511e+00 -4.762372844822951312e-01
5.793096853219578790e+00 -3.112267534607820463e-01
5.805663223833938069e+00 -4.426509330396612429e-01
5.818229594448297348e+00 -4.869663803809539671e-01
5.830795965062656627e+00 -5.003108023112553537e-01
5.843362335677015906e+00 -3.794427582864263737e-01
5.855928706291374297e+00 -5.926460234672623617e-01
5.868495076905733576e+00 -3.529618430068568458e-01
5.881061447520092855e+00 -2.807669172729034823e-01
5.893627818134452134e+00 -3.642010366530423204e-01
5.906194188748811413e+00 -1.709524364206205516e-01
5.918760559363170692e+00 -3.749322709160762823e-01
5.931326929977529971e+00 -4.476447740576471324e-01
5.943893300591889250e+00 -2.949849936599657774e-01
5.956459671206248530e+00 -3.232673396923973486e-01
5.969026041820606920e+00 -3.172698430132331882e-01
5.981592412434966199e+00 -4.114396880426573477e-01
5.994158783049325478e+00 -5.026000128488090635e-01
6.006725153663684758e+00 -1.569473770813060165e-01
6.019291524278044037e+00 -7.335321336431346873e-02
6.031857894892402427e+00 -2.863822478710126851e-01
6.044424265506761706e+00 -7.401985985701334259e-02
6.056990636121120986e+00 -2.159883688948316116e-01
6.069557006735480265e+00 -3.335832519910960636e-01
6.082123377349839544e+00 -2.024865208397504945e-01
6.094689747964198823e+00 -2.024854760191677483e-01
6.107256118578558102e+00 -1.457977344901890682e-01
6.119822489192916493e+00 -3.223624435886357498e-02
6.132388859807275772e+00 -1.184353658591288938e-02
6.144955230421635051e+00 -9.001101490374796565e-02
6.157521601035994330e+00 -1.370284379915323314e-01
6.170087971650353609e+00 -1.405327964256570250e-01
6.182654342264712888e+00 -6.866119489318860125e-02
6.195220712879072167e+00 -4.422906193370456512e-02
6.207787083493431446e+00 -1.239675771412062089e-01
6.220353454107790725e+00 4.114765841024957405e-02
6.232919824722149116e+00 -2.032232601859753629e-01
6.245486195336508395e+00 1.409387402822305513e-02
6.258052565950867674e+00 -2.100112404306213321e-01
6.270618936565226953e+00 -5.010548765860579901e-02
