0.000000000000000000e+00 1.751537122557559889e-01
1.256637061435917323e-02 5.595660155503564409e-02
2.513274122871834645e-02 7.204165302129914017e-02
3.769911184307751795e-02 1.301159234919551377e-01
5.026548245743669291e-02 9.217517328165678037e-02
6.283185307179586787e-02 -6.948055112366037511e-02
7.539822368615503589e-02 3.993346060655705854e-02
8.796459430051420392e-02 2.383727310618999062e-01
1.005309649148733858e-01 -7.015484636985036548e-03
1.130973355292325677e-01 1.807658497618029603e-02
1.256637061435917357e-01 2.206138595417243553e-01
1.382300767579508760e-01 2.845115358549761275e-01
1.507964473723100718e-01 3.037664288452642247e-01
1.633628179866692676e-01 5.401264130317084966e-02
1.759291886010284078e-01 3.517815687524596946e-01
1.884955592153875759e-01 3.162312393076235351e-01
2.010619298297467716e-01 1.952167229864314180e-01
2.136283004441059397e-01 1.604884104477732332e-01
2.261946710584651354e-01 1.453854446709926806e-01
2.387610416728242757e-01 2.755364885525185548e-01
2.513274122871834715e-01 3.142456116739806293e-01
2.638937829015426395e-01 2.094276695655511999e-01
2.764601535159017520e-01 1.943621262534297733e-01
2.890265241302609756e-01 2.279495035218708776e-01
3.015928947446201436e-01 3.808244586708277035e-01
3.141592653589793116e-01 2.819916031592058503e-01
3.267256359733385351e-01 3.523974065978456860e-01
3.392920065876976476e-01 3.564194822042138222e-01
3.518583772020568157e-01 4.256948827438534200e-01
3.644247478164160392e-01 3.598639211660792925e-01
3.769911184307751517e-01 4.719781528880567234e-01
3.895574890451343197e-01 1.428630958491872160e-01
4.021238596594935433e-01 4.807890378749111737e-01
4.146902302738527113e-01 2.705172056417377568e-01
4.272566008882118793e-01 3.507312894505861811e-01
4.398229715025711029e-01 4.444891072304264501e-01
4.523893421169302709e-01 3.531374949069510660e-01
4.649557127312893834e-01 3.933917540170200344e-01
4.775220833456485514e-01 4.977241889352143067e-01
4.900884539600077194e-01 3.346995853697971590e-01
5.026548245743669430e-01 3.870651585397050787e-01
5.152211951887261110e-01 5.724063991202624768e-01
5.277875658030852790e-01 5.182965939031944913e-01
5.403539364174444470e-01 6.509557444313229801e-01
5.529203070318035040e-01 5.717318835153335499e-01
5.654866776461627831e-01 5.307958995583291761e-01
5.780530482605219511e-01 6.240371065690502039e-01
5.906194188748811191e-01 6.164716824048298571e-01
6.031857894892402872e-01 6.640964340263801891e-01
6.157521601035994552e-01 5.199950644562835178e-01
6.283185307179586232e-01 6.509674204071577153e-01
6.408849013323177912e-01 5.654589208610116824e-01
6.534512719466770703e-01 5.841832708063666724e-01
6.660176425610361273e-01 6.577156421855365753e-01
6.785840131753952953e-01 7.444803870301417437e-01
6.911503837897544633e-01 6.116452810619125158e-01
7.037167544041136313e-01 5.417409803122168466e-01
7.162831250184729104e-01 7.619597387356944473e-01
7.288494956328320784e-01 7.343179063153887354e-01
7.414158662471912464e-01 6.466102949903496100e-01
7.539822368615503034e-01 8.721290344740515454e-01
7.665486074759094715e-01 6.670522714768190031e-01
7.791149780902686395e-01 7.646812220925428560e-01
7.916813487046279185e-01 6.150657098947607260e-01
8.042477193189870865e-01 6.322959809076712512e-01
8.168140899333462546e-01 9.458539036630981833e-01
8.293804605477054226e-01 7.856099737416895046e-01
8.419468311620645906e-01 4.901338644860116500e-01
8.545132017764237586e-01 5.320242401403590948e-01
8.670795723907829267e-01 6.855775618722531606e-01
8.796459430051422057e-01 7.744152756552228345e-01
8.922123136195013737e-01 8.340965136097091559e-01
9.047786842338605418e-01 7.104369969833492782e-01
9.173450548482194877e-01 7.916321566142550115e-01
9.299114254625787668e-01 8.182031682910899661e-01
9.424777960769379348e-01 8.642068957132941209e-01
9.550441666912971028e-01 7.023070771032916548e-01
9.676105373056562708e-01 8.020323236365072272e-01
9.801769079200154389e-01 8.922825303611606751e-01
9.927432785343746069e-01 8.795879904053600651e-01
1.005309649148733886e+00 7.352094100841524149e-01
1.017876019763092943e+00 8.380695437019886063e-01
1.030442390377452222e+00 1.053153306325827598e+00
1.043008760991811279e+00 9.136795958156511688e-01
1.055575131606170558e+00 7.804784982692113404e-01
1.068141502220529837e+00 8.163315436257316815e-01
1.080707872834888894e+00 8.889390061908156726e-01
1.093274243449248173e+00 9.537604834149707722e-01
1.105840614063607008e+00 9.358177400837036641e-01
1.118406984677966287e+00 1.031479443549702113e+00
1.130973355292325566e+00 8.906932577612676205e-01
1.143539725906684623e+00 9.988011618532643965e-01
1.156106096521043902e+00 9.781964062205725785e-01
1.168672467135402959e+00 7.903085935809095464e-01
1.181238837749762238e+00 8.295477620866065216e-01
1.193805208364121295e+00 9.471551475863887459e-01
1.206371578978480574e+00 9.237800551423909212e-01
1.218937949592839853e+00 9.655056067854915769e-01
1.231504320207198910e+00 9.727865985392118997e-01
1.244070690821558189e+00 9.971385146189062354e-01
1.256637061435917246e+00 9.743851998274759563e-01
1.269203432050276525e+00 1.001864282135405348e+00
1.281769802664635582e+00 9.025382377076300866e-01
1.294336173278994861e+00 1.042967453106681264e+00
1.306902543893354141e+00 1.076369455354002636e+00
1.319468914507712975e+00 9.465334886036061990e-01
1.332035285122072255e+00 1.017695660485772979e+00
1.344601655736431534e+00 7.979474372277612915e-01
1.357168026350790591e+00 9.283966849902703933e-01
1.369734396965149870e+00 1.061056573774323164e+00
1.382300767579508927e+00 9.425696975774140451e-01
1.394867138193868206e+00 1.091550731589954193e+00
1.407433508808227263e+00 1.097159218476915221e+00
1.419999879422586542e+00 1.017269793057359539e+00
1.432566250036945821e+00 8.047725266521448262e-01
1.445132620651304878e+00 9.513343115540379147e-01
1.457698991265664157e+00 8.027749122994178865e-01
1.470265361880023214e+00 1.105809130759147774e+00
1.482831732494382493e+00 8.812571025940090230e-01
1.495398103108741550e+00 9.270587481962684340e-01
1.507964473723100607e+00 8.217719775453538045e-01
1.520530844337459886e+00 1.067740991464020572e+00
1.533097214951818943e+00 1.063832998708170940e+00
1.545663585566178222e+00 7.909783896200193176e-01
1.558229956180537279e+00 9.383282576366991368e-01
1.570796326794896558e+00 9.402216051171405908e-01
1.583362697409255837e+00 7.991893521523625310e-01
1.595929068023614894e+00 1.096873126693874045e+00
1.608495438637974173e+00 9.673666287046664980e-01
1.621061809252333230e+00 1.070924569538571625e+00
1.633628179866692509e+00 1.042976383817561636e+00
1.646194550481051566e+00 8.184626685172915472e-01
1.658760921095410845e+00 1.028547689790905384e+00
1.671327291709770124e+00 9.970496101072451323e-01
1.683893662324129181e+00 9.572816267508876820e-01
1.696460032938488460e+00 9.351073941838478065e-01
1.709026403552847517e+00 1.048682491485406487e+00
1.721592774167206796e+00 9.855590278283256067e-01
1.734159144781565853e+00 7.893454200683603927e-01
1.746725515395925132e+00 1.138861392860484267e+00
1.759291886010284411e+00 7.944628211279984864e-01
1.771858256624643468e+00 1.088237649114567773e+00
1.784424627239002747e+00 1.000485290702012309e+00
1.796990997853361804e+00 1.046171917463069923e+00
1.809557368467721084e+00 1.002160423181310822e+00
1.822123739082079918e+00 1.100668474820482468e+00
1.834690109696438975e+00 9.612840190963329867e-01
1.847256480310798255e+00 8.668174826233930874e-01
1.859822850925157534e+00 1.147081049723374546e+00
1.872389221539516591e+00 1.008334391657201623e+00
1.884955592153875870e+00 9.479275997051557212e-01
1.897521962768234927e+00 1.135594584071281776e+00
1.910088333382594206e+00 8.966431324325178087e-01
1.922654703996953263e+00 9.941296359344125033e-01
1.935221074611312542e+00 9.971240483486989437e-01
1.947787445225671821e+00 8.976399474350773566e-01
1.960353815840030878e+00 9.516224851816701413e-01
1.972920186454390157e+00 1.073669387670174613e+00
1.985486557068749214e+00 8.654383324337096006e-01
1.998052927683108493e+00 9.432603061501529940e-01
2.010619298297467772e+00 8.071615906338707180e-01
2.023185668911826607e+00 8.913464144750753437e-01
2.035752039526185886e+00 8.576454198450357280e-01
2.048318410140545165e+00 8.753095695533723575e-01
2.060884780754904444e+00 9.116547406145398824e-01
2.073451151369263723e+00 7.088597187631993091e-01
2.086017521983622558e+00 7.505916682712676646e-01
2.098583892597981837e+00 8.107368073916062512e-01
2.111150263212341116e+00 8.200817300089051631e-01
2.123716633826700395e+00 7.831055902371355515e-01
2.136283004441059674e+00 9.296858387394649759e-01
2.148849375055418509e+00 8.012269338345182623e-01
2.161415745669777788e+00 9.052374282433033326e-01
2.173982116284137067e+00 7.076919076108000306e-01
2.186548486898496346e+00 8.959898417869179843e-01
2.199114857512855181e+00 7.125880640243685837e-01
2.211681228127214016e+00 7.095423474653737017e-01
2.224247598741573295e+00 8.453945235199187280e-01
2.236813969355932574e+00 8.578975351718616249e-01
2.249380339970291853e+00 7.319788196298301353e-01
2.261946710584651132e+00 6.117340967539024454e-01
2.274513081199009967e+00 9.188061676012846402e-01
2.287079451813369246e+00 8.158725132080191234e-01
2.299645822427728525e+00 6.349689759819179269e-01
2.312212193042087804e+00 7.438385646232039683e-01
2.324778563656447083e+00 6.969886786498112885e-01
2.337344934270805918e+00 7.972230050850636074e-01
2.349911304885165197e+00 6.874041972775715159e-01
2.362477675499524477e+00 6.892193917632201128e-01
2.375044046113883756e+00 8.226450635720951032e-01
2.387610416728242591e+00 7.989870433445589448e-01
2.400176787342601870e+00 6.252165830160576476e-01
2.412743157956961149e+00 6.186847228633528539e-01
2.425309528571320428e+00 6.515782745663825093e-01
2.437875899185679707e+00 5.920382100716303775e-01
2.450442269800038542e+00 7.330702019407485670e-01
2.463008640414397821e+00 6.397173549128208903e-01
2.475575011028757100e+00 5.528866457648581312e-01
2.488141381643116379e+00 5.385256087313261553e-01
2.500707752257475658e+00 5.412630949396127766e-01
2.513274122871834493e+00 4.275182372242166684e-01
2.525840493486193772e+00 6.122037403759565954e-01
2.538406864100553051e+00 3.801644253484821601e-01
2.550973234714912330e+00 4.728066174550815126e-01
2.563539605329271165e+00 4.998788642006886662e-01
2.576105975943630444e+00 4.580233604691789084e-01
2.588672346557989723e+00 4.563778562704930986e-01
2.601238717172349002e+00 5.122164596752136756e-01
2.613805087786708281e+00 5.758396556501026442e-01
2.626371458401067116e+00 6.771483028997454801e-01
2.638937829015425951e+00 4.478684723343283602e-01
2.651504199629785230e+00 5.774442029230717477e-01
2.664070570244144509e+00 5.510512787546131275e-01
2.676636940858503788e+00 4.877624979100365632e-01
2.689203311472863067e+00 5.203988120796990691e-01
2.701769682087221902e+00 6.366537948330808216e-01
2.714336052701581181e+00 4.201534900822165852e-01
2.726902423315940460e+00 3.580099792208271126e-01
2.739468793930299739e+00 3.811090969373702175e-01
2.752035164544658574e+00 3.912020838917126264e-01
2.764601535159017853e+00 3.330633105508956082e-01
2.777167905773377132e+00 3.138631062246136083e-01
2.789734276387736411e+00 2.836155321545982266e-01
2.802300647002095690e+00 2.624678308055914400e-01
2.814867017616454525e+00 4.031047120719141730e-01
2.827433388230813804e+00 3.456265581614387239e-01
2.839999758845173083e+00 3.633590136638594759e-01
2.852566129459532362e+00 2.797313521630242494e-01
2.865132500073891642e+00 2.352938130837321784e-01
2.877698870688250476e+00 3.029619205328555331e-01
2.890265241302609756e+00 3.447729117625070727e-01
2.902831611916969035e+00 2.538711164560880640e-01
2.915397982531328314e+00 1.590766103443413682e-01
2.927964353145687149e+00 3.494651969679110626e-01
2.940530723760046428e+00 2.957219643214396010e-01
2.953097094374405707e+00 2.806941314959994771e-01
2.965663464988764986e+00 7.427192305832119867e-02
2.978229835603124265e+00 2.230552295207357538e-01
2.990796206217483100e+00 2.405220546946307270e-04
3.003362576831842379e+00 4.960307287562543133e-02
3.015928947446201214e+00 1.465161244161327647e-01
3.028495318060560493e+00 1.562438152305698214e-01
3.041061688674919772e+00 1.073422579213146877e-01
3.053628059289279051e+00 1.539602553288609288e-01
3.066194429903637886e+00 2.099719960232495630e-01
3.078760800517997165e+00 3.466255737384953822e-02
3.091327171132356444e+00 1.478756807542976059e-01
3.103893541746715723e+00 3.435164182451212050e-02
3.116459912361074558e+00 -4.615485164380170313e-02
3.129026282975433837e+00 -4.020133829698849942e-03
3.141592653589793116e+00 -1.029516295239848262e-03
3.154159024204152395e+00 -2.667448206613414752e-01
3.166725394818511674e+00 -2.320348355439517396e-01
3.179291765432870509e+00 3.131462790436158328e-02
3.191858136047229788e+00 -1.988492185097614495e-01
3.204424506661589067e+00 -8.595400652600000690e-02
3.216990877275948346e+00 -7.727294674938331442e-02
3.229557247890307181e+00 6.056672016016649562e-02
3.242123618504666460e+00 -4.811040116330599775e-02
3.254689989119025739e+00 -3.094865716402980804e-01
3.267256359733385018e+00 5.125970164443410804e-03
3.279822730347744297e+00 2.459457281655902383e-02
3.292389100962103132e+00 -6.232789925746383408e-02
3.304955471576462411e+00 -2.063124843482881110e-01
3.317521842190821690e+00 -2.850384357792241086e-01
3.330088212805180969e+00 -7.930355607477922175e-02
3.342654583419540248e+00 -5.124217504861994232e-02
3.355220954033899083e+00 -1.713432769074814122e-01
3.367787324648258362e+00 2.981481069091701519e-02
3.380353695262617642e+00 -1.827989311510202219e-01
3.392920065876976921e+00 -2.071068106649973095e-01
3.405486436491335756e+00 -9.125271092782077931e-02
3.418052807105695035e+00 -3.048749714273091271e-01
3.430619177720054314e+00 -2.156024332925956521e-01
3.443185548334413593e+00 -3.473969309659697968e-01
3.455751918948772872e+00 -3.235430306716350346e-01
3.468318289563131707e+00 -3.942292411693306686e-01
3.480884660177490986e+00 -2.561051733360358296e-01
3.493451030791850265e+00 -3.537452544913333718e-01
3.506017401406209544e+00 -4.659696997121108852e-01
3.518583772020568823e+00 -2.332300769219868841e-01
3.531150142634927658e+00 -2.882606949060836365e-01
3.543716513249286937e+00 -4.565229713884120244e-01
3.556282883863646216e+00 -4.272906279407805985e-01
3.568849254478005495e+00 -3.442796835176787917e-01
3.581415625092364330e+00 -4.827208327927001719e-01
3.593981995706723609e+00 -4.937333308089015826e-01
3.606548366321082888e+00 -5.147493956073518895e-01
3.619114736935442167e+00 -3.735853323066414822e-01
3.631681107549800558e+00 -3.199913527268430924e-01
3.644247478164159837e+00 -4.866234202188777225e-01
3.656813848778519116e+00 -5.460464648206508897e-01
3.669380219392877951e+00 -4.709467287423089732e-01
3.681946590007237230e+00 -5.070832699645027031e-01
3.694512960621596509e+00 -5.504205812567858347e-01
3.707079331235955788e+00 -5.357525467278003717e-01
3.719645701850315067e+00 -4.754004088889619006e-01
3.732212072464673902e+00 -5.823408526305987598e-01
3.744778443079033181e+00 -6.632698325658825667e-01
3.757344813693392460e+00 -7.196755768490200600e-01
3.769911184307751739e+00 -5.457239489713320291e-01
3.782477554922110574e+00 -5.075581622307687724e-01
3.795043925536469853e+00 -5.357957987868948724e-01
3.807610296150829132e+00 -7.052465697549790136e-01
3.820176666765188411e+00 -5.638552801313907459e-01
3.832743037379547690e+00 -5.644984814445183074e-01
3.845309407993906525e+00 -6.391709445896089914e-01
3.857875778608265804e+00 -7.853159526251340949e-01
3.870442149222625083e+00 -6.281009484739943360e-01
3.883008519836984362e+00 -5.959338170114036881e-01
3.895574890451343641e+00 -7.170237710193041458e-01
3.908141261065702476e+00 -7.115864110403246068e-01
3.920707631680061755e+00 -7.192333182145193016e-01
3.933274002294421035e+00 -6.972238903937674204e-01
3.945840372908780314e+00 -6.584393204010482448e-01
3.958406743523139149e+00 -6.298822241857924276e-01
3.970973114137498428e+00 -7.653082172721354937e-01
3.983539484751857707e+00 -6.729246490866618302e-01
3.996105855366216986e+00 -6.554769460346822063e-01
4.008672225980576265e+00 -5.745809569319650922e-01
4.021238596594935544e+00 -9.197467875155718176e-01
4.033804967209294823e+00 -5.619757662905781048e-01
4.046371337823653214e+00 -7.333147025092853211e-01
4.058937708438012493e+00 -8.413328933156171141e-01
4.071504079052371772e+00 -7.515409621262989504e-01
4.084070449666731051e+00 -7.316974441723362865e-01
4.096636820281090330e+00 -9.232119397103162317e-01
4.109203190895449609e+00 -6.899964574537765793e-01
4.121769561509808888e+00 -8.898922669130163721e-01
4.134335932124168167e+00 -7.353299256217767921e-01
4.146902302738527446e+00 -8.414748562955987055e-01
4.159468673352886725e+00 -8.186608434628854791e-01
4.172035043967245116e+00 -8.591760079030691388e-01
4.184601414581604395e+00 -7.950643878625767158e-01
4.197167785195963674e+00 -8.469766703910426298e-01
4.209734155810322953e+00 -8.004403744928288988e-01
4.222300526424682232e+00 -8.926539913318892738e-01
4.234866897039041511e+00 -9.745778387332305615e-01
4.247433267653400790e+00 -9.568011189861065358e-01
4.259999638267760069e+00 -9.464606632920917750e-01
4.272566008882119348e+00 -9.874064967274062132e-01
4.285132379496477739e+00 -9.444615344079532182e-01
4.297698750110837018e+00 -9.247319282494149695e-01
4.310265120725196297e+00 -1.092810341054689438e+00
4.322831491339555576e+00 -9.362797023922470041e-01
4.335397861953914855e+00 -1.064632864032831083e+00
4.347964232568274134e+00 -9.159649094387671830e-01
4.360530603182633413e+00 -8.337016643988827136e-01
4.373096973796992692e+00 -1.008278126349946735e+00
4.385663344411351972e+00 -1.015100311201937444e+00
4.398229715025710362e+00 -1.002796901448167688e+00
4.410796085640069641e+00 -1.100371758957420010e+00
4.423362456254428032e+00 -1.002217191810075292e+00
4.435928826868787311e+00 -9.967839561569121765e-01
4.448495197483146590e+00 -9.403103575757445487e-01
4.461061568097505869e+00 -9.897414439243943374e-01
4.473627938711865148e+00 -1.025281619672925748e+00
4.486194309326224428e+00 -8.287997499973618343e-01
4.498760679940583707e+00 -9.674330478604677985e-01
4.511327050554942986e+00 -9.775939783483604817e-01
4.523893421169302265e+00 -8.009448626360000656e-01
4.536459791783661544e+00 -7.871572943921096854e-01
4.549026162398019935e+00 -7.696212157908660645e-01
4.561592533012379214e+00 -8.554187460574377289e-01
4.574158903626738493e+00 -9.131783661647473460e-01
4.586725274241097772e+00 -8.861921585561486348e-01
4.599291644855457051e+00 -1.072690647775327299e+00
4.611858015469816330e+00 -1.072284806051354566e+00
4.624424386084175609e+00 -8.260296169638318142e-01
4.636990756698534888e+00 -1.076641617254224581e+00
4.649557127312894167e+00 -9.695390600811893966e-01
4.662123497927252558e+00 -1.127361121492989948e+00
4.674689868541611837e+00 -1.064908940921573732e+00
4.687256239155971116e+00 -1.104311721832315962e+00
4.699822609770330395e+00 -1.152868773278393544e+00
4.712388980384689674e+00 -1.184373892422022623e+00
4.724955350999048953e+00 -1.131004072081458034e+00
4.737521721613408232e+00 -9.583344114098925060e-01
4.750088092227767511e+00 -1.048289463199894911e+00
4.762654462842126790e+00 -1.021035555852093379e+00
4.775220833456485181e+00 -1.079611363696888482e+00
4.787787204070844460e+00 -7.552810767539411829e-01
4.800353574685203739e+00 -1.074302125047247536e+00
4.812919945299563018e+00 -1.011006734887792469e+00
4.825486315913922297e+00 -1.136662377207073860e+00
4.838052686528281576e+00 -9.559170127446199317e-01
4.850619057142640855e+00 -1.007988103844730476e+00
4.863185427757000134e+00 -1.037132872593823363e+00
4.875751798371359413e+00 -1.042853996004266204e+00
4.888318168985717804e+00 -1.004908204679896055e+00
4.900884539600077083e+00 -1.019248311613481617e+00
4.913450910214436362e+00 -8.574457566182827062e-01
4.926017280828795641e+00 -1.078382285715407729e+00
4.938583651443154920e+00 -8.269879943773136288e-01
4.951150022057514200e+00 -1.005434141570372919e+00
4.963716392671873479e+00 -8.126607132928909127e-01
4.976282763286232758e+00 -9.634044642821329996e-01
4.988849133900592037e+00 -9.336084798537489515e-01
5.001415504514951316e+00 -9.373879198875147978e-01
5.013981875129309707e+00 -8.040275468033767359e-01
5.026548245743668986e+00 -1.261575001044036970e+00
5.039114616358028265e+00 -1.010774663011926089e+00
5.051680986972387544e+00 -9.263033108061893284e-01
5.064247357586746823e+00 -9.890727109893399094e-01
5.076813728201106102e+00 -8.665447258734358948e-01
5.089380098815465381e+00 -8.058496536644638164e-01
5.101946469429824660e+00 -9.572603111077938598e-01
5.114512840044183939e+00 -9.183835250846543730e-01
5.127079210658542330e+00 -8.854005633368979833e-01
5.139645581272901609e+00 -8.552635748869290566e-01
5.152211951887260888e+00 -1.039832456556511575e+00
5.164778322501620167e+00 -1.093803430960107015e+00
5.177344693115979446e+00 -8.360641956866519120e-01
5.189911063730338725e+00 -9.824842160778808342e-01
5.202477434344698004e+00 -8.853010947468403780e-01
5.215043804959057283e+00 -7.624732804820293364e-01
5.227610175573416562e+00 -8.587829978559992083e-01
5.240176546187774953e+00 -6.668179523763727579e-01
5.252742916802134232e+00 -6.641269449182481965e-01
5.265309287416492623e+00 -1.088226953601067581e+00
5.277875658030851902e+00 -1.009987230183854834e+00
5.290442028645211181e+00 -6.068892710086779552e-01
5.303008399259570460e+00 -9.047577013325680539e-01
5.315574769873929739e+00 -7.293798867851505330e-01
5.328141140488289018e+00 -9.174934416566842277e-01
5.340707511102648297e+00 -8.202724018565712427e-01
5.353273881717007576e+00 -8.156584935937811753e-01
5.365840252331366855e+00 -8.994217337008807434e-01
5.378406622945726134e+00 -7.249424957285243165e-01
5.390972993560084525e+00 -8.003290928895580025e-01
5.403539364174443804e+00 -6.300958981125436287e-01
5.416105734788803083e+00 -8.070074276075607234e-01
5.428672105403162362e+00 -7.264858102586058131e-01
5.441238476017521641e+00 -8.178824123954898662e-01
5.453804846631880920e+00 -8.266711967647855097e-01
5.466371217246240199e+00 -6.601565568888602131e-01
5.478937587860599479e+00 -6.743815637151576725e-01
5.491503958474958758e+00 -7.625024661198344100e-01
5.504070329089317148e+00 -5.790427615820752383e-01
5.516636699703676427e+00 -8.314011514314463280e-01
5.529203070318035707e+00 -5.758551152137835194e-01
5.541769440932394986e+00 -5.893084138917175085e-01
5.554335811546754265e+00 -5.575454387834923864e-01
5.566902182161113544e+00 -4.523725624122645894e-01
5.579468552775472823e+00 -7.044373521431747109e-01
5.592034923389832102e+00 -7.839737775279795873e-01
5.604601294004191381e+00 -5.101705517587644678e-01
5.617167664618549772e+00 -7.499418418095846750e-01
5.629734035232909051e+00 -7.016869222019019858e-01
5.642300405847268330e+00 -6.021145782545744840e-01
5.654866776461627609e+00 -5.022237398686522081e-01
5.667433147075986888e+00 -6.033956584461114270e-01
5.679999517690346167e+00 -3.683509181738541249e-01
5.692565888304705446e+00 -3.951569273893315026e-01
5.705132258919064725e+00 -6.471711944779796610e-01
5.717698629533424004e+00 -6.462721669021124216e-01
5.730265000147783283e+00 -4.137100252107565046e-01
5.742831370762141674e+00 -4.929523878885007093e-01
5.755397741376500953e+00 -6.141859621210234987e-01
5.767964111990860232e+00 -6.260860467072809632e-01
5.780530482605219511e+00 -3.728826652776436323e-01
5.793096853219578790e+00 -6.351177964259664410e-01
5.805663223833938069e+00 -5.056784028570588951e-01
5.818229594448297348e+00 -4.912291096794720868e-01
5.830795965062656627e+00 -4.425382780569097063e-01
5.843362335677015906e+00 -1.893362144871498787e-01
5.855928706291374297e+00 -4.007292321423598924e-01
5.868495076905733576e+00 -3.185389047818906194e-01
5.881061447520092855e+00 -2.419948288228925548e-01
5.893627818134452134e+00 -3.226175187363042873e-01
5.906194188748811413e+00 -2.808951214292558785e-01
5.918760559363170692e+00 -2.854418035746638105e-01
5.931326929977529971e+00 -4.648955557203467981e-01
5.943893300591889250e+00 -4.228484115895793094e-01
5.956459671206248530e+00 -4.416076930913555021e-01
5.969026041820606920e+00 -4.302774589870063116e-01
5.981592412434966199e+00 -2.638428352864614079e-01
5.994158783049325478e+00 -4.206748192309924805e-01
6.006725153663684758e+00 -5.893605815693754302e-01
6.019291524278044037e+00 -1.595996581973372908e-01
6.031857894892402427e+00 -4.368657088581863746e-01
6.044424265506761706e+00 -2.741493145694222089e-01
6.056990636121120986e+00 -2.571386060722385958e-01
6.069557006735480265e+00 -2.804876939907172129e-01
6.082123377349839544e+00 -1.271160409976388461e-01
6.094689747964198823e+00 -1.724226915627711521e-01
6.107256118578558102e+00 -4.646550378274225124e-02
6.119822489192916493e+00 -5.807030921924721811e-02
6.132388859807275772e+00 4.620148809446505966e-02
6.144955230421635051e+00 -1.893487948725166015e-01
6.157521601035994330e+00 -1.143594117777212982e-01
6.170087971650353609e+00 -1.712173191836386943e-01
6.182654342264712888e+00 -6.414222945020170430e-03
6.195220712879072167e+00 -1.713525829659012512e-01
6.207787083493431446e+00 5.983792390679437689e-02
6.220353454107790725e+00 -1.256608388063111814e-01
6.232919824722149116e+00 -1.229685620526008716e-01
6.245486195336508395e+00 3.892738610220660561e-02
6.258052565950867674e+00 1.156631201270664697e-02
6.270618936565226953e+00 4.849430139158106973e-02
