0.000000000000000000e+00 4.440847169413153495e-02
1.256637061435917323e-02 2.665179993384388379e-01
2.513274122871834645e-02 9.926272821936709539e-03
3.769911184307751795e-02 7.393215453622604960e-02
5.026548245743669291e-02 8.402026099323370301e-02
6.283185307179586787e-02 -8.791429971219368034e-02
7.539822368615503589e-02 1.361823585610043991e-02
8.796459430051420392e-02 9.861942123361050472e-02
1.005309649148733858e-01 2.267412092770817456e-01
1.130973355292325677e-01 1.398463457003729926e-01
1.256637061435917357e-01 1.135728400784214720e-01
1.382300767579508760e-01 2.464011518837246895e-01
1.507964473723100718e-01 1.414441022180936147e-01
1.633628179866692676e-01 1.666414175072869486e-01
1.759291886010284078e-01 2.789363634306859518e-01
1.884955592153875759e-01 9.823862499267932424e-02
2.010619298297467716e-01 3.453119080841154931e-01
2.136283004441059397e-01 -9.226255583249293180e-02
2.261946710584651354e-01 1.643581409620050726e-01
2.387610416728242757e-01 3.988630847954267589e-01
2.513274122871834715e-01 2.574986546942134025e-01
2.638937829015426395e-01 2.900091673774037870e-01
2.764601535159017520e-01 3.661527473212042860e-01
2.890265241302609756e-01 3.983334819513773550e-01
3.015928947446201436e-01 3.411219603701942105e-01
3.141592653589793116e-01 2.466757709986105995e-01
3.267256359733385351e-01 2.282341403113223310e-01
3.392920065876976476e-01 2.415661573350361135e-01
3.518583772020568157e-01 5.214104046167158391e-01
3.644247478164160392e-01 3.202925525853943522e-01
3.769911184307751517e-01 3.740591368553556895e-01
3.895574890451343197e-01 3.380162009181212346e-01
4.021238596594935433e-01 4.448203597204798410e-01
4.146902302738527113e-01 4.615305961501020571e-01
4.272566008882118793e-01 3.279543574126993488e-01
4.398229715025711029e-01 4.424013933669597165e-01
4.523893421169302709e-01 3.711024011126280442e-01
4.649557127312893834e-01 5.548566051136863964e-01
4.775220833456485514e-01 6.581007521950510419e-01
4.900884539600077194e-01 4.219105010693147140e-01
5.026548245743669430e-01 5.667879973483407330e-01
5.152211951887261110e-01 6.980160663787383646e-01
5.277875658030852790e-01 6.485475864792865641e-01
5.403539364174444470e-01 6.339495774370201842e-01
5.529203070318035040e-01 5.308247418148192009e-01
5.654866776461627831e-01 6.603148334509825190e-01
5.780530482605219511e-01 5.673860045232312910e-01
5.906194188748811191e-01 6.023210851639678731e-01
6.031857894892402872e-01 5.044380070338904121e-01
6.157521601035994552e-01 6.092601366127313733e-01
6.283185307179586232e-01 3.775829480384956804e-01
6.408849013323177912e-01 5.702507344026294112e-01
6.534512719466770703e-01 4.704152285766880492e-01
6.660176425610361273e-01 5.900070840297707564e-01
6.785840131753952953e-01 8.233489251241359330e-01
6.911503837897544633e-01 4.534625584159745482e-01
7.037167544041136313e-01 7.889079104182288305e-01
7.162831250184729104e-01 5.994794762396457033e-01
7.288494956328320784e-01 6.196395002285333131e-01
7.414158662471912464e-01 7.570260503833472487e-01
7.539822368615503034e-01 9.595228931886211621e-01
7.665486074759094715e-01 4.986094621941536964e-01
7.791149780902686395e-01 8.185076690016007683e-01
7.916813487046279185e-01 7.433450599435619255e-01
8.042477193189870865e-01 7.439674504482762796e-01
8.168140899333462546e-01 7.525485620718301849e-01
8.293804605477054226e-01 6.108329903179714471e-01
8.419468311620645906e-01 5.425746247453901994e-01
8.545132017764237586e-01 8.417108638709086543e-01
8.670795723907829267e-01 8.737673513658731350e-01
8.796459430051422057e-01 9.039562004357333258e-01
8.922123136195013737e-01 5.457829840647396846e-01
9.047786842338605418e-01 7.997259269543665061e-01
9.173450548482194877e-01 9.488198547507229463e-01
9.299114254625787668e-01 8.604865643067683978e-01
9.424777960769379348e-01 8.122711871176739873e-01
9.550441666912971028e-01 8.711484834175355907e-01
9.676105373056562708e-01 6.171833559471319175e-01
9.801769079200154389e-01 9.386204007922359649e-01
9.927432785343746069e-01 9.206805175225413196e-01
1.005309649148733886e+00 7.863620405781417411e-01
1.017876019763092943e+00 8.961089598658191768e-01
1.030442390377452222e+00 9.139962900297065040e-01
1.043008760991811279e+00 7.350877627056652264e-01
1.055575131606170558e+00 7.412021521116956002e-01
1.068141502220529837e+00 9.530902453286624887e-01
1.080707872834888894e+00 8.488941442038732133e-01
1.093274243449248173e+00 8.411316572157814253e-01
1.105840614063607008e+00 9.778573650156761055e-01
1.118406984677966287e+00 9.340023356367924690e-01
1.130973355292325566e+00 8.569725066754840803e-01
1.143539725906684623e+00 8.962375313668965449e-01
1.156106096521043902e+00 1.102218854285052840e+00
1.168672467135402959e+00 8.092057789900497511e-01
1.181238837749762238e+00 9.004104903403314930e-01
1.193805208364121295e+00 1.025371834356658240e+00
1.206371578978480574e+00 1.080817296728430854e+00
1.218937949592839853e+00 6.726762693386983960e-01
1.231504320207198910e+00 9.332878730423983527e-01
1.244070690821558189e+00 8.976237503564834519e-01
1.256637061435917246e+00 1.060081770598047202e+00
1.269203432050276525e+00 1.036656846062355530e+00
1.281769802664635582e+00 9.451714470956875669e-01
1.294336173278994861e+00 1.152447108272029785e+00
1.306902543893354141e+00 8.600209778160757823e-01
1.319468914507712975e+00 8.800104026602932894e-01
1.332035285122072255e+00 9.099609274213409371e-01
1.344601655736431534e+00 1.052006628123744125e+00
1.357168026350790591e+00 9.092776342981780946e-01
1.369734396965149870e+00 7.603706995748173991e-01
1.382300767579508927e+00 9.692362262764436798e-01
1.394867138193868206e+00 9.331204024254736717e-01
1.407433508808227263e+00 9.002134704380294616e-01
1.419999879422586542e+00 1.012000041578587473e+00
1.432566250036945821e+00 1.118583551077545923e+00
1.445132620651304878e+00 1.233063288033016791e+00
1.457698991265664157e+00 1.066340039453505861e+00
1.470265361880023214e+00 8.742994583492190719e-01
1.482831732494382493e+00 1.046177555979536100e+00
1.495398103108741550e+00 1.036508128365096093e+00
1.507964473723100607e+00 1.017686111570507590e+00
1.520530844337459886e+00 1.183454836389146836e+00
1.533097214951818943e+00 1.153776736008504278e+00
1.545663585566178222e+00 8.380499724709233877e-01
1.558229956180537279e+00 8.566799431919508434e-01
1.570796326794896558e+00 1.167881560508254424e+00
1.583362697409255837e+00 9.497271140363255926e-01
1.595929068023614894e+00 9.977634542912082738e-01
1.608495438637974173e+00 9.570843955892530674e-01
1.621061809252333230e+00 1.020953782002839150e+00
1.633628179866692509e+00 1.024172282274822487e+00
1.646194550481051566e+00 1.147150930217825771e+00
1.658760921095410845e+00 1.031990746795439451e+00
1.671327291709770124e+00 1.201508220876845279e+00
1.683893662324129181e+00 9.385892128699040438e-01
1.696460032938488460e+00 9.420733137379666555e-01
1.709026403552847517e+00 9.634731931022750828e-01
1.721592774167206796e+00 1.005641536473733000e+00
1.734159144781565853e+00 9.926423392247708533e-01
1.746725515395925132e+00 1.012533681966495624e+00
1.759291886010284411e+00 9.268835355078897109e-01
1.771858256624643468e+00 9.935453991645325500e-01
1.784424627239002747e+00 9.233894133521730607e-01
1.796990997853361804e+00 9.305836501012549888e-01
1.809557368467721084e+00 1.017795952847874830e+00
1.822123739082079918e+00 8.559654499408675399e-01
1.834690109696438975e+00 9.574380695048517742e-01
1.847256480310798255e+00 9.233676505422228065e-01
1.859822850925157534e+00 9.269100676131278860e-01
1.872389221539516591e+00 9.430512907935348910e-01
1.884955592153875870e+00 9.912031945568998692e-01
1.897521962768234927e+00 9.730174690156591089e-01
1.910088333382594206e+00 8.582082236462197367e-01
1.922654703996953263e+00 1.014112684098340988e+00
1.935221074611312542e+00 1.029403484996377793e+00
1.947787445225671821e+00 9.679212609114233867e-01
1.960353815840030878e+00 1.045438355789686247e+00
1.972920186454390157e+00 7.659404140704890729e-01
1.985486557068749214e+00 1.217927233048492930e+00
1.998052927683108493e+00 9.555499050985869491e-01
2.010619298297467772e+00 1.190963157233083436e+00
2.023185668911826607e+00 8.912410759538844651e-01
2.035752039526185886e+00 9.590005816769235913e-01
2.048318410140545165e+00 8.843677241559874114e-01
2.060884780754904444e+00 8.676381751949212573e-01
2.073451151369263723e+00 9.281311373883779359e-01
2.086017521983622558e+00 8.371977680375844999e-01
2.098583892597981837e+00 7.314042528498287954e-01
2.111150263212341116e+00 8.088370148935435378e-01
2.123716633826700395e+00 8.116020162805750449e-01
2.136283004441059674e+00 7.998738267915863620e-01
2.148849375055418509e+00 9.233462356536545901e-01
2.161415745669777788e+00 6.982471715824620784e-01
2.173982116284137067e+00 7.013370664127795973e-01
2.186548486898496346e+00 8.787534600482149738e-01
2.199114857512855181e+00 7.741940478825478644e-01
2.211681228127214016e+00 7.554976176907599594e-01
2.224247598741573295e+00 9.160268153014929915e-01
2.236813969355932574e+00 9.028808694232305365e-01
2.249380339970291853e+00 8.888238098019369815e-01
2.261946710584651132e+00 7.114586379135525718e-01
2.274513081199009967e+00 7.870950066219726260e-01
2.287079451813369246e+00 8.709001345101683444e-01
2.299645822427728525e+00 8.625051367673753910e-01
2.312212193042087804e+00 6.193057129492640644e-01
2.324778563656447083e+00 7.205328131009175463e-01
2.337344934270805918e+00 6.444891611499694584e-01
2.349911304885165197e+00 7.962869620841847018e-01
2.362477675499524477e+00 7.136847597718410929e-01
2.375044046113883756e+00 4.951496957205473448e-01
2.387610416728242591e+00 6.100935769289005384e-01
2.400176787342601870e+00 6.743253743517506615e-01
2.412743157956961149e+00 7.716556625956244586e-01
2.425309528571320428e+00 7.590250126052660029e-01
2.437875899185679707e+00 5.190696868510573658e-01
2.450442269800038542e+00 8.029262126885575723e-01
2.463008640414397821e+00 6.450517268299086338e-01
2.475575011028757100e+00 5.874403341281672075e-01
2.488141381643116379e+00 5.561363954553510958e-01
2.500707752257475658e+00 6.543411685714015658e-01
2.513274122871834493e+00 3.878512248022184528e-01
2.525840493486193772e+00 6.090056923158879698e-01
2.538406864100553051e+00 6.496313983584837137e-01
2.550973234714912330e+00 5.583600931739682860e-01
2.563539605329271165e+00 6.750531522525323735e-01
2.576105975943630444e+00 4.362513531896625163e-01
2.588672346557989723e+00 4.859523278829459003e-01
2.601238717172349002e+00 5.824563452709087263e-01
2.613805087786708281e+00 4.866945754107080968e-01
2.626371458401067116e+00 4.164612685203393228e-01
2.638937829015425951e+00 4.040618250893842633e-01
2.651504199629785230e+00 5.723987134388685005e-01
2.664070570244144509e+00 3.724200345966715009e-01
2.676636940858503788e+00 2.981964794266900309e-01
2.689203311472863067e+00 1.592761270078210112e-01
2.701769682087221902e+00 4.413389849826556688e-01
2.714336052701581181e+00 3.668132292685850615e-01
2.726902423315940460e+00 6.186591359725661654e-01
2.739468793930299739e+00 4.354901725689537262e-01
2.752035164544658574e+00 3.563045628511880558e-01
2.764601535159017853e+00 4.459447878143326660e-01
2.777167905773377132e+00 3.692735331267150700e-01
2.789734276387736411e+00 3.269839095597786849e-01
2.802300647002095690e+00 1.982576792053711290e-01
2.814867017616454525e+00 2.593826911644889766e-01
2.827433388230813804e+00 2.759529106197820547e-01
2.839999758845173083e+00 2.293175937715624668e-01
2.852566129459532362e+00 3.528756169962770084e-01
2.865132500073891642e+00 1.645232379411268320e-01
2.877698870688250476e+00 3.360930379501785858e-01
2.890265241302609756e+00 3.127249635584956056e-01
2.902831611916969035e+00 2.653814686826898583e-01
2.915397982531328314e+00 2.158150494284896137e-01
2.927964353145687149e+00 1.310708038425147937e-01
2.940530723760046428e+00 1.386757780668166629e-01
2.953097094374405707e+00 1.277405723332651621e-01
2.965663464988764986e+00 2.508394152810610733e-01
2.978229835603124265e+00 7.101985035861281548e-02
2.990796206217483100e+00 9.394122893136346020e-02
3.003362576831842379e+00 5.919198974320641349e-02
3.015928947446201214e+00 2.436635109368130436e-01
3.028495318060560493e+00 1.158749234292306141e-01
3.041061688674919772e+00 1.092216358120551845e-01
3.053628059289279051e+00 4.450080402032778604e-02
3.066194429903637886e+00 1.527542939030758218e-01
3.078760800517997165e+00 5.754489073672245519e-02
3.091327171132356444e+00 -1.988028600051992001e-01
3.103893541746715723e+00 6.145138830476151032e-02
3.116459912361074558e+00 -7.939149243493447139e-02
3.129026282975433837e+00 2.525174333981890229e-02
3.141592653589793116e+00 2.663471847033975770e-01
3.154159024204152395e+00 -8.279524225242311519e-02
3.166725394818511674e+00 3.986872500423284393e-02
3.179291765432870509e+00 -7.853557443377001679e-02
3.191858136047229788e+00 -5.731946852249071578e-02
3.204424506661589067e+00 -8.686925505709411355e-02
3.216990877275948346e+00 4.409734863749592559e-02
3.229557247890307181e+00 4.986847342369159219e-02
3.242123618504666460e+00 -7.340118701910851307e-02
3.254689989119025739e+00 -2.058575222911752656e-01
3.267256359733385018e+00 7.570607339065635322e-02
3.279822730347744297e+00 -1.522401084937271554e-01
3.292389100962103132e+00 -1.592164229835191236e-01
3.304955471576462411e+00 -2.411127889543721592e-01
3.317521842190821690e+00 -7.754076742550114476e-02
3.330088212805180969e+00 -2.018221250014831658e-02
3.342654583419540248e+00 -1.256554007539672224e-01
3.355220954033899083e+00 -2.484487762155183077e-01
3.367787324648258362e+00 -2.069002396426494472e-01
3.380353695262617642e+00 -2.522527345058616643e-01
3.392920065876976921e+00 -2.718581065415812126e-01
3.405486436491335756e+00 -1.767959287460398321e-01
3.418052807105695035e+00 -3.319313347424434624e-01
3.430619177720054314e+00 -2.496291313344606300e-01
3.443185548334413593e+00 -4.346356468848247001e-01
3.455751918948772872e+00 -4.291819564610742654e-01
3.468318289563131707e+00 -4.096602620631754066e-01
3.480884660177490986e+00 -2.978350200678886450e-01
3.493451030791850265e+00 -4.169950313949908893e-01
3.506017401406209544e+00 -3.166831416575643932e-01
3.518583772020568823e+00 -2.204074442988308569e-01
3.531150142634927658e+00 -3.424087056679843699e-01
3.543716513249286937e+00 -4.336533173201287394e-01
3.556282883863646216e+00 -4.386979955794420016e-01
3.568849254478005495e+00 -4.612977383610256110e-01
3.581415625092364330e+00 -2.395040397678041832e-01
3.593981995706723609e+00 -4.082356908501337256e-01
3.606548366321082888e+00 -3.943616550748895722e-01
3.619114736935442167e+00 -6.310751314578504356e-01
3.631681107549800558e+00 -6.537237674670277610e-01
3.644247478164159837e+00 -5.544940795204164052e-01
3.656813848778519116e+00 -4.861508921665992911e-01
3.669380219392877951e+00 -5.748050020998949350e-01
3.681946590007237230e+00 -5.918763069834765966e-01
3.694512960621596509e+00 -5.315457671728842648e-01
3.707079331235955788e+00 -5.028666399432616396e-01
3.719645701850315067e+00 -4.706724362420262042e-01
3.732212072464673902e+00 -3.408191461718312887e-01
3.744778443079033181e+00 -7.540568468327379925e-01
3.757344813693392460e+00 -6.975377898348535943e-01
3.769911184307751739e+00 -5.255610241036344776e-01
3.782477554922110574e+00 -5.361967720152809314e-01
3.795043925536469853e+00 -6.797862427525185325e-01
3.807610296150829132e+00 -4.710403182208915962e-01
3.820176666765188411e+00 -7.000472276523524995e-01
3.832743037379547690e+00 -6.764690558474945048e-01
3.845309407993906525e+00 -8.050003048237673875e-01
3.857875778608265804e+00 -6.117268143064806818e-01
3.870442149222625083e+00 -5.063052316204217362e-01
3.883008519836984362e+00 -6.099669162638012843e-01
3.895574890451343641e+00 -7.605504090537801298e-01
3.908141261065702476e+00 -7.607353331408448494e-01
3.920707631680061755e+00 -6.895842160121227193e-01
3.933274002294421035e+00 -6.140632768827307686e-01
3.945840372908780314e+00 -6.962969019826307226e-01
3.958406743523139149e+00 -8.082803072735313954e-01
3.970973114137498428e+00 -6.757333218678580611e-01
3.983539484751857707e+00 -7.853568421861288895e-01
3.996105855366216986e+00 -5.807118520885139468e-01
4.008672225980576265e+00 -8.022904086515766364e-01
4.021238596594935544e+00 -9.203909694404390773e-01
4.033804967209294823e+00 -7.203269307079347428e-01
4.046371337823653214e+00 -7.645378815096997016e-01
4.058937708438012493e+00 -8.002434495916567192e-01
4.071504079052371772e+00 -9.512041862070850229e-01
4.084070449666731051e+00 -7.793349946733553191e-01
4.096636820281090330e+00 -8.265202818212946667e-01
4.109203190895449609e+00 -8.790884735034827369e-01
4.121769561509808888e+00 -1.067557308835682006e+00
4.134335932124168167e+00 -8.730588486735391118e-01
4.146902302738527446e+00 -9.851351554659222298e-01
4.159468673352886725e+00 -9.349480842619917187e-01
4.172035043967245116e+00 -8.886001936730789641e-01
4.184601414581604395e+00 -8.220205009739770530e-01
4.197167785195963674e+00 -8.855572463118928095e-01
4.209734155810322953e+00 -1.031620080996361155e+00
4.222300526424682232e+00 -8.697578329877353465e-01
4.234866897039041511e+00 -7.963734828248453246e-01
4.247433267653400790e+00 -8.853410688266578621e-01
4.259999638267760069e+00 -7.818568230385077866e-01
4.272566008882119348e+00 -1.163602274691799998e+00
4.285132379496477739e+00 -9.754498821368619010e-01
4.297698750110837018e+00 -1.092563126232051207e+00
4.310265120725196297e+00 -8.498279816602409831e-01
4.322831491339555576e+00 -1.051959485571727582e+00
4.335397861953914855e+00 -9.687896600899389421e-01
4.347964232568274134e+00 -9.152267241464617786e-01
4.360530603182633413e+00 -9.882138523587692402e-01
4.373096973796992692e+00 -7.866435717837401143e-01
4.385663344411351972e+00 -1.015113944887212849e+00
4.398229715025710362e+00 -1.129800188026258700e+00
4.410796085640069641e+00 -9.527328126039430467e-01
4.423362456254428032e+00 -1.158540850242973708e+00
4.435928826868787311e+00 -8.919469428349497964e-01
4.448495197483146590e+00 -9.887164702018768070e-01
4.461061568097505869e+00 -9.413238819361051668e-01
4.473627938711865148e+00 -9.555650647485867122e-01
4.486194309326224428e+00 -8.864733339633121822e-01
4.498760679940583707e+00 -1.095710664475458174e+00
4.511327050554942986e+00 -1.018438491297960047e+00
4.523893421169302265e+00 -9.761920648845915371e-01
4.536459791783661544e+00 -7.780283360689833616e-01
4.549026162398019935e+00 -1.024934737737178247e+00
4.561592533012379214e+00 -9.299968788365037264e-01
4.574158903626738493e+00 -1.029620659398086557e+00
4.586725274241097772e+00 -1.194117625654431469e+00
4.599291644855457051e+00 -1.055946909744439166e+00
4.611858015469816330e+00 -8.292371918043938139e-01
4.624424386084175609e+00 -1.218522558425957580e+00
4.636990756698534888e+00 -8.999676526542981225e-01
4.649557127312894167e+00 -8.269504355341108504e-01
4.662123497927252558e+00 -1.004219191069894546e+00
4.674689868541611837e+00 -1.044528777085951932e+00
4.687256239155971116e+00 -1.027668647431318583e+00
4.699822609770330395e+00 -8.786789741405711673e-01
4.712388980384689674e+00 -9.803078555371748104e-01
4.724955350999048953e+00 -1.068109627986158605e+00
4.737521721613408232e+00 -8.102607737856353243e-01
4.750088092227767511e+00 -9.115859888721769000e-01
4.762654462842126790e+00 -8.572720711569701280e-01
4.775220833456485181e+00 -9.291203348537528939e-01
4.787787204070844460e+00 -1.080463245228222569e+00
4.800353574685203739e+00 -8.652743158760045628e-01
4.812919945299563018e+00 -1.019803158869122317e+00
4.825486315913922297e+00 -9.959152753605802211e-01
4.838052686528281576e+00 -8.072176430656804458e-01
4.850619057142640855e+00 -1.092319533167803058e+00
4.863185427757000134e+00 -7.761669685224791282e-01
4.875751798371359413e+00 -1.097210108037905751e+00
4.888318168985717804e+00 -9.934735748910791253e-01
4.900884539600077083e+00 -1.020512363784391585e+00
4.913450910214436362e+00 -1.047868763362919120e+00
4.926017280828795641e+00 -8.922759799370540978e-01
4.938583651443154920e+00 -9.352772603373147309e-01
4.951150022057514200e+00 -9.688786976748077207e-01
4.963716392671873479e+00 -9.641191918655134252e-01
4.976282763286232758e+00 -1.019028789247286237e+00
4.988849133900592037e+00 -1.089406551965183212e+00
5.001415504514951316e+00 -8.119673426313823716e-01
5.013981875129309707e+00 -9.808152447805466023e-01
5.026548245743668986e+00 -8.804009833199104573e-01
5.039114616358028265e+00 -8.546384751971538574e-01
5.051680986972387544e+00 -9.548973061192367329e-01
5.064247357586746823e+00 -9.592851997919761287e-01
5.076813728201106102e+00 -8.936058216155510214e-01
5.089380098815465381e+00 -9.494906445035877773e-01
5.101946469429824660e+00 -8.735496432397299449e-01
5.114512840044183939e+00 -9.496284637596080769e-01
5.127079210658542330e+00 -9.625848044275689963e-01
5.139645581272901609e+00 -8.825701400874467195e-01
5.152211951887260888e+00 -9.088496758675437270e-01
5.164778322501620167e+00 -8.407867702622946471e-01
5.177344693115979446e+00 -8.256214258227593250e-01
5.189911063730338725e+00 -8.028582935265116127e-01
5.202477434344698004e+00 -1.061805098523087354e+00
5.215043804959057283e+00 -8.089892513923465645e-01
5.227610175573416562e+00 -7.487155362753417087e-01
5.240176546187774953e+00 -9.283626017589597934e-01
5.252742916802134232e+00 -9.851305741759768253e-01
5.265309287416492623e+00 -8.159453085939221140e-01
5.277875658030851902e+00 -8.933459061614457131e-01
5.290442028645211181e+00 -7.762815600065107180e-01
5.303008399259570460e+00 -9.013957699708922133e-01
5.315574769873929739e+00 -6.646062879322713890e-01
5.328141140488289018e+00 -8.855113696369756315e-01
5.340707511102648297e+00 -7.913611058803718956e-01
5.353273881717007576e+00 -6.661540789015010233e-01
5.365840252331366855e+00 -7.273506957733146816e-01
5.378406622945726134e+00 -9.217619016165751189e-01
5.390972993560084525e+00 -7.772683808313249898e-01
5.403539364174443804e+00 -7.627381901236041095e-01
5.416105734788803083e+00 -6.814628562362120556e-01
5.428672105403162362e+00 -8.834728373505799093e-01
5.441238476017521641e+00 -6.606183042997189059e-01
5.453804846631880920e+00 -6.110701660767194898e-01
5.466371217246240199e+00 -8.063512223384717847e-01
5.478937587860599479e+00 -7.152543833148168329e-01
5.491503958474958758e+00 -7.830597794979999859e-01
5.504070329089317148e+00 -6.694154964928797913e-01
5.516636699703676427e+00 -7.249010798472711459e-01
5.529203070318035707e+00 -7.029674309664551979e-01
5.541769440932394986e+00 -5.181518947623150462e-01
5.554335811546754265e+00 -8.005717459376372469e-01
5.566902182161113544e+00 -8.163525589207013544e-01
5.579468552775472823e+00 -6.238685282374467622e-01
5.592034923389832102e+00 -7.041847114262443919e-01
5.604601294004191381e+00 -6.879513343967320615e-01
5.617167664618549772e+00 -4.137727739601687604e-01
5.629734035232909051e+00 -8.036175499112320209e-01
5.642300405847268330e+00 -7.301336023800231168e-01
5.654866776461627609e+00 -5.455014444186983003e-01
5.667433147075986888e+00 -8.079448724592389608e-01
5.679999517690346167e+00 -5.363415348490057077e-01
5.692565888304705446e+00 -5.323283013810221620e-01
5.705132258919064725e+00 -4.914716173758368334e-01
5.717698629533424004e+00 -7.231257498452648980e-01
5.730265000147783283e+00 -5.010756379631848834e-01
5.742831370762141674e+00 -4.707122952783608372e-01
5.755397741376500953e+00 -6.109984132484993502e-01
5.767964111990860232e+00 -6.201515203101840568e-01
5.780530482605219511e+00 -2.655798967034274094e-01
5.793096853219578790e+00 -5.313504115633582714e-01
5.805663223833938069e+00 -2.551256404402754141e-01
5.818229594448297348e+00 -3.388704865632213292e-01
5.830795965062656627e+00 -3.738713917681078525e-01
5.843362335677015906e+00 -4.188516862668205110e-01
5.855928706291374297e+00 -4.314147351765633132e-01
5.868495076905733576e+00 -5.406995665091675063e-01
5.881061447520092855e+00 -4.243717359947908330e-01
5.893627818134452134e+00 -5.281551342642242242e-01
5.906194188748811413e+00 -1.893780465476855579e-01
5.918760559363170692e+00 -3.444147060652211767e-01
5.931326929977529971e+00 -3.565285876124290043e-01
5.943893300591889250e+00 -1.677792681620013104e-01
5.956459671206248530e+00 -3.105312108129413828e-01
5.969026041820606920e+00 -2.576931598785840438e-01
5.981592412434966199e+00 -5.475003811848420110e-01
5.994158783049325478e+00 -2.228744549537247932e-01
6.006725153663684758e+00 -4.249441069701197504e-01
6.019291524278044037e+00 -2.587743602551517696e-01
6.031857894892402427e+00 -3.899338036855681811e-01
6.044424265506761706e+00 -2.709251301546546919e-01
6.056990636121120986e+00 -1.651929179026168648e-01
6.069557006735480265e+00 -2.702072076054201633e-01
6.082123377349839544e+00 -3.416861310767950743e-01
6.094689747964198823e+00 -2.198672560759785677e-01
6.107256118578558102e+00 -2.760373921850772794e-02
6.119822489192916493e+00 -1.429055610840407053e-01
6.132388859807275772e+00 -2.725928003267992228e-01
6.144955230421635051e+00 -2.006943385215663733e-01
6.157521601035994330e+00 -1.336225017311320484e-01
6.170087971650353609e+00 -1.726275169063757331e-01
6.182654342264712888e+00 -1.411167063790868259e-01
6.195220712879072167e+00 -2.966588445668447149e-02
6.207787083493431446e+00 1.173830906029319221e-01
6.220353454107790725e+00 -3.439246106049353990e-02
6.232919824722149116e+00 8.244108899533517110e-04
6.245486195336508395e+00 2.350415614796870500e-02
6.258052565950867674e+00 3.204308452768540871e-02
6.270618936565226953e+00 -1.002354772297443623e-02
