0.000000000000000000e+00 1.108071482713057221e-01
1.256637061435917323e-02 -1.966174191744932132e-02
2.513274122871834645e-02 2.540044809338121157e-01
3.769911184307751795e-02 -1.468547310079981461e-01
5.026548245743669291e-02 -1.031637274579423474e-01
6.283185307179586787e-02 1.717850019903172654e-01
7.539822368615503589e-02 1.962739456323703280e-01
8.796459430051420392e-02 5.858766210345241199e-02
1.005309649148733858e-01 4.055354655536594355e-03
1.130973355292325677e-01 1.330940393898871754e-01
1.256637061435917357e-01 2.876767750508524291e-01
1.382300767579508760e-01 -9.332336639819502344e-02
1.507964473723100718e-01 2.538919113994202448e-01
1.633628179866692676e-01 3.966973546877674561e-01
1.759291886010284078e-01 1.527157868417968190e-01
1.884955592153875759e-01 1.220162586320817782e-01
2.010619298297467716e-01 2.811975120351720703e-01
2.136283004441059397e-01 1.689278940527089989e-01
2.261946710584651354e-01 2.230145537345634976e-01
2.387610416728242757e-01 3.667141708235919229e-01
2.513274122871834715e-01 2.396278669415471130e-01
2.638937829015426395e-01 4.019447327851307650e-01
2.764601535159017520e-01 3.158620116655173615e-01
2.890265241302609756e-01 2.471207457169867783e-01
3.015928947446201436e-01 1.877337563867695902e-01
3.141592653589793116e-01 2.175000306341902112e-01
3.267256359733385351e-01 3.089698846304893554e-01
3.392920065876976476e-01 4.503620845622571811e-01
3.518583772020568157e-01 3.913003642330892262e-01
3.644247478164160392e-01 3.644888894132276569e-01
3.769911184307751517e-01 4.365506319755539932e-01
3.895574890451343197e-01 3.401724519822469928e-01
4.021238596594935433e-01 3.548766178315588271e-01
4.146902302738527113e-01 3.778243929495695985e-01
4.272566008882118793e-01 4.038356322229245121e-01
4.398229715025711029e-01 4.549145013617733602e-01
4.523893421169302709e-01 6.050223817017623684e-01
4.649557127312893834e-01 4.888241152147571045e-01
4.775220833456485514e-01 5.500834325664144542e-01
4.900884539600077194e-01 4.395416959103630172e-01
5.026548245743669430e-01 4.937961231286543407e-01
5.152211951887261110e-01 5.834426826718330794e-01
5.277875658030852790e-01 5.784155796581743614e-01
5.403539364174444470e-01 4.665018584010163227e-01
5.529203070318035040e-01 5.000510353776673744e-01
5.654866776461627831e-01 5.960002734994401807e-01
5.780530482605219511e-01 4.309842077764817203e-01
5.906194188748811191e-01 5.639353456484570426e-01
6.031857894892402872e-01 5.496086242410768152e-01
6.157521601035994552e-01 5.025065610806127570e-01
6.283185307179586232e-01 4.105767065058401055e-01
6.408849013323177912e-01 6.590630863479660650e-01
6.534512719466770703e-01 5.424792600992232039e-01
6.660176425610361273e-01 5.683750517042639450e-01
6.785840131753952953e-01 6.092317613732476378e-01
6.911503837897544633e-01 6.034467357307894408e-01
7.037167544041136313e-01 7.943417128207438394e-01
7.162831250184729104e-01 6.396848470000008335e-01
7.288494956328320784e-01 6.395173083326570751e-01
7.414158662471912464e-01 5.189155151275894884e-01
7.539822368615503034e-01 6.500894837598886200e-01
7.665486074759094715e-01 4.386841197782567758e-01
7.791149780902686395e-01 8.568820520558391163e-01
7.916813487046279185e-01 6.186124701014263927e-01
8.042477193189870865e-01 7.196379047960679287e-01
8.168140899333462546e-01 7.931756219768897331e-01
8.293804605477054226e-01 7.862435381406541746e-01
8.419468311620645906e-01 8.754530161243615494e-01
8.545132017764237586e-01 6.015799446979093190e-01
8.670795723907829267e-01 8.514792406016286064e-01
8.796459430051422057e-01 9.030229534281081216e-01
8.922123136195013737e-01 6.008353824719385727e-01
9.047786842338605418e-01 7.656779684583469026e-01
9.173450548482194877e-01 7.684357353661435130e-01
9.299114254625787668e-01 7.327153295515583808e-01
9.424777960769379348e-01 7.331146737132385738e-01
9.550441666912971028e-01 7.136560127555129363e-01
9.676105373056562708e-01 6.165305362302391234e-01
9.801769079200154389e-01 8.075491606587937854e-01
9.927432785343746069e-01 9.386760907764845063e-01
1.005309649148733886e+00 9.688489731358718160e-01
1.017876019763092943e+00 6.744015840168358089e-01
1.030442390377452222e+00 8.612228879985073249e-01
1.043008760991811279e+00 8.361705491749051866e-01
1.055575131606170558e+00 9.139740648921745869e-01
1.068141502220529837e+00 8.893196103082660064e-01
1.080707872834888894e+00 8.945920259419672949e-01
1.093274243449248173e+00 8.199059408900652990e-01
1.105840614063607008e+00 8.165225365546997516e-01
1.118406984677966287e+00 1.037386430912855761e+00
1.130973355292325566e+00 9.057065788296244646e-01
1.143539725906684623e+00 9.276849768349555436e-01
1.156106096521043902e+00 9.263273211954888842e-01
1.168672467135402959e+00 9.690979265187312786e-01
1.181238837749762238e+00 9.636190073335382245e-01
1.193805208364121295e+00 9.961692465878052571e-01
1.206371578978480574e+00 1.097160237664965621e+00
1.218937949592839853e+00 9.496032074093765374e-01
1.231504320207198910e+00 1.016380161717653330e+00
1.244070690821558189e+00 1.103109679655620345e+00
1.256637061435917246e+00 1.003142210637700593e+00
1.269203432050276525e+00 1.098954190806344933e+00
1.281769802664635582e+00 8.721857349853894270e-01
1.294336173278994861e+00 1.138972875057654432e+00
1.306902543893354141e+00 1.075831950454395392e+00
1.319468914507712975e+00 1.007892997069364860e+00
1.332035285122072255e+00 1.159380098307306373e+00
1.344601655736431534e+00 1.060537767986084123e+00
1.357168026350790591e+00 1.073516103932036003e+00
1.369734396965149870e+00 1.034958183001056797e+00
1.382300767579508927e+00 8.531821565776738225e-01
1.394867138193868206e+00 1.072614628329817021e+00
1.407433508808227263e+00 9.713494085198560724e-01
1.419999879422586542e+00 1.008641476044885188e+00
1.432566250036945821e+00 1.168377333460233647e+00
1.445132620651304878e+00 1.037829690310859698e+00
1.457698991265664157e+00 1.157961894673708469e+00
1.470265361880023214e+00 9.298287878726408939e-01
1.482831732494382493e+00 1.029995192983367724e+00
1.495398103108741550e+00 1.154061034311564038e+00
1.507964473723100607e+00 1.095577356844074313e+00
1.520530844337459886e+00 1.006382960587177910e+00
1.533097214951818943e+00 8.063649443922854543e-01
1.545663585566178222e+00 1.139202596442488113e+00
1.558229956180537279e+00 1.095238464356566688e+00
1.570796326794896558e+00 9.806742691140778456e-01
1.583362697409255837e+00 9.738181612628802331e-01
1.595929068023614894e+00 1.056619838904603981e+00
1.608495438637974173e+00 1.015216053886214498e+00
1.621061809252333230e+00 9.554692643579862921e-01
1.633628179866692509e+00 9.254630389545120961e-01
1.646194550481051566e+00 1.087877237147969467e+00
1.658760921095410845e+00 9.569068655033503568e-01
1.671327291709770124e+00 1.002912002982185413e+00
1.683893662324129181e+00 1.021996107036070800e+00
1.696460032938488460e+00 8.113852970049512114e-01
1.709026403552847517e+00 1.061868965590516911e+00
1.721592774167206796e+00 1.027166862115032941e+00
1.734159144781565853e+00 9.836765637047232280e-01
1.746725515395925132e+00 8.072779802142322492e-01
1.759291886010284411e+00 1.024284571144487233e+00
1.771858256624643468e+00 9.210494288949732100e-01
1.784424627239002747e+00 9.248001562454076785e-01
1.796990997853361804e+00 8.683118259575601794e-01
1.809557368467721084e+00 8.815151320347122121e-01
1.822123739082079918e+00 7.654179026395445673e-01
1.834690109696438975e+00 9.766582742226135316e-01
1.847256480310798255e+00 9.255510845008139142e-01
1.859822850925157534e+00 9.004541784367685597e-01
1.872389221539516591e+00 7.983674303106531589e-01
1.884955592153875870e+00 7.529303911284164208e-01
1.897521962768234927e+00 9.248034684831170082e-01
1.910088333382594206e+00 8.598308789325486146e-01
1.922654703996953263e+00 8.477306444901969718e-01
1.935221074611312542e+00 7.490521702102692636e-01
1.947787445225671821e+00 9.733955142048832387e-01
1.960353815840030878e+00 1.047509174590342429e+00
1.972920186454390157e+00 1.067044748920957131e+00
1.985486557068749214e+00 1.018889158587983124e+00
1.998052927683108493e+00 9.302824011872782295e-01
2.010619298297467772e+00 1.057465452252323690e+00
2.023185668911826607e+00 8.933996606765207682e-01
2.035752039526185886e+00 6.094373692495773653e-01
2.048318410140545165e+00 9.997319441920686778e-01
2.060884780754904444e+00 8.601980339706694068e-01
2.073451151369263723e+00 9.351247136578542118e-01
2.086017521983622558e+00 1.028385488525071167e+00
2.098583892597981837e+00 8.993196253837124621e-01
2.111150263212341116e+00 9.119993955988627832e-01
2.123716633826700395e+00 8.705893266863111712e-01
2.136283004441059674e+00 8.660042178584665962e-01
2.148849375055418509e+00 8.242300259768787773e-01
2.161415745669777788e+00 7.331829831152684163e-01
2.173982116284137067e+00 7.710396942231559914e-01
2.186548486898496346e+00 7.551636926652877113e-01
2.199114857512855181e+00 9.987974287585318356e-01
2.211681228127214016e+00 7.920713482074662748e-01
2.224247598741573295e+00 7.806930167039199953e-01
2.236813969355932574e+00 8.684170199856500183e-01
2.249380339970291853e+00 7.977942826295287837e-01
2.261946710584651132e+00 6.837663342203306183e-01
2.274513081199009967e+00 5.509530630841255050e-01
2.287079451813369246e+00 8.406542907194057834e-01
2.299645822427728525e+00 7.181266722816008752e-01
2.312212193042087804e+00 8.373387611204813341e-01
2.324778563656447083e+00 5.097043045888126622e-01
2.337344934270805918e+00 5.006522421721686378e-01
2.349911304885165197e+00 8.288814616761643883e-01
2.362477675499524477e+00 5.058217824600470536e-01
2.375044046113883756e+00 6.581325976771584818e-01
2.387610416728242591e+00 7.520943300900952977e-01
2.400176787342601870e+00 7.937325423748293751e-01
2.412743157956961149e+00 5.008651960018724036e-01
2.425309528571320428e+00 5.245888258001601967e-01
2.437875899185679707e+00 8.497861783185797213e-01
2.450442269800038542e+00 5.561938252777084424e-01
2.463008640414397821e+00 6.409040695944041577e-01
2.475575011028757100e+00 6.461109499438006942e-01
2.488141381643116379e+00 7.060726701322161958e-01
2.500707752257475658e+00 5.911537269766768965e-01
2.513274122871834493e+00 6.088252453792233343e-01
2.525840493486193772e+00 5.255520177023902395e-01
2.538406864100553051e+00 4.708638933449040831e-01
2.550973234714912330e+00 5.479758288416226586e-01
2.563539605329271165e+00 5.796843232800752421e-01
2.576105975943630444e+00 6.275681615510932954e-01
2.588672346557989723e+00 3.488115740771151052e-01
2.601238717172349002e+00 5.941158567005169200e-01
2.613805087786708281e+00 5.004045953601006236e-01
2.626371458401067116e+00 6.575159508493048088e-01
2.638937829015425951e+00 4.153191179211911388e-01
2.651504199629785230e+00 4.608786848912429512e-01
2.664070570244144509e+00 4.203342056287925343e-01
2.676636940858503788e+00 4.074798088099381710e-01
2.689203311472863067e+00 4.419441640690299211e-01
2.701769682087221902e+00 3.979250626602163221e-01
2.714336052701581181e+00 3.422929125919322857e-01
2.726902423315940460e+00 4.960176512496784484e-01
2.739468793930299739e+00 4.432221893824226377e-01
2.752035164544658574e+00 4.185277150747981900e-01
2.764601535159017853e+00 3.179581351738263173e-01
2.777167905773377132e+00 3.915696300886570280e-01
2.789734276387736411e+00 2.477576737997939094e-01
2.802300647002095690e+00 3.177538982192097960e-01
2.814867017616454525e+00 4.705467282085233904e-01
2.827433388230813804e+00 2.750200859823589417e-01
2.839999758845173083e+00 1.277451721981699984e-01
2.852566129459532362e+00 2.404196903009165331e-01
2.865132500073891642e+00 3.494627252739297973e-01
2.877698870688250476e+00 1.584704813938752066e-01
2.890265241302609756e+00 2.208127913039470980e-01
2.902831611916969035e+00 1.144483443191845196e-01
2.915397982531328314e+00 1.082121333132518293e-01
2.927964353145687149e+00 2.663091444622734949e-01
2.940530723760046428e+00 3.233942697697186897e-01
2.953097094374405707e+00 2.382459415953573911e-01
2.965663464988764986e+00 3.350181449372293674e-01
2.978229835603124265e+00 1.112240123966427296e-01
2.990796206217483100e+00 -7.962244313612584778e-02
3.003362576831842379e+00 2.033374368981855085e-01
3.015928947446201214e+00 1.980099107457128915e-01
3.028495318060560493e+00 -1.309405889370374998e-01
3.041061688674919772e+00 1.786291452092734211e-01
3.053628059289279051e+00 3.465596197320511967e-02
3.066194429903637886e+00 1.356941737746987786e-01
3.078760800517997165e+00 -8.646250828979426539e-02
3.091327171132356444e+00 -3.470279403652893474e-02
3.103893541746715723e+00 2.529542726254525170e-02
3.116459912361074558e+00 -1.140741814627229886e-02
3.129026282975433837e+00 5.160590630509996612e-02
3.141592653589793116e+00 1.123470435392806832e-01
3.154159024204152395e+00 -1.862186809456156666e-02
3.166725394818511674e+00 2.316871276512116537e-02
3.179291765432870509e+00 -3.577968120328078178e-02
3.191858136047229788e+00 -1.841212203796698255e-01
3.204424506661589067e+00 -1.106268853934926077e-01
3.216990877275948346e+00 -8.023212170782868802e-02
3.229557247890307181e+00 -2.290012353650104360e-01
3.242123618504666460e+00 1.567736627375014014e-01
3.254689989119025739e+00 -1.479440748672794792e-01
3.267256359733385018e+00 -1.713922445985740783e-01
3.279822730347744297e+00 -9.428456514440528013e-02
3.292389100962103132e+00 -1.401237708133429294e-01
3.304955471576462411e+00 -1.276181402341200755e-01
3.317521842190821690e+00 -1.921223032293502553e-01
3.330088212805180969e+00 -2.766575016221777261e-01
3.342654583419540248e+00 -3.783568421270644411e-01
3.355220954033899083e+00 -2.007799066320089532e-01
3.367787324648258362e+00 -2.033253409310348814e-01
3.380353695262617642e+00 -1.256898343446659072e-01
3.392920065876976921e+00 -2.325442388789369097e-01
3.405486436491335756e+00 -2.833889721847518972e-01
3.418052807105695035e+00 -1.390093159640100051e-01
3.430619177720054314e+00 -2.506406472004931718e-01
3.443185548334413593e+00 -3.301446162788830296e-01
3.455751918948772872e+00 -3.717058669041154451e-01
3.468318289563131707e+00 -3.242862038263097935e-01
3.480884660177490986e+00 -3.797891739363487007e-01
3.493451030791850265e+00 -5.462820941889610094e-01
3.506017401406209544e+00 -2.302835193863810581e-01
3.518583772020568823e+00 -2.919659604500615124e-01
3.531150142634927658e+00 -3.007984199635830302e-01
3.543716513249286937e+00 -3.350988564168377870e-01
3.556282883863646216e+00 -3.233216601065976858e-01
3.568849254478005495e+00 -3.885016593122075923e-01
3.581415625092364330e+00 -4.332173455107409255e-01
3.593981995706723609e+00 -4.431020586025899988e-01
3.606548366321082888e+00 -5.472638601717744189e-01
3.619114736935442167e+00 -6.281621622527371329e-01
3.631681107549800558e+00 -6.430358186835418710e-01
3.644247478164159837e+00 -5.656138989290522279e-01
3.656813848778519116e+00 -4.108079854868695868e-01
3.669380219392877951e+00 -5.127610897824146363e-01
3.681946590007237230e+00 -4.632781331163323690e-01
3.694512960621596509e+00 -5.239830451455689264e-01
3.707079331235955788e+00 -4.367708250652662660e-01
3.719645701850315067e+00 -5.737695842341767882e-01
3.732212072464673902e+00 -4.397884661629040126e-01
3.744778443079033181e+00 -6.621793030904468136e-01
3.757344813693392460e+00 -5.627566246527582194e-01
3.769911184307751739e+00 -7.097372554625995811e-01
3.782477554922110574e+00 -4.980222369951229910e-01
3.795043925536469853e+00 -4.604166744246528387e-01
3.807610296150829132e+00 -5.612991843513079893e-01
3.820176666765188411e+00 -5.981345155036235095e-01
3.832743037379547690e+00 -6.959462908018145821e-01
3.845309407993906525e+00 -5.490686206892665400e-01
3.857875778608265804e+00 -3.176764838927673140e-01
3.870442149222625083e+00 -7.767626194799078787e-01
3.883008519836984362e+00 -5.775524413965229531e-01
3.895574890451343641e+00 -6.558305660485652666e-01
3.908141261065702476e+00 -8.303301037937091955e-01
3.920707631680061755e+00 -7.519184822107785049e-01
3.933274002294421035e+00 -7.629046613881540484e-01
3.945840372908780314e+00 -6.074761632719509752e-01
3.958406743523139149e+00 -6.856175358681277920e-01
3.970973114137498428e+00 -8.903991848453101099e-01
3.983539484751857707e+00 -9.402514640366292920e-01
3.996105855366216986e+00 -8.331962496285144626e-01
4.008672225980576265e+00 -8.037379421394675871e-01
4.021238596594935544e+00 -8.358088068201917631e-01
4.033804967209294823e+00 -9.145195365747187388e-01
4.046371337823653214e+00 -7.523719838674945981e-01
4.058937708438012493e+00 -6.083510624989820759e-01
4.071504079052371772e+00 -8.358406411672104630e-01
4.084070449666731051e+00 -7.203483190949944159e-01
4.096636820281090330e+00 -9.227445325404803889e-01
4.109203190895449609e+00 -8.544555662854332878e-01
4.121769561509808888e+00 -7.666210629002371268e-01
4.134335932124168167e+00 -8.811538707700331541e-01
4.146902302738527446e+00 -8.827907220078567985e-01
4.159468673352886725e+00 -8.421121970121029365e-01
4.172035043967245116e+00 -9.230503587186570380e-01
4.184601414581604395e+00 -8.238162018645964757e-01
4.197167785195963674e+00 -1.054896946413654391e+00
4.209734155810322953e+00 -9.301196096679043013e-01
4.222300526424682232e+00 -9.090093616608578841e-01
4.234866897039041511e+00 -1.010176211028504856e+00
4.247433267653400790e+00 -9.099013284619955622e-01
4.259999638267760069e+00 -9.940957538717515307e-01
4.272566008882119348e+00 -1.182165356596720729e+00
4.285132379496477739e+00 -8.657119997022119096e-01
4.297698750110837018e+00 -9.433886619218937453e-01
4.310265120725196297e+00 -9.853948306637917431e-01
4.322831491339555576e+00 -9.162410825565423522e-01
4.335397861953914855e+00 -9.072553162290249995e-01
4.347964232568274134e+00 -9.508665541912040275e-01
4.360530603182633413e+00 -1.044687072545859463e+00
4.373096973796992692e+00 -9.516602148317095944e-01
4.385663344411351972e+00 -9.539952488142083853e-01
4.398229715025710362e+00 -1.002564326284786533e+00
4.410796085640069641e+00 -1.126604960450178439e+00
4.423362456254428032e+00 -8.983108049607005929e-01
4.435928826868787311e+00 -1.042774003870230004e+00
4.448495197483146590e+00 -1.102248667271303884e+00
4.461061568097505869e+00 -1.177229643720299368e+00
4.473627938711865148e+00 -1.106434829867903646e+00
4.486194309326224428e+00 -1.083915537817920605e+00
4.498760679940583707e+00 -1.186723953306480617e+00
4.511327050554942986e+00 -9.099688564965955351e-01
4.523893421169302265e+00 -1.000450951389678211e+00
4.536459791783661544e+00 -1.064687038502125649e+00
4.549026162398019935e+00 -1.012006090705965589e+00
4.561592533012379214e+00 -9.457250418887543919e-01
4.574158903626738493e+00 -1.030214655974095006e+00
4.586725274241097772e+00 -8.914083136433784693e-01
4.599291644855457051e+00 -8.867937323395937987e-01
4.611858015469816330e+00 -1.070424052712212637e+00
4.624424386084175609e+00 -9.651748921071229281e-01
4.636990756698534888e+00 -1.108772572802407153e+00
4.649557127312894167e+00 -8.897113919359747047e-01
4.662123497927252558e+00 -1.142457997421613580e+00
4.674689868541611837e+00 -1.022260853603913944e+00
4.687256239155971116e+00 -8.701722656852948212e-01
4.699822609770330395e+00 -9.981878814375075848e-01
4.712388980384689674e+00 -1.045425153017686126e+00
4.724955350999048953e+00 -1.059890643922482889e+00
4.737521721613408232e+00 -1.165234219265466109e+00
4.750088092227767511e+00 -1.092574070495490046e+00
4.762654462842126790e+00 -8.106052109728247856e-01
4.775220833456485181e+00 -9.382881416270453245e-01
4.787787204070844460e+00 -1.066357862668338541e+00
4.800353574685203739e+00 -8.560782381013243292e-01
4.812919945299563018e+00 -1.091081344601801506e+00
4.825486315913922297e+00 -9.896293706499028620e-01
4.838052686528281576e+00 -9.382586325456749865e-01
4.850619057142640855e+00 -1.144378150355106261e+00
4.863185427757000134e+00 -9.446056310291702784e-01
4.875751798371359413e+00 -9.800042039469555322e-01
4.888318168985717804e+00 -1.103844885956840383e+00
4.900884539600077083e+00 -8.409499641400242087e-01
4.913450910214436362e+00 -9.239804324752418641e-01
4.926017280828795641e+00 -1.088833828233879197e+00
4.938583651443154920e+00 -9.405468055575241237e-01
4.951150022057514200e+00 -8.550046770661705597e-01
4.963716392671873479e+00 -1.070594129873542855e+00
4.976282763286232758e+00 -8.712455761981441338e-01
4.988849133900592037e+00 -1.050023231926804357e+00
5.001415504514951316e+00 -8.790978301771747994e-01
5.013981875129309707e+00 -8.887615995040066830e-01
5.026548245743668986e+00 -9.629972739989975938e-01
5.039114616358028265e+00 -9.560424599703677417e-01
5.051680986972387544e+00 -9.281698602194689007e-01
5.064247357586746823e+00 -8.737552050663820458e-01
5.076813728201106102e+00 -8.041042014842620933e-01
5.089380098815465381e+00 -9.308115980661900712e-01
5.101946469429824660e+00 -1.075260740152761851e+00
5.114512840044183939e+00 -7.370756793853058264e-01
5.127079210658542330e+00 -8.933762767439462626e-01
5.139645581272901609e+00 -8.711308648194662219e-01
5.152211951887260888e+00 -8.049270105104976425e-01
5.164778322501620167e+00 -9.172629271430040587e-01
5.177344693115979446e+00 -8.391140554297920051e-01
5.189911063730338725e+00 -9.744913321291679420e-01
5.202477434344698004e+00 -9.123700273881953926e-01
5.215043804959057283e+00 -8.898903602362095988e-01
5.227610175573416562e+00 -8.759268088877932845e-01
5.240176546187774953e+00 -9.942663860470486448e-01
5.252742916802134232e+00 -7.743759417423052849e-01
5.265309287416492623e+00 -8.471189607411595546e-01
5.277875658030851902e+00 -6.904270910542164019e-01
5.290442028645211181e+00 -7.244092913512669707e-01
5.303008399259570460e+00 -8.500011519387722370e-01
5.315574769873929739e+00 -9.527762648865543138e-01
5.328141140488289018e+00 -8.421239545334634480e-01
5.340707511102648297e+00 -9.475169633894502397e-01
5.353273881717007576e+00 -8.300496388892482091e-01
5.365840252331366855e+00 -8.686313173557702605e-01
5.378406622945726134e+00 -9.586386343035977475e-01
5.390972993560084525e+00 -9.020731138378356162e-01
5.403539364174443804e+00 -8.111645393846962371e-01
5.416105734788803083e+00 -8.688966897158757474e-01
5.428672105403162362e+00 -7.555600192596995113e-01
5.441238476017521641e+00 -7.624972168869075251e-01
5.453804846631880920e+00 -8.793667904726812923e-01
5.466371217246240199e+00 -6.878393842863433916e-01
5.478937587860599479e+00 -7.540780868650569513e-01
5.491503958474958758e+00 -8.449803804255809903e-01
5.504070329089317148e+00 -6.850806219941143471e-01
5.516636699703676427e+00 -6.234687486065613182e-01
5.529203070318035707e+00 -6.083947039494953524e-01
5.541769440932394986e+00 -4.845126622510386172e-01
5.554335811546754265e+00 -5.879846827188176528e-01
5.566902182161113544e+00 -6.439535764591001188e-01
5.579468552775472823e+00 -6.446569347695615404e-01
5.592034923389832102e+00 -6.399937415470864366e-01
5.604601294004191381e+00 -7.542623001851368469e-01
5.617167664618549772e+00 -5.249971435866904734e-01
5.629734035232909051e+00 -5.623075342717195335e-01
5.642300405847268330e+00 -5.911705406531957419e-01
5.654866776461627609e+00 -5.629326188874969050e-01
5.667433147075986888e+00 -4.401623990974873890e-01
5.679999517690346167e+00 -5.323887419244724972e-01
5.692565888304705446e+00 -4.417295193559954702e-01
5.705132258919064725e+00 -4.293124515172249689e-01
5.717698629533424004e+00 -4.732679935391769788e-01
5.730265000147783283e+00 -6.911492128473766261e-01
5.742831370762141674e+00 -6.633363355143531148e-01
5.755397741376500953e+00 -3.490954200054166012e-01
5.767964111990860232e+00 -3.321583689603297973e-01
5.780530482605219511e+00 -4.105971937028547458e-01
5.793096853219578790e+00 -6.012140440917091988e-01
5.805663223833938069e+00 -4.064676240517756667e-01
5.818229594448297348e+00 -3.115477652125814290e-01
5.830795965062656627e+00 -4.305564524530061110e-01
5.843362335677015906e+00 -3.559768476389376657e-01
5.855928706291374297e+00 -5.818819012688944969e-01
5.868495076905733576e+00 -4.526103972349285742e-01
5.881061447520092855e+00 -2.561187898557979459e-01
5.893627818134452134e+00 -4.699209145986065206e-01
5.906194188748811413e+00 -4.099824761975057741e-01
5.918760559363170692e+00 -2.364763753344543418e-01
5.931326929977529971e+00 -3.085001902291722442e-01
5.943893300591889250e+00 -4.410966517550407584e-01
5.956459671206248530e+00 -3.571910223261201556e-01
5.969026041820606920e+00 -2.249822862986846084e-01
5.981592412434966199e+00 -3.493357445522369265e-01
5.994158783049325478e+00 -2.193086111167471541e-01
6.006725153663684758e+00 -1.809861327990752167e-01
6.019291524278044037e+00 -2.278290175939973183e-01
6.031857894892402427e+00 -1.448073540400363068e-01
6.044424265506761706e+00 -4.044088543919261980e-01
6.056990636121120986e+00 -3.506103542888297508e-01
6.069557006735480265e+00 -4.948100576439279363e-02
6.082123377349839544e+00 -1.171009893680356462e-01
6.094689747964198823e+00 -4.240951188136764527e-01
6.107256118578558102e+00 -1.660343644057330481e-01
6.119822489192916493e+00 -2.687539775501051054e-01
6.132388859807275772e+00 -1.349531549736315561e-01
6.144955230421635051e+00 -3.083225203216222177e-01
6.157521601035994330e+00 -1.154208542315962871e-01
6.170087971650353609e+00 7.799869630886914484e-02
6.182654342264712888e+00 -1.212923472730128432e-01
6.195220712879072167e+00 -1.670998576465237417e-01
6.207787083493431446e+00 -1.295023370949014707e-01
6.220353454107790725e+00 -1.674219364101002805e-01
6.232919824722149116e+00 -6.453581801070333579e-02
6.245486195336508395e+00 -7.344271836886183402e-02
6.258052565950867674e+00 1.671166953513618936e-01
6.270618936565226953e+00 4.093504192952875098e-02
