0.000000000000000000e+00 6.026736727896329221e-02
1.256637061435917323e-02 4.785391497865301019e-02
2.513274122871834645e-02 1.494672124724920614e-01
3.769911184307751795e-02 1.116924971377392800e-01
5.026548245743669291e-02 7.630694780401151012e-02
6.283185307179586787e-02 2.518767036648529301e-01
7.539822368615503589e-02 5.546306953451320132e-02
8.796459430051420392e-02 1.965876004587017167e-01
1.005309649148733858e-01 4.320462720816852648e-02
1.130973355292325677e-01 -2.052428159662479656e-02
1.256637061435917357e-01 1.562116003811559184e-01
1.382300767579508760e-01 3.203070620839122973e-01
1.507964473723100718e-01 2.664208173063740137e-01
1.633628179866692676e-01 1.779894936166703800e-02
1.759291886010284078e-01 2.142515496430174859e-01
1.884955592153875759e-01 1.836072290049690914e-01
2.010619298297467716e-01 9.924482878731732960e-02
2.136283004441059397e-01 2.091159868273352596e-01
2.261946710584651354e-01 2.375557941433169284e-01
2.387610416728242757e-01 6.249622731146098342e-02
2.513274122871834715e-01 1.009422502112906905e-01
2.638937829015426395e-01 3.493020376408451089e-01
2.764601535159017520e-01 1.261629595829215911e-01
2.890265241302609756e-01 1.267006715990880439e-01
3.015928947446201436e-01 2.046876851848272727e-01
3.141592653589793116e-01 3.375291542702293923e-01
3.267256359733385351e-01 4.725525333390637739e-01
3.392920065876976476e-01 2.193494957180310290e-01
3.518583772020568157e-01 1.363342119800619034e-01
3.644247478164160392e-01 1.989905545096769535e-01
3.769911184307751517e-01 2.700730272296421597e-01
3.895574890451343197e-01 2.853623620363626157e-01
4.021238596594935433e-01 4.867224118418945755e-01
4.146902302738527113e-01 3.085592940242283810e-01
4.272566008882118793e-01 2.153470341599378612e-01
4.398229715025711029e-01 6.052639704335381898e-01
4.523893421169302709e-01 4.842183922271422469e-01
4.649557127312893834e-01 3.373461674415687561e-01
4.775220833456485514e-01 4.006775867535106173e-01
4.900884539600077194e-01 3.915412615192890300e-01
5.026548245743669430e-01 5.384025351816910110e-01
5.152211951887261110e-01 5.410260229973561374e-01
5.277875658030852790e-01 3.587190056225448287e-01
5.403539364174444470e-01 6.700967565025960360e-01
5.529203070318035040e-01 4.106046888614275914e-01
5.654866776461627831e-01 6.004806073308824876e-01
5.780530482605219511e-01 4.820990158727972985e-01
5.906194188748811191e-01 5.947746943132740105e-01
6.031857894892402872e-01 3.538273067442601616e-01
6.157521601035994552e-01 7.662565405078860525e-01
6.283185307179586232e-01 4.906668382091165515e-01
6.408849013323177912e-01 6.704409573986480630e-01
6.534512719466770703e-01 6.745432643631072978e-01
6.660176425610361273e-01 5.655043434763183940e-01
6.785840131753952953e-01 6.194185101727759379e-01
6.911503837897544633e-01 7.815788374477616873e-01
7.037167544041136313e-01 6.641928733837725307e-01
7.162831250184729104e-01 8.130625384544818424e-01
7.288494956328320784e-01 8.486393559137016540e-01
7.414158662471912464e-01 7.908058984165807770e-01
7.539822368615503034e-01 7.296161335905256839e-01
7.665486074759094715e-01 7.080295918146422007e-01
7.791149780902686395e-01 6.653010908195603479e-01
7.916813487046279185e-01 8.347603595707063784e-01
8.042477193189870865e-01 6.127773734792559823e-01
8.168140899333462546e-01 6.560593652389806740e-01
8.293804605477054226e-01 6.873895035454756774e-01
8.419468311620645906e-01 8.078442240849794675e-01
8.545132017764237586e-01 5.769195089945526878e-01
8.670795723907829267e-01 7.767162509672751458e-01
8.796459430051422057e-01 9.137933651536731539e-01
8.922123136195013737e-01 8.700447331423469821e-01
9.047786842338605418e-01 7.258572623395580514e-01
9.173450548482194877e-01 7.181650861184325496e-01
9.299114254625787668e-01 7.949728306326351301e-01
9.424777960769379348e-01 8.225791212843428513e-01
9.550441666912971028e-01 8.869741355645113234e-01
9.676105373056562708e-01 9.196372632344342879e-01
9.801769079200154389e-01 7.957921364534038533e-01
9.927432785343746069e-01 8.214901926589796011e-01
1.005309649148733886e+00 7.882680677881068743e-01
1.017876019763092943e+00 8.623204326873570302e-01
1.030442390377452222e+00 8.925594604488575889e-01
1.043008760991811279e+00 7.826741344971579473e-01
1.055575131606170558e+00 1.044311245713036129e+00
1.068141502220529837e+00 9.204404376112110819e-01
1.080707872834888894e+00 8.468828407739734665e-01
1.093274243449248173e+00 7.560085619559592240e-01
1.105840614063607008e+00 9.075435241420790611e-01
1.118406984677966287e+00 9.504053738621398573e-01
1.130973355292325566e+00 8.033893017669689884e-01
1.143539725906684623e+00 8.573675166304086659e-01
1.156106096521043902e+00 8.721220856123970133e-01
1.168672467135402959e+00 1.126194829581172785e+00
1.181238837749762238e+00 7.060737949702128313e-01
1.193805208364121295e+00 8.222887658353819074e-01
1.206371578978480574e+00 1.151007437654735455e+00
1.218937949592839853e+00 9.033975815746028148e-01
1.231504320207198910e+00 9.439048828803056068e-01
1.244070690821558189e+00 7.088809322273798008e-01
1.256637061435917246e+00 1.041519802948772666e+00
1.269203432050276525e+00 8.810429369049237458e-01
1.281769802664635582e+00 9.620426865142183148e-01
1.294336173278994861e+00 9.732176355682204960e-01
1.306902543893354141e+00 9.961401282402058133e-01
1.319468914507712975e+00 8.385729587810664132e-01
1.332035285122072255e+00 9.724278442036266012e-01
1.344601655736431534e+00 1.067501696266469846e+00
1.357168026350790591e+00 9.882925960714623592e-01
1.369734396965149870e+00 9.903893590086202403e-01
1.382300767579508927e+00 1.042849965276190671e+00
1.394867138193868206e+00 9.656933667972820157e-01
1.407433508808227263e+00 8.517746783166814106e-01
1.419999879422586542e+00 1.025434368595016243e+00
1.432566250036945821e+00 9.630760939249495278e-01
1.445132620651304878e+00 8.587835780184258638e-01
1.457698991265664157e+00 8.061253824270074864e-01
1.470265361880023214e+00 1.161882501560244974e+00
1.482831732494382493e+00 1.051711171571974690e+00
1.495398103108741550e+00 9.661773302466941660e-01
1.507964473723100607e+00 1.005374959254788481e+00
1.520530844337459886e+00 9.213181753098435012e-01
1.533097214951818943e+00 1.135840417243166200e+00
1.545663585566178222e+00 1.067788305847197972e+00
1.558229956180537279e+00 8.014376484022481817e-01
1.570796326794896558e+00 9.381487320855670387e-01
1.583362697409255837e+00 8.816835891769605471e-01
1.595929068023614894e+00 9.600656968184895224e-01
1.608495438637974173e+00 9.150977261731660928e-01
1.621061809252333230e+00 8.458925138788003784e-01
1.633628179866692509e+00 1.071695469086944463e+00
1.646194550481051566e+00 9.983386261060488431e-01
1.658760921095410845e+00 9.205844006875473218e-01
1.671327291709770124e+00 9.620604533033608741e-01
1.683893662324129181e+00 1.111075957904896550e+00
1.696460032938488460e+00 9.278536216105908174e-01
1.709026403552847517e+00 1.247874955845358791e+00
1.721592774167206796e+00 1.043507243862405787e+00
1.734159144781565853e+00 9.583030745983043275e-01
1.746725515395925132e+00 1.049982903523865474e+00
1.759291886010284411e+00 1.063598731255942065e+00
1.771858256624643468e+00 1.141700513273403050e+00
1.784424627239002747e+00 7.828594400873533088e-01
1.796990997853361804e+00 1.039887861474689368e+00
1.809557368467721084e+00 1.133510987596983766e+00
1.822123739082079918e+00 9.334040954396258805e-01
1.834690109696438975e+00 9.007663161019738851e-01
1.847256480310798255e+00 1.009910735458003916e+00
1.859822850925157534e+00 9.864299438086732152e-01
1.872389221539516591e+00 9.688411524693452126e-01
1.884955592153875870e+00 8.002280175062584933e-01
1.897521962768234927e+00 1.133553858635430567e+00
1.910088333382594206e+00 9.132366257239890039e-01
1.922654703996953263e+00 9.277016322191112829e-01
1.935221074611312542e+00 9.690286840171820071e-01
1.947787445225671821e+00 9.924540734979502288e-01
1.960353815840030878e+00 7.445890117698842348e-01
1.972920186454390157e+00 9.834143001425331709e-01
1.985486557068749214e+00 1.032286176671992406e+00
1.998052927683108493e+00 8.115711770249652846e-01
2.010619298297467772e+00 8.265053321286620625e-01
2.023185668911826607e+00 9.323981058163690605e-01
2.035752039526185886e+00 9.487850757678728542e-01
2.048318410140545165e+00 8.102522830709866231e-01
2.060884780754904444e+00 7.278223211240839596e-01
2.073451151369263723e+00 9.309164189197587369e-01
2.086017521983622558e+00 9.385028487480425730e-01
2.098583892597981837e+00 9.731494838284001636e-01
2.111150263212341116e+00 8.373850830771129017e-01
2.123716633826700395e+00 7.941502938271570722e-01
2.136283004441059674e+00 8.934736279646386947e-01
2.148849375055418509e+00 6.259755512057043614e-01
2.161415745669777788e+00 8.363659035676309639e-01
2.173982116284137067e+00 8.086691666734923123e-01
2.186548486898496346e+00 6.410010335544116256e-01
2.199114857512855181e+00 8.207460074336915268e-01
2.211681228127214016e+00 9.412500615232284318e-01
2.224247598741573295e+00 8.707351382100290138e-01
2.236813969355932574e+00 9.220233270401840819e-01
2.249380339970291853e+00 6.627252237393731482e-01
2.261946710584651132e+00 7.543071312718510057e-01
2.274513081199009967e+00 7.298810344876469625e-01
2.287079451813369246e+00 7.977529063866564130e-01
2.299645822427728525e+00 7.721116238599161630e-01
2.312212193042087804e+00 8.053399943865942046e-01
2.324778563656447083e+00 8.788187342404244484e-01
2.337344934270805918e+00 6.788194803649795217e-01
2.349911304885165197e+00 6.193862242596621659e-01
2.362477675499524477e+00 7.261975727542921977e-01
2.375044046113883756e+00 6.235733948031316753e-01
2.387610416728242591e+00 7.655795461240172406e-01
2.400176787342601870e+00 5.892805100804354712e-01
2.412743157956961149e+00 6.451268978516135899e-01
2.425309528571320428e+00 6.090943523976798391e-01
2.437875899185679707e+00 5.063221389738888911e-01
2.450442269800038542e+00 7.454872589987462383e-01
2.463008640414397821e+00 5.627990187761540142e-01
2.475575011028757100e+00 6.268360654512624697e-01
2.488141381643116379e+00 6.238993522122517899e-01
2.500707752257475658e+00 6.729077593567203142e-01
2.513274122871834493e+00 6.260656460934858059e-01
2.525840493486193772e+00 4.489380524982017340e-01
2.538406864100553051e+00 6.012085570721292793e-01
2.550973234714912330e+00 5.226721321553765565e-01
2.563539605329271165e+00 6.578508350601598442e-01
2.576105975943630444e+00 5.012273735369712213e-01
2.588672346557989723e+00 5.512683826533839593e-01
2.601238717172349002e+00 4.417210602737867142e-01
2.613805087786708281e+00 7.095262463132983033e-01
2.626371458401067116e+00 6.635631474588643552e-01
2.638937829015425951e+00 3.562508185131950111e-01
2.651504199629785230e+00 4.949104012286024701e-01
2.664070570244144509e+00 4.200961332411651261e-01
2.676636940858503788e+00 2.512515999250679588e-01
2.689203311472863067e+00 3.197442957468873415e-01
2.701769682087221902e+00 6.141344591886531701e-01
2.714336052701581181e+00 3.992832017150864110e-01
2.726902423315940460e+00 3.884528336980456742e-01
2.739468793930299739e+00 3.802502678479098286e-01
2.752035164544658574e+00 4.682343327747539585e-01
2.764601535159017853e+00 2.598876527701199923e-01
2.777167905773377132e+00 3.610712268452098139e-01
2.789734276387736411e+00 3.022458071891587217e-01
2.802300647002095690e+00 2.943463837547162232e-01
2.814867017616454525e+00 1.459560185800410081e-01
2.827433388230813804e+00 3.161636848699704849e-01
2.839999758845173083e+00 3.551977442840039134e-01
2.852566129459532362e+00 9.351728457094421465e-02
2.865132500073891642e+00 2.684770560224498670e-01
2.877698870688250476e+00 9.468921687007797461e-02
2.890265241302609756e+00 2.671331761385655756e-01
2.902831611916969035e+00 3.096356840401010002e-01
2.915397982531328314e+00 4.146070125762228997e-01
2.927964353145687149e+00 4.023546756388368673e-01
2.940530723760046428e+00 1.420568554303242303e-01
2.953097094374405707e+00 2.823137259037457603e-01
2.965663464988764986e+00 3.220982028414219323e-01
2.978229835603124265e+00 2.440683471711792285e-01
2.990796206217483100e+00 8.845750123106940754e-02
3.003362576831842379e+00 1.728349765189187981e-01
3.015928947446201214e+00 1.860527854788184832e-01
3.028495318060560493e+00 8.586772066540007686e-02
3.041061688674919772e+00 -2.278574874923777749e-03
3.053628059289279051e+00 1.493498783025172250e-01
3.066194429903637886e+00 2.707886674992017462e-02
3.078760800517997165e+00 1.041386926294200765e-01
3.091327171132356444e+00 2.535104273036524122e-02
3.103893541746715723e+00 1.517798839970095348e-01
3.116459912361074558e+00 4.533633139086152425e-02
3.129026282975433837e+00 4.630472031090208246e-02
3.141592653589793116e+00 -1.911009832930430641e-01
3.154159024204152395e+00 -1.080181996989136028e-01
3.166725394818511674e+00 -1.055213651142661822e-02
3.179291765432870509e+00 -1.703723650096746756e-01
3.191858136047229788e+00 -3.238742844979670965e-02
3.204424506661589067e+00 3.707683732693713152e-02
3.216990877275948346e+00 -1.718404988519344201e-01
3.229557247890307181e+00 -2.491288716913756529e-01
3.242123618504666460e+00 -4.997332954497123864e-02
3.254689989119025739e+00 -2.843724896126679780e-01
3.267256359733385018e+00 -1.308148939249103582e-01
3.279822730347744297e+00 1.317176905795222619e-02
3.292389100962103132e+00 -2.525903277413742432e-01
3.304955471576462411e+00 -1.591343110996469579e-01
3.317521842190821690e+00 -9.358731782697728152e-02
3.330088212805180969e+00 -8.110455593740045765e-02
3.342654583419540248e+00 -2.025123729829081398e-01
3.355220954033899083e+00 -1.076235806527258143e-01
3.367787324648258362e+00 -1.438846441548596866e-02
3.380353695262617642e+00 -2.948958487810892093e-01
3.392920065876976921e+00 -2.036852592203392542e-01
3.405486436491335756e+00 -2.536396294877557578e-01
3.418052807105695035e+00 -4.162593593503253198e-01
3.430619177720054314e+00 -2.720819677495440181e-01
3.443185548334413593e+00 -2.528963604089690120e-01
3.455751918948772872e+00 -3.320284899073754348e-01
3.468318289563131707e+00 -2.685360318176619465e-01
3.480884660177490986e+00 -3.089754492557919563e-01
3.493451030791850265e+00 -2.779905908940123460e-01
3.506017401406209544e+00 -2.462288798200330253e-01
3.518583772020568823e+00 -4.294960693168031751e-01
3.531150142634927658e+00 -5.450638160016001432e-01
3.543716513249286937e+00 -5.528604577541819109e-01
3.556282883863646216e+00 -4.139615645431142799e-01
3.568849254478005495e+00 -3.988325529679826453e-01
3.581415625092364330e+00 -4.509322444583093170e-01
3.593981995706723609e+00 -2.974714535176503083e-01
3.606548366321082888e+00 -4.601377186762977689e-01
3.619114736935442167e+00 -4.655888423532147935e-01
3.631681107549800558e+00 -3.141646579784054261e-01
3.644247478164159837e+00 -4.018305953046391599e-01
3.656813848778519116e+00 -4.151808504401027777e-01
3.669380219392877951e+00 -3.086528197870692658e-01
3.681946590007237230e+00 -5.888636770475627058e-01
3.694512960621596509e+00 -5.440946527805984312e-01
3.707079331235955788e+00 -6.470454614371111690e-01
3.719645701850315067e+00 -6.358651152419756425e-01
3.732212072464673902e+00 -7.046915811019269782e-01
3.744778443079033181e+00 -5.738751054438919752e-01
3.757344813693392460e+00 -6.140919582250026210e-01
3.769911184307751739e+00 -8.885236647214216354e-01
3.782477554922110574e+00 -7.389702238771225229e-01
3.795043925536469853e+00 -5.922972704333957505e-01
3.807610296150829132e+00 -4.285943869999067068e-01
3.820176666765188411e+00 -7.239116083253321898e-01
3.832743037379547690e+00 -6.594270934374548698e-01
3.845309407993906525e+00 -6.456312715381122835e-01
3.857875778608265804e+00 -5.478339871040626141e-01
3.870442149222625083e+00 -6.500365098490832327e-01
3.883008519836984362e+00 -7.402067454409055891e-01
3.895574890451343641e+00 -7.851946729301622074e-01
3.908141261065702476e+00 -6.129378459704003523e-01
3.920707631680061755e+00 -7.467309587951233008e-01
3.933274002294421035e+00 -7.168823388494514059e-01
3.945840372908780314e+00 -5.977769249633047011e-01
3.958406743523139149e+00 -7.029360860158898605e-01
3.970973114137498428e+00 -7.253692306136573231e-01
3.983539484751857707e+00 -8.353372666421126080e-01
3.996105855366216986e+00 -6.777423595744822560e-01
4.008672225980576265e+00 -8.251723522238670894e-01
4.021238596594935544e+00 -6.584286363280188459e-01
4.033804967209294823e+00 -8.658398786744992970e-01
4.046371337823653214e+00 -7.890777303247251684e-01
4.058937708438012493e+00 -7.525368420524619628e-01
4.071504079052371772e+00 -7.326945610590693825e-01
4.084070449666731051e+00 -8.282730286447008705e-01
4.096636820281090330e+00 -8.467338494829682594e-01
4.109203190895449609e+00 -7.659621463442241041e-01
4.121769561509808888e+00 -7.201878310372816783e-01
4.134335932124168167e+00 -8.984922418691668744e-01
4.146902302738527446e+00 -7.937446357928717999e-01
4.159468673352886725e+00 -6.482011938255851646e-01
4.172035043967245116e+00 -1.016423383242363698e+00
4.184601414581604395e+00 -9.887234068701008516e-01
4.197167785195963674e+00 -1.078666592484838427e+00
4.209734155810322953e+00 -9.297323183066636965e-01
4.222300526424682232e+00 -8.951252473599285997e-01
4.234866897039041511e+00 -8.516826354471789262e-01
4.247433267653400790e+00 -8.417863681061366066e-01
4.259999638267760069e+00 -7.103868875581839104e-01
4.272566008882119348e+00 -9.607819754098749776e-01
4.285132379496477739e+00 -8.107979205291790947e-01
4.297698750110837018e+00 -9.974442130802393391e-01
4.310265120725196297e+00 -9.399619550432000148e-01
4.322831491339555576e+00 -9.089373490508186881e-01
4.335397861953914855e+00 -8.752921025182646142e-01
4.347964232568274134e+00 -8.071191865528465348e-01
4.360530603182633413e+00 -9.076098392567759632e-01
4.373096973796992692e+00 -1.134709352309776875e+00
4.385663344411351972e+00 -8.108018807514580928e-01
4.398229715025710362e+00 -9.184276098191042070e-01
4.410796085640069641e+00 -1.024803747345069516e+00
4.423362456254428032e+00 -1.051607000909511314e+00
4.435928826868787311e+00 -1.057007481589608222e+00
4.448495197483146590e+00 -1.129251092549351521e+00
4.461061568097505869e+00 -1.076535786581570786e+00
4.473627938711865148e+00 -8.252480406908057065e-01
4.486194309326224428e+00 -9.998543747116563907e-01
4.498760679940583707e+00 -1.048863792056986988e+00
4.511327050554942986e+00 -1.033231866508637964e+00
4.523893421169302265e+00 -1.044548994340788184e+00
4.536459791783661544e+00 -1.060151057682221287e+00
4.549026162398019935e+00 -8.546508760070516963e-01
4.561592533012379214e+00 -9.097078612383907581e-01
4.574158903626738493e+00 -1.071418617710159893e+00
4.586725274241097772e+00 -9.208648188514977351e-01
4.599291644855457051e+00 -1.186254239222062967e+00
4.611858015469816330e+00 -1.005857309759521812e+00
4.624424386084175609e+00 -8.567217396657027528e-01
4.636990756698534888e+00 -1.148159091604642024e+00
4.649557127312894167e+00 -1.063867108953428176e+00
4.662123497927252558e+00 -1.272437165833488759e+00
4.674689868541611837e+00 -9.893423689517530928e-01
4.687256239155971116e+00 -9.680561794960439448e-01
4.699822609770330395e+00 -1.108744893701143042e+00
4.712388980384689674e+00 -8.779595846705221529e-01
4.724955350999048953e+00 -1.084709161785957443e+00
4.737521721613408232e+00 -9.549089256789133895e-01
4.750088092227767511e+00 -9.917088213673221908e-01
4.762654462842126790e+00 -8.268957634203297768e-01
4.775220833456485181e+00 -8.993612490305419316e-01
4.787787204070844460e+00 -1.171698254498663605e+00
4.800353574685203739e+00 -9.998874695849234717e-01
4.812919945299563018e+00 -1.233195582047254657e+00
4.825486315913922297e+00 -8.090411886292765420e-01
4.838052686528281576e+00 -1.089884178759095157e+00
4.850619057142640855e+00 -9.728149453972563254e-01
4.863185427757000134e+00 -9.434998908207605783e-01
4.875751798371359413e+00 -8.653887852467887498e-01
4.888318168985717804e+00 -9.834649895362279626e-01
4.900884539600077083e+00 -1.058913736155736141e+00
4.913450910214436362e+00 -1.196639280681575990e+00
4.926017280828795641e+00 -9.717434350482991867e-01
4.938583651443154920e+00 -9.138823246891971674e-01
4.951150022057514200e+00 -9.343857336694937343e-01
4.963716392671873479e+00 -9.665696595344851483e-01
4.976282763286232758e+00 -1.105840598350376069e+00
4.988849133900592037e+00 -1.063409819596765171e+00
5.001415504514951316e+00 -1.049132866750772441e+00
5.013981875129309707e+00 -9.252907417360983766e-01
5.026548245743668986e+00 -8.590485002027015149e-01
5.039114616358028265e+00 -9.851935783120920886e-01
5.051680986972387544e+00 -1.009619453635172137e+00
5.064247357586746823e+00 -9.992193687265070734e-01
5.076813728201106102e+00 -9.739211398419674870e-01
5.089380098815465381e+00 -9.007609140175539819e-01
5.101946469429824660e+00 -8.109766270135240207e-01
5.114512840044183939e+00 -7.215396182692593863e-01
5.127079210658542330e+00 -1.061545390045384618e+00
5.139645581272901609e+00 -1.067829590578339261e+00
5.152211951887260888e+00 -9.580733455316110536e-01
5.164778322501620167e+00 -9.481353936543627237e-01
5.177344693115979446e+00 -6.954275458231305995e-01
5.189911063730338725e+00 -9.326007676478117459e-01
5.202477434344698004e+00 -8.174154732382604704e-01
5.215043804959057283e+00 -8.019330703023612728e-01
5.227610175573416562e+00 -8.646815331236107349e-01
5.240176546187774953e+00 -8.475763019997638592e-01
5.252742916802134232e+00 -8.853992784907378510e-01
5.265309287416492623e+00 -7.152425546956895364e-01
5.277875658030851902e+00 -8.119121843836278885e-01
5.290442028645211181e+00 -8.054951970079838874e-01
5.303008399259570460e+00 -9.111667360932727000e-01
5.315574769873929739e+00 -7.040893705137462044e-01
5.328141140488289018e+00 -8.444616520059252673e-01
5.340707511102648297e+00 -9.095333097894967578e-01
5.353273881717007576e+00 -6.853683839147783896e-01
5.365840252331366855e+00 -7.586552570081573910e-01
5.378406622945726134e+00 -7.733664514229315889e-01
5.390972993560084525e+00 -5.833514183123555963e-01
5.403539364174443804e+00 -8.406028119844840552e-01
5.416105734788803083e+00 -6.314148534256711631e-01
5.428672105403162362e+00 -8.613855283586622225e-01
5.441238476017521641e+00 -6.408614635864720022e-01
5.453804846631880920e+00 -8.119696805949855323e-01
5.466371217246240199e+00 -5.307923674751886534e-01
5.478937587860599479e+00 -6.059275083513877558e-01
5.491503958474958758e+00 -6.989845870329453037e-01
5.504070329089317148e+00 -7.657194923834749201e-01
5.516636699703676427e+00 -5.898778955357968368e-01
5.529203070318035707e+00 -6.364845476480360809e-01
5.541769440932394986e+00 -7.083871090868882892e-01
5.554335811546754265e+00 -7.029984767196709727e-01
5.566902182161113544e+00 -5.647423690382709083e-01
5.579468552775472823e+00 -7.786155023831725641e-01
5.592034923389832102e+00 -5.323509612960648507e-01
5.604601294004191381e+00 -6.386338320986181261e-01
5.617167664618549772e+00 -5.933220631593835170e-01
5.629734035232909051e+00 -7.323015416977632919e-01
5.642300405847268330e+00 -6.878103715692166498e-01
5.654866776461627609e+00 -6.497590871946034019e-01
5.667433147075986888e+00 -5.214652936551923412e-01
5.679999517690346167e+00 -2.722899073983515716e-01
5.692565888304705446e+00 -6.259131605221111005e-01
5.705132258919064725e+00 -4.030900466607756361e-01
5.717698629533424004e+00 -7.067741936216554999e-01
5.730265000147783283e+00 -5.725716150100591539e-01
5.742831370762141674e+00 -4.339697213452285984e-01
5.755397741376500953e+00 -4.355563918086638453e-01
5.767964111990860232e+00 -5.279990433335007838e-01
5.780530482605219511e+00 -5.141692923965983653e-01
5.793096853219578790e+00 -5.674459100335048634e-01
5.805663223833938069e+00 -4.504236681555819910e-01
5.818229594448297348e+00 -4.782343847001508386e-01
5.830795965062656627e+00 -4.113391649544707040e-01
5.843362335677015906e+00 -4.241692874658599122e-01
5.855928706291374297e+00 -4.184782696609501973e-01
5.868495076905733576e+00 -2.731908689473068197e-01
5.881061447520092855e+00 -4.962190652795371859e-01
5.893627818134452134e+00 -5.131100525784122457e-01
5.906194188748811413e+00 -3.966576801148995468e-01
5.918760559363170692e+00 -2.590399849942911503e-01
5.931326929977529971e+00 -3.636037156391457859e-01
5.943893300591889250e+00 -4.703122153607607325e-01
5.956459671206248530e+00 -3.852087917487800883e-01
5.969026041820606920e+00 -3.795927968397296848e-01
5.981592412434966199e+00 -3.145969331535191649e-01
5.994158783049325478e+00 -3.385859485908409017e-01
6.006725153663684758e+00 -1.412206457636786539e-01
6.019291524278044037e+00 -2.805531727255949348e-01
6.031857894892402427e+00 -2.081612254981284327e-01
6.044424265506761706e+00 -2.284240338896948996e-01
6.056990636121120986e+00 -1.214407097609566805e-01
6.069557006735480265e+00 -6.589018114855202390e-02
6.082123377349839544e+00 -5.156468300006121774e-01
6.094689747964198823e+00 -9.713093313556368791e-02
6.107256118578558102e+00 -1.087703874409123722e-01
6.119822489192916493e+00 1.271480886825240852e-02
6.132388859807275772e+00 -4.664213663161502488e-02
6.144955230421635051e+00 -2.124780219812863469e-01
6.157521601035994330e+00 -1.889983479799423882e-01
6.170087971650353609e+00 -1.351052967834383556e-01
6.182654342264712888e+00 -1.285043713757976491e-01
6.195220712879072167e+00 -2.374387408953322065e-01
6.207787083493431446e+00 -1.100159188606947280e-02
6.220353454107790725e+00 -1.013181825818428861e-01
6.232919824722149116e+00 -4.171015285676030887e-02
6.245486195336508395e+00 7.138358968880698097e-02
6.258052565950867674e+00 -9.061081736123322017e-02
6.270618936565226953e+00 -1.472254195736628635e-01
