0.000000000000000000e+00 -6.704519353314882489e-03
1.256637061435917323e-02 1.547597969953188324e-01
2.513274122871834645e-02 6.364003650347342667e-02
3.769911184307751795e-02 1.534005167760263133e-01
5.026548245743669291e-02 6.758763315335621080e-02
6.283185307179586787e-02 2.727639311986024967e-02
7.539822368615503589e-02 2.470091531666969153e-01
8.796459430051420392e-02 -5.321809512029365696e-02
1.005309649148733858e-01 3.003715584407208594e-02
1.130973355292325677e-01 9.451740960008438164e-02
1.256637061435917357e-01 1.239609780971031167e-01
1.382300767579508760e-01 -1.804181982397312645e-02
1.507964473723100718e-01 4.708358751709079693e-02
1.633628179866692676e-01 2.815025169505600000e-01
1.759291886010284078e-01 2.257946010943667758e-01
1.884955592153875759e-01 2.886680407407449800e-01
2.010619298297467716e-01 1.073583752342850833e-01
2.136283004441059397e-01 1.750052031841795586e-01
2.261946710584651354e-01 3.243730476112136052e-01
2.387610416728242757e-01 4.252886353611111669e-01
2.513274122871834715e-01 8.067116832053419784e-02
2.638937829015426395e-01 4.076201998145312366e-01
2.764601535159017520e-01 1.748133106464735964e-01
2.890265241302609756e-01 1.932328271680370801e-01
3.015928947446201436e-01 4.102156138880566072e-01
3.141592653589793116e-01 1.751203777527418903e-01
3.267256359733385351e-01 4.242823005780332335e-01
3.392920065876976476e-01 3.132233103813921171e-01
3.518583772020568157e-01 2.565807682294977132e-01
3.644247478164160392e-01 4.615548046877301913e-01
3.769911184307751517e-01 5.858073315983043372e-01
3.895574890451343197e-01 2.756350854473673118e-01
4.021238596594935433e-01 5.101858776902360448e-01
4.146902302738527113e-01 5.757641083665698822e-01
4.272566008882118793e-01 3.866569736850835048e-01
4.398229715025711029e-01 3.557446678178433075e-01
4.523893421169302709e-01 5.205164131642361358e-01
4.649557127312893834e-01 2.689356296479911146e-01
4.775220833456485514e-01 5.566265400060141921e-01
4.900884539600077194e-01 3.814277441585997575e-01
5.026548245743669430e-01 6.582363305920584384e-01
5.152211951887261110e-01 5.241217681983826315e-01
5.277875658030852790e-01 3.009970599359143018e-01
5.403539364174444470e-01 4.434481095823774033e-01
5.529203070318035040e-01 4.990355874551973825e-01
5.654866776461627831e-01 5.064129212662181745e-01
5.780530482605219511e-01 3.311982470440131276e-01
5.906194188748811191e-01 4.467642287775119847e-01
6.031857894892402872e-01 6.510614225823649903e-01
6.157521601035994552e-01 6.536723505316045513e-01
6.283185307179586232e-01 5.862611102490713488e-01
6.408849013323177912e-01 5.450152884484638083e-01
6.534512719466770703e-01 7.206419114539027726e-01
6.660176425610361273e-01 5.883511108349510632e-01
6.785840131753952953e-01 5.312430326958654803e-01
6.911503837897544633e-01 6.101174496441740258e-01
7.037167544041136313e-01 5.811436274940684488e-01
7.162831250184729104e-01 4.855167617906971933e-01
7.288494956328320784e-01 6.749509349470088626e-01
7.414158662471912464e-01 6.905972974743728177e-01
7.539822368615503034e-01 8.417220669174168002e-01
7.665486074759094715e-01 6.846519348764914525e-01
7.791149780902686395e-01 6.352297840910080540e-01
7.916813487046279185e-01 6.580741729296797349e-01
8.042477193189870865e-01 6.829123003966997008e-01
8.168140899333462546e-01 7.871324596694709852e-01
8.293804605477054226e-01 9.391485213601786786e-01
8.419468311620645906e-01 6.909088917796163409e-01
8.545132017764237586e-01 7.725414463925182051e-01
8.670795723907829267e-01 6.877094058388278919e-01
8.796459430051422057e-01 8.242471396848245480e-01
8.922123136195013737e-01 8.439601016670625899e-01
9.047786842338605418e-01 7.072642841748580933e-01
9.173450548482194877e-01 7.049662370920892762e-01
9.299114254625787668e-01 8.019635608423947293e-01
9.424777960769379348e-01 6.987801652205146707e-01
9.550441666912971028e-01 9.204614547093948884e-01
9.676105373056562708e-01 7.133204679874229903e-01
9.801769079200154389e-01 8.258149514306025729e-01
9.927432785343746069e-01 7.747458092825427745e-01
1.005309649148733886e+00 7.228095028520595822e-01
1.017876019763092943e+00 9.861522798369652953e-01
1.030442390377452222e+00 9.216299531512713861e-01
1.043008760991811279e+00 9.815586907735239786e-01
1.055575131606170558e+00 9.122295002992408808e-01
1.068141502220529837e+00 1.113598472565907382e+00
1.080707872834888894e+00 9.668942706191272496e-01
1.093274243449248173e+00 9.141890093732047973e-01
1.105840614063607008e+00 8.715455163888502499e-01
1.118406984677966287e+00 7.971899374579152209e-01
1.130973355292325566e+00 9.481091020365299826e-01
1.143539725906684623e+00 1.014111210018485254e+00
1.156106096521043902e+00 9.014470281205552160e-01
1.168672467135402959e+00 9.811801295438815629e-01
1.181238837749762238e+00 7.896357195376697558e-01
1.193805208364121295e+00 1.087003960247412193e+00
1.206371578978480574e+00 9.807922832114052136e-01
1.218937949592839853e+00 1.000367829782151219e+00
1.231504320207198910e+00 7.494055950856779447e-01
1.244070690821558189e+00 8.294245885461986045e-01
1.256637061435917246e+00 6.990957035450107160e-01
1.269203432050276525e+00 1.018829639446269697e+00
1.281769802664635582e+00 1.066937143329993010e+00
1.294336173278994861e+00 8.441274811010519574e-01
1.306902543893354141e+00 1.032487304360646840e+00
1.319468914507712975e+00 8.995606420759731936e-01
1.332035285122072255e+00 1.057125477386739343e+00
1.344601655736431534e+00 1.040061427950676576e+00
1.357168026350790591e+00 9.773750810107016962e-01
1.369734396965149870e+00 9.301215676364775753e-01
1.382300767579508927e+00 8.785062968061030375e-01
1.394867138193868206e+00 1.123050660911104615e+00
1.407433508808227263e+00 8.939202452458769876e-01
1.419999879422586542e+00 1.006138472023381913e+00
1.432566250036945821e+00 9.819992189327061416e-01
1.445132620651304878e+00 1.048350036943644037e+00
1.457698991265664157e+00 1.053836924469568226e+00
1.470265361880023214e+00 9.060149853105096129e-01
1.482831732494382493e+00 1.096687606466681730e+00
1.495398103108741550e+00 1.074857886648536764e+00
1.507964473723100607e+00 7.375106215975748558e-01
1.520530844337459886e+00 9.313819930109704659e-01
1.533097214951818943e+00 1.033098368767033426e+00
1.545663585566178222e+00 1.057905137919455729e+00
1.558229956180537279e+00 1.108348312299813898e+00
1.570796326794896558e+00 9.948403828455983922e-01
1.583362697409255837e+00 1.046349354140136301e+00
1.595929068023614894e+00 9.737547645778976690e-01
1.608495438637974173e+00 8.322254107401555467e-01
1.621061809252333230e+00 1.163152601130916564e+00
1.633628179866692509e+00 9.799515236115635686e-01
1.646194550481051566e+00 9.999902989691333843e-01
1.658760921095410845e+00 8.847757735440034965e-01
1.671327291709770124e+00 9.272066614163443354e-01
1.683893662324129181e+00 1.070392733382881323e+00
1.696460032938488460e+00 1.005442372060243450e+00
1.709026403552847517e+00 1.047617305714083402e+00
1.721592774167206796e+00 9.700362110390942094e-01
1.734159144781565853e+00 9.708396159566864414e-01
1.746725515395925132e+00 9.055208343559133510e-01
1.759291886010284411e+00 9.608813177179489351e-01
1.771858256624643468e+00 9.416484037629269110e-01
1.784424627239002747e+00 1.081357991588400846e+00
1.796990997853361804e+00 8.206231875150840072e-01
1.809557368467721084e+00 1.056559139251665780e+00
1.822123739082079918e+00 8.446262740087229215e-01
1.834690109696438975e+00 9.356470198080875100e-01
1.847256480310798255e+00 1.078061856096036664e+00
1.859822850925157534e+00 8.754745449167720128e-01
1.872389221539516591e+00 9.054406810435944308e-01
1.884955592153875870e+00 9.769703799455440318e-01
1.897521962768234927e+00 1.020035392238262784e+00
1.910088333382594206e+00 1.002774407268984813e+00
1.922654703996953263e+00 8.842858007809482057e-01
1.935221074611312542e+00 1.030940773563550295e+00
1.947787445225671821e+00 1.003134048066080419e+00
1.960353815840030878e+00 9.598389320453312168e-01
1.972920186454390157e+00 8.330841556600502296e-01
1.985486557068749214e+00 8.200294261667794293e-01
1.998052927683108493e+00 9.179849278318805705e-01
2.010619298297467772e+00 1.040231665751065959e+00
2.023185668911826607e+00 9.040162724293273611e-01
2.035752039526185886e+00 1.002054005774742240e+00
2.048318410140545165e+00 8.758193305491535074e-01
2.060884780754904444e+00 7.934907146781351450e-01
2.073451151369263723e+00 8.062784453506107729e-01
2.086017521983622558e+00 9.450232317873606958e-01
2.098583892597981837e+00 8.180066097957816584e-01
2.111150263212341116e+00 8.225663554424684776e-01
2.123716633826700395e+00 8.327210640168716260e-01
2.136283004441059674e+00 8.712034190871734696e-01
2.148849375055418509e+00 8.098721608047261267e-01
2.161415745669777788e+00 6.744793862581363042e-01
2.173982116284137067e+00 8.760069621150282648e-01
2.186548486898496346e+00 8.223705610761457008e-01
2.199114857512855181e+00 8.159776257977390257e-01
2.211681228127214016e+00 6.879405199923008807e-01
2.224247598741573295e+00 7.214232050626800952e-01
2.236813969355932574e+00 8.504639979684995854e-01
2.249380339970291853e+00 8.453762876216605049e-01
2.261946710584651132e+00 8.334254410467341057e-01
2.274513081199009967e+00 5.763390689845391268e-01
2.287079451813369246e+00 6.494258806735329070e-01
2.299645822427728525e+00 8.328074895467945105e-01
2.312212193042087804e+00 8.693914181333122215e-01
2.324778563656447083e+00 7.133105725316483126e-01
2.337344934270805918e+00 8.893031553274423073e-01
2.349911304885165197e+00 7.798234395707708266e-01
2.362477675499524477e+00 6.994716954450599378e-01
2.375044046113883756e+00 5.769960495206056805e-01
2.387610416728242591e+00 6.427986036353006138e-01
2.400176787342601870e+00 4.794593605890301591e-01
2.412743157956961149e+00 7.905604688260486901e-01
2.425309528571320428e+00 6.436228849912707384e-01
2.437875899185679707e+00 5.401833485335696405e-01
2.450442269800038542e+00 7.762380182908537041e-01
2.463008640414397821e+00 7.454807527568889647e-01
2.475575011028757100e+00 7.590791010806282602e-01
2.488141381643116379e+00 6.853346796185123546e-01
2.500707752257475658e+00 6.917832292399590521e-01
2.513274122871834493e+00 5.622209149154229202e-01
2.525840493486193772e+00 3.763730994902231286e-01
2.538406864100553051e+00 6.318989318965102520e-01
2.550973234714912330e+00 6.672595739915994084e-01
2.563539605329271165e+00 4.296009588526344958e-01
2.576105975943630444e+00 3.969873454359698073e-01
2.588672346557989723e+00 3.954833582248371560e-01
2.601238717172349002e+00 3.289290112774110875e-01
2.613805087786708281e+00 5.249844913880531427e-01
2.626371458401067116e+00 3.206502462483957760e-01
2.638937829015425951e+00 3.525834486903198783e-01
2.651504199629785230e+00 5.149390857425248935e-01
2.664070570244144509e+00 4.312964394634417054e-01
2.676636940858503788e+00 4.699505884435759007e-01
2.689203311472863067e+00 2.578789800260673504e-01
2.701769682087221902e+00 3.891502905942477164e-01
2.714336052701581181e+00 2.620493090584966600e-01
2.726902423315940460e+00 5.178524800602460898e-01
2.739468793930299739e+00 3.222277843492442062e-01
2.752035164544658574e+00 6.176631130646328405e-01
2.764601535159017853e+00 3.745932528538056805e-01
2.777167905773377132e+00 4.394789804321290183e-01
2.789734276387736411e+00 3.151848928294601615e-01
2.802300647002095690e+00 3.384867912186711458e-01
2.814867017616454525e+00 1.291978386699028369e-01
2.827433388230813804e+00 3.387929015329004256e-01
2.839999758845173083e+00 4.265987302765079092e-01
2.852566129459532362e+00 2.198621093827456963e-01
2.865132500073891642e+00 4.037674463139848680e-01
2.877698870688250476e+00 2.204919780193746737e-01
2.890265241302609756e+00 3.033871679082049133e-01
2.902831611916969035e+00 2.503404484258733298e-01
2.915397982531328314e+00 2.586354254007856568e-01
2.927964353145687149e+00 -5.227839094261238495e-02
2.940530723760046428e+00 3.163871702548162190e-01
2.953097094374405707e+00 3.451818123557903739e-01
2.965663464988764986e+00 2.033906766998452575e-01
2.978229835603124265e+00 2.409628328261202990e-01
2.990796206217483100e+00 2.424658590449377260e-01
3.003362576831842379e+00 1.870292292857666794e-01
3.015928947446201214e+00 4.409586162589609892e-02
3.028495318060560493e+00 1.085641689699699819e-01
3.041061688674919772e+00 5.880984335423206782e-02
3.053628059289279051e+00 6.484382387532931780e-02
3.066194429903637886e+00 2.206210053283373940e-01
3.078760800517997165e+00 1.380017592922776204e-01
3.091327171132356444e+00 1.522680341481342514e-01
3.103893541746715723e+00 -4.977597057354730264e-02
3.116459912361074558e+00 -2.416146677092999642e-02
3.129026282975433837e+00 1.718368743887419559e-01
3.141592653589793116e+00 -8.409352893024582554e-02
3.154159024204152395e+00 -4.793698146057163642e-03
3.166725394818511674e+00 1.547963811386197375e-01
3.179291765432870509e+00 2.493804122590950745e-02
3.191858136047229788e+00 -1.125712461722471608e-02
3.204424506661589067e+00 -3.562383895999193806e-02
3.216990877275948346e+00 -1.546258086666199849e-01
3.229557247890307181e+00 -1.794071611560320578e-01
3.242123618504666460e+00 -7.084892583553457912e-02
3.254689989119025739e+00 1.347566302050078879e-01
3.267256359733385018e+00 2.426796490410706997e-02
3.279822730347744297e+00 5.765252509607884934e-02
3.292389100962103132e+00 -1.326883648312776331e-01
3.304955471576462411e+00 -1.309625734364839311e-01
3.317521842190821690e+00 -2.024933848823082805e-01
3.330088212805180969e+00 -1.113812707855757200e-01
3.342654583419540248e+00 -2.224483167037154541e-01
3.355220954033899083e+00 -1.922450414510071537e-01
3.367787324648258362e+00 -3.249479950698488384e-01
3.380353695262617642e+00 -4.309621717819520081e-02
3.392920065876976921e+00 -4.249875942891654934e-01
3.405486436491335756e+00 -2.998631022171270866e-01
3.418052807105695035e+00 -4.027334024356167275e-01
3.430619177720054314e+00 -1.977448438653700014e-01
3.443185548334413593e+00 -4.311485134210288894e-01
3.455751918948772872e+00 -3.561702654401383561e-01
3.468318289563131707e+00 -3.539593986255311076e-01
3.480884660177490986e+00 -3.878499040325579794e-01
3.493451030791850265e+00 -3.834544421924545587e-01
3.506017401406209544e+00 -4.995805028343730525e-01
3.518583772020568823e+00 -3.435984594096775924e-01
3.531150142634927658e+00 -4.290212017140825895e-01
3.543716513249286937e+00 -3.650281012915747025e-01
3.556282883863646216e+00 -4.101468373231423881e-01
3.568849254478005495e+00 -3.530385251416449099e-01
3.581415625092364330e+00 -2.999619828968375090e-01
3.593981995706723609e+00 -3.363775774583902534e-01
3.606548366321082888e+00 -4.281233373550496490e-01
3.619114736935442167e+00 -4.478888841805195309e-01
3.631681107549800558e+00 -5.134531182799906279e-01
3.644247478164159837e+00 -3.937232719798715030e-01
3.656813848778519116e+00 -4.380419289454189902e-01
3.669380219392877951e+00 -5.109445245509681710e-01
3.681946590007237230e+00 -5.416853287047026511e-01
3.694512960621596509e+00 -3.218939699112206565e-01
3.707079331235955788e+00 -4.763575654626290845e-01
3.719645701850315067e+00 -5.605551074568342340e-01
3.732212072464673902e+00 -4.908131562445160467e-01
3.744778443079033181e+00 -5.451844560846114129e-01
3.757344813693392460e+00 -6.517659741396981676e-01
3.769911184307751739e+00 -6.980888271645475651e-01
3.782477554922110574e+00 -5.578089833752735149e-01
3.795043925536469853e+00 -2.747584391181915886e-01
3.807610296150829132e+00 -3.832299993772475544e-01
3.820176666765188411e+00 -6.870611792774126148e-01
3.832743037379547690e+00 -6.376553797720633243e-01
3.845309407993906525e+00 -3.661853005406811579e-01
3.857875778608265804e+00 -6.684640358764224466e-01
3.870442149222625083e+00 -4.446147742449789719e-01
3.883008519836984362e+00 -6.911530034939650236e-01
3.895574890451343641e+00 -7.664159344263639095e-01
3.908141261065702476e+00 -6.680496898738050859e-01
3.920707631680061755e+00 -7.115437133514140866e-01
3.933274002294421035e+00 -8.173986724110336999e-01
3.945840372908780314e+00 -6.687409060566213981e-01
3.958406743523139149e+00 -5.225114421526260156e-01
3.970973114137498428e+00 -6.312904732538263675e-01
3.983539484751857707e+00 -9.351871971333260980e-01
3.996105855366216986e+00 -8.396235093160564489e-01
4.008672225980576265e+00 -6.788736567214612716e-01
4.021238596594935544e+00 -8.117305971531316722e-01
4.033804967209294823e+00 -7.368605208089262781e-01
4.046371337823653214e+00 -6.837110127227420397e-01
4.058937708438012493e+00 -9.450581637219079845e-01
4.071504079052371772e+00 -9.045742274039034747e-01
4.084070449666731051e+00 -1.105247740617542496e+00
4.096636820281090330e+00 -7.351923576375816172e-01
4.109203190895449609e+00 -8.587214920865083867e-01
4.121769561509808888e+00 -9.619126114483338430e-01
4.134335932124168167e+00 -8.145043023662618120e-01
4.146902302738527446e+00 -8.792499083795825010e-01
4.159468673352886725e+00 -8.825638488014663219e-01
4.172035043967245116e+00 -9.170074224029705068e-01
4.184601414581604395e+00 -6.734377213459799005e-01
4.197167785195963674e+00 -8.364292448379446743e-01
4.209734155810322953e+00 -8.798615192954303277e-01
4.222300526424682232e+00 -8.927916013854276800e-01
4.234866897039041511e+00 -7.159044785076650319e-01
4.247433267653400790e+00 -9.632300648342202454e-01
4.259999638267760069e+00 -9.126575896704749447e-01
4.272566008882119348e+00 -8.994117663119011175e-01
4.285132379496477739e+00 -9.620436572998452007e-01
4.297698750110837018e+00 -9.840582810044677942e-01
4.310265120725196297e+00 -8.213162031783971528e-01
4.322831491339555576e+00 -1.063045861984025953e+00
4.335397861953914855e+00 -1.182133434150769880e+00
4.347964232568274134e+00 -1.006112720513326897e+00
4.360530603182633413e+00 -8.708453354884242437e-01
4.373096973796992692e+00 -1.081738722906166572e+00
4.385663344411351972e+00 -9.942632443064174375e-01
4.398229715025710362e+00 -8.807204516145632489e-01
4.410796085640069641e+00 -7.857132450790790257e-01
4.423362456254428032e+00 -9.776182653422951230e-01
4.435928826868787311e+00 -1.106531269064271905e+00
4.448495197483146590e+00 -9.039123978475935850e-01
4.461061568097505869e+00 -8.767218615609582155e-01
4.473627938711865148e+00 -1.182662436590411925e+00
4.486194309326224428e+00 -1.001809180580232272e+00
4.498760679940583707e+00 -9.017776415476290719e-01
4.511327050554942986e+00 -7.211701494111462107e-01
4.523893421169302265e+00 -1.002399392737354233e+00
4.536459791783661544e+00 -8.857959507124993914e-01
4.549026162398019935e+00 -9.889229196473783290e-01
4.561592533012379214e+00 -1.047832919602491142e+00
4.574158903626738493e+00 -9.164982538051951177e-01
4.586725274241097772e+00 -9.921766727959475674e-01
4.599291644855457051e+00 -9.044871612816465234e-01
4.611858015469816330e+00 -9.431581560573308876e-01
4.624424386084175609e+00 -8.894613190672640002e-01
4.636990756698534888e+00 -1.061940509063325155e+00
4.649557127312894167e+00 -9.074173348742906597e-01
4.662123497927252558e+00 -1.031760689374437767e+00
4.674689868541611837e+00 -1.115647342383950580e+00
4.687256239155971116e+00 -1.063334963799795974e+00
4.699822609770330395e+00 -8.799093950021579236e-01
4.712388980384689674e+00 -8.989864549744436273e-01
4.724955350999048953e+00 -9.738616621693191311e-01
4.737521721613408232e+00 -1.087919705165818263e+00
4.750088092227767511e+00 -8.828062215766051546e-01
4.762654462842126790e+00 -1.135692295896166382e+00
4.775220833456485181e+00 -1.068499614176324108e+00
4.787787204070844460e+00 -9.205794047942288394e-01
4.800353574685203739e+00 -1.202017515249705459e+00
4.812919945299563018e+00 -9.939862551542723024e-01
4.825486315913922297e+00 -8.703912897697267947e-01
4.838052686528281576e+00 -1.034303826902023493e+00
4.850619057142640855e+00 -8.400637136453904530e-01
4.863185427757000134e+00 -9.640446980705031921e-01
4.875751798371359413e+00 -1.069198900816063613e+00
4.888318168985717804e+00 -9.399991858993440585e-01
4.900884539600077083e+00 -1.023688714718679282e+00
4.913450910214436362e+00 -1.078820197079529253e+00
4.926017280828795641e+00 -1.073451554617105064e+00
4.938583651443154920e+00 -1.009459674511423488e+00
4.951150022057514200e+00 -1.144403888800122893e+00
4.963716392671873479e+00 -9.886537889502902132e-01
4.976282763286232758e+00 -1.076929169505244976e+00
4.988849133900592037e+00 -9.268715807418699271e-01
5.001415504514951316e+00 -9.999633580904487840e-01
5.013981875129309707e+00 -9.137938664121162402e-01
5.026548245743668986e+00 -9.052113138487799526e-01
5.039114616358028265e+00 -9.996196522746999547e-01
5.051680986972387544e+00 -1.088459864222495410e+00
5.064247357586746823e+00 -8.741288528757642506e-01
5.076813728201106102e+00 -1.051911549635375698e+00
5.089380098815465381e+00 -8.090464815617970373e-01
5.101946469429824660e+00 -9.459270677772603220e-01
5.114512840044183939e+00 -8.039648462223565328e-01
5.127079210658542330e+00 -1.043606378137376556e+00
5.139645581272901609e+00 -9.881986250978090913e-01
5.152211951887260888e+00 -1.051248271898584941e+00
5.164778322501620167e+00 -8.438657584586914950e-01
5.177344693115979446e+00 -8.688875567081169038e-01
5.189911063730338725e+00 -9.751266397573778999e-01
5.202477434344698004e+00 -8.852356675225383498e-01
5.215043804959057283e+00 -8.099120970046487233e-01
5.227610175573416562e+00 -7.113513662531780746e-01
5.240176546187774953e+00 -7.009698388268210678e-01
5.252742916802134232e+00 -9.015515061282322051e-01
5.265309287416492623e+00 -9.585820063172526551e-01
5.277875658030851902e+00 -7.687306697857723137e-01
5.290442028645211181e+00 -8.907018385811641403e-01
5.303008399259570460e+00 -9.014318567202250776e-01
5.315574769873929739e+00 -7.862314263083812760e-01
5.328141140488289018e+00 -6.726218957206804294e-01
5.340707511102648297e+00 -9.176382528275863759e-01
5.353273881717007576e+00 -7.148422190680604471e-01
5.365840252331366855e+00 -7.665154963011697742e-01
5.378406622945726134e+00 -9.545759666113531328e-01
5.390972993560084525e+00 -8.535860279905657100e-01
5.403539364174443804e+00 -7.152657531418316061e-01
5.416105734788803083e+00 -5.923138700872226936e-01
5.428672105403162362e+00 -6.876574540147128989e-01
5.441238476017521641e+00 -7.873407852598599543e-01
5.453804846631880920e+00 -7.965382454713170191e-01
5.466371217246240199e+00 -7.073611622084167161e-01
5.478937587860599479e+00 -7.356753050531774640e-01
5.491503958474958758e+00 -7.576467352535048994e-01
5.504070329089317148e+00 -6.159720406576113527e-01
5.516636699703676427e+00 -6.433240909104296357e-01
5.529203070318035707e+00 -5.587807243131357460e-01
5.541769440932394986e+00 -5.975581507846663420e-01
5.554335811546754265e+00 -6.766818308584012787e-01
5.566902182161113544e+00 -5.762884531727097137e-01
5.579468552775472823e+00 -6.173012488478966109e-01
5.592034923389832102e+00 -5.182269963775308907e-01
5.604601294004191381e+00 -5.647118692680219709e-01
5.617167664618549772e+00 -6.678965834216734621e-01
5.629734035232909051e+00 -6.184636733781445628e-01
5.642300405847268330e+00 -5.375106547044828931e-01
5.654866776461627609e+00 -5.820951558040942109e-01
5.667433147075986888e+00 -6.023245780871245847e-01
5.679999517690346167e+00 -5.449157557701680421e-01
5.692565888304705446e+00 -5.054825510110301234e-01
5.705132258919064725e+00 -4.716307237438129296e-01
5.717698629533424004e+00 -4.773074739048749349e-01
5.730265000147783283e+00 -4.221366080182847869e-01
5.742831370762141674e+00 -5.005526953939763990e-01
5.755397741376500953e+00 -4.646330617270405527e-01
5.767964111990860232e+00 -5.820750062091074595e-01
5.780530482605219511e+00 -4.725442394597200724e-01
5.793096853219578790e+00 -5.030020980702309963e-01
5.805663223833938069e+00 -4.541319572889793155e-01
5.818229594448297348e+00 -5.451843916414913505e-01
5.830795965062656627e+00 -5.855773787120310825e-01
5.843362335677015906e+00 -4.254483808441383852e-01
5.855928706291374297e+00 -5.566567668861920337e-01
5.868495076905733576e+00 -4.354626462218241234e-01
5.881061447520092855e+00 -3.418316283757054097e-01
5.893627818134452134e+00 -2.974763329247935850e-01
5.906194188748811413e+00 -3.181821178959632901e-01
5.918760559363170692e+00 -2.351106827448339320e-01
5.931326929977529971e+00 -3.755480124021726152e-01
5.943893300591889250e+00 -2.270303237256297846e-01
5.956459671206248530e+00 -3.229212106172539842e-01
5.969026041820606920e+00 -2.750540607910711977e-01
5.981592412434966199e+00 -4.459476566171601264e-01
5.994158783049325478e+00 -4.191237388875771464e-01
6.006725153663684758e+00 -7.124290681674150250e-02
6.019291524278044037e+00 -3.188420794779519007e-01
6.031857894892402427e+00 -7.836603055045368582e-02
6.044424265506761706e+00 -2.004445563472427860e-01
6.056990636121120986e+00 -8.701785642039414070e-02
6.069557006735480265e+00 -1.782192965808660490e-01
6.082123377349839544e+00 -2.597234928491519157e-01
6.094689747964198823e+00 -2.302928316720099233e-01
6.107256118578558102e+00 -1.569192933359742359e-01
6.119822489192916493e+00 -1.519903582043508894e-01
6.132388859807275772e+00 -9.955636580189164420e-02
6.144955230421635051e+00 -5.823092537079441189e-02
6.157521601035994330e+00 -9.456850696322767480e-02
6.170087971650353609e+00 -1.496085596234752735e-01
6.182654342264712888e+00 -1.241914836449836690e-02
6.195220712879072167e+00 -2.575826043133030430e-01
6.207787083493431446e+00 8.176023708977991911e-03
6.220353454107790725e+00 -5.893694079714358741e-02
6.232919824722149116e+00 -8.125754216391063711e-02
6.245486195336508395e+00 -1.160661440919520115e-01
6.258052565950867674e+00 7.650557991368561739e-02
6.270618936565226953e+00 8.109388359272923230e-02
