0.000000000000000000e+00 9.492350520610771947e-02
1.256637061435917323e-02 3.519012476609200551e-02
2.513274122871834645e-02 1.828537425837774566e-01
3.769911184307751795e-02 1.622404257926003679e-02
5.026548245743669291e-02 7.011971674854998449e-02
6.283185307179586787e-02 -1.588558367324605092e-02
7.539822368615503589e-02 1.760301712762322723e-01
8.796459430051420392e-02 1.261252344192043129e-01
1.005309649148733858e-01 2.056612662137164982e-01
1.130973355292325677e-01 2.120339431578993628e-04
1.256637061435917357e-01 -1.580489134270254836e-02
1.382300767579508760e-01 8.961399644559936428e-02
1.507964473723100718e-01 1.504974946991967377e-01
1.633628179866692676e-01 1.008048821809394840e-01
1.759291886010284078e-01 1.631382955397928380e-01
1.884955592153875759e-01 1.994769177998257370e-01
2.010619298297467716e-01 1.144523224253913701e-01
2.136283004441059397e-01 5.179463896804643586e-01
2.261946710584651354e-01 2.011084614394791636e-01
2.387610416728242757e-01 2.102591969062395649e-01
2.513274122871834715e-01 3.029734256506829149e-01
2.638937829015426395e-01 2.093079709301167157e-01
2.764601535159017520e-01 1.664379640783018033e-01
2.890265241302609756e-01 3.345402582545018988e-01
3.015928947446201436e-01 2.238876745730003781e-01
3.141592653589793116e-01 3.335808352056229276e-01
3.267256359733385351e-01 2.618462515171486871e-01
3.392920065876976476e-01 2.065444094863516378e-01
3.518583772020568157e-01 2.373116366251195597e-01
3.644247478164160392e-01 3.905806613635358637e-01
3.769911184307751517e-01 2.468541130872388689e-01
3.895574890451343197e-01 4.031600410404697632e-01
4.021238596594935433e-01 3.958676209999169027e-01
4.146902302738527113e-01 3.124137416870546025e-01
4.272566008882118793e-01 5.023515862721836811e-01
4.398229715025711029e-01 3.943347421837135047e-01
4.523893421169302709e-01 4.076342109973190575e-01
4.649557127312893834e-01 5.040940084922991282e-01
4.775220833456485514e-01 4.193590404744826916e-01
4.900884539600077194e-01 5.334677813368682298e-01
5.026548245743669430e-01 4.063806925841204620e-01
5.152211951887261110e-01 5.436757491363380934e-01
5.277875658030852790e-01 3.153522604303248267e-01
5.403539364174444470e-01 5.554140524727445571e-01
5.529203070318035040e-01 4.649511979547521490e-01
5.654866776461627831e-01 4.893005259152626296e-01
5.780530482605219511e-01 7.057417486278799723e-01
5.906194188748811191e-01 5.190058605464529240e-01
6.031857894892402872e-01 6.580989396559717708e-01
6.157521601035994552e-01 6.996907342233862348e-01
6.283185307179586232e-01 6.622474964737797842e-01
6.408849013323177912e-01 3.561612925033610932e-01
6.534512719466770703e-01 5.544781652531177718e-01
6.660176425610361273e-01 6.627652071532841305e-01
6.785840131753952953e-01 8.294228604913480574e-01
6.911503837897544633e-01 7.488924620855779146e-01
7.037167544041136313e-01 6.899286204867673966e-01
7.162831250184729104e-01 6.706257246336216893e-01
7.288494956328320784e-01 6.857263111764003716e-01
7.414158662471912464e-01 8.934056777885391876e-01
7.539822368615503034e-01 6.920382506702073000e-01
7.665486074759094715e-01 7.508683363076245065e-01
7.791149780902686395e-01 7.678298409219891374e-01
7.916813487046279185e-01 7.249103389051554380e-01
8.042477193189870865e-01 8.454184418079858654e-01
8.168140899333462546e-01 7.141732115583355744e-01
8.293804605477054226e-01 5.751020815634425576e-01
8.419468311620645906e-01 6.309293948802738861e-01
8.545132017764237586e-01 9.298807947802417706e-01
8.670795723907829267e-01 8.481945264666874706e-01
8.796459430051422057e-01 5.863738329279327699e-01
8.922123136195013737e-01 7.986940451245118089e-01
9.047786842338605418e-01 6.783394966359548306e-01
9.173450548482194877e-01 8.853789170876397163e-01
9.299114254625787668e-01 1.008347863626388730e+00
9.424777960769379348e-01 7.853874611530995420e-01
9.550441666912971028e-01 7.762834729537115841e-01
9.676105373056562708e-01 9.462065712481895208e-01
9.801769079200154389e-01 8.696252439219107622e-01
9.927432785343746069e-01 8.474588508010486576e-01
1.005309649148733886e+00 1.044896009552062743e+00
1.017876019763092943e+00 9.881939029385153894e-01
1.030442390377452222e+00 8.156624145095814349e-01
1.043008760991811279e+00 7.926670702580517203e-01
1.055575131606170558e+00 8.307517953220587836e-01
1.068141502220529837e+00 8.773400313097576841e-01
1.080707872834888894e+00 1.168052920310248766e+00
1.093274243449248173e+00 7.828067386898633906e-01
1.105840614063607008e+00 8.602724800127641291e-01
1.118406984677966287e+00 8.116425458638735213e-01
1.130973355292325566e+00 7.538096719937652512e-01
1.143539725906684623e+00 7.503726676119102379e-01
1.156106096521043902e+00 8.776974544240191412e-01
1.168672467135402959e+00 9.073454811007696241e-01
1.181238837749762238e+00 9.041820833184831541e-01
1.193805208364121295e+00 9.298333234612724540e-01
1.206371578978480574e+00 9.129635709074001015e-01
1.218937949592839853e+00 9.332622682341690235e-01
1.231504320207198910e+00 1.002876171836146080e+00
1.244070690821558189e+00 9.901619100947652852e-01
1.256637061435917246e+00 1.052902089075369307e+00
1.269203432050276525e+00 9.736653088768553177e-01
1.281769802664635582e+00 9.169172879229448014e-01
1.294336173278994861e+00 1.115083785910881087e+00
1.306902543893354141e+00 9.995418681882850542e-01
1.319468914507712975e+00 8.515438016128979992e-01
1.332035285122072255e+00 9.217686105869735691e-01
1.344601655736431534e+00 8.410061616007212804e-01
1.357168026350790591e+00 9.432818763208158375e-01
1.369734396965149870e+00 9.072181505383598576e-01
1.382300767579508927e+00 9.672608568340047563e-01
1.394867138193868206e+00 9.581020002243170186e-01
1.407433508808227263e+00 9.935716029621112222e-01
1.419999879422586542e+00 8.161103314325557356e-01
1.432566250036945821e+00 1.123221076682798358e+00
1.445132620651304878e+00 8.788273852210167769e-01
1.457698991265664157e+00 9.012701383970534996e-01
1.470265361880023214e+00 9.726050936523187307e-01
1.482831732494382493e+00 1.016573502047060540e+00
1.495398103108741550e+00 9.596563671325680778e-01
1.507964473723100607e+00 1.062502609331645198e+00
1.520530844337459886e+00 1.202625983882853244e+00
1.533097214951818943e+00 9.910092348465279199e-01
1.545663585566178222e+00 1.099283760128724641e+00
1.558229956180537279e+00 9.850595781696365183e-01
1.570796326794896558e+00 8.610620986887993489e-01
1.583362697409255837e+00 1.037236067052613731e+00
1.595929068023614894e+00 9.812488831977507209e-01
1.608495438637974173e+00 9.835763773280665756e-01
1.621061809252333230e+00 8.600019851075091371e-01
1.633628179866692509e+00 1.154192580352142672e+00
1.646194550481051566e+00 9.304330485679837004e-01
1.658760921095410845e+00 1.017874720307024416e+00
1.671327291709770124e+00 9.739078868450309345e-01
1.683893662324129181e+00 9.234311166303212914e-01
1.696460032938488460e+00 8.724120910807432461e-01
1.709026403552847517e+00 1.044266125461941641e+00
1.721592774167206796e+00 9.881640685397214963e-01
1.734159144781565853e+00 1.153756217368976378e+00
1.746725515395925132e+00 8.507323091805701898e-01
1.759291886010284411e+00 1.009188131004734590e+00
1.771858256624643468e+00 9.643081588691261308e-01
1.784424627239002747e+00 9.045549528065534028e-01
1.796990997853361804e+00 9.851559218362275772e-01
1.809557368467721084e+00 1.081020019784692421e+00
1.822123739082079918e+00 7.595938971258787697e-01
1.834690109696438975e+00 9.935586909641671571e-01
1.847256480310798255e+00 9.859037662175152983e-01
1.859822850925157534e+00 1.039819605544947789e+00
1.872389221539516591e+00 1.098950716980016340e+00
1.884955592153875870e+00 1.011037552055467525e+00
1.897521962768234927e+00 8.439281858422938987e-01
1.910088333382594206e+00 9.325632331994315738e-01
1.922654703996953263e+00 1.055272708420269767e+00
1.935221074611312542e+00 9.354501879028690459e-01
1.947787445225671821e+00 9.833001972188412099e-01
1.960353815840030878e+00 9.223942111257639187e-01
1.972920186454390157e+00 9.810182259376571956e-01
1.985486557068749214e+00 9.928094591754893505e-01
1.998052927683108493e+00 7.263556860544198024e-01
2.010619298297467772e+00 7.551199441715975569e-01
2.023185668911826607e+00 9.936656694022336644e-01
2.035752039526185886e+00 8.573529977643802313e-01
2.048318410140545165e+00 9.319160978630915970e-01
2.060884780754904444e+00 7.440590126129817961e-01
2.073451151369263723e+00 8.185355604951677355e-01
2.086017521983622558e+00 1.142650198946452367e+00
2.098583892597981837e+00 9.016392771356711577e-01
2.111150263212341116e+00 8.382584798586083519e-01
2.123716633826700395e+00 7.778802137795910454e-01
2.136283004441059674e+00 9.564482163329522946e-01
2.148849375055418509e+00 9.664621946204514646e-01
2.161415745669777788e+00 9.762076305302611612e-01
2.173982116284137067e+00 8.162412237963027062e-01
2.186548486898496346e+00 9.610364590736223400e-01
2.199114857512855181e+00 9.087187848702057424e-01
2.211681228127214016e+00 1.045755823752989144e+00
2.224247598741573295e+00 7.280777632881257899e-01
2.236813969355932574e+00 8.006593311315919337e-01
2.249380339970291853e+00 6.978680247341705334e-01
2.261946710584651132e+00 8.664660856205946837e-01
2.274513081199009967e+00 7.270484271952672994e-01
2.287079451813369246e+00 6.663085073280727855e-01
2.299645822427728525e+00 7.154105174521994126e-01
2.312212193042087804e+00 8.082656385468950377e-01
2.324778563656447083e+00 6.513851537725898755e-01
2.337344934270805918e+00 5.438008570469948788e-01
2.349911304885165197e+00 6.175225039410967565e-01
2.362477675499524477e+00 5.518557234827661251e-01
2.375044046113883756e+00 6.389395140527787120e-01
2.387610416728242591e+00 7.578428807494985708e-01
2.400176787342601870e+00 6.251482673106567578e-01
2.412743157956961149e+00 7.118559279777336712e-01
2.425309528571320428e+00 7.378041290899017834e-01
2.437875899185679707e+00 6.832043978899168257e-01
2.450442269800038542e+00 7.507817636002537265e-01
2.463008640414397821e+00 6.065071757134556929e-01
2.475575011028757100e+00 6.589097735848804538e-01
2.488141381643116379e+00 5.969668669575403097e-01
2.500707752257475658e+00 7.780976539901484079e-01
2.513274122871834493e+00 3.953462766116311311e-01
2.525840493486193772e+00 4.993692731012676078e-01
2.538406864100553051e+00 6.787218027918615615e-01
2.550973234714912330e+00 6.967006279108337585e-01
2.563539605329271165e+00 7.124020170694687071e-01
2.576105975943630444e+00 6.443458896208006381e-01
2.588672346557989723e+00 3.921373570229470529e-01
2.601238717172349002e+00 5.654247734020689808e-01
2.613805087786708281e+00 5.548196433940564276e-01
2.626371458401067116e+00 6.812199513077276114e-01
2.638937829015425951e+00 5.563109152748251240e-01
2.651504199629785230e+00 5.658832842354750703e-01
2.664070570244144509e+00 4.507082510211711246e-01
2.676636940858503788e+00 3.479411364969736131e-01
2.689203311472863067e+00 3.912184577788174744e-01
2.701769682087221902e+00 5.642996452110343730e-01
2.714336052701581181e+00 3.033266333224443057e-01
2.726902423315940460e+00 2.412896308599996043e-01
2.739468793930299739e+00 2.314174984334659013e-01
2.752035164544658574e+00 2.995750327957794057e-01
2.764601535159017853e+00 3.158254456388516762e-01
2.777167905773377132e+00 3.328731572026786822e-01
2.789734276387736411e+00 3.860565396678999894e-01
2.802300647002095690e+00 2.131653176362019453e-01
2.814867017616454525e+00 1.354515829476915512e-01
2.827433388230813804e+00 3.929948388145207971e-01
2.839999758845173083e+00 1.248024761829228113e-01
2.852566129459532362e+00 2.403080183604738296e-01
2.865132500073891642e+00 2.324377886770543911e-01
2.877698870688250476e+00 3.853809668487810369e-01
2.890265241302609756e+00 2.415871600446221068e-01
2.902831611916969035e+00 1.828488667316315597e-01
2.915397982531328314e+00 2.322825398925653650e-01
2.927964353145687149e+00 1.957380740300360134e-02
2.940530723760046428e+00 2.602279111030200709e-01
2.953097094374405707e+00 2.691896032090976276e-01
2.965663464988764986e+00 5.193733862891153352e-02
2.978229835603124265e+00 1.473922528497887685e-01
2.990796206217483100e+00 -2.058847488884574251e-03
3.003362576831842379e+00 3.698850561280224714e-01
3.015928947446201214e+00 1.973373115893766738e-01
3.028495318060560493e+00 2.172803439774012579e-02
3.041061688674919772e+00 1.549553861654313913e-01
3.053628059289279051e+00 1.907842920789160068e-01
3.066194429903637886e+00 1.714053408822386881e-01
3.078760800517997165e+00 1.341624101000051250e-01
3.091327171132356444e+00 -8.068462119697478174e-02
3.103893541746715723e+00 -7.924596609183126583e-02
3.116459912361074558e+00 -1.362340938431001389e-02
3.129026282975433837e+00 5.512765230317086262e-02
3.141592653589793116e+00 -1.404988353484330765e-01
3.154159024204152395e+00 5.455541724730485903e-02
3.166725394818511674e+00 -9.653057850226179348e-02
3.179291765432870509e+00 -6.800981348534827775e-02
3.191858136047229788e+00 -4.778471642162405997e-03
3.204424506661589067e+00 -1.963311963759106771e-01
3.216990877275948346e+00 -3.454242007618289756e-02
3.229557247890307181e+00 -9.586426522926475013e-03
3.242123618504666460e+00 -6.024223186460953006e-02
3.254689989119025739e+00 -3.016721415450518418e-02
3.267256359733385018e+00 -1.814875527057641658e-01
3.279822730347744297e+00 -1.136902886978173460e-01
3.292389100962103132e+00 -2.855195985839732997e-01
3.304955471576462411e+00 -1.345844328754662866e-01
3.317521842190821690e+00 -1.547927898488981602e-01
3.330088212805180969e+00 -1.250851849770406032e-01
3.342654583419540248e+00 -2.916684199292626789e-01
3.355220954033899083e+00 -2.762849640018136821e-01
3.367787324648258362e+00 -2.878023256542556751e-01
3.380353695262617642e+00 -3.967712292831752086e-01
3.392920065876976921e+00 -2.374024602115555327e-01
3.405486436491335756e+00 -2.353112542329645895e-01
3.418052807105695035e+00 -4.776615810916821636e-01
3.430619177720054314e+00 -3.701579051010550625e-01
3.443185548334413593e+00 -1.657936778642149778e-01
3.455751918948772872e+00 -3.158959353466549991e-01
3.468318289563131707e+00 -1.784242347600697998e-01
3.480884660177490986e+00 -2.623606529674800680e-01
3.493451030791850265e+00 -4.409614249505961481e-01
3.506017401406209544e+00 -2.098320461588886743e-01
3.518583772020568823e+00 -2.599142392472982288e-01
3.531150142634927658e+00 -4.598856082353299235e-01
3.543716513249286937e+00 -4.385108706622038999e-01
3.556282883863646216e+00 -3.067581790884234549e-01
3.568849254478005495e+00 -5.944837889541112474e-01
3.581415625092364330e+00 -3.399786096811640013e-01
3.593981995706723609e+00 -4.348744131200251162e-01
3.606548366321082888e+00 -4.143020168953813753e-01
3.619114736935442167e+00 -3.978153845937401067e-01
3.631681107549800558e+00 -4.809857094936415001e-01
3.644247478164159837e+00 -5.288071803825178385e-01
3.656813848778519116e+00 -6.497183128650161343e-01
3.669380219392877951e+00 -5.936394013135147807e-01
3.681946590007237230e+00 -3.667780270953764910e-01
3.694512960621596509e+00 -4.932045969646367545e-01
3.707079331235955788e+00 -5.123045776339121282e-01
3.719645701850315067e+00 -7.229861715622252216e-01
3.732212072464673902e+00 -5.550000588409707003e-01
3.744778443079033181e+00 -6.785090897967069878e-01
3.757344813693392460e+00 -7.338389804897014201e-01
3.769911184307751739e+00 -6.966622328946552312e-01
3.782477554922110574e+00 -4.362807106771378063e-01
3.795043925536469853e+00 -4.950476018937131073e-01
3.807610296150829132e+00 -5.651801097050146439e-01
3.820176666765188411e+00 -5.127080693295652525e-01
3.832743037379547690e+00 -6.403343210924691276e-01
3.845309407993906525e+00 -6.131426328641482737e-01
3.857875778608265804e+00 -7.695624999863328597e-01
3.870442149222625083e+00 -6.090275369461437549e-01
3.883008519836984362e+00 -6.496206486708142602e-01
3.895574890451343641e+00 -7.232295798690480115e-01
3.908141261065702476e+00 -7.372064023336730720e-01
3.920707631680061755e+00 -8.513259169133809978e-01
3.933274002294421035e+00 -7.290377578149020987e-01
3.945840372908780314e+00 -6.359607987158168996e-01
3.958406743523139149e+00 -6.723083124510286224e-01
3.970973114137498428e+00 -1.061236509940622241e+00
3.983539484751857707e+00 -5.822329963351069448e-01
3.996105855366216986e+00 -6.656645899796554966e-01
4.008672225980576265e+00 -8.389811997551359646e-01
4.021238596594935544e+00 -7.795348335453567978e-01
4.033804967209294823e+00 -7.657607346737496101e-01
4.046371337823653214e+00 -6.575179853171435607e-01
4.058937708438012493e+00 -7.142361696170475005e-01
4.071504079052371772e+00 -6.587618972632569569e-01
4.084070449666731051e+00 -7.723911634280687943e-01
4.096636820281090330e+00 -8.324547312553504108e-01
4.109203190895449609e+00 -6.547050458722434296e-01
4.121769561509808888e+00 -8.198023446445134033e-01
4.134335932124168167e+00 -9.921643994981036441e-01
4.146902302738527446e+00 -7.764991466847743773e-01
4.159468673352886725e+00 -7.568141576944571458e-01
4.172035043967245116e+00 -9.429428386882803270e-01
4.184601414581604395e+00 -9.068708876282786102e-01
4.197167785195963674e+00 -8.532336456171494277e-01
4.209734155810322953e+00 -1.014702445679329212e+00
4.222300526424682232e+00 -8.176545652691635802e-01
4.234866897039041511e+00 -9.015075037774910038e-01
4.247433267653400790e+00 -8.953772215092815623e-01
4.259999638267760069e+00 -9.095007655744953290e-01
4.272566008882119348e+00 -8.809928283932055848e-01
4.285132379496477739e+00 -8.763041525626656947e-01
4.297698750110837018e+00 -8.117277700789933270e-01
4.310265120725196297e+00 -9.112251010459909706e-01
4.322831491339555576e+00 -1.019689497920466481e+00
4.335397861953914855e+00 -8.765322378964736094e-01
4.347964232568274134e+00 -9.628842268663161397e-01
4.360530603182633413e+00 -6.097171963836652830e-01
4.373096973796992692e+00 -8.405006200615889878e-01
4.385663344411351972e+00 -1.185916894044090286e+00
4.398229715025710362e+00 -7.971418538383779895e-01
4.410796085640069641e+00 -1.086297377916072282e+00
4.423362456254428032e+00 -1.029959705544285065e+00
4.435928826868787311e+00 -9.374752224758425845e-01
4.448495197483146590e+00 -9.906962387427756811e-01
4.461061568097505869e+00 -9.162623285589900357e-01
4.473627938711865148e+00 -1.120487606183621532e+00
4.486194309326224428e+00 -8.994867189868462898e-01
4.498760679940583707e+00 -9.651518041547164639e-01
4.511327050554942986e+00 -1.173412954930437513e+00
4.523893421169302265e+00 -9.352970479794212588e-01
4.536459791783661544e+00 -8.189158572937869085e-01
4.549026162398019935e+00 -1.021563763789046897e+00
4.561592533012379214e+00 -9.372003322145947557e-01
4.574158903626738493e+00 -1.106917011598295364e+00
4.586725274241097772e+00 -1.046448019176079214e+00
4.599291644855457051e+00 -1.179554167322029112e+00
4.611858015469816330e+00 -9.886177533964852771e-01
4.624424386084175609e+00 -1.079810639504883651e+00
4.636990756698534888e+00 -1.135383468103015492e+00
4.649557127312894167e+00 -8.237155885465327065e-01
4.662123497927252558e+00 -1.030993663598518184e+00
4.674689868541611837e+00 -9.957863532227532177e-01
4.687256239155971116e+00 -1.110214613838234943e+00
4.699822609770330395e+00 -1.078746130410510817e+00
4.712388980384689674e+00 -1.243435627080275774e+00
4.724955350999048953e+00 -8.831849562641962414e-01
4.737521721613408232e+00 -9.494046983361498215e-01
4.750088092227767511e+00 -8.410175376672197611e-01
4.762654462842126790e+00 -9.604252727933827449e-01
4.775220833456485181e+00 -9.668572820799763434e-01
4.787787204070844460e+00 -1.062812691162490442e+00
4.800353574685203739e+00 -1.009608854653352150e+00
4.812919945299563018e+00 -9.534100891838483971e-01
4.825486315913922297e+00 -1.119413997446517373e+00
4.838052686528281576e+00 -1.007485540095287790e+00
4.850619057142640855e+00 -9.278533898471559294e-01
4.863185427757000134e+00 -9.124796530050343080e-01
4.875751798371359413e+00 -9.106736883495156754e-01
4.888318168985717804e+00 -9.584931425778605574e-01
4.900884539600077083e+00 -1.036962219506187832e+00
4.913450910214436362e+00 -8.898108430411806324e-01
4.926017280828795641e+00 -9.579173424399269887e-01
4.938583651443154920e+00 -7.928163080398633600e-01
4.951150022057514200e+00 -1.055643743746401242e+00
4.963716392671873479e+00 -9.464709980977923376e-01
4.976282763286232758e+00 -9.214871235316612896e-01
4.988849133900592037e+00 -9.668651843764058951e-01
5.001415504514951316e+00 -9.590655922576828418e-01
5.013981875129309707e+00 -1.012005749883309047e+00
5.026548245743668986e+00 -7.921254217045153867e-01
5.039114616358028265e+00 -8.540093056642686919e-01
5.051680986972387544e+00 -9.570159043606816240e-01
5.064247357586746823e+00 -8.935570726704645805e-01
5.076813728201106102e+00 -1.119539638784596169e+00
5.089380098815465381e+00 -9.113052414399827050e-01
5.101946469429824660e+00 -8.165025116235287150e-01
5.114512840044183939e+00 -9.647629552643466333e-01
5.127079210658542330e+00 -8.308606586081791479e-01
5.139645581272901609e+00 -9.866640310457717167e-01
5.152211951887260888e+00 -9.916655258240678616e-01
5.164778322501620167e+00 -1.151633327997067635e+00
5.177344693115979446e+00 -9.598405989490845780e-01
5.189911063730338725e+00 -7.350826015059825913e-01
5.202477434344698004e+00 -8.397572250559292018e-01
5.215043804959057283e+00 -8.608626103893955994e-01
5.227610175573416562e+00 -9.728062138394464320e-01
5.240176546187774953e+00 -6.760663293042056265e-01
5.252742916802134232e+00 -7.966238689482574298e-01
5.265309287416492623e+00 -9.901906896568648531e-01
5.277875658030851902e+00 -8.913745151553730262e-01
5.290442028645211181e+00 -7.786906537782217752e-01
5.303008399259570460e+00 -7.168642417929173005e-01
5.315574769873929739e+00 -9.405074859111288710e-01
5.328141140488289018e+00 -9.171701430613430350e-01
5.340707511102648297e+00 -7.760391308194170001e-01
5.353273881717007576e+00 -7.880714793848389021e-01
5.365840252331366855e+00 -7.520481846333775255e-01
5.378406622945726134e+00 -7.579432898239710781e-01
5.390972993560084525e+00 -6.904047153636961864e-01
5.403539364174443804e+00 -7.570010356300949095e-01
5.416105734788803083e+00 -7.986480037233343321e-01
5.428672105403162362e+00 -9.233174327990868457e-01
5.441238476017521641e+00 -7.064917982878214930e-01
5.453804846631880920e+00 -7.956951347087226623e-01
5.466371217246240199e+00 -6.858054333097831634e-01
5.478937587860599479e+00 -6.447776578584201168e-01
5.491503958474958758e+00 -6.835684476961385592e-01
5.504070329089317148e+00 -7.728205245934013368e-01
5.516636699703676427e+00 -7.152207658610791885e-01
5.529203070318035707e+00 -7.081542085732713820e-01
5.541769440932394986e+00 -7.367985223753186208e-01
5.554335811546754265e+00 -6.045917919391183837e-01
5.566902182161113544e+00 -6.568495712980728651e-01
5.579468552775472823e+00 -9.595747979147116746e-01
5.592034923389832102e+00 -7.681008841391445685e-01
5.604601294004191381e+00 -5.851978933324373244e-01
5.617167664618549772e+00 -6.789568631882514360e-01
5.629734035232909051e+00 -5.516388980897728445e-01
5.642300405847268330e+00 -6.092388714645264880e-01
5.654866776461627609e+00 -5.761048422565422378e-01
5.667433147075986888e+00 -3.956920974270029534e-01
5.679999517690346167e+00 -5.794648621672481292e-01
5.692565888304705446e+00 -5.559859061593974694e-01
5.705132258919064725e+00 -5.910524940571240116e-01
5.717698629533424004e+00 -5.331302875260254259e-01
5.730265000147783283e+00 -2.794989174060539261e-01
5.742831370762141674e+00 -3.708029713476121980e-01
5.755397741376500953e+00 -4.510643783399254092e-01
5.767964111990860232e+00 -5.399733678409506243e-01
5.780530482605219511e+00 -4.149983928979150694e-01
5.793096853219578790e+00 -5.184100063145609116e-01
5.805663223833938069e+00 -3.942997606150462353e-01
5.818229594448297348e+00 -3.967793467464968415e-01
5.830795965062656627e+00 -2.782000511767254158e-01
5.843362335677015906e+00 -4.481842008478547079e-01
5.855928706291374297e+00 -2.947241462524485267e-01
5.868495076905733576e+00 -3.400853799187527615e-01
5.881061447520092855e+00 -4.172724447200131248e-01
5.893627818134452134e+00 -4.833656257742233731e-01
5.906194188748811413e+00 -4.030171339131037311e-01
5.918760559363170692e+00 -3.618610963194436869e-01
5.931326929977529971e+00 -3.013100544254477264e-01
5.943893300591889250e+00 -3.228930212146948753e-01
5.956459671206248530e+00 -3.641054043490932757e-01
5.969026041820606920e+00 -3.061940184722360958e-01
5.981592412434966199e+00 -1.211435876910186837e-01
5.994158783049325478e+00 -4.002465664161943271e-01
6.006725153663684758e+00 -2.792794519094025651e-01
6.019291524278044037e+00 -1.168888253421727363e-01
6.031857894892402427e+00 -3.458856518547546166e-01
6.044424265506761706e+00 -3.665107637826043874e-01
6.056990636121120986e+00 -3.281106753540016796e-01
6.069557006735480265e+00 -2.605268578631945164e-01
6.082123377349839544e+00 -5.316565964036468195e-02
6.094689747964198823e+00 -1.002956207233123009e-01
6.107256118578558102e+00 -2.079452130975479041e-01
6.119822489192916493e+00 1.114271255575238762e-02
6.132388859807275772e+00 -2.405978201923572313e-01
6.144955230421635051e+00 -1.282953009865194227e-01
6.157521601035994330e+00 -6.712144490355906323e-02
6.170087971650353609e+00 -1.971918881486026676e-01
6.182654342264712888e+00 -1.932548214958482169e-01
6.195220712879072167e+00 -1.070146518290780308e-01
6.207787083493431446e+00 -1.757806079991653392e-01
6.220353454107790725e+00 -2.050982314487973523e-01
6.232919824722149116e+00 -1.356244081577672733e-01
6.245486195336508395e+00 -1.766676868634487474e-01
6.258052565950867674e+00 -1.498717595220401544e-01
6.270618936565226953e+00 6.936178650350646735e-02
