0.000000000000000000e+00 1.749454741305179473e-01
1.256637061435917323e-02 -1.604125979827681139e-02
2.513274122871834645e-02 -2.332641777877695125e-02
3.769911184307751795e-02 -2.276416732562133449e-01
5.026548245743669291e-02 4.941585524247597144e-02
6.283185307179586787e-02 3.082738315288354597e-02
7.539822368615503589e-02 2.166386930445971665e-02
8.796459430051420392e-02 1.193914633933128577e-01
1.005309649148733858e-01 1.424667864767627523e-01
1.130973355292325677e-01 6.296086828598321250e-03
1.256637061435917357e-01 3.670926656875694860e-02
1.382300767579508760e-01 9.021694141629851837e-02
1.507964473723100718e-01 2.191938201408991926e-01
1.633628179866692676e-01 2.187563827982117182e-01
1.759291886010284078e-01 4.446820799721798445e-02
1.884955592153875759e-01 7.543378842576270449e-02
2.010619298297467716e-01 2.733937196373590894e-01
2.136283004441059397e-01 3.694705172324830311e-01
2.261946710584651354e-01 2.211632521025951870e-01
2.387610416728242757e-01 1.681543342772009453e-01
2.513274122871834715e-01 3.582528570167993198e-01
2.638937829015426395e-01 2.298838425678307318e-01
2.764601535159017520e-01 3.455271579972274965e-01
2.890265241302609756e-01 4.399264258071547973e-01
3.015928947446201436e-01 3.600495638263764286e-01
3.141592653589793116e-01 3.163663180751363213e-01
3.267256359733385351e-01 3.941707451957350838e-01
3.392920065876976476e-01 2.685620052796511836e-01
3.518583772020568157e-01 3.268336056432740722e-01
3.644247478164160392e-01 2.990164227722300616e-01
3.769911184307751517e-01 3.476870211184607262e-01
3.895574890451343197e-01 3.311295855109189779e-01
4.021238596594935433e-01 3.727961344413016076e-01
4.146902302738527113e-01 3.648527940377949141e-01
4.272566008882118793e-01 4.232733445255131843e-01
4.398229715025711029e-01 4.321464577075505020e-01
4.523893421169302709e-01 4.667504774603609685e-01
4.649557127312893834e-01 5.886603280384176129e-01
4.775220833456485514e-01 3.048936038612493071e-01
4.900884539600077194e-01 6.002657906455975967e-01
5.026548245743669430e-01 4.580286295270320496e-01
5.152211951887261110e-01 3.694927208880643965e-01
5.277875658030852790e-01 4.863812249180198277e-01
5.403539364174444470e-01 5.236233712744446933e-01
5.529203070318035040e-01 6.319304756660741873e-01
5.654866776461627831e-01 4.296633501518133391e-01
5.780530482605219511e-01 5.681291675314907863e-01
5.906194188748811191e-01 5.686575669235305330e-01
6.031857894892402872e-01 3.988578598304235445e-01
6.157521601035994552e-01 4.589971768872111446e-01
6.283185307179586232e-01 6.477954528552278823e-01
6.408849013323177912e-01 6.674617085950053097e-01
6.534512719466770703e-01 7.167013837042914837e-01
6.660176425610361273e-01 6.712417846548653921e-01
6.785840131753952953e-01 6.672125625842163510e-01
6.911503837897544633e-01 6.497107426849499934e-01
7.037167544041136313e-01 7.679661257787784301e-01
7.162831250184729104e-01 5.722791456449245473e-01
7.288494956328320784e-01 6.518225093326304176e-01
7.414158662471912464e-01 7.138682219308731813e-01
7.539822368615503034e-01 5.267976750695266830e-01
7.665486074759094715e-01 8.247476698343124690e-01
7.791149780902686395e-01 6.233634690211935503e-01
7.916813487046279185e-01 7.043607359921862932e-01
8.042477193189870865e-01 9.359764674685848718e-01
8.168140899333462546e-01 6.460249021937229941e-01
8.293804605477054226e-01 6.845759145933792977e-01
8.419468311620645906e-01 9.021115147892232455e-01
8.545132017764237586e-01 6.462319982163752252e-01
8.670795723907829267e-01 7.192367491376983057e-01
8.796459430051422057e-01 8.221216465092862080e-01
8.922123136195013737e-01 8.240015875956041569e-01
9.047786842338605418e-01 8.456570524347644113e-01
9.173450548482194877e-01 8.310410320765099224e-01
9.299114254625787668e-01 9.361047920557519220e-01
9.424777960769379348e-01 9.106112090135539683e-01
9.550441666912971028e-01 8.758670961249760412e-01
9.676105373056562708e-01 7.552524359916152896e-01
9.801769079200154389e-01 7.592399062554026079e-01
9.927432785343746069e-01 6.466990858731241909e-01
1.005309649148733886e+00 9.130591603604559792e-01
1.017876019763092943e+00 6.686935234423252439e-01
1.030442390377452222e+00 9.454380361653430542e-01
1.043008760991811279e+00 1.048559904486005889e+00
1.055575131606170558e+00 7.640183142906810110e-01
1.068141502220529837e+00 8.078582132035416752e-01
1.080707872834888894e+00 8.346697784482883797e-01
1.093274243449248173e+00 9.711674917695717335e-01
1.105840614063607008e+00 8.075061725278728231e-01
1.118406984677966287e+00 8.863511048585974716e-01
1.130973355292325566e+00 8.525182892044452787e-01
1.143539725906684623e+00 8.849782782495274613e-01
1.156106096521043902e+00 1.044368645463247480e+00
1.168672467135402959e+00 8.238113620477379717e-01
1.181238837749762238e+00 9.322531842516870171e-01
1.193805208364121295e+00 9.569371155038914889e-01
1.206371578978480574e+00 1.020195659843921021e+00
1.218937949592839853e+00 8.123264897495245940e-01
1.231504320207198910e+00 1.054477564388497601e+00
1.244070690821558189e+00 9.905760036655053558e-01
1.256637061435917246e+00 1.038483792879742129e+00
1.269203432050276525e+00 9.620297547725277232e-01
1.281769802664635582e+00 7.946166263434532029e-01
1.294336173278994861e+00 8.972974084588452026e-01
1.306902543893354141e+00 1.047158595459889874e+00
1.319468914507712975e+00 9.722626365284939842e-01
1.332035285122072255e+00 9.667614786779250569e-01
1.344601655736431534e+00 1.153679982446515373e+00
1.357168026350790591e+00 1.197453754948605953e+00
1.369734396965149870e+00 9.761483619423642066e-01
1.382300767579508927e+00 1.175577793576137564e+00
1.394867138193868206e+00 7.852071813966297054e-01
1.407433508808227263e+00 7.817802181609490031e-01
1.419999879422586542e+00 1.075357265569865994e+00
1.432566250036945821e+00 9.642653183761653590e-01
1.445132620651304878e+00 1.050011812023558866e+00
1.457698991265664157e+00 1.045266549074707063e+00
1.470265361880023214e+00 9.860106529315677548e-01
1.482831732494382493e+00 1.064346580190862701e+00
1.495398103108741550e+00 1.012231101178060477e+00
1.507964473723100607e+00 8.448124761970022822e-01
1.520530844337459886e+00 1.020623814346045322e+00
1.533097214951818943e+00 1.017855798085340213e+00
1.545663585566178222e+00 1.182961842963420995e+00
1.558229956180537279e+00 8.870316040725025886e-01
1.570796326794896558e+00 1.001699688084106254e+00
1.583362697409255837e+00 9.574781617092431585e-01
1.595929068023614894e+00 9.863931993721848368e-01
1.608495438637974173e+00 1.165209934410229797e+00
1.621061809252333230e+00 1.036601025028914158e+00
1.633628179866692509e+00 9.515701221799114373e-01
1.646194550481051566e+00 1.012543024764100075e+00
1.658760921095410845e+00 1.072749671183557130e+00
1.671327291709770124e+00 8.955482476585063800e-01
1.683893662324129181e+00 9.671770776446189100e-01
1.696460032938488460e+00 1.146335623348558652e+00
1.709026403552847517e+00 1.076076630265611289e+00
1.721592774167206796e+00 9.841714830403591741e-01
1.734159144781565853e+00 9.389370213099079709e-01
1.746725515395925132e+00 9.691577820854465619e-01
1.759291886010284411e+00 8.271793046105939684e-01
1.771858256624643468e+00 1.074158650493608480e+00
1.784424627239002747e+00 1.011383467419229687e+00
1.796990997853361804e+00 9.883541945183710320e-01
1.809557368467721084e+00 8.418894711622206817e-01
1.822123739082079918e+00 8.970869167134114530e-01
1.834690109696438975e+00 1.016829602159308177e+00
1.847256480310798255e+00 9.877993096934598594e-01
1.859822850925157534e+00 9.088487412882477745e-01
1.872389221539516591e+00 1.005366736422656837e+00
1.884955592153875870e+00 1.044934828817214889e+00
1.897521962768234927e+00 8.795962775268292289e-01
1.910088333382594206e+00 8.899047118825393898e-01
1.922654703996953263e+00 8.517476633027587507e-01
1.935221074611312542e+00 8.188025199749419114e-01
1.947787445225671821e+00 1.009443670581116503e+00
1.960353815840030878e+00 9.760800090180210553e-01
1.972920186454390157e+00 9.541032410146840226e-01
1.985486557068749214e+00 7.980291691673082610e-01
1.998052927683108493e+00 8.055092052116176182e-01
2.010619298297467772e+00 8.980601960384086979e-01
2.023185668911826607e+00 8.580842762307046012e-01
2.035752039526185886e+00 9.058497041123854121e-01
2.048318410140545165e+00 8.182392801860217668e-01
2.060884780754904444e+00 9.476937146450099547e-01
2.073451151369263723e+00 1.056254687458112018e+00
2.086017521983622558e+00 1.024844364180856893e+00
2.098583892597981837e+00 1.024910815687051002e+00
2.111150263212341116e+00 8.646286342206034314e-01
2.123716633826700395e+00 9.431520049336348244e-01
2.136283004441059674e+00 8.066449412468778002e-01
2.148849375055418509e+00 9.295262943561575231e-01
2.161415745669777788e+00 7.927536437681985682e-01
2.173982116284137067e+00 7.746350541108977250e-01
2.186548486898496346e+00 7.518998690205875857e-01
2.199114857512855181e+00 8.789310780620709362e-01
2.211681228127214016e+00 8.291076506218868492e-01
2.224247598741573295e+00 8.126229327158877025e-01
2.236813969355932574e+00 6.723078669127120488e-01
2.249380339970291853e+00 7.926427906202160312e-01
2.261946710584651132e+00 6.264413074190732234e-01
2.274513081199009967e+00 9.100937934325122880e-01
2.287079451813369246e+00 7.410960324053735837e-01
2.299645822427728525e+00 7.653840655965883366e-01
2.312212193042087804e+00 7.269981920390272689e-01
2.324778563656447083e+00 5.705723695098834369e-01
2.337344934270805918e+00 5.831316563304838052e-01
2.349911304885165197e+00 7.087038433848006358e-01
2.362477675499524477e+00 8.518971197429947573e-01
2.375044046113883756e+00 5.821295842034202028e-01
2.387610416728242591e+00 6.140057033421206789e-01
2.400176787342601870e+00 6.706095506699963904e-01
2.412743157956961149e+00 4.972838066883576991e-01
2.425309528571320428e+00 4.868515442372340907e-01
2.437875899185679707e+00 6.059105673437027439e-01
2.450442269800038542e+00 6.328964754399575288e-01
2.463008640414397821e+00 5.885740480240302386e-01
2.475575011028757100e+00 7.712818480821137523e-01
2.488141381643116379e+00 5.915110029622594467e-01
2.500707752257475658e+00 6.339416483729837237e-01
2.513274122871834493e+00 7.475902423756738413e-01
2.525840493486193772e+00 7.479448857359825009e-01
2.538406864100553051e+00 4.083169597143038176e-01
2.550973234714912330e+00 5.191509647976566555e-01
2.563539605329271165e+00 6.626448976939663948e-01
2.576105975943630444e+00 3.979409242452700002e-01
2.588672346557989723e+00 4.327750619796873477e-01
2.601238717172349002e+00 3.846881947937547119e-01
2.613805087786708281e+00 3.674297788433618095e-01
2.626371458401067116e+00 3.793088045414624299e-01
2.638937829015425951e+00 4.994379492863643688e-01
2.651504199629785230e+00 5.975964837131872986e-01
2.664070570244144509e+00 6.123821483174997082e-01
2.676636940858503788e+00 4.495720144332224222e-01
2.689203311472863067e+00 2.400585779863406433e-01
2.701769682087221902e+00 4.201160330428929668e-01
2.714336052701581181e+00 3.804553394882188022e-01
2.726902423315940460e+00 4.381385479616359824e-01
2.739468793930299739e+00 3.785323556130376077e-01
2.752035164544658574e+00 2.001677859509088386e-01
2.764601535159017853e+00 4.094528972854549198e-01
2.777167905773377132e+00 1.496283350392289546e-01
2.789734276387736411e+00 2.756318017475171134e-01
2.802300647002095690e+00 3.639946158865909887e-01
2.814867017616454525e+00 3.559802664965620034e-01
2.827433388230813804e+00 4.661517949709155229e-01
2.839999758845173083e+00 6.080022226224554571e-02
2.852566129459532362e+00 3.190176833693655900e-01
2.865132500073891642e+00 3.418899700656384266e-01
2.877698870688250476e+00 2.281200926219369707e-01
2.890265241302609756e+00 3.124930396022893020e-01
2.902831611916969035e+00 1.262991339315632788e-01
2.915397982531328314e+00 2.899735189631990617e-01
2.927964353145687149e+00 2.658286346066527361e-01
2.940530723760046428e+00 1.015470151419539391e-01
2.953097094374405707e+00 1.207173332673511651e-01
2.965663464988764986e+00 1.560406653953614331e-01
2.978229835603124265e+00 9.702862985574893517e-02
2.990796206217483100e+00 2.546652973377562801e-01
3.003362576831842379e+00 1.553070372767546836e-01
3.015928947446201214e+00 2.568065666895645860e-01
3.028495318060560493e+00 2.303813415578075952e-01
3.041061688674919772e+00 1.064464160292989126e-01
3.053628059289279051e+00 6.854073864578616448e-02
3.066194429903637886e+00 -1.933875998256195938e-02
3.078760800517997165e+00 -1.767054291607496330e-02
3.091327171132356444e+00 -2.987479363256722448e-02
3.103893541746715723e+00 7.247523646300987887e-02
3.116459912361074558e+00 -6.323648609929068132e-02
3.129026282975433837e+00 2.043186805784044657e-02
3.141592653589793116e+00 1.925891282336354357e-02
3.154159024204152395e+00 -6.218947087514316296e-02
3.166725394818511674e+00 -4.375254988309854043e-02
3.179291765432870509e+00 1.068468081670758407e-01
3.191858136047229788e+00 1.109538338383746631e-01
3.204424506661589067e+00 -1.410538219884152344e-01
3.216990877275948346e+00 -9.478814994256935800e-02
3.229557247890307181e+00 -1.250644012976807606e-01
3.242123618504666460e+00 -1.279383693797384591e-01
3.254689989119025739e+00 4.065739871474409461e-02
3.267256359733385018e+00 -5.668776972590526542e-02
3.279822730347744297e+00 -1.179871909426380427e-02
3.292389100962103132e+00 2.746235968748814149e-02
3.304955471576462411e+00 -2.066685152089099420e-01
3.317521842190821690e+00 -1.937437859910657867e-01
3.330088212805180969e+00 -1.833406563215014551e-01
3.342654583419540248e+00 -9.710633240985737380e-02
3.355220954033899083e+00 -2.211068906357764319e-01
3.367787324648258362e+00 -1.596921283594141261e-01
3.380353695262617642e+00 -1.196681333256404967e-01
3.392920065876976921e+00 -1.323668550635930807e-01
3.405486436491335756e+00 -2.161736171487295133e-01
3.418052807105695035e+00 -3.518234783034872581e-01
3.430619177720054314e+00 -4.404294722834496412e-01
3.443185548334413593e+00 -1.848782734412574569e-01
3.455751918948772872e+00 -2.633570006548466291e-01
3.468318289563131707e+00 -4.146911979904014944e-01
3.480884660177490986e+00 -3.833271623202775258e-01
3.493451030791850265e+00 -3.895229730659742762e-01
3.506017401406209544e+00 -5.239067788339623055e-01
3.518583772020568823e+00 -3.429699433103020056e-01
3.531150142634927658e+00 -4.584830094161050917e-01
3.543716513249286937e+00 -4.208143401609821810e-01
3.556282883863646216e+00 -3.289363651504606523e-01
3.568849254478005495e+00 -4.239391715222993184e-01
3.581415625092364330e+00 -3.714739720301210024e-01
3.593981995706723609e+00 -3.948772427789883910e-01
3.606548366321082888e+00 -4.452163033924253499e-01
3.619114736935442167e+00 -4.546967629995177784e-01
3.631681107549800558e+00 -2.845425965402698099e-01
3.644247478164159837e+00 -4.988212633633838378e-01
3.656813848778519116e+00 -3.299601370997009564e-01
3.669380219392877951e+00 -5.950232719492147826e-01
3.681946590007237230e+00 -4.414994645647191129e-01
3.694512960621596509e+00 -5.080840872119677387e-01
3.707079331235955788e+00 -6.087522386320510792e-01
3.719645701850315067e+00 -8.111407992904955400e-01
3.732212072464673902e+00 -3.973831450136995347e-01
3.744778443079033181e+00 -6.827893538976405052e-01
3.757344813693392460e+00 -6.738781085133657145e-01
3.769911184307751739e+00 -5.748222510629170667e-01
3.782477554922110574e+00 -5.921910687276497054e-01
3.795043925536469853e+00 -5.800506862536116692e-01
3.807610296150829132e+00 -6.432674273189556979e-01
3.820176666765188411e+00 -7.776529441058048775e-01
3.832743037379547690e+00 -5.507227276520748616e-01
3.845309407993906525e+00 -7.375246397345398552e-01
3.857875778608265804e+00 -6.342567571511701363e-01
3.870442149222625083e+00 -6.085677541533093260e-01
3.883008519836984362e+00 -5.571102853724374526e-01
3.895574890451343641e+00 -7.063374469861390947e-01
3.908141261065702476e+00 -7.241972117374970708e-01
3.920707631680061755e+00 -7.259811616577991344e-01
3.933274002294421035e+00 -8.963941961479904297e-01
3.945840372908780314e+00 -7.957906606857941822e-01
3.958406743523139149e+00 -8.294070313406614048e-01
3.970973114137498428e+00 -8.524994216546464276e-01
3.983539484751857707e+00 -7.291718063703770403e-01
3.996105855366216986e+00 -7.854002061918651245e-01
4.008672225980576265e+00 -6.028160070437447171e-01
4.021238596594935544e+00 -6.216173546081044110e-01
4.033804967209294823e+00 -9.667071849305477471e-01
4.046371337823653214e+00 -7.740305105193634461e-01
4.058937708438012493e+00 -8.941068467980375356e-01
4.071504079052371772e+00 -7.459479314113076631e-01
4.084070449666731051e+00 -7.932050189020239950e-01
4.096636820281090330e+00 -7.232875671892774472e-01
4.109203190895449609e+00 -7.924493163072385826e-01
4.121769561509808888e+00 -7.544752505549336963e-01
4.134335932124168167e+00 -8.673851002464387783e-01
4.146902302738527446e+00 -1.095137253291990298e+00
4.159468673352886725e+00 -9.695027650233761785e-01
4.172035043967245116e+00 -9.430198626569034070e-01
4.184601414581604395e+00 -9.129383724536799249e-01
4.197167785195963674e+00 -9.713999993164379454e-01
4.209734155810322953e+00 -7.129885434182343662e-01
4.222300526424682232e+00 -8.991068687087034883e-01
4.234866897039041511e+00 -7.585313623326609411e-01
4.247433267653400790e+00 -9.276687435886828981e-01
4.259999638267760069e+00 -7.339783405872916111e-01
4.272566008882119348e+00 -1.024854726744877764e+00
4.285132379496477739e+00 -8.501399067077145544e-01
4.297698750110837018e+00 -1.048237592249931849e+00
4.310265120725196297e+00 -8.760260804610066065e-01
4.322831491339555576e+00 -7.664067619993970570e-01
4.335397861953914855e+00 -1.093175943938071715e+00
4.347964232568274134e+00 -1.021526702269029085e+00
4.360530603182633413e+00 -9.142093790888530247e-01
4.373096973796992692e+00 -9.615833235324370287e-01
4.385663344411351972e+00 -1.084002705069801564e+00
4.398229715025710362e+00 -8.353876199833190075e-01
4.410796085640069641e+00 -9.496330517299050866e-01
4.423362456254428032e+00 -8.291667101579819343e-01
4.435928826868787311e+00 -9.301654459582637813e-01
4.448495197483146590e+00 -1.080721469291177739e+00
4.461061568097505869e+00 -1.016707354793532359e+00
4.473627938711865148e+00 -8.334218605504661870e-01
4.486194309326224428e+00 -1.113112698193443384e+00
4.498760679940583707e+00 -1.023847839596680354e+00
4.511327050554942986e+00 -9.197925800372067640e-01
4.523893421169302265e+00 -8.807846039950841810e-01
4.536459791783661544e+00 -9.018282255853686813e-01
4.549026162398019935e+00 -1.134106212553645854e+00
4.561592533012379214e+00 -7.800139727577326543e-01
4.574158903626738493e+00 -1.006928177826291071e+00
4.586725274241097772e+00 -9.908911359451264556e-01
4.599291644855457051e+00 -9.939122184294105766e-01
4.611858015469816330e+00 -1.018146101342578103e+00
4.624424386084175609e+00 -1.092843423833051331e+00
4.636990756698534888e+00 -1.029854928209314791e+00
4.649557127312894167e+00 -8.657925525225221852e-01
4.662123497927252558e+00 -1.134951506680288214e+00
4.674689868541611837e+00 -1.242514883314049579e+00
4.687256239155971116e+00 -9.461869005596602600e-01
4.699822609770330395e+00 -9.661551225401001641e-01
4.712388980384689674e+00 -9.272136796046701601e-01
4.724955350999048953e+00 -8.272019890863723246e-01
4.737521721613408232e+00 -1.072213284762994601e+00
4.750088092227767511e+00 -9.815732542100037428e-01
4.762654462842126790e+00 -9.484800234576161726e-01
4.775220833456485181e+00 -8.748643104092052036e-01
4.787787204070844460e+00 -8.945666082093766125e-01
4.800353574685203739e+00 -1.080434479843399131e+00
4.812919945299563018e+00 -1.132701392624531955e+00
4.825486315913922297e+00 -1.020879310531229045e+00
4.838052686528281576e+00 -1.153401625134729436e+00
4.850619057142640855e+00 -8.795069140742339808e-01
4.863185427757000134e+00 -1.028130694960941449e+00
4.875751798371359413e+00 -1.022297141680092780e+00
4.888318168985717804e+00 -1.073563844178291316e+00
4.900884539600077083e+00 -8.299329486252896571e-01
4.913450910214436362e+00 -9.510696220184898797e-01
4.926017280828795641e+00 -1.018502015187174869e+00
4.938583651443154920e+00 -9.133836126423100499e-01
4.951150022057514200e+00 -9.801793221627539410e-01
4.963716392671873479e+00 -9.092333737668569782e-01
4.976282763286232758e+00 -8.335005025863491124e-01
4.988849133900592037e+00 -9.885160977886212619e-01
5.001415504514951316e+00 -9.073081719914887211e-01
5.013981875129309707e+00 -9.070759818082911874e-01
5.026548245743668986e+00 -8.376376177221470654e-01
5.039114616358028265e+00 -8.876639241350733345e-01
5.051680986972387544e+00 -9.397621098125465977e-01
5.064247357586746823e+00 -1.003022613517046580e+00
5.076813728201106102e+00 -9.048623875039790709e-01
5.089380098815465381e+00 -1.034414531708955698e+00
5.101946469429824660e+00 -8.596309011928533472e-01
5.114512840044183939e+00 -9.142947198273538856e-01
5.127079210658542330e+00 -8.603516711554360930e-01
5.139645581272901609e+00 -9.620908981225874124e-01
5.152211951887260888e+00 -9.850157594185346976e-01
5.164778322501620167e+00 -9.907569068600441398e-01
5.177344693115979446e+00 -7.831718794917050808e-01
5.189911063730338725e+00 -9.100441013159481507e-01
5.202477434344698004e+00 -9.053243768218651732e-01
5.215043804959057283e+00 -1.055272801514556935e+00
5.227610175573416562e+00 -8.758959065497273766e-01
5.240176546187774953e+00 -1.209951694430786429e+00
5.252742916802134232e+00 -7.213084004373820912e-01
5.265309287416492623e+00 -8.751685332129000017e-01
5.277875658030851902e+00 -8.422358290601066333e-01
5.290442028645211181e+00 -9.803933675396905301e-01
5.303008399259570460e+00 -9.401805413271575596e-01
5.315574769873929739e+00 -7.630676670124579841e-01
5.328141140488289018e+00 -8.371930787127866980e-01
5.340707511102648297e+00 -7.660935527474476148e-01
5.353273881717007576e+00 -6.744839726414649794e-01
5.365840252331366855e+00 -7.276666084940165424e-01
5.378406622945726134e+00 -9.761826135817409655e-01
5.390972993560084525e+00 -8.769115010941023192e-01
5.403539364174443804e+00 -8.840858142748838633e-01
5.416105734788803083e+00 -8.534389517202051190e-01
5.428672105403162362e+00 -9.622746142521738655e-01
5.441238476017521641e+00 -9.511139822899855600e-01
5.453804846631880920e+00 -8.118922452815194868e-01
5.466371217246240199e+00 -7.887685140267655104e-01
5.478937587860599479e+00 -6.686762946830011600e-01
5.491503958474958758e+00 -7.440115373315551173e-01
5.504070329089317148e+00 -5.605059584438975007e-01
5.516636699703676427e+00 -8.763438368878271323e-01
5.529203070318035707e+00 -8.237187541816218816e-01
5.541769440932394986e+00 -6.504016558843932483e-01
5.554335811546754265e+00 -6.934187596562920719e-01
5.566902182161113544e+00 -7.555685142852852643e-01
5.579468552775472823e+00 -5.702703366115228212e-01
5.592034923389832102e+00 -5.287363152581782133e-01
5.604601294004191381e+00 -4.968202434164906700e-01
5.617167664618549772e+00 -6.579342847252380722e-01
5.629734035232909051e+00 -6.088475516231861562e-01
5.642300405847268330e+00 -5.753348446288748530e-01
5.654866776461627609e+00 -5.822594303539470051e-01
5.667433147075986888e+00 -4.757459689702873695e-01
5.679999517690346167e+00 -6.165883476413954734e-01
5.692565888304705446e+00 -5.200784813656812444e-01
5.705132258919064725e+00 -7.676655858663938847e-01
5.717698629533424004e+00 -4.605368342444954299e-01
5.730265000147783283e+00 -3.614306887556041348e-01
5.742831370762141674e+00 -5.173172809385037096e-01
5.755397741376500953e+00 -4.001205711983045199e-01
5.767964111990860232e+00 -6.591430624492893298e-01
5.780530482605219511e+00 -5.152762191470793285e-01
5.793096853219578790e+00 -6.251094771446730203e-01
5.805663223833938069e+00 -4.278813109556597327e-01
5.818229594448297348e+00 -3.963038349679203765e-01
5.830795965062656627e+00 -5.743863454066697738e-01
5.843362335677015906e+00 -5.106409426986711075e-01
5.855928706291374297e+00 -4.730998712887650726e-01
5.868495076905733576e+00 -1.608203070777936283e-01
5.881061447520092855e+00 -3.988615914528854112e-01
5.893627818134452134e+00 -3.679095316334645704e-01
5.906194188748811413e+00 -3.322077691272665168e-01
5.918760559363170692e+00 -3.267887694139442467e-01
5.931326929977529971e+00 -3.687037395279950669e-01
5.943893300591889250e+00 -4.660894089544483365e-01
5.956459671206248530e+00 -3.890408749026315616e-01
5.969026041820606920e+00 -1.457177664537953610e-01
5.981592412434966199e+00 -2.715664621840341297e-01
5.994158783049325478e+00 -3.223973405892407995e-01
6.006725153663684758e+00 -4.084090357384435599e-01
6.019291524278044037e+00 -2.665823463785947367e-01
6.031857894892402427e+00 -2.456747892680497813e-01
6.044424265506761706e+00 -3.019146922815079681e-01
6.056990636121120986e+00 -1.352282149156504021e-01
6.069557006735480265e+00 -2.710363069393809110e-01
6.082123377349839544e+00 -2.166900137400944726e-01
6.094689747964198823e+00 -1.032450609264152774e-01
6.107256118578558102e+00 -1.527305055433700598e-01
6.119822489192916493e+00 -5.048101113109325355e-02
6.132388859807275772e+00 -1.732789081628072492e-01
6.144955230421635051e+00 -1.811580243708972304e-01
6.157521601035994330e+00 -7.863688770467144873e-02
6.170087971650353609e+00 -9.149448734155915530e-02
6.182654342264712888e+00 1.811120103756347355e-02
6.195220712879072167e+00 -4.732216495527808570e-02
6.207787083493431446e+00 -7.802552086072238324e-02
6.220353454107790725e+00 -1.790314079535081093e-02
6.232919824722149116e+00 1.522804094963452204e-02
6.245486195336508395e+00 -1.498240859925820956e-01
6.258052565950867674e+00 -3.947300298106924676e-02
6.270618936565226953e+00 -4.602327756615762905e-02
