0.000000000000000000e+00 1.182628085438224841e-01
1.256637061435917323e-02 -2.803177925409698970e-03
2.513274122871834645e-02 2.345943863874088986e-01
3.769911184307751795e-02 7.902532007919349510e-02
5.026548245743669291e-02 -1.100963815799875095e-01
6.283185307179586787e-02 3.487065004805069146e-02
7.539822368615503589e-02 7.374584618441287764e-02
8.796459430051420392e-02 -5.243261773822407990e-03
1.005309649148733858e-01 1.434105780754239556e-01
1.130973355292325677e-01 7.959082228782649038e-02
1.256637061435917357e-01 1.417671135238611213e-01
1.382300767579508760e-01 1.334957849569149424e-01
1.507964473723100718e-01 -5.859639605096667037e-02
1.633628179866692676e-01 2.208305502766057804e-01
1.759291886010284078e-01 2.157552225572630378e-01
1.884955592153875759e-01 2.798049544598950056e-01
2.010619298297467716e-01 1.670421362266902576e-01
2.136283004441059397e-01 2.079279530402694809e-01
2.261946710584651354e-01 3.571680332684079584e-01
2.387610416728242757e-01 2.005059687794131795e-01
2.513274122871834715e-01 2.746274168952013151e-01
2.638937829015426395e-01 4.544328596364345385e-01
2.764601535159017520e-01 1.338654266389660563e-01
2.890265241302609756e-01 3.082873422196961699e-01
3.015928947446201436e-01 2.359402662527787797e-01
3.141592653589793116e-01 3.571837369100401283e-01
3.267256359733385351e-01 3.871096381614748672e-01
3.392920065876976476e-01 4.139227893805006442e-01
3.518583772020568157e-01 3.092814179856749335e-01
3.644247478164160392e-01 4.783868386776381487e-01
3.769911184307751517e-01 5.996410311685057559e-01
3.895574890451343197e-01 2.716021408214703836e-01
4.021238596594935433e-01 4.266964320628408025e-01
4.146902302738527113e-01 5.573177016346789747e-01
4.272566008882118793e-01 4.344772932371591123e-01
4.398229715025711029e-01 2.933601927609248428e-01
4.523893421169302709e-01 1.981573660977777873e-01
4.649557127312893834e-01 4.436910775536381801e-01
4.775220833456485514e-01 3.629329291972616112e-01
4.900884539600077194e-01 4.179543052565899419e-01
5.026548245743669430e-01 5.280886034697872544e-01
5.152211951887261110e-01 3.841992498445626070e-01
5.277875658030852790e-01 4.485217960393355074e-01
5.403539364174444470e-01 6.990881881367889683e-01
5.529203070318035040e-01 5.449742762733784662e-01
5.654866776461627831e-01 5.570174143966143410e-01
5.780530482605219511e-01 4.540215033013684232e-01
5.906194188748811191e-01 4.517901902463949404e-01
6.031857894892402872e-01 3.872169989617111341e-01
6.157521601035994552e-01 6.245995803566800619e-01
6.283185307179586232e-01 5.252217905349916283e-01
6.408849013323177912e-01 4.818672210211939477e-01
6.534512719466770703e-01 5.593872494239537918e-01
6.660176425610361273e-01 8.206353173651551591e-01
6.785840131753952953e-01 5.483584837994466277e-01
6.911503837897544633e-01 5.264839728718572198e-01
7.037167544041136313e-01 7.576921618158268812e-01
7.162831250184729104e-01 5.665982972448809774e-01
7.288494956328320784e-01 7.800119553767680403e-01
7.414158662471912464e-01 7.274117647491502581e-01
7.539822368615503034e-01 7.212532984107448142e-01
7.665486074759094715e-01 8.255421984447047778e-01
7.791149780902686395e-01 7.702160392883338202e-01
7.916813487046279185e-01 6.117232760263187075e-01
8.042477193189870865e-01 7.138853577170567455e-01
8.168140899333462546e-01 7.704021212616585235e-01
8.293804605477054226e-01 9.425531284668533516e-01
8.419468311620645906e-01 6.163580980461911274e-01
8.545132017764237586e-01 7.757829735722652220e-01
8.670795723907829267e-01 7.919377094198229994e-01
8.796459430051422057e-01 9.243327365980146260e-01
8.922123136195013737e-01 7.323879986369425943e-01
9.047786842338605418e-01 9.134816117511246336e-01
9.173450548482194877e-01 7.303140947507620329e-01
9.299114254625787668e-01 9.371326313824961396e-01
9.424777960769379348e-01 7.481230985627178587e-01
9.550441666912971028e-01 8.200832457539767306e-01
9.676105373056562708e-01 8.419595329561553321e-01
9.801769079200154389e-01 9.395755399962756327e-01
9.927432785343746069e-01 9.195171949623602847e-01
1.005309649148733886e+00 9.234193177522659335e-01
1.017876019763092943e+00 8.300928843458204032e-01
1.030442390377452222e+00 8.154933056215146747e-01
1.043008760991811279e+00 8.816527876258370977e-01
1.055575131606170558e+00 7.098862333735822538e-01
1.068141502220529837e+00 1.081863009727958680e+00
1.080707872834888894e+00 9.194751125940545666e-01
1.093274243449248173e+00 8.944529618652363734e-01
1.105840614063607008e+00 7.421083919458608680e-01
1.118406984677966287e+00 8.915369084996932481e-01
1.130973355292325566e+00 7.697250266312799516e-01
1.143539725906684623e+00 9.577289541509435011e-01
1.156106096521043902e+00 6.340639967593906245e-01
1.168672467135402959e+00 8.397302708029057428e-01
1.181238837749762238e+00 9.275797239051642995e-01
1.193805208364121295e+00 8.595810100036683776e-01
1.206371578978480574e+00 7.666655465114459167e-01
1.218937949592839853e+00 8.316240075977786583e-01
1.231504320207198910e+00 9.719317105571153581e-01
1.244070690821558189e+00 9.328275969825182701e-01
1.256637061435917246e+00 8.689727730252633231e-01
1.269203432050276525e+00 7.615102227928431944e-01
1.281769802664635582e+00 9.208925821528535227e-01
1.294336173278994861e+00 1.014481142417002157e+00
1.306902543893354141e+00 1.040727016048575759e+00
1.319468914507712975e+00 9.909472952219476882e-01
1.332035285122072255e+00 1.077396711033746346e+00
1.344601655736431534e+00 1.030934783919114084e+00
1.357168026350790591e+00 9.301571276944758937e-01
1.369734396965149870e+00 9.471239930736334856e-01
1.382300767579508927e+00 1.049034658005046250e+00
1.394867138193868206e+00 9.295776385725562641e-01
1.407433508808227263e+00 8.339559401082137224e-01
1.419999879422586542e+00 9.323629918948047601e-01
1.432566250036945821e+00 1.080026049063765647e+00
1.445132620651304878e+00 9.951294950153722896e-01
1.457698991265664157e+00 8.531289640369241756e-01
1.470265361880023214e+00 1.116767131175028682e+00
1.482831732494382493e+00 1.087594344421804582e+00
1.495398103108741550e+00 9.831374349775773291e-01
1.507964473723100607e+00 1.057579115159005267e+00
1.520530844337459886e+00 1.053905535156275386e+00
1.533097214951818943e+00 1.013283590166202286e+00
1.545663585566178222e+00 8.677523389180898938e-01
1.558229956180537279e+00 9.802891230664980693e-01
1.570796326794896558e+00 1.143299132567848764e+00
1.583362697409255837e+00 1.133523418190334864e+00
1.595929068023614894e+00 1.099598813387355323e+00
1.608495438637974173e+00 1.167098942886147572e+00
1.621061809252333230e+00 9.573019647262559495e-01
1.633628179866692509e+00 1.063332103658601424e+00
1.646194550481051566e+00 9.628452437973015199e-01
1.658760921095410845e+00 9.477635404652168249e-01
1.671327291709770124e+00 1.014339810940652509e+00
1.683893662324129181e+00 8.596403083308752358e-01
1.696460032938488460e+00 1.054203338805299373e+00
1.709026403552847517e+00 1.150531026243015731e+00
1.721592774167206796e+00 1.053372406509540227e+00
1.734159144781565853e+00 1.049350903296681903e+00
1.746725515395925132e+00 7.042047982002719309e-01
1.759291886010284411e+00 7.413028523860470953e-01
1.771858256624643468e+00 9.223525313951829174e-01
1.784424627239002747e+00 9.367767770240252867e-01
1.796990997853361804e+00 9.305613904095639821e-01
1.809557368467721084e+00 9.719999004143327070e-01
1.822123739082079918e+00 1.055636357497136357e+00
1.834690109696438975e+00 8.503000671581175673e-01
1.847256480310798255e+00 9.374355198736684658e-01
1.859822850925157534e+00 8.402531463117690613e-01
1.872389221539516591e+00 1.029148285816998021e+00
1.884955592153875870e+00 8.820302689988012146e-01
1.897521962768234927e+00 9.430314388919357471e-01
1.910088333382594206e+00 9.579433062042720382e-01
1.922654703996953263e+00 8.016804551087416408e-01
1.935221074611312542e+00 8.932506789558122273e-01
1.947787445225671821e+00 1.020292577913973098e+00
1.960353815840030878e+00 9.186604737228465378e-01
1.972920186454390157e+00 7.883254490534339354e-01
1.985486557068749214e+00 8.543429100858657144e-01
1.998052927683108493e+00 8.177610711872033145e-01
2.010619298297467772e+00 1.090688960422006692e+00
2.023185668911826607e+00 8.106240881847239788e-01
2.035752039526185886e+00 8.825515518859788910e-01
2.048318410140545165e+00 9.562520048360197977e-01
2.060884780754904444e+00 8.155229806038681861e-01
2.073451151369263723e+00 8.868502293435653883e-01
2.086017521983622558e+00 7.608755292515442248e-01
2.098583892597981837e+00 8.841795526241746916e-01
2.111150263212341116e+00 7.808598629315441908e-01
2.123716633826700395e+00 8.227738498593596406e-01
2.136283004441059674e+00 8.338460371346664290e-01
2.148849375055418509e+00 6.783994928349974529e-01
2.161415745669777788e+00 8.543390380899210657e-01
2.173982116284137067e+00 7.255194997980178861e-01
2.186548486898496346e+00 1.064404444816583695e+00
2.199114857512855181e+00 7.774847855806369390e-01
2.211681228127214016e+00 9.135899453974805073e-01
2.224247598741573295e+00 8.094766161419911787e-01
2.236813969355932574e+00 7.882600490223828915e-01
2.249380339970291853e+00 8.043940642078591940e-01
2.261946710584651132e+00 7.740102852469534778e-01
2.274513081199009967e+00 7.889934125520996488e-01
2.287079451813369246e+00 7.796896170543217153e-01
2.299645822427728525e+00 6.681222774752795246e-01
2.312212193042087804e+00 9.065430511676442205e-01
2.324778563656447083e+00 6.367993097681150516e-01
2.337344934270805918e+00 8.858221182651008219e-01
2.349911304885165197e+00 6.809607189287149032e-01
2.362477675499524477e+00 7.938815342756946336e-01
2.375044046113883756e+00 8.609203528747706446e-01
2.387610416728242591e+00 7.655598629773867625e-01
2.400176787342601870e+00 7.097452591104940200e-01
2.412743157956961149e+00 6.634860419133868925e-01
2.425309528571320428e+00 6.426586562124084745e-01
2.437875899185679707e+00 5.820843957936796542e-01
2.450442269800038542e+00 6.403644808851628456e-01
2.463008640414397821e+00 5.184163563398537233e-01
2.475575011028757100e+00 5.963022970773851350e-01
2.488141381643116379e+00 5.957124797114066173e-01
2.500707752257475658e+00 5.948839479734099323e-01
2.513274122871834493e+00 4.372846308119495706e-01
2.525840493486193772e+00 5.127776317317589427e-01
2.538406864100553051e+00 5.207996679229384140e-01
2.550973234714912330e+00 6.647110929036246230e-01
2.563539605329271165e+00 6.183406053030572336e-01
2.576105975943630444e+00 3.877486694220758645e-01
2.588672346557989723e+00 3.799696114337015596e-01
2.601238717172349002e+00 2.530443437656326178e-01
2.613805087786708281e+00 5.999254123254775806e-01
2.626371458401067116e+00 6.073259406626655421e-01
2.638937829015425951e+00 5.802842213026424556e-01
2.651504199629785230e+00 5.818267207370031446e-01
2.664070570244144509e+00 4.980800167735838224e-01
2.676636940858503788e+00 4.734830036966251043e-01
2.689203311472863067e+00 3.806120122438512721e-01
2.701769682087221902e+00 3.309871037812336936e-01
2.714336052701581181e+00 5.239837859914632245e-01
2.726902423315940460e+00 3.321954054882640395e-01
2.739468793930299739e+00 3.846029346210779187e-01
2.752035164544658574e+00 5.540703661074515285e-01
2.764601535159017853e+00 1.220679401162125255e-01
2.777167905773377132e+00 4.335001251588467830e-01
2.789734276387736411e+00 4.610039721000174229e-01
2.802300647002095690e+00 3.987920137311269375e-01
2.814867017616454525e+00 1.861380064976585758e-01
2.827433388230813804e+00 4.330849770613329208e-01
2.839999758845173083e+00 4.755852949245676919e-01
2.852566129459532362e+00 1.148308110688802119e-01
2.865132500073891642e+00 2.618270304027787154e-01
2.877698870688250476e+00 3.131950889037629082e-01
2.890265241302609756e+00 3.497224527202896782e-01
2.902831611916969035e+00 5.709247941260772730e-02
2.915397982531328314e+00 1.993464710392816031e-01
2.927964353145687149e+00 1.934227218441356699e-01
2.940530723760046428e+00 3.866852549675655615e-01
2.953097094374405707e+00 1.428813178878833856e-01
2.965663464988764986e+00 1.167195590498225910e-01
2.978229835603124265e+00 1.534241427017062065e-01
2.990796206217483100e+00 1.715232894232560090e-01
3.003362576831842379e+00 6.729798091765791523e-02
3.015928947446201214e+00 1.676032711815884091e-01
3.028495318060560493e+00 4.247530175084542059e-02
3.041061688674919772e+00 1.352400753226790098e-01
3.053628059289279051e+00 1.339813545155736085e-01
3.066194429903637886e+00 -9.952403667275941390e-03
3.078760800517997165e+00 7.610855961994981989e-02
3.091327171132356444e+00 9.071015060666579033e-02
3.103893541746715723e+00 6.728106795635650783e-02
3.116459912361074558e+00 -4.334852816303681050e-03
3.129026282975433837e+00 -1.084356502202607347e-01
3.141592653589793116e+00 -3.159354733948305932e-02
3.154159024204152395e+00 -1.353058811567176001e-01
3.166725394818511674e+00 -9.639708970309122937e-02
3.179291765432870509e+00 -2.278877476489707399e-03
3.191858136047229788e+00 -1.143366597427081244e-02
3.204424506661589067e+00 -3.973864348351427433e-02
3.216990877275948346e+00 -2.925107383861321186e-01
3.229557247890307181e+00 -1.935988334611417894e-01
3.242123618504666460e+00 -1.147114304050393802e-01
3.254689989119025739e+00 8.357788092371350175e-02
3.267256359733385018e+00 -2.241018659478724029e-01
3.279822730347744297e+00 -1.287931528523535429e-01
3.292389100962103132e+00 -1.191756663873336924e-01
3.304955471576462411e+00 -1.124045132071506692e-01
3.317521842190821690e+00 -3.565376678013000844e-01
3.330088212805180969e+00 -3.290638654659870932e-01
3.342654583419540248e+00 -9.200434788409340980e-02
3.355220954033899083e+00 -2.393361661940316687e-01
3.367787324648258362e+00 -2.096877257293859875e-01
3.380353695262617642e+00 -2.516186356999918772e-01
3.392920065876976921e+00 -9.856039190827117769e-02
3.405486436491335756e+00 -4.308045683542297555e-01
3.418052807105695035e+00 -4.206573248605482984e-02
3.430619177720054314e+00 -2.349994810960200353e-01
3.443185548334413593e+00 -9.762082748735925741e-02
3.455751918948772872e+00 -2.764846428465285166e-01
3.468318289563131707e+00 -2.965869554570834676e-01
3.480884660177490986e+00 -2.914992068208928089e-01
3.493451030791850265e+00 -3.583847221955940854e-01
3.506017401406209544e+00 -3.919090661720277535e-01
3.518583772020568823e+00 -3.800110658032465061e-01
3.531150142634927658e+00 -4.023478876586798481e-01
3.543716513249286937e+00 -3.173758766829024580e-01
3.556282883863646216e+00 -3.333952056019613974e-01
3.568849254478005495e+00 -5.111734898190030130e-01
3.581415625092364330e+00 -2.922595144356407992e-01
3.593981995706723609e+00 -5.296279453420312811e-01
3.606548366321082888e+00 -5.671566125942812953e-01
3.619114736935442167e+00 -4.122944710151232317e-01
3.631681107549800558e+00 -4.381947269812659362e-01
3.644247478164159837e+00 -4.244139181356093582e-01
3.656813848778519116e+00 -5.457672463652442074e-01
3.669380219392877951e+00 -6.892138492491870494e-01
3.681946590007237230e+00 -4.995062534490703476e-01
3.694512960621596509e+00 -4.493569930145251967e-01
3.707079331235955788e+00 -6.675246931715822507e-01
3.719645701850315067e+00 -5.698023058471832769e-01
3.732212072464673902e+00 -5.566339996248514943e-01
3.744778443079033181e+00 -5.749095773287197231e-01
3.757344813693392460e+00 -3.791212166583295406e-01
3.769911184307751739e+00 -5.328252934585414602e-01
3.782477554922110574e+00 -5.185080221502884612e-01
3.795043925536469853e+00 -6.609892164991835184e-01
3.807610296150829132e+00 -5.846087178799383999e-01
3.820176666765188411e+00 -7.153540809718175186e-01
3.832743037379547690e+00 -6.374689837343895382e-01
3.845309407993906525e+00 -7.510872898663616404e-01
3.857875778608265804e+00 -8.065100319695595044e-01
3.870442149222625083e+00 -6.063496861955051109e-01
3.883008519836984362e+00 -7.858017168647684070e-01
3.895574890451343641e+00 -6.402124283544400329e-01
3.908141261065702476e+00 -7.285112889224275579e-01
3.920707631680061755e+00 -6.216701224237420886e-01
3.933274002294421035e+00 -6.250513828539692174e-01
3.945840372908780314e+00 -6.976412986960860430e-01
3.958406743523139149e+00 -8.042259478133901851e-01
3.970973114137498428e+00 -6.528719276113627012e-01
3.983539484751857707e+00 -6.543949239882365099e-01
3.996105855366216986e+00 -7.692917560453932380e-01
4.008672225980576265e+00 -7.460843643569287087e-01
4.021238596594935544e+00 -7.849440629236185130e-01
4.033804967209294823e+00 -7.600445918747857910e-01
4.046371337823653214e+00 -6.616546534104099653e-01
4.058937708438012493e+00 -6.298487555454388431e-01
4.071504079052371772e+00 -7.254881883705921464e-01
4.084070449666731051e+00 -8.640877155467894255e-01
4.096636820281090330e+00 -7.237565331124983237e-01
4.109203190895449609e+00 -7.602822205876343942e-01
4.121769561509808888e+00 -4.714497398747531376e-01
4.134335932124168167e+00 -6.597522889535366586e-01
4.146902302738527446e+00 -9.491765455257781259e-01
4.159468673352886725e+00 -8.302240503694540141e-01
4.172035043967245116e+00 -7.541041859307348050e-01
4.184601414581604395e+00 -9.971710251587377893e-01
4.197167785195963674e+00 -9.860407361751062361e-01
4.209734155810322953e+00 -8.777076901652479668e-01
4.222300526424682232e+00 -1.011568026936309428e+00
4.234866897039041511e+00 -1.024646321593923215e+00
4.247433267653400790e+00 -9.958243612359849450e-01
4.259999638267760069e+00 -9.349804365716678500e-01
4.272566008882119348e+00 -9.819686338500129841e-01
4.285132379496477739e+00 -8.621339705329970071e-01
4.297698750110837018e+00 -7.912064179969849897e-01
4.310265120725196297e+00 -9.911550965393866042e-01
4.322831491339555576e+00 -7.686993672109490028e-01
4.335397861953914855e+00 -7.920087417780714567e-01
4.347964232568274134e+00 -9.240932499102233466e-01
4.360530603182633413e+00 -8.861738571484806259e-01
4.373096973796992692e+00 -8.353159706363130210e-01
4.385663344411351972e+00 -9.177834799146996625e-01
4.398229715025710362e+00 -9.829544097250842993e-01
4.410796085640069641e+00 -1.109002654513287833e+00
4.423362456254428032e+00 -9.155860775411541752e-01
4.435928826868787311e+00 -8.207706237106657809e-01
4.448495197483146590e+00 -1.005057515221705611e+00
4.461061568097505869e+00 -1.007908967399813172e+00
4.473627938711865148e+00 -1.109751270898651887e+00
4.486194309326224428e+00 -1.014531066963308303e+00
4.498760679940583707e+00 -1.044887681231815968e+00
4.511327050554942986e+00 -8.779416062102376461e-01
4.523893421169302265e+00 -7.735825231628969956e-01
4.536459791783661544e+00 -8.975495768247795381e-01
4.549026162398019935e+00 -9.090151386163125569e-01
4.561592533012379214e+00 -8.932097111485393093e-01
4.574158903626738493e+00 -1.050518120386389365e+00
4.586725274241097772e+00 -8.678358969190761441e-01
4.599291644855457051e+00 -9.174536514884477079e-01
4.611858015469816330e+00 -9.223430687691623886e-01
4.624424386084175609e+00 -9.462604231468747518e-01
4.636990756698534888e+00 -9.472622566041482006e-01
4.649557127312894167e+00 -7.967940066309731062e-01
4.662123497927252558e+00 -1.188740048656850234e+00
4.674689868541611837e+00 -1.053591178485347335e+00
4.687256239155971116e+00 -9.655616179703991886e-01
4.699822609770330395e+00 -8.874322172155408861e-01
4.712388980384689674e+00 -1.033177998905526973e+00
4.724955350999048953e+00 -9.326641634016605842e-01
4.737521721613408232e+00 -9.530081627846903602e-01
4.750088092227767511e+00 -1.072137309386932635e+00
4.762654462842126790e+00 -1.088118082929873109e+00
4.775220833456485181e+00 -1.192891549616881042e+00
4.787787204070844460e+00 -1.147348131411872307e+00
4.800353574685203739e+00 -1.067862291410468289e+00
4.812919945299563018e+00 -1.051075539926057623e+00
4.825486315913922297e+00 -9.162749512799428508e-01
4.838052686528281576e+00 -8.511268252897410402e-01
4.850619057142640855e+00 -1.012997621876455367e+00
4.863185427757000134e+00 -9.414343010592253203e-01
4.875751798371359413e+00 -1.199955763371146400e+00
4.888318168985717804e+00 -1.048154187807230020e+00
4.900884539600077083e+00 -1.077299010347823049e+00
4.913450910214436362e+00 -8.946868260264311257e-01
4.926017280828795641e+00 -1.070240910305851667e+00
4.938583651443154920e+00 -8.864218829155408041e-01
4.951150022057514200e+00 -7.838344831526619094e-01
4.963716392671873479e+00 -9.050420928531456299e-01
4.976282763286232758e+00 -1.038638462474290369e+00
4.988849133900592037e+00 -9.628224751671524695e-01
5.001415504514951316e+00 -1.038452518229197485e+00
5.013981875129309707e+00 -8.071287865258864880e-01
5.026548245743668986e+00 -1.124649810580116593e+00
5.039114616358028265e+00 -1.022201832825130552e+00
5.051680986972387544e+00 -1.122289735052331761e+00
5.064247357586746823e+00 -9.580558788176047891e-01
5.076813728201106102e+00 -8.245777043387592098e-01
5.089380098815465381e+00 -8.925993842417132562e-01
5.101946469429824660e+00 -1.025462747224730409e+00
5.114512840044183939e+00 -9.046433709900173481e-01
5.127079210658542330e+00 -1.122638304326283976e+00
5.139645581272901609e+00 -1.010650617668570117e+00
5.152211951887260888e+00 -8.746438426224608653e-01
5.164778322501620167e+00 -9.185296174050643359e-01
5.177344693115979446e+00 -9.381604874819112760e-01
5.189911063730338725e+00 -9.470720228441360522e-01
5.202477434344698004e+00 -7.311327948801974452e-01
5.215043804959057283e+00 -7.234779441633526487e-01
5.227610175573416562e+00 -9.414651398289353157e-01
5.240176546187774953e+00 -7.906716882640240085e-01
5.252742916802134232e+00 -8.825621939057561871e-01
5.265309287416492623e+00 -8.930860400346547490e-01
5.277875658030851902e+00 -7.163160130545280779e-01
5.290442028645211181e+00 -5.834053443251528970e-01
5.303008399259570460e+00 -8.812309276636260957e-01
5.315574769873929739e+00 -8.221827205127772986e-01
5.328141140488289018e+00 -8.682105249514491252e-01
5.340707511102648297e+00 -9.119435052699591537e-01
5.353273881717007576e+00 -7.987012354937030878e-01
5.365840252331366855e+00 -6.760908058827185263e-01
5.378406622945726134e+00 -8.480529426115993585e-01
5.390972993560084525e+00 -8.929972655020348427e-01
5.403539364174443804e+00 -6.872353552559592460e-01
5.416105734788803083e+00 -7.849890640520253982e-01
5.428672105403162362e+00 -7.333874046617727682e-01
5.441238476017521641e+00 -7.802226805774299390e-01
5.453804846631880920e+00 -8.652007718981074014e-01
5.466371217246240199e+00 -7.611891046882989231e-01
5.478937587860599479e+00 -8.056617918352982910e-01
5.491503958474958758e+00 -7.615594404179653054e-01
5.504070329089317148e+00 -5.465511025335677564e-01
5.516636699703676427e+00 -7.864677982509036269e-01
5.529203070318035707e+00 -8.683243671439240252e-01
5.541769440932394986e+00 -7.574175624169549037e-01
5.554335811546754265e+00 -5.306395094501089593e-01
5.566902182161113544e+00 -6.023680303097557198e-01
5.579468552775472823e+00 -6.769945726004247266e-01
5.592034923389832102e+00 -4.549540727754948222e-01
5.604601294004191381e+00 -6.968611665222372853e-01
5.617167664618549772e+00 -6.435479814211417793e-01
5.629734035232909051e+00 -6.040869248822197113e-01
5.642300405847268330e+00 -6.912350212548238337e-01
5.654866776461627609e+00 -7.806390107557488189e-01
5.667433147075986888e+00 -5.502177316629367487e-01
5.679999517690346167e+00 -6.319884334352733335e-01
5.692565888304705446e+00 -6.494708653500194107e-01
5.705132258919064725e+00 -5.506113306556961184e-01
5.717698629533424004e+00 -7.025990431576683015e-01
5.730265000147783283e+00 -5.803020896710713306e-01
5.742831370762141674e+00 -3.598661048848148525e-01
5.755397741376500953e+00 -4.554536309066397060e-01
5.767964111990860232e+00 -2.709524668640597156e-01
5.780530482605219511e+00 -5.726137843265718397e-01
5.793096853219578790e+00 -3.520600101576645269e-01
5.805663223833938069e+00 -4.736647624205118090e-01
5.818229594448297348e+00 -2.066736527380725608e-01
5.830795965062656627e+00 -5.209072042775052536e-01
5.843362335677015906e+00 -3.763516912408945148e-01
5.855928706291374297e+00 -2.264936829947357955e-01
5.868495076905733576e+00 -2.294374670055589482e-01
5.881061447520092855e+00 -3.380293616790999156e-01
5.893627818134452134e+00 -4.685495364454160261e-01
5.906194188748811413e+00 -3.073483745380625187e-01
5.918760559363170692e+00 -5.079908020669336999e-01
5.931326929977529971e+00 -3.328858788522612855e-01
5.943893300591889250e+00 -2.807242160936979647e-01
5.956459671206248530e+00 -2.074465687654966084e-01
5.969026041820606920e+00 -2.677829929041883883e-01
5.981592412434966199e+00 -3.034523169013335631e-01
5.994158783049325478e+00 -3.385691421669954071e-01
6.006725153663684758e+00 -3.071853270664863245e-01
6.019291524278044037e+00 -3.155814093475115545e-01
6.031857894892402427e+00 -2.964448651139983126e-01
6.044424265506761706e+00 -2.981865211448658792e-01
6.056990636121120986e+00 -2.673597133654645464e-01
6.069557006735480265e+00 -2.568265915833211066e-01
6.082123377349839544e+00 -2.097790068750105263e-01
6.094689747964198823e+00 -1.935629385279898640e-01
6.107256118578558102e+00 -2.007537265947594851e-01
6.119822489192916493e+00 -2.741426568609735548e-01
6.132388859807275772e+00 -2.174132624370670175e-01
6.144955230421635051e+00 -9.851857868662802775e-02
6.157521601035994330e+00 -1.092025550418860708e-01
6.170087971650353609e+00 -1.145204310891909799e-01
6.182654342264712888e+00 -5.622050743493364755e-02
6.195220712879072167e+00 8.175336730523316553e-02
6.207787083493431446e+00 2.253842279297089968e-02
6.220353454107790725e+00 -8.084318890701457094e-02
6.232919824722149116e+00 1.046412073267326270e-02
6.245486195336508395e+00 -2.742358038272822707e-03
6.258052565950867674e+00 -1.122202109825041622e-01
6.270618936565226953e+00 -2.658032868281001715e-02
