0.000000000000000000e+00 2.061227743250363675e-01
1.256637061435917323e-02 -5.370860368371418309e-02
2.513274122871834645e-02 2.131350977466520413e-01
3.769911184307751795e-02 9.738653808071706663e-02
5.026548245743669291e-02 1.891276342961603629e-01
6.283185307179586787e-02 1.574008859132595695e-01
7.539822368615503589e-02 -3.717074306053720634e-02
8.796459430051420392e-02 -1.263609503627591280e-02
1.005309649148733858e-01 3.460419330349154277e-02
1.130973355292325677e-01 5.464867489242990900e-02
1.256637061435917357e-01 1.471770986971187023e-01
1.382300767579508760e-01 9.640601029281740952e-02
1.507964473723100718e-01 -6.071631184727255270e-03
1.633628179866692676e-01 2.916705265214422638e-01
1.759291886010284078e-01 2.580207097165919672e-01
1.884955592153875759e-01 7.118999092858781241e-02
2.010619298297467716e-01 2.635971840729202098e-01
2.136283004441059397e-01 2.112691099478984647e-01
2.261946710584651354e-01 1.640107406583270755e-01
2.387610416728242757e-01 3.532765211737295408e-01
2.513274122871834715e-01 2.002465775192423247e-01
2.638937829015426395e-01 4.535011089721198707e-01
2.764601535159017520e-01 1.972800778143766198e-01
2.890265241302609756e-01 2.335316102714966868e-01
3.015928947446201436e-01 2.379040644347862332e-01
3.141592653589793116e-01 2.003620111153793515e-01
3.267256359733385351e-01 1.399085955835929762e-01
3.392920065876976476e-01 4.868557712357985401e-01
3.518583772020568157e-01 3.565617832117116137e-01
3.644247478164160392e-01 4.337401370154240765e-01
3.769911184307751517e-01 3.386688895645498243e-01
3.895574890451343197e-01 3.315891929319326747e-01
4.021238596594935433e-01 3.558972975531483063e-01
4.146902302738527113e-01 4.091215333689074418e-01
4.272566008882118793e-01 3.170657938289914712e-01
4.398229715025711029e-01 3.922509533626402645e-01
4.523893421169302709e-01 4.668973981730754064e-01
4.649557127312893834e-01 5.095315429801294815e-01
4.775220833456485514e-01 4.495788047503674334e-01
4.900884539600077194e-01 6.143834831606255209e-01
5.026548245743669430e-01 5.566273268702415233e-01
5.152211951887261110e-01 4.202635112504097270e-01
5.277875658030852790e-01 4.709137117398345951e-01
5.403539364174444470e-01 3.774782106986335206e-01
5.529203070318035040e-01 3.809778336133679555e-01
5.654866776461627831e-01 5.350527964144797810e-01
5.780530482605219511e-01 5.181472020575146331e-01
5.906194188748811191e-01 5.537785124492703437e-01
6.031857894892402872e-01 5.854246410140836465e-01
6.157521601035994552e-01 7.477147669882826531e-01
6.283185307179586232e-01 6.149919103775886020e-01
6.408849013323177912e-01 5.725669015247610849e-01
6.534512719466770703e-01 4.464363485638579987e-01
6.660176425610361273e-01 5.319810368551147750e-01
6.785840131753952953e-01 4.822060734429925999e-01
6.911503837897544633e-01 7.273811210078616751e-01
7.037167544041136313e-01 5.224229435282939926e-01
7.162831250184729104e-01 6.867988328543220833e-01
7.288494956328320784e-01 7.573512698966973211e-01
7.414158662471912464e-01 6.532818792791007523e-01
7.539822368615503034e-01 4.911625522774795138e-01
7.665486074759094715e-01 6.239097133896349678e-01
7.791149780902686395e-01 8.732196602215553938e-01
7.916813487046279185e-01 6.538719699074220237e-01
8.042477193189870865e-01 7.540417404690692438e-01
8.168140899333462546e-01 7.725228361550448009e-01
8.293804605477054226e-01 7.831406797168124490e-01
8.419468311620645906e-01 7.796901256894395171e-01
8.545132017764237586e-01 9.154650485861126619e-01
8.670795723907829267e-01 8.545408680164479076e-01
8.796459430051422057e-01 7.572496833007247297e-01
8.922123136195013737e-01 7.564659640834971999e-01
9.047786842338605418e-01 7.245297155347458773e-01
9.173450548482194877e-01 6.389978285016411075e-01
9.299114254625787668e-01 8.614922615790586713e-01
9.424777960769379348e-01 8.711913426413155914e-01
9.550441666912971028e-01 9.879463088354317746e-01
9.676105373056562708e-01 8.779395967778109711e-01
9.801769079200154389e-01 8.405692069555142920e-01
9.927432785343746069e-01 9.045603516067125538e-01
1.005309649148733886e+00 9.163688544591840346e-01
1.017876019763092943e+00 8.649549193683915282e-01
1.030442390377452222e+00 8.476564688536558645e-01
1.043008760991811279e+00 7.828550499329870460e-01
1.055575131606170558e+00 8.950078510020420541e-01
1.068141502220529837e+00 6.796309934492482663e-01
1.080707872834888894e+00 8.834069564596512825e-01
1.093274243449248173e+00 9.101267494360472110e-01
1.105840614063607008e+00 1.013894798900229155e+00
1.118406984677966287e+00 9.282977045844915676e-01
1.130973355292325566e+00 8.926746839041895809e-01
1.143539725906684623e+00 8.461368043612376155e-01
1.156106096521043902e+00 8.756537475330208320e-01
1.168672467135402959e+00 7.969349249922612621e-01
1.181238837749762238e+00 8.990156262529571674e-01
1.193805208364121295e+00 6.830607750544214207e-01
1.206371578978480574e+00 9.020881870082662068e-01
1.218937949592839853e+00 9.538278135918325518e-01
1.231504320207198910e+00 9.803125539655844767e-01
1.244070690821558189e+00 8.959691486988390352e-01
1.256637061435917246e+00 1.049690276936065647e+00
1.269203432050276525e+00 8.823226586413773775e-01
1.281769802664635582e+00 7.924271916962857265e-01
1.294336173278994861e+00 1.115065831360441573e+00
1.306902543893354141e+00 9.786137563483250368e-01
1.319468914507712975e+00 1.098850224210597970e+00
1.332035285122072255e+00 9.127954614279897294e-01
1.344601655736431534e+00 1.053317297702946354e+00
1.357168026350790591e+00 9.783372251878458270e-01
1.369734396965149870e+00 9.476886497024952227e-01
1.382300767579508927e+00 8.840895572308450356e-01
1.394867138193868206e+00 9.451465925845057292e-01
1.407433508808227263e+00 1.198715438043838954e+00
1.419999879422586542e+00 8.975575039738220573e-01
1.432566250036945821e+00 9.285864393517324622e-01
1.445132620651304878e+00 8.210551867070416954e-01
1.457698991265664157e+00 9.533837637376588736e-01
1.470265361880023214e+00 1.042610432348287874e+00
1.482831732494382493e+00 1.006013153126317228e+00
1.495398103108741550e+00 7.815835204575721784e-01
1.507964473723100607e+00 1.015132447983929209e+00
1.520530844337459886e+00 8.669041582586307637e-01
1.533097214951818943e+00 9.589879028181526044e-01
1.545663585566178222e+00 1.152961366261413323e+00
1.558229956180537279e+00 1.009196254729564313e+00
1.570796326794896558e+00 9.804832720485213704e-01
1.583362697409255837e+00 1.048902592498827557e+00
1.595929068023614894e+00 1.124125044515536409e+00
1.608495438637974173e+00 8.030860319818451387e-01
1.621061809252333230e+00 1.031455890193198277e+00
1.633628179866692509e+00 1.030330947613688597e+00
1.646194550481051566e+00 1.058437043710379832e+00
1.658760921095410845e+00 1.031871769821822937e+00
1.671327291709770124e+00 8.988859076822288685e-01
1.683893662324129181e+00 1.021527361436504799e+00
1.696460032938488460e+00 9.937146860757671840e-01
1.709026403552847517e+00 9.511005701273992363e-01
1.721592774167206796e+00 9.618814601699998690e-01
1.734159144781565853e+00 9.676400969122410656e-01
1.746725515395925132e+00 1.118312425443466429e+00
1.759291886010284411e+00 9.780387370708442107e-01
1.771858256624643468e+00 1.176996840994400495e+00
1.784424627239002747e+00 8.458203095878954469e-01
1.796990997853361804e+00 9.789239342596085525e-01
1.809557368467721084e+00 8.724403139263859908e-01
1.822123739082079918e+00 1.153386890485908145e+00
1.834690109696438975e+00 1.061708919204375823e+00
1.847256480310798255e+00 9.041791143140909259e-01
1.859822850925157534e+00 9.891578174221370423e-01
1.872389221539516591e+00 1.148764766915896907e+00
1.884955592153875870e+00 9.768438972926114516e-01
1.897521962768234927e+00 1.058585852065085264e+00
1.910088333382594206e+00 9.543144715379661136e-01
1.922654703996953263e+00 9.386674742164563545e-01
1.935221074611312542e+00 8.846960568676194292e-01
1.947787445225671821e+00 1.056175157270640153e+00
1.960353815840030878e+00 7.666438426491636315e-01
1.972920186454390157e+00 8.453460287988630029e-01
1.985486557068749214e+00 9.059998954896029133e-01
1.998052927683108493e+00 9.739131597403716256e-01
2.010619298297467772e+00 9.849357035778698588e-01
2.023185668911826607e+00 9.921329330477398623e-01
2.035752039526185886e+00 7.932880043112398027e-01
2.048318410140545165e+00 8.186768694864348106e-01
2.060884780754904444e+00 9.763971370375386094e-01
2.073451151369263723e+00 9.052248323994482870e-01
2.086017521983622558e+00 8.871251441710327201e-01
2.098583892597981837e+00 1.056907968150240462e+00
2.111150263212341116e+00 8.070216713102541517e-01
2.123716633826700395e+00 9.791578799478957151e-01
2.136283004441059674e+00 8.029120589486224979e-01
2.148849375055418509e+00 7.291984860076020647e-01
2.161415745669777788e+00 1.060398630434731038e+00
2.173982116284137067e+00 8.231624153457770543e-01
2.186548486898496346e+00 7.922197823756332857e-01
2.199114857512855181e+00 9.305559413371450317e-01
2.211681228127214016e+00 8.644442619476098155e-01
2.224247598741573295e+00 8.999966575421183279e-01
2.236813969355932574e+00 7.814374812308322316e-01
2.249380339970291853e+00 6.164638664837644999e-01
2.261946710584651132e+00 5.524129836853421960e-01
2.274513081199009967e+00 6.894490482005102283e-01
2.287079451813369246e+00 7.693782496663782444e-01
2.299645822427728525e+00 6.723882890609010898e-01
2.312212193042087804e+00 7.340484788259606930e-01
2.324778563656447083e+00 7.278732501143713174e-01
2.337344934270805918e+00 7.267636393364891312e-01
2.349911304885165197e+00 6.436136249900806794e-01
2.362477675499524477e+00 5.124313957033328482e-01
2.375044046113883756e+00 7.079501656226142581e-01
2.387610416728242591e+00 6.633641658724718226e-01
2.400176787342601870e+00 7.170376287574292684e-01
2.412743157956961149e+00 7.997906278651732981e-01
2.425309528571320428e+00 6.078693050064171155e-01
2.437875899185679707e+00 8.303236146208188284e-01
2.450442269800038542e+00 5.002326324009844782e-01
2.463008640414397821e+00 4.882332599091883107e-01
2.475575011028757100e+00 6.868556470723043983e-01
2.488141381643116379e+00 5.052469711200054947e-01
2.500707752257475658e+00 6.526184700806253458e-01
2.513274122871834493e+00 4.374396212544504059e-01
2.525840493486193772e+00 6.630041278330375265e-01
2.538406864100553051e+00 6.035373411382606301e-01
2.550973234714912330e+00 3.861787905179260294e-01
2.563539605329271165e+00 4.693789373576053303e-01
2.576105975943630444e+00 5.165541001216031880e-01
2.588672346557989723e+00 4.176728661676046839e-01
2.601238717172349002e+00 5.357052440639857860e-01
2.613805087786708281e+00 4.421613420578257569e-01
2.626371458401067116e+00 4.118672870998211777e-01
2.638937829015425951e+00 4.289063572667912716e-01
2.651504199629785230e+00 4.588204415369301903e-01
2.664070570244144509e+00 5.010786408465319752e-01
2.676636940858503788e+00 4.689724671607305995e-01
2.689203311472863067e+00 4.174025798822665334e-01
2.701769682087221902e+00 3.304000460618913282e-01
2.714336052701581181e+00 4.389991306185671016e-01
2.726902423315940460e+00 4.245342643495828572e-01
2.739468793930299739e+00 4.741144064146594062e-01
2.752035164544658574e+00 2.644359497370806222e-01
2.764601535159017853e+00 2.718344490580522077e-01
2.777167905773377132e+00 3.856558673147834626e-01
2.789734276387736411e+00 3.292350005042414818e-01
2.802300647002095690e+00 4.914323176159797191e-01
2.814867017616454525e+00 3.945525913079126479e-01
2.827433388230813804e+00 6.522763269281278697e-02
2.839999758845173083e+00 3.564406248147623524e-01
2.852566129459532362e+00 1.528096516820401651e-01
2.865132500073891642e+00 3.417966247348778186e-01
2.877698870688250476e+00 2.033030001871980463e-01
2.890265241302609756e+00 1.582957085020138543e-01
2.902831611916969035e+00 1.654352107873248157e-01
2.915397982531328314e+00 2.867807180486204865e-01
2.927964353145687149e+00 4.057598167986782300e-01
2.940530723760046428e+00 3.054863908386678539e-01
2.953097094374405707e+00 1.669326855935613640e-01
2.965663464988764986e+00 2.162801185046385188e-01
2.978229835603124265e+00 1.903154663438922090e-01
2.990796206217483100e+00 -1.786662232396252215e-02
3.003362576831842379e+00 2.567480753011785466e-01
3.015928947446201214e+00 1.012585499990697191e-01
3.028495318060560493e+00 1.779303080654626168e-02
3.041061688674919772e+00 1.002809789065160911e-01
3.053628059289279051e+00 2.194492264433742235e-01
3.066194429903637886e+00 7.669246387821457289e-02
3.078760800517997165e+00 1.155098613872986429e-01
3.091327171132356444e+00 9.816383322566360481e-02
3.103893541746715723e+00 1.562228452311283655e-01
3.116459912361074558e+00 2.953203140534987892e-02
3.129026282975433837e+00 9.623423258999411201e-02
3.141592653589793116e+00 -1.042644442722062414e-01
3.154159024204152395e+00 4.772661709467104774e-02
3.166725394818511674e+00 -1.353439442642791757e-01
3.179291765432870509e+00 1.766099856404747259e-01
3.191858136047229788e+00 -9.214999595993707271e-02
3.204424506661589067e+00 -9.075106210789415928e-02
3.216990877275948346e+00 -1.939328146458542679e-01
3.229557247890307181e+00 -1.468380174830047347e-02
3.242123618504666460e+00 -1.577487180071006634e-01
3.254689989119025739e+00 -6.265860101367148882e-02
3.267256359733385018e+00 1.136045493659837424e-02
3.279822730347744297e+00 -2.912527981102035479e-01
3.292389100962103132e+00 1.198558805119467885e-02
3.304955471576462411e+00 -2.345469145234620467e-01
3.317521842190821690e+00 -1.618038585710149524e-01
3.330088212805180969e+00 -2.500512367706497763e-01
3.342654583419540248e+00 -1.521916852384365415e-01
3.355220954033899083e+00 -1.368262598257818929e-01
3.367787324648258362e+00 -2.563296567212011157e-01
3.380353695262617642e+00 -1.941040681572524795e-01
3.392920065876976921e+00 -3.077413503195728373e-01
3.405486436491335756e+00 -2.346664754183273582e-01
3.418052807105695035e+00 -1.683829438466721284e-01
3.430619177720054314e+00 -3.568892569896938705e-01
3.443185548334413593e+00 -2.678091400555918100e-01
3.455751918948772872e+00 -2.503531610010735209e-01
3.468318289563131707e+00 -3.200970747860102938e-01
3.480884660177490986e+00 -5.344063288421154745e-01
3.493451030791850265e+00 -2.714407242233151107e-01
3.506017401406209544e+00 -2.844978358997826140e-01
3.518583772020568823e+00 -2.926896667193777390e-01
3.531150142634927658e+00 -4.579941618773295531e-01
3.543716513249286937e+00 -2.711722625109118656e-01
3.556282883863646216e+00 -4.630655443459175680e-01
3.568849254478005495e+00 -4.785703762785012971e-01
3.581415625092364330e+00 -3.871905304634910006e-01
3.593981995706723609e+00 -3.867013083344059132e-01
3.606548366321082888e+00 -5.591399612858466428e-01
3.619114736935442167e+00 -1.720390127866548435e-01
3.631681107549800558e+00 -5.154351050606852391e-01
3.644247478164159837e+00 -3.989124726279333344e-01
3.656813848778519116e+00 -5.633492717276128436e-01
3.669380219392877951e+00 -4.217077621217796279e-01
3.681946590007237230e+00 -4.805272683294860014e-01
3.694512960621596509e+00 -5.626406910715013865e-01
3.707079331235955788e+00 -5.676521548765597336e-01
3.719645701850315067e+00 -4.632158868336725410e-01
3.732212072464673902e+00 -6.054869162590129639e-01
3.744778443079033181e+00 -6.160389407150228536e-01
3.757344813693392460e+00 -5.530203350752482816e-01
3.769911184307751739e+00 -7.276394421280582003e-01
3.782477554922110574e+00 -5.771813657026378941e-01
3.795043925536469853e+00 -6.315931028564460981e-01
3.807610296150829132e+00 -7.095741858489653664e-01
3.820176666765188411e+00 -6.380248629734651677e-01
3.832743037379547690e+00 -6.262203330842989191e-01
3.845309407993906525e+00 -6.863623956955154926e-01
3.857875778608265804e+00 -6.450909046286633641e-01
3.870442149222625083e+00 -5.818416206181454831e-01
3.883008519836984362e+00 -8.581798954548710556e-01
3.895574890451343641e+00 -7.094431713615885204e-01
3.908141261065702476e+00 -7.312469587215706390e-01
3.920707631680061755e+00 -8.426153821854608372e-01
3.933274002294421035e+00 -7.425640542146715317e-01
3.945840372908780314e+00 -7.638896764461501343e-01
3.958406743523139149e+00 -8.530439005236796213e-01
3.970973114137498428e+00 -5.554047701073742127e-01
3.983539484751857707e+00 -8.380226785753569496e-01
3.996105855366216986e+00 -9.063828179194978185e-01
4.008672225980576265e+00 -7.087725824237278704e-01
4.021238596594935544e+00 -7.252388544447886387e-01
4.033804967209294823e+00 -7.890602390206969963e-01
4.046371337823653214e+00 -6.239240781019425031e-01
4.058937708438012493e+00 -8.771925974025885919e-01
4.071504079052371772e+00 -9.450763031966435967e-01
4.084070449666731051e+00 -6.605972694362453046e-01
4.096636820281090330e+00 -1.002431763556405286e+00
4.109203190895449609e+00 -8.920501836674314955e-01
4.121769561509808888e+00 -9.128543592779205795e-01
4.134335932124168167e+00 -9.211853113173159580e-01
4.146902302738527446e+00 -8.266779262176160437e-01
4.159468673352886725e+00 -9.214384470513370395e-01
4.172035043967245116e+00 -8.564060644903006558e-01
4.184601414581604395e+00 -7.768136924421099598e-01
4.197167785195963674e+00 -6.686869210533566976e-01
4.209734155810322953e+00 -9.221608070509516031e-01
4.222300526424682232e+00 -9.074271908057520708e-01
4.234866897039041511e+00 -9.114193170973491354e-01
4.247433267653400790e+00 -9.476348757283113988e-01
4.259999638267760069e+00 -1.008637549269724376e+00
4.272566008882119348e+00 -7.783382832883994906e-01
4.285132379496477739e+00 -8.592335567643792915e-01
4.297698750110837018e+00 -9.213308566903137820e-01
4.310265120725196297e+00 -9.336564411379355555e-01
4.322831491339555576e+00 -9.456910000931196825e-01
4.335397861953914855e+00 -1.139624397160087232e+00
4.347964232568274134e+00 -8.205534237752639681e-01
4.360530603182633413e+00 -1.128520230462385365e+00
4.373096973796992692e+00 -9.066379618222822900e-01
4.385663344411351972e+00 -8.275299834497051865e-01
4.398229715025710362e+00 -8.069363862574476798e-01
4.410796085640069641e+00 -8.820380610780941266e-01
4.423362456254428032e+00 -9.047731514947529030e-01
4.435928826868787311e+00 -1.010098551102667885e+00
4.448495197483146590e+00 -1.009947564042275481e+00
4.461061568097505869e+00 -9.881772818187831708e-01
4.473627938711865148e+00 -9.995491469146023933e-01
4.486194309326224428e+00 -9.094396217683676786e-01
4.498760679940583707e+00 -1.005000966892667380e+00
4.511327050554942986e+00 -1.102266375688615074e+00
4.523893421169302265e+00 -1.065290473937291260e+00
4.536459791783661544e+00 -9.566705129063436397e-01
4.549026162398019935e+00 -9.009357904362162994e-01
4.561592533012379214e+00 -9.928233117313610689e-01
4.574158903626738493e+00 -9.703313445050831820e-01
4.586725274241097772e+00 -1.110651538080296152e+00
4.599291644855457051e+00 -9.109080160830806960e-01
4.611858015469816330e+00 -9.152299681096681683e-01
4.624424386084175609e+00 -1.103870625202747036e+00
4.636990756698534888e+00 -9.223027785185627936e-01
4.649557127312894167e+00 -1.204877912414362706e+00
4.662123497927252558e+00 -9.567767281426359238e-01
4.674689868541611837e+00 -1.005339864759682955e+00
4.687256239155971116e+00 -9.325529544852475539e-01
4.699822609770330395e+00 -1.111055883764399566e+00
4.712388980384689674e+00 -9.568557782197464334e-01
4.724955350999048953e+00 -1.094944354978263590e+00
4.737521721613408232e+00 -1.028361489583809130e+00
4.750088092227767511e+00 -9.349157807248306140e-01
4.762654462842126790e+00 -1.016773653391606969e+00
4.775220833456485181e+00 -9.805993563359531873e-01
4.787787204070844460e+00 -9.812065349414642590e-01
4.800353574685203739e+00 -1.098847909403316114e+00
4.812919945299563018e+00 -1.019888076456400228e+00
4.825486315913922297e+00 -9.982471969692684466e-01
4.838052686528281576e+00 -8.158208958117493248e-01
4.850619057142640855e+00 -9.293539564416057885e-01
4.863185427757000134e+00 -8.971056026360602065e-01
4.875751798371359413e+00 -1.026982506502641446e+00
4.888318168985717804e+00 -9.704921359267563163e-01
4.900884539600077083e+00 -1.088690259107721214e+00
4.913450910214436362e+00 -8.920435148868981479e-01
4.926017280828795641e+00 -1.248106827253480766e+00
4.938583651443154920e+00 -8.700102206970964369e-01
4.951150022057514200e+00 -1.028468774390071339e+00
4.963716392671873479e+00 -9.004405315573268398e-01
4.976282763286232758e+00 -8.890206174463795019e-01
4.988849133900592037e+00 -9.877021584777244678e-01
5.001415504514951316e+00 -1.018204144954980350e+00
5.013981875129309707e+00 -1.106763733148114826e+00
5.026548245743668986e+00 -8.683625836939807829e-01
5.039114616358028265e+00 -9.920105152768342593e-01
5.051680986972387544e+00 -8.032958828631183712e-01
5.064247357586746823e+00 -8.711353871985657582e-01
5.076813728201106102e+00 -8.399150442594248700e-01
5.089380098815465381e+00 -1.100217912044178403e+00
5.101946469429824660e+00 -9.295835274720096741e-01
5.114512840044183939e+00 -1.059288712841223612e+00
5.127079210658542330e+00 -9.614664468824767329e-01
5.139645581272901609e+00 -8.518646188483824933e-01
5.152211951887260888e+00 -8.934223798869833644e-01
5.164778322501620167e+00 -8.313615061906451942e-01
5.177344693115979446e+00 -8.281821637607627018e-01
5.189911063730338725e+00 -9.149131306080102721e-01
5.202477434344698004e+00 -8.637503126221808269e-01
5.215043804959057283e+00 -9.127217297399351503e-01
5.227610175573416562e+00 -7.422023115965903362e-01
5.240176546187774953e+00 -9.536361091193370498e-01
5.252742916802134232e+00 -6.399023729901415214e-01
5.265309287416492623e+00 -8.415874407155197190e-01
5.277875658030851902e+00 -7.871923270479441737e-01
5.290442028645211181e+00 -8.946950988392465831e-01
5.303008399259570460e+00 -8.284152011675132155e-01
5.315574769873929739e+00 -9.792111684445587994e-01
5.328141140488289018e+00 -8.293333689569303280e-01
5.340707511102648297e+00 -9.920036174407119711e-01
5.353273881717007576e+00 -8.029902572794984650e-01
5.365840252331366855e+00 -6.436073659990456663e-01
5.378406622945726134e+00 -7.379399933728172378e-01
5.390972993560084525e+00 -7.365672027736385186e-01
5.403539364174443804e+00 -6.109624895193919158e-01
5.416105734788803083e+00 -5.906398593538447761e-01
5.428672105403162362e+00 -9.077149687008800871e-01
5.441238476017521641e+00 -9.728446982853174996e-01
5.453804846631880920e+00 -8.431611540341037436e-01
5.466371217246240199e+00 -7.719057348268226759e-01
5.478937587860599479e+00 -8.258279400780152990e-01
5.491503958474958758e+00 -6.813427610599550599e-01
5.504070329089317148e+00 -7.700406211536842127e-01
5.516636699703676427e+00 -6.294256710835682833e-01
5.529203070318035707e+00 -7.203458675659532018e-01
5.541769440932394986e+00 -3.904534381200701065e-01
5.554335811546754265e+00 -7.016269208502901034e-01
5.566902182161113544e+00 -7.218826829590971883e-01
5.579468552775472823e+00 -6.466653085269578050e-01
5.592034923389832102e+00 -6.821966512582713360e-01
5.604601294004191381e+00 -5.496725142069548431e-01
5.617167664618549772e+00 -7.711929136527009288e-01
5.629734035232909051e+00 -7.513001615573684511e-01
5.642300405847268330e+00 -5.603285830643848220e-01
5.654866776461627609e+00 -4.574676555540755363e-01
5.667433147075986888e+00 -4.868734701285697963e-01
5.679999517690346167e+00 -6.160447366977676031e-01
5.692565888304705446e+00 -4.026125874565875673e-01
5.705132258919064725e+00 -4.904106581666453080e-01
5.717698629533424004e+00 -5.228539134359344587e-01
5.730265000147783283e+00 -4.761818897867199363e-01
5.742831370762141674e+00 -4.361159939457245338e-01
5.755397741376500953e+00 -6.421160853791216816e-01
5.767964111990860232e+00 -4.558546097745211911e-01
5.780530482605219511e+00 -5.272445162651799855e-01
5.793096853219578790e+00 -3.477316908360549297e-01
5.805663223833938069e+00 -2.706845939259312495e-01
5.818229594448297348e+00 -4.520428521424242341e-01
5.830795965062656627e+00 -5.555413469836631979e-01
5.843362335677015906e+00 -5.571216684730934121e-01
5.855928706291374297e+00 -3.475675236114196265e-01
5.868495076905733576e+00 -3.355349583653519652e-01
5.881061447520092855e+00 -5.271862353338729879e-01
5.893627818134452134e+00 -3.711080999679614578e-01
5.906194188748811413e+00 -4.110426521294572311e-01
5.918760559363170692e+00 -4.183013034194454915e-01
5.931326929977529971e+00 -3.454279636260340069e-01
5.943893300591889250e+00 -2.626789099693783713e-01
5.956459671206248530e+00 -2.263921592811728445e-01
5.969026041820606920e+00 -2.479050625460555990e-01
5.981592412434966199e+00 -3.814573553422632712e-01
5.994158783049325478e+00 -2.510908268637555008e-01
6.006725153663684758e+00 -3.254265860684348310e-01
6.019291524278044037e+00 -4.066691758178107574e-01
6.031857894892402427e+00 -3.610306716568489893e-01
6.044424265506761706e+00 -1.279230271272791264e-01
6.056990636121120986e+00 -1.486361418144408197e-01
6.069557006735480265e+00 -4.367418547518182592e-01
6.082123377349839544e+00 -9.250899073741353229e-02
6.094689747964198823e+00 -2.930965240841397756e-01
6.107256118578558102e+00 -1.661254018023412549e-01
6.119822489192916493e+00 -3.291034706096908069e-01
6.132388859807275772e+00 -1.951514567649821896e-01
6.144955230421635051e+00 -6.578975238915706070e-02
6.157521601035994330e+00 -8.031801445893937963e-02
6.170087971650353609e+00 -2.103847114254608075e-01
6.182654342264712888e+00 -1.229229715356688901e-02
6.195220712879072167e+00 -2.957841849873067419e-01
6.207787083493431446e+00 1.016003484859022143e-01
6.220353454107790725e+00 -2.851893338470257722e-01
6.232919824722149116e+00 -1.793193090688132152e-01
6.245486195336508395e+00 -8.323342441060696539e-02
6.258052565950867674e+00 4.964508866636876960e-02
6.270618936565226953e+00 -1.787365171962863528e-02
