0.000000000000000000e+00 -1.011379218495048748e-01
1.256637061435917323e-02 -1.876250929822953217e-01
2.513274122871834645e-02 5.701082360533164806e-02
3.769911184307751795e-02 -2.695065105539948824e-01
5.026548245743669291e-02 3.134548900818155681e-02
6.283185307179586787e-02 2.074664158607043840e-02
7.539822368615503589e-02 1.851030809426873203e-01
8.796459430051420392e-02 8.667854857819906611e-02
1.005309649148733858e-01 -3.110014033385399834e-02
1.130973355292325677e-01 7.913941048722991645e-02
1.256637061435917357e-01 6.232440965969282543e-03
1.382300767579508760e-01 2.087998146910165775e-01
1.507964473723100718e-01 9.414937425384749259e-02
1.633628179866692676e-01 1.192671806209273655e-01
1.759291886010284078e-01 2.844057991792747209e-01
1.884955592153875759e-01 2.171739058679538759e-01
2.010619298297467716e-01 3.388524910321807360e-01
2.136283004441059397e-01 3.237026936022210366e-01
2.261946710584651354e-01 1.287395128205970352e-01
2.387610416728242757e-01 1.590810163946553280e-01
2.513274122871834715e-01 3.174562607241919743e-01
2.638937829015426395e-01 2.396332930497986902e-01
2.764601535159017520e-01 2.684359320551779060e-01
2.890265241302609756e-01 7.319339069162256184e-02
3.015928947446201436e-01 2.966464730652764170e-01
3.141592653589793116e-01 1.967957437628686246e-01
3.267256359733385351e-01 2.933416187875807490e-01
3.392920065876976476e-01 3.939972023123353706e-01
3.518583772020568157e-01 5.097425220179654382e-01
3.644247478164160392e-01 2.559043555684323845e-01
3.769911184307751517e-01 2.574418601623057468e-01
3.895574890451343197e-01 3.774262349739690992e-01
4.021238596594935433e-01 5.268467477204674676e-01
4.146902302738527113e-01 3.990614175396641206e-01
4.272566008882118793e-01 3.188668704241790497e-01
4.398229715025711029e-01 2.772922633397677528e-01
4.523893421169302709e-01 3.512345731917222436e-01
4.649557127312893834e-01 5.434315711846735564e-01
4.775220833456485514e-01 3.256989876172316500e-01
4.900884539600077194e-01 5.814852036958325643e-01
5.026548245743669430e-01 6.494594345354732789e-01
5.152211951887261110e-01 6.937117172832295564e-01
5.277875658030852790e-01 5.337839356525091450e-01
5.403539364174444470e-01 4.928010262736129410e-01
5.529203070318035040e-01 4.067357432306598630e-01
5.654866776461627831e-01 3.444648100746546815e-01
5.780530482605219511e-01 4.698483389937675447e-01
5.906194188748811191e-01 4.610400558737247634e-01
6.031857894892402872e-01 4.274087027717435872e-01
6.157521601035994552e-01 5.252340293652305592e-01
6.283185307179586232e-01 7.255556287600719578e-01
6.408849013323177912e-01 5.901559070013550068e-01
6.534512719466770703e-01 5.750574269681296702e-01
6.660176425610361273e-01 6.205069854501635840e-01
6.785840131753952953e-01 8.140324074694137435e-01
6.911503837897544633e-01 9.141291340741006799e-01
7.037167544041136313e-01 5.593229454189173611e-01
7.162831250184729104e-01 7.441967195668465207e-01
7.288494956328320784e-01 7.445800222165690485e-01
7.414158662471912464e-01 7.245446064663275676e-01
7.539822368615503034e-01 7.617194059246165105e-01
7.665486074759094715e-01 7.801680392483675286e-01
7.791149780902686395e-01 7.365714730613405203e-01
7.916813487046279185e-01 5.514681101952705333e-01
8.042477193189870865e-01 5.692105196039167758e-01
8.168140899333462546e-01 8.409224495383721409e-01
8.293804605477054226e-01 6.733556980893619093e-01
8.419468311620645906e-01 5.985739942240377864e-01
8.545132017764237586e-01 9.303383204591191280e-01
8.670795723907829267e-01 7.508595084066260750e-01
8.796459430051422057e-01 7.638346847619724711e-01
8.922123136195013737e-01 8.419652963267119095e-01
9.047786842338605418e-01 6.287818752484601870e-01
9.173450548482194877e-01 6.079752358086105701e-01
9.299114254625787668e-01 7.409019004841689293e-01
9.424777960769379348e-01 8.489905127499518533e-01
9.550441666912971028e-01 9.143227128714326302e-01
9.676105373056562708e-01 9.283227978458039598e-01
9.801769079200154389e-01 8.208116379096513926e-01
9.927432785343746069e-01 8.155076413150090797e-01
1.005309649148733886e+00 8.762835656728308331e-01
1.017876019763092943e+00 1.121360216393635589e+00
1.030442390377452222e+00 8.348003873536389285e-01
1.043008760991811279e+00 1.058338539361646014e+00
1.055575131606170558e+00 9.192114926845230682e-01
1.068141502220529837e+00 8.133687293392584117e-01
1.080707872834888894e+00 8.307386228269572070e-01
1.093274243449248173e+00 7.958200643764627991e-01
1.105840614063607008e+00 8.190102568680927009e-01
1.118406984677966287e+00 8.157338073006294987e-01
1.130973355292325566e+00 8.635221567420362510e-01
1.143539725906684623e+00 1.078947014552295691e+00
1.156106096521043902e+00 8.970663073526673470e-01
1.168672467135402959e+00 8.164093203366111773e-01
1.181238837749762238e+00 8.511674484196478652e-01
1.193805208364121295e+00 1.088593215108770274e+00
1.206371578978480574e+00 8.742448442020266386e-01
1.218937949592839853e+00 8.329871973836328047e-01
1.231504320207198910e+00 8.555653826270339657e-01
1.244070690821558189e+00 9.382722045610718542e-01
1.256637061435917246e+00 9.261339293193128208e-01
1.269203432050276525e+00 1.073898638866452648e+00
1.281769802664635582e+00 9.933564967206574003e-01
1.294336173278994861e+00 9.316914484901785976e-01
1.306902543893354141e+00 9.769972352346140143e-01
1.319468914507712975e+00 9.404589859371752514e-01
1.332035285122072255e+00 7.376751413293992643e-01
1.344601655736431534e+00 1.074621732228363324e+00
1.357168026350790591e+00 9.457942723893698611e-01
1.369734396965149870e+00 8.638840873109639995e-01
1.382300767579508927e+00 9.312019009187874063e-01
1.394867138193868206e+00 9.360746789834250015e-01
1.407433508808227263e+00 8.612017864247648591e-01
1.419999879422586542e+00 9.607920736638992931e-01
1.432566250036945821e+00 1.027618249146680096e+00
1.445132620651304878e+00 9.298612508609908067e-01
1.457698991265664157e+00 1.038734743617383938e+00
1.470265361880023214e+00 9.021407994222462312e-01
1.482831732494382493e+00 9.127862191232248845e-01
1.495398103108741550e+00 1.120640749254437241e+00
1.507964473723100607e+00 1.104557708189844112e+00
1.520530844337459886e+00 1.060894492020225677e+00
1.533097214951818943e+00 8.373312868577666990e-01
1.545663585566178222e+00 9.614737120777293589e-01
1.558229956180537279e+00 1.123527450500409142e+00
1.570796326794896558e+00 9.239554170578054837e-01
1.583362697409255837e+00 1.082638004458927661e+00
1.595929068023614894e+00 1.142115672669597570e+00
1.608495438637974173e+00 9.349321115964663864e-01
1.621061809252333230e+00 1.075028798632827520e+00
1.633628179866692509e+00 1.148323580112092346e+00
1.646194550481051566e+00 8.839229629531586419e-01
1.658760921095410845e+00 1.126429512228293017e+00
1.671327291709770124e+00 1.078245805510943622e+00
1.683893662324129181e+00 9.778539214487733666e-01
1.696460032938488460e+00 9.028289807331723038e-01
1.709026403552847517e+00 1.037457577732727732e+00
1.721592774167206796e+00 9.724935023211265239e-01
1.734159144781565853e+00 1.043337335061738980e+00
1.746725515395925132e+00 1.039843280091714783e+00
1.759291886010284411e+00 1.095645130704351544e+00
1.771858256624643468e+00 1.008644588371134798e+00
1.784424627239002747e+00 1.140092641176118526e+00
1.796990997853361804e+00 8.684071371778174786e-01
1.809557368467721084e+00 9.699775386176590075e-01
1.822123739082079918e+00 9.743938304436896569e-01
1.834690109696438975e+00 1.106807298533053707e+00
1.847256480310798255e+00 8.296723622582116153e-01
1.859822850925157534e+00 1.090183355484585004e+00
1.872389221539516591e+00 1.037847605486908131e+00
1.884955592153875870e+00 9.619611762764133100e-01
1.897521962768234927e+00 1.004563151214418637e+00
1.910088333382594206e+00 9.693412324433481331e-01
1.922654703996953263e+00 1.018719244310009708e+00
1.935221074611312542e+00 1.088051078165090724e+00
1.947787445225671821e+00 8.907016899344095684e-01
1.960353815840030878e+00 1.103243705460090984e+00
1.972920186454390157e+00 9.406891403595315504e-01
1.985486557068749214e+00 9.685214396997673392e-01
1.998052927683108493e+00 8.935133915603098442e-01
2.010619298297467772e+00 8.150810352072210829e-01
2.023185668911826607e+00 8.522837406367756996e-01
2.035752039526185886e+00 8.776434075396839507e-01
2.048318410140545165e+00 8.555897625265113104e-01
2.060884780754904444e+00 6.204531203463536926e-01
2.073451151369263723e+00 9.770477232229800579e-01
2.086017521983622558e+00 8.122587696937489943e-01
2.098583892597981837e+00 8.525656530643122011e-01
2.111150263212341116e+00 9.456248489071613639e-01
2.123716633826700395e+00 9.765941460174185629e-01
2.136283004441059674e+00 1.017537795194711769e+00
2.148849375055418509e+00 6.967253962555175484e-01
2.161415745669777788e+00 6.409646119394789565e-01
2.173982116284137067e+00 8.294423092714406920e-01
2.186548486898496346e+00 8.494457887970898735e-01
2.199114857512855181e+00 9.089928767272714705e-01
2.211681228127214016e+00 6.563129058358296852e-01
2.224247598741573295e+00 7.722095191984769125e-01
2.236813969355932574e+00 7.963077453785356585e-01
2.249380339970291853e+00 8.994338587650694272e-01
2.261946710584651132e+00 7.695053525791427651e-01
2.274513081199009967e+00 6.970755232193533990e-01
2.287079451813369246e+00 7.750042183458522027e-01
2.299645822427728525e+00 7.330991774060193755e-01
2.312212193042087804e+00 8.430470350167768023e-01
2.324778563656447083e+00 7.590696017238762749e-01
2.337344934270805918e+00 6.141637730261325645e-01
2.349911304885165197e+00 6.546234864220399352e-01
2.362477675499524477e+00 7.988574669418593288e-01
2.375044046113883756e+00 8.132299410220015234e-01
2.387610416728242591e+00 6.671066984280571432e-01
2.400176787342601870e+00 5.761005251528479310e-01
2.412743157956961149e+00 6.667804970172809265e-01
2.425309528571320428e+00 6.539221741234179097e-01
2.437875899185679707e+00 7.356823681221779099e-01
2.450442269800038542e+00 4.458236166524862654e-01
2.463008640414397821e+00 5.778357911303735328e-01
2.475575011028757100e+00 6.774350218759321862e-01
2.488141381643116379e+00 5.371549645677455853e-01
2.500707752257475658e+00 8.969905131571620505e-01
2.513274122871834493e+00 7.377488031665390134e-01
2.525840493486193772e+00 5.063874596725380650e-01
2.538406864100553051e+00 6.725922780647748400e-01
2.550973234714912330e+00 3.955574508630739783e-01
2.563539605329271165e+00 6.900720579098379437e-01
2.576105975943630444e+00 6.198849746009547079e-01
2.588672346557989723e+00 4.430271897997226094e-01
2.601238717172349002e+00 5.464494400696646714e-01
2.613805087786708281e+00 6.327029633784659879e-01
2.626371458401067116e+00 3.814568734179674125e-01
2.638937829015425951e+00 5.784191448685819248e-01
2.651504199629785230e+00 4.219272168121014355e-01
2.664070570244144509e+00 3.982584771164296988e-01
2.676636940858503788e+00 5.599808698223135428e-01
2.689203311472863067e+00 4.780501033549447998e-01
2.701769682087221902e+00 3.748895643693619939e-01
2.714336052701581181e+00 4.363431521187552398e-01
2.726902423315940460e+00 4.179354046648011134e-01
2.739468793930299739e+00 4.884313907539615807e-01
2.752035164544658574e+00 2.125023313933201430e-01
2.764601535159017853e+00 3.386358557141481151e-01
2.777167905773377132e+00 3.900399084802368410e-01
2.789734276387736411e+00 3.453958810489305420e-01
2.802300647002095690e+00 4.083523092016622114e-01
2.814867017616454525e+00 4.123881691376604097e-01
2.827433388230813804e+00 3.842214121381516412e-01
2.839999758845173083e+00 3.558934326046755969e-01
2.852566129459532362e+00 2.510765590623779131e-01
2.865132500073891642e+00 3.229654227032471847e-01
2.877698870688250476e+00 2.387875947851054170e-01
2.890265241302609756e+00 2.967411541984668055e-01
2.902831611916969035e+00 2.528426840740993775e-01
2.915397982531328314e+00 1.263986736177734327e-01
2.927964353145687149e+00 1.672446559764779739e-01
2.940530723760046428e+00 3.253439305644778567e-01
2.953097094374405707e+00 1.486487822145423909e-01
2.965663464988764986e+00 -5.836113632574996268e-03
2.978229835603124265e+00 2.081286234630848608e-01
2.990796206217483100e+00 2.965682568569054656e-01
3.003362576831842379e+00 -4.413730544381741505e-02
3.015928947446201214e+00 2.144852138059126223e-01
3.028495318060560493e+00 2.321171582364611186e-01
3.041061688674919772e+00 1.374458570101853294e-01
3.053628059289279051e+00 3.982959898599541110e-02
3.066194429903637886e+00 -5.191727544464327937e-03
3.078760800517997165e+00 7.120119535095280339e-02
3.091327171132356444e+00 1.894456215674906185e-01
3.103893541746715723e+00 -3.584077010477134534e-02
3.116459912361074558e+00 4.604211196759805391e-02
3.129026282975433837e+00 -3.249125068819684603e-02
3.141592653589793116e+00 5.676212537177078438e-02
3.154159024204152395e+00 -2.264010288860021092e-01
3.166725394818511674e+00 5.197778692356135044e-02
3.179291765432870509e+00 -9.818823750035520631e-03
3.191858136047229788e+00 -2.430596571172990994e-02
3.204424506661589067e+00 -1.122362252619405198e-01
3.216990877275948346e+00 -1.212424599151425975e-01
3.229557247890307181e+00 -1.495329093043019364e-01
3.242123618504666460e+00 7.455544668038091571e-02
3.254689989119025739e+00 -1.992991579337271557e-01
3.267256359733385018e+00 -7.183078897602951374e-02
3.279822730347744297e+00 -1.016316787561348800e-01
3.292389100962103132e+00 -6.119179366345131599e-02
3.304955471576462411e+00 -1.535965098649980098e-01
3.317521842190821690e+00 -2.110145421746365546e-01
3.330088212805180969e+00 -2.967540680489917371e-01
3.342654583419540248e+00 -1.364250530968743047e-01
3.355220954033899083e+00 -1.623303159039777288e-01
3.367787324648258362e+00 -1.876585461767438234e-01
3.380353695262617642e+00 -2.546544144158248701e-01
3.392920065876976921e+00 -4.234153935906150301e-01
3.405486436491335756e+00 -8.078960396903905883e-02
3.418052807105695035e+00 -4.100530281760974560e-01
3.430619177720054314e+00 -3.352608422294087176e-01
3.443185548334413593e+00 -3.679581873104996737e-01
3.455751918948772872e+00 -3.675337928344905580e-01
3.468318289563131707e+00 -4.349119177959490101e-01
3.480884660177490986e+00 -1.984364868855334751e-01
3.493451030791850265e+00 -3.388410046077849347e-01
3.506017401406209544e+00 -2.982728338248611943e-01
3.518583772020568823e+00 -3.944790886124391882e-01
3.531150142634927658e+00 -2.927916661539339827e-01
3.543716513249286937e+00 -2.731059426763255416e-01
3.556282883863646216e+00 -3.259429747987218629e-01
3.568849254478005495e+00 -5.065197083391372868e-01
3.581415625092364330e+00 -5.154766023365587868e-01
3.593981995706723609e+00 -5.335319098363707768e-01
3.606548366321082888e+00 -4.537276133251987864e-01
3.619114736935442167e+00 -3.321662283766652068e-01
3.631681107549800558e+00 -5.045667684988810464e-01
3.644247478164159837e+00 -3.478136651990593742e-01
3.656813848778519116e+00 -6.937858386723674275e-01
3.669380219392877951e+00 -5.824445806460104569e-01
3.681946590007237230e+00 -4.853324354316094769e-01
3.694512960621596509e+00 -4.653743619099742768e-01
3.707079331235955788e+00 -5.947594699619540570e-01
3.719645701850315067e+00 -5.814047155069762551e-01
3.732212072464673902e+00 -5.307175277956104331e-01
3.744778443079033181e+00 -6.090995601536417503e-01
3.757344813693392460e+00 -7.907578910620012280e-01
3.769911184307751739e+00 -4.489410114860328260e-01
3.782477554922110574e+00 -6.822132342776604519e-01
3.795043925536469853e+00 -4.823207045915767210e-01
3.807610296150829132e+00 -7.168169965558703893e-01
3.820176666765188411e+00 -6.418602379502245103e-01
3.832743037379547690e+00 -7.598399119623582276e-01
3.845309407993906525e+00 -6.515456784619387820e-01
3.857875778608265804e+00 -4.998684513669510165e-01
3.870442149222625083e+00 -4.189275073781776326e-01
3.883008519836984362e+00 -7.074936684043766633e-01
3.895574890451343641e+00 -6.933862387087921242e-01
3.908141261065702476e+00 -8.449151769749199126e-01
3.920707631680061755e+00 -7.408277643545644331e-01
3.933274002294421035e+00 -6.037737228308648341e-01
3.945840372908780314e+00 -7.390139957483500277e-01
3.958406743523139149e+00 -6.610933393393537694e-01
3.970973114137498428e+00 -7.654574465387642412e-01
3.983539484751857707e+00 -6.676548222113578568e-01
3.996105855366216986e+00 -9.118613307852363459e-01
4.008672225980576265e+00 -6.541715167908493944e-01
4.021238596594935544e+00 -8.340889401220417110e-01
4.033804967209294823e+00 -6.435941934644977547e-01
4.046371337823653214e+00 -7.559461984223853070e-01
4.058937708438012493e+00 -7.646159773197224174e-01
4.071504079052371772e+00 -6.562647768033939011e-01
4.084070449666731051e+00 -8.266895283962142349e-01
4.096636820281090330e+00 -5.963368689129994182e-01
4.109203190895449609e+00 -7.635861549941187487e-01
4.121769561509808888e+00 -9.245512278413589025e-01
4.134335932124168167e+00 -8.147199314454603991e-01
4.146902302738527446e+00 -7.966098048864023173e-01
4.159468673352886725e+00 -7.254764392115095051e-01
4.172035043967245116e+00 -7.722495082291009894e-01
4.184601414581604395e+00 -6.198880952286025536e-01
4.197167785195963674e+00 -8.037983475674235212e-01
4.209734155810322953e+00 -8.159013496609398564e-01
4.222300526424682232e+00 -9.005830729470253315e-01
4.234866897039041511e+00 -9.446559764568112083e-01
4.247433267653400790e+00 -9.355669833872999330e-01
4.259999638267760069e+00 -9.296527700721013421e-01
4.272566008882119348e+00 -8.527087116937785982e-01
4.285132379496477739e+00 -9.745626894589348721e-01
4.297698750110837018e+00 -7.688558796023591269e-01
4.310265120725196297e+00 -8.911777155536649841e-01
4.322831491339555576e+00 -9.592516925748332257e-01
4.335397861953914855e+00 -8.718972822418301627e-01
4.347964232568274134e+00 -1.024268825548896533e+00
4.360530603182633413e+00 -9.294461402664239147e-01
4.373096973796992692e+00 -9.568775070361820179e-01
4.385663344411351972e+00 -9.770883385122179909e-01
4.398229715025710362e+00 -9.655680198315744756e-01
4.410796085640069641e+00 -9.312248281290002039e-01
4.423362456254428032e+00 -8.399172920947624021e-01
4.435928826868787311e+00 -9.813885343255284166e-01
4.448495197483146590e+00 -9.820029477949524521e-01
4.461061568097505869e+00 -1.008923202399869101e+00
4.473627938711865148e+00 -8.746805657833202075e-01
4.486194309326224428e+00 -9.364846830546655898e-01
4.498760679940583707e+00 -9.221410318807514717e-01
4.511327050554942986e+00 -1.082547025139800834e+00
4.523893421169302265e+00 -1.010506806937970570e+00
4.536459791783661544e+00 -9.297477531615440105e-01
4.549026162398019935e+00 -8.546298517591497390e-01
4.561592533012379214e+00 -1.098426854351083337e+00
4.574158903626738493e+00 -9.048448191128549700e-01
4.586725274241097772e+00 -1.066684851749390095e+00
4.599291644855457051e+00 -9.737848784256631918e-01
4.611858015469816330e+00 -9.789423134695126594e-01
4.624424386084175609e+00 -8.451789273430349025e-01
4.636990756698534888e+00 -1.170421553170229112e+00
4.649557127312894167e+00 -1.041621512186021725e+00
4.662123497927252558e+00 -9.289200067200732436e-01
4.674689868541611837e+00 -8.976740359719641571e-01
4.687256239155971116e+00 -1.048859522303064562e+00
4.699822609770330395e+00 -1.057990518356298093e+00
4.712388980384689674e+00 -1.109204916009295161e+00
4.724955350999048953e+00 -1.020620478964899380e+00
4.737521721613408232e+00 -1.087188333318846345e+00
4.750088092227767511e+00 -8.646993860546769994e-01
4.762654462842126790e+00 -8.188060800159097097e-01
4.775220833456485181e+00 -9.596152565287092706e-01
4.787787204070844460e+00 -1.191212425185989909e+00
4.800353574685203739e+00 -1.029112861901460230e+00
4.812919945299563018e+00 -1.011599445186108559e+00
4.825486315913922297e+00 -1.054800887914178364e+00
4.838052686528281576e+00 -1.006593400416745832e+00
4.850619057142640855e+00 -1.042082107945724756e+00
4.863185427757000134e+00 -1.011166664972918516e+00
4.875751798371359413e+00 -9.538624658397300005e-01
4.888318168985717804e+00 -7.256785297250414324e-01
4.900884539600077083e+00 -9.274906121539545634e-01
4.913450910214436362e+00 -1.126677646212942641e+00
4.926017280828795641e+00 -9.900884781957314251e-01
4.938583651443154920e+00 -1.011804372810535702e+00
4.951150022057514200e+00 -9.363632758844457893e-01
4.963716392671873479e+00 -9.715323088229307347e-01
4.976282763286232758e+00 -9.464328489868119032e-01
4.988849133900592037e+00 -1.051519162599052981e+00
5.001415504514951316e+00 -1.166809809327883141e+00
5.013981875129309707e+00 -8.909079279035463372e-01
5.026548245743668986e+00 -1.155904329712337253e+00
5.039114616358028265e+00 -1.023835306529421896e+00
5.051680986972387544e+00 -1.181066487969897993e+00
5.064247357586746823e+00 -1.054680878203278382e+00
5.076813728201106102e+00 -8.369290857638290726e-01
5.089380098815465381e+00 -6.720666780469408685e-01
5.101946469429824660e+00 -9.189500520459350508e-01
5.114512840044183939e+00 -7.395998527121503407e-01
5.127079210658542330e+00 -8.849198105619869859e-01
5.139645581272901609e+00 -1.096451976282232454e+00
5.152211951887260888e+00 -1.006516712797672852e+00
5.164778322501620167e+00 -1.076631316427915319e+00
5.177344693115979446e+00 -8.090608260025708987e-01
5.189911063730338725e+00 -7.007272544121045943e-01
5.202477434344698004e+00 -9.650395563724893933e-01
5.215043804959057283e+00 -8.354549440839352803e-01
5.227610175573416562e+00 -9.151297535736601096e-01
5.240176546187774953e+00 -8.820712575542341005e-01
5.252742916802134232e+00 -1.016199461544180505e+00
5.265309287416492623e+00 -7.526983458568080598e-01
5.277875658030851902e+00 -9.323189078082023684e-01
5.290442028645211181e+00 -8.107882855499957131e-01
5.303008399259570460e+00 -1.053163803610027927e+00
5.315574769873929739e+00 -7.371319799488252889e-01
5.328141140488289018e+00 -6.252670937753497249e-01
5.340707511102648297e+00 -8.328284141896000747e-01
5.353273881717007576e+00 -7.024784397099558264e-01
5.365840252331366855e+00 -8.823711054799221465e-01
5.378406622945726134e+00 -7.424586744091059565e-01
5.390972993560084525e+00 -7.294995273240685307e-01
5.403539364174443804e+00 -5.710764168731543577e-01
5.416105734788803083e+00 -7.036518479311670848e-01
5.428672105403162362e+00 -7.045769172440933259e-01
5.441238476017521641e+00 -5.607748099519556106e-01
5.453804846631880920e+00 -8.106373856755039187e-01
5.466371217246240199e+00 -8.427370126775965975e-01
5.478937587860599479e+00 -7.018149958684386513e-01
5.491503958474958758e+00 -6.897936687025596481e-01
5.504070329089317148e+00 -7.166483614022918225e-01
5.516636699703676427e+00 -5.282617388785982859e-01
5.529203070318035707e+00 -6.497649106108928097e-01
5.541769440932394986e+00 -6.291065189521072298e-01
5.554335811546754265e+00 -6.743964140095417559e-01
5.566902182161113544e+00 -6.491956544789356798e-01
5.579468552775472823e+00 -6.360391602781469977e-01
5.592034923389832102e+00 -5.732398764895904053e-01
5.604601294004191381e+00 -8.426956312128693893e-01
5.617167664618549772e+00 -6.548946702522113750e-01
5.629734035232909051e+00 -6.105606402296139823e-01
5.642300405847268330e+00 -5.128224434653279040e-01
5.654866776461627609e+00 -6.210397701367821321e-01
5.667433147075986888e+00 -6.352455066994273647e-01
5.679999517690346167e+00 -6.526574674889246142e-01
5.692565888304705446e+00 -4.767538147155695460e-01
5.705132258919064725e+00 -5.136794635560001376e-01
5.717698629533424004e+00 -7.516764253803431828e-01
5.730265000147783283e+00 -6.664716575362974460e-01
5.742831370762141674e+00 -5.686611407933978013e-01
5.755397741376500953e+00 -5.935846422157411428e-01
5.767964111990860232e+00 -5.336540763664623377e-01
5.780530482605219511e+00 -3.677466821550100518e-01
5.793096853219578790e+00 -5.958314557403083800e-01
5.805663223833938069e+00 -4.390908739183621012e-01
5.818229594448297348e+00 -5.129546190538981643e-01
5.830795965062656627e+00 -3.699094428540168900e-01
5.843362335677015906e+00 -5.130876923952679691e-01
5.855928706291374297e+00 -3.791501058319027284e-01
5.868495076905733576e+00 -5.799329211036502452e-01
5.881061447520092855e+00 -5.396757314186561016e-01
5.893627818134452134e+00 -3.877184162115296928e-01
5.906194188748811413e+00 -3.495704005734189823e-01
5.918760559363170692e+00 -5.116725066872916949e-01
5.931326929977529971e+00 -5.871321022326128070e-01
5.943893300591889250e+00 -5.185606356189111921e-01
5.956459671206248530e+00 -3.620505446930492588e-01
5.969026041820606920e+00 -5.072962397298158566e-01
5.981592412434966199e+00 -1.955858237063985428e-01
5.994158783049325478e+00 -2.247222323286770518e-01
6.006725153663684758e+00 -2.737827001461212717e-01
6.019291524278044037e+00 -2.757702119900339865e-01
6.031857894892402427e+00 -3.458988939879399371e-01
6.044424265506761706e+00 -3.513945089259873922e-01
6.056990636121120986e+00 -2.309301283757352607e-01
6.069557006735480265e+00 -1.620984277920107519e-01
6.082123377349839544e+00 -1.610524547019869246e-01
6.094689747964198823e+00 -1.678345396913373255e-01
6.107256118578558102e+00 -2.256947935715574172e-01
6.119822489192916493e+00 -8.926664678011397847e-02
6.132388859807275772e+00 -1.052560198798949825e-01
6.144955230421635051e+00 -4.319009381148458671e-03
6.157521601035994330e+00 -1.281751203010451923e-01
6.170087971650353609e+00 -1.034329558248136965e-01
6.182654342264712888e+00 -1.118714248723507998e-01
6.195220712879072167e+00 -1.298161263093422779e-01
6.207787083493431446e+00 -4.142410567702254492e-02
6.220353454107790725e+00 -1.064536815866653219e-01
6.232919824722149116e+00 -6.698778733657743956e-02
6.245486195336508395e+00 -1.123031713494071770e-01
6.258052565950867674e+00 1.640052088846632172e-01
6.270618936565226953e+00 -8.628499247572904429e-02
