0.000000000000000000e+00 -5.196424950553217570e-03
1.256637061435917323e-02 1.446434847910137850e-03
2.513274122871834645e-02 1.293097753517504223e-01
3.769911184307751795e-02 -8.798374673656417233e-02
5.026548245743669291e-02 1.247830863294961401e-01
6.283185307179586787e-02 -1.083148565434538108e-01
7.539822368615503589e-02 5.474036735550606714e-02
8.796459430051420392e-02 6.439406743002036582e-02
1.005309649148733858e-01 2.131761192322582654e-01
1.130973355292325677e-01 1.115937897106991372e-01
1.256637061435917357e-01 6.401320487298414741e-02
1.382300767579508760e-01 2.751591406606797019e-01
1.507964473723100718e-01 3.113247867645915212e-01
1.633628179866692676e-01 9.371433807079494749e-02
1.759291886010284078e-01 2.442154300403658329e-01
1.884955592153875759e-01 1.425697543280890489e-01
2.010619298297467716e-01 2.159442271941250102e-01
2.136283004441059397e-01 2.377300233348732250e-01
2.261946710584651354e-01 9.672517501926256034e-02
2.387610416728242757e-01 2.428994405162897552e-01
2.513274122871834715e-01 1.425042253410625515e-01
2.638937829015426395e-01 1.619046669330042876e-01
2.764601535159017520e-01 2.271796129178806634e-01
2.890265241302609756e-01 8.660110103574070184e-02
3.015928947446201436e-01 1.493973693774905409e-01
3.141592653589793116e-01 3.321972903409661226e-01
3.267256359733385351e-01 3.853595372515105089e-01
3.392920065876976476e-01 4.180318140495855594e-01
3.518583772020568157e-01 2.982410513160370091e-01
3.644247478164160392e-01 4.261295384651389018e-01
3.769911184307751517e-01 5.249127703469036454e-01
3.895574890451343197e-01 4.976347161077024905e-01
4.021238596594935433e-01 2.529779799794310557e-01
4.146902302738527113e-01 2.281730561805047630e-01
4.272566008882118793e-01 4.546479601168694762e-01
4.398229715025711029e-01 5.502275713612199137e-01
4.523893421169302709e-01 4.347321314471683240e-01
4.649557127312893834e-01 5.436399869139418861e-01
4.775220833456485514e-01 4.840762548239728735e-01
4.900884539600077194e-01 4.931136461210351984e-01
5.026548245743669430e-01 5.114217938212102244e-01
5.152211951887261110e-01 5.148026801936174124e-01
5.277875658030852790e-01 4.612931183467868235e-01
5.403539364174444470e-01 6.990010451249564216e-01
5.529203070318035040e-01 6.171860868418758139e-01
5.654866776461627831e-01 4.800351719840013076e-01
5.780530482605219511e-01 5.178718427759649856e-01
5.906194188748811191e-01 4.527489529576701477e-01
6.031857894892402872e-01 6.153058916800534517e-01
6.157521601035994552e-01 4.348349429418623124e-01
6.283185307179586232e-01 5.544586103980669867e-01
6.408849013323177912e-01 6.726358323256652616e-01
6.534512719466770703e-01 6.639532605314006908e-01
6.660176425610361273e-01 6.752305067262741600e-01
6.785840131753952953e-01 5.096033094273959563e-01
6.911503837897544633e-01 7.138889980870651852e-01
7.037167544041136313e-01 6.336174632302622456e-01
7.162831250184729104e-01 7.890495233277277087e-01
7.288494956328320784e-01 6.383691028621587549e-01
7.414158662471912464e-01 8.432879055523205825e-01
7.539822368615503034e-01 7.260632933335708916e-01
7.665486074759094715e-01 7.684214662078715508e-01
7.791149780902686395e-01 6.633969291893251352e-01
7.916813487046279185e-01 6.709032699746915185e-01
8.042477193189870865e-01 6.817244277028243760e-01
8.168140899333462546e-01 8.290588451287548288e-01
8.293804605477054226e-01 6.927448741484005801e-01
8.419468311620645906e-01 7.343327435883280074e-01
8.545132017764237586e-01 8.711528422404700711e-01
8.670795723907829267e-01 8.140039063599194824e-01
8.796459430051422057e-01 7.447265197174791629e-01
8.922123136195013737e-01 8.069668829403604526e-01
9.047786842338605418e-01 6.458293970749591217e-01
9.173450548482194877e-01 6.430821632372240026e-01
9.299114254625787668e-01 8.449977743527117280e-01
9.424777960769379348e-01 1.084517324095105817e+00
9.550441666912971028e-01 1.017418531551828043e+00
9.676105373056562708e-01 1.075522434148883821e+00
9.801769079200154389e-01 8.876396567910881386e-01
9.927432785343746069e-01 7.848764895216245874e-01
1.005309649148733886e+00 9.511502409288106197e-01
1.017876019763092943e+00 7.315401448814691232e-01
1.030442390377452222e+00 5.715578576050877047e-01
1.043008760991811279e+00 9.063441197650243808e-01
1.055575131606170558e+00 9.735450181211394716e-01
1.068141502220529837e+00 9.468270378002302534e-01
1.080707872834888894e+00 1.037317728792374716e+00
1.093274243449248173e+00 9.646783934931859594e-01
1.105840614063607008e+00 9.284723023416202592e-01
1.118406984677966287e+00 7.940235210316726189e-01
1.130973355292325566e+00 8.918781758303063745e-01
1.143539725906684623e+00 7.919625248134807283e-01
1.156106096521043902e+00 8.783581539521766457e-01
1.168672467135402959e+00 1.110505840325044735e+00
1.181238837749762238e+00 9.460979292952467201e-01
1.193805208364121295e+00 9.674467669249268154e-01
1.206371578978480574e+00 8.649353623834786786e-01
1.218937949592839853e+00 1.199015185494798796e+00
1.231504320207198910e+00 7.446627530564712272e-01
1.244070690821558189e+00 8.544119391505604622e-01
1.256637061435917246e+00 1.045646123103108449e+00
1.269203432050276525e+00 8.798061293723581366e-01
1.281769802664635582e+00 8.790957846728861824e-01
1.294336173278994861e+00 1.012867504129634444e+00
1.306902543893354141e+00 1.040222555097329638e+00
1.319468914507712975e+00 1.036846582123939875e+00
1.332035285122072255e+00 8.860147010621737262e-01
1.344601655736431534e+00 1.049854691159476605e+00
1.357168026350790591e+00 8.562906237858090019e-01
1.369734396965149870e+00 8.881018284191707357e-01
1.382300767579508927e+00 8.826047409176911440e-01
1.394867138193868206e+00 1.017334025074946746e+00
1.407433508808227263e+00 9.514646102494558333e-01
1.419999879422586542e+00 8.934715590695259113e-01
1.432566250036945821e+00 9.936107700293984601e-01
1.445132620651304878e+00 8.897694227450222426e-01
1.457698991265664157e+00 9.431250848721893787e-01
1.470265361880023214e+00 9.637610051979508263e-01
1.482831732494382493e+00 9.393448003965267912e-01
1.495398103108741550e+00 8.965479737523577297e-01
1.507964473723100607e+00 8.732346834933645274e-01
1.520530844337459886e+00 1.108595908122007589e+00
1.533097214951818943e+00 7.925266727652104937e-01
1.545663585566178222e+00 1.029472220397911419e+00
1.558229956180537279e+00 9.194142779160208168e-01
1.570796326794896558e+00 9.292183397883344576e-01
1.583362697409255837e+00 8.216176419359395577e-01
1.595929068023614894e+00 9.966292346008637226e-01
1.608495438637974173e+00 9.438093253199888455e-01
1.621061809252333230e+00 1.104633867051107554e+00
1.633628179866692509e+00 9.414455175889218097e-01
1.646194550481051566e+00 8.881749888661671921e-01
1.658760921095410845e+00 8.760206898196297720e-01
1.671327291709770124e+00 1.090632310151112616e+00
1.683893662324129181e+00 1.050401134074755438e+00
1.696460032938488460e+00 9.571975246120945080e-01
1.709026403552847517e+00 1.156347563609264162e+00
1.721592774167206796e+00 1.015280297837114931e+00
1.734159144781565853e+00 9.572527790631184530e-01
1.746725515395925132e+00 1.036364104776799744e+00
1.759291886010284411e+00 8.721750092680916611e-01
1.771858256624643468e+00 9.898921141293923753e-01
1.784424627239002747e+00 8.640426020310282285e-01
1.796990997853361804e+00 1.032104678946902609e+00
1.809557368467721084e+00 1.034928500993270717e+00
1.822123739082079918e+00 9.576496110564300945e-01
1.834690109696438975e+00 1.073054522027023117e+00
1.847256480310798255e+00 8.917308031235898769e-01
1.859822850925157534e+00 1.012399786776860156e+00
1.872389221539516591e+00 9.424146189385654848e-01
1.884955592153875870e+00 8.355701468406507848e-01
1.897521962768234927e+00 1.015889576061534516e+00
1.910088333382594206e+00 1.112828215113659036e+00
1.922654703996953263e+00 1.248182012461644286e+00
1.935221074611312542e+00 9.435697389943915603e-01
1.947787445225671821e+00 9.778561346794366615e-01
1.960353815840030878e+00 1.095960822682841673e+00
1.972920186454390157e+00 8.152660307785176697e-01
1.985486557068749214e+00 1.066904649347570455e+00
1.998052927683108493e+00 7.440446530587631058e-01
2.010619298297467772e+00 7.892616075527468800e-01
2.023185668911826607e+00 8.769910258403886827e-01
2.035752039526185886e+00 8.554547499206374139e-01
2.048318410140545165e+00 9.848756493887020902e-01
2.060884780754904444e+00 7.754950856571568574e-01
2.073451151369263723e+00 8.636504073084597666e-01
2.086017521983622558e+00 8.352840803437019401e-01
2.098583892597981837e+00 8.802088642838474808e-01
2.111150263212341116e+00 9.188896605109669879e-01
2.123716633826700395e+00 9.442823536832787301e-01
2.136283004441059674e+00 8.764362707976522948e-01
2.148849375055418509e+00 8.758530433222975198e-01
2.161415745669777788e+00 8.356008033233065513e-01
2.173982116284137067e+00 6.673244736944611288e-01
2.186548486898496346e+00 6.336835867942764988e-01
2.199114857512855181e+00 8.449381906587994928e-01
2.211681228127214016e+00 6.628115237465976861e-01
2.224247598741573295e+00 7.149992450207318662e-01
2.236813969355932574e+00 8.081641727593561475e-01
2.249380339970291853e+00 7.433163331588242828e-01
2.261946710584651132e+00 6.906201958990814127e-01
2.274513081199009967e+00 6.721109221133569900e-01
2.287079451813369246e+00 7.579919266712712433e-01
2.299645822427728525e+00 8.926871019324641443e-01
2.312212193042087804e+00 5.677356156013005917e-01
2.324778563656447083e+00 7.043997298603579260e-01
2.337344934270805918e+00 8.164675215919969808e-01
2.349911304885165197e+00 7.379105157245889890e-01
2.362477675499524477e+00 6.428323611106006030e-01
2.375044046113883756e+00 6.968837416800187645e-01
2.387610416728242591e+00 7.254383987589477778e-01
2.400176787342601870e+00 7.769363896185079721e-01
2.412743157956961149e+00 5.061808695170596506e-01
2.425309528571320428e+00 5.704417906002083871e-01
2.437875899185679707e+00 6.746893830608078346e-01
2.450442269800038542e+00 6.807605339833334712e-01
2.463008640414397821e+00 6.520888663361836812e-01
2.475575011028757100e+00 6.589994443451041573e-01
2.488141381643116379e+00 6.962079924006974174e-01
2.500707752257475658e+00 6.438138514697985260e-01
2.513274122871834493e+00 8.447619560282220164e-01
2.525840493486193772e+00 5.101603423905924917e-01
2.538406864100553051e+00 5.315450616331590661e-01
2.550973234714912330e+00 4.117022535767478897e-01
2.563539605329271165e+00 6.059761252579654034e-01
2.576105975943630444e+00 5.598715939011204012e-01
2.588672346557989723e+00 5.094603915794522209e-01
2.601238717172349002e+00 3.998015996019264051e-01
2.613805087786708281e+00 7.000487367651084814e-01
2.626371458401067116e+00 5.345967418387113090e-01
2.638937829015425951e+00 5.643756189686882641e-01
2.651504199629785230e+00 3.362229918380427729e-01
2.664070570244144509e+00 4.930096752832653917e-01
2.676636940858503788e+00 4.984636667684859690e-01
2.689203311472863067e+00 6.096169945838670889e-01
2.701769682087221902e+00 4.846336468719752988e-01
2.714336052701581181e+00 5.213949590192414885e-01
2.726902423315940460e+00 2.474397416301335473e-01
2.739468793930299739e+00 3.705972826566926170e-01
2.752035164544658574e+00 3.885682499591862626e-01
2.764601535159017853e+00 3.585378563896214343e-01
2.777167905773377132e+00 3.278656844632298895e-01
2.789734276387736411e+00 3.133210949660947264e-01
2.802300647002095690e+00 4.630851248488246363e-01
2.814867017616454525e+00 2.786804569464311765e-01
2.827433388230813804e+00 3.830182535959005818e-01
2.839999758845173083e+00 3.664482565994592322e-01
2.852566129459532362e+00 2.495703665491595391e-01
2.865132500073891642e+00 2.870812030515437763e-01
2.877698870688250476e+00 2.309499498567349485e-02
2.890265241302609756e+00 1.879913364028814593e-01
2.902831611916969035e+00 3.459210408904129785e-01
2.915397982531328314e+00 1.612144551804799986e-01
2.927964353145687149e+00 6.357507942198803441e-03
2.940530723760046428e+00 2.969280174562582419e-01
2.953097094374405707e+00 5.771908193260405495e-02
2.965663464988764986e+00 3.100318489585791593e-01
2.978229835603124265e+00 1.590896029369492093e-01
2.990796206217483100e+00 2.027139883212242255e-02
3.003362576831842379e+00 6.880482396234186004e-02
3.015928947446201214e+00 2.814054471964869686e-01
3.028495318060560493e+00 1.311852517144286023e-01
3.041061688674919772e+00 9.178134542153210118e-02
3.053628059289279051e+00 1.035807771775017483e-01
3.066194429903637886e+00 5.787424505764650340e-02
3.078760800517997165e+00 -1.902433031002390140e-03
3.091327171132356444e+00 1.124299128520432067e-01
3.103893541746715723e+00 1.844654516105156405e-01
3.116459912361074558e+00 3.372146880925314116e-02
3.129026282975433837e+00 1.710309822223591292e-01
3.141592653589793116e+00 1.109357902532178280e-01
3.154159024204152395e+00 -1.644963721127423451e-01
3.166725394818511674e+00 4.508974276482477506e-02
3.179291765432870509e+00 9.602511935764698747e-02
3.191858136047229788e+00 -2.522234795463973445e-01
3.204424506661589067e+00 -1.194787051703674330e-01
3.216990877275948346e+00 -2.986941109602338912e-02
3.229557247890307181e+00 -1.775090714150877602e-01
3.242123618504666460e+00 -1.016403033958895030e-01
3.254689989119025739e+00 -1.483137208819371722e-01
3.267256359733385018e+00 -2.245947805115618701e-01
3.279822730347744297e+00 -1.585991335172254879e-01
3.292389100962103132e+00 -2.011102144603153508e-01
3.304955471576462411e+00 -1.776932880797934822e-01
3.317521842190821690e+00 -1.893399735818411533e-01
3.330088212805180969e+00 -2.672920110755215850e-01
3.342654583419540248e+00 -2.921120340216368239e-01
3.355220954033899083e+00 -2.861325034375377108e-01
3.367787324648258362e+00 -1.880426328557289195e-01
3.380353695262617642e+00 -3.510358430890850312e-01
3.392920065876976921e+00 -1.267722595404864872e-01
3.405486436491335756e+00 -3.632195244893112185e-01
3.418052807105695035e+00 -9.647658953464144371e-02
3.430619177720054314e+00 -3.217475012749786978e-01
3.443185548334413593e+00 -3.555362739892880541e-01
3.455751918948772872e+00 -3.749603512763272084e-01
3.468318289563131707e+00 -2.857161494233796950e-01
3.480884660177490986e+00 -3.274849121218061931e-01
3.493451030791850265e+00 -4.469309039979447173e-01
3.506017401406209544e+00 -3.491650116832504258e-01
3.518583772020568823e+00 -3.301656544643311042e-01
3.531150142634927658e+00 -3.693000815966580586e-01
3.543716513249286937e+00 -2.699620937820230715e-01
3.556282883863646216e+00 -6.602634172105895649e-01
3.568849254478005495e+00 -4.445968156368304003e-01
3.581415625092364330e+00 -4.966669231701330567e-01
3.593981995706723609e+00 -3.980067676201618498e-01
3.606548366321082888e+00 -2.616972398710095127e-01
3.619114736935442167e+00 -6.039203332032558880e-01
3.631681107549800558e+00 -5.601383963451143089e-01
3.644247478164159837e+00 -5.103562787334776640e-01
3.656813848778519116e+00 -4.022927215411949975e-01
3.669380219392877951e+00 -4.025318158379317945e-01
3.681946590007237230e+00 -5.892919720703944098e-01
3.694512960621596509e+00 -4.419184860056849518e-01
3.707079331235955788e+00 -5.434762183118464485e-01
3.719645701850315067e+00 -4.451498216154572418e-01
3.732212072464673902e+00 -5.493322077967264239e-01
3.744778443079033181e+00 -5.123267056429631205e-01
3.757344813693392460e+00 -5.754977391202672488e-01
3.769911184307751739e+00 -6.751451719588351663e-01
3.782477554922110574e+00 -6.909927014376004983e-01
3.795043925536469853e+00 -5.585836031918542943e-01
3.807610296150829132e+00 -6.886791551039554982e-01
3.820176666765188411e+00 -7.265498913457357766e-01
3.832743037379547690e+00 -6.587605533801063062e-01
3.845309407993906525e+00 -5.998934041977441733e-01
3.857875778608265804e+00 -5.914955969991093632e-01
3.870442149222625083e+00 -7.354142457952083101e-01
3.883008519836984362e+00 -6.903939861964132341e-01
3.895574890451343641e+00 -6.280150173529853719e-01
3.908141261065702476e+00 -7.577821235476526196e-01
3.920707631680061755e+00 -6.056393138973377166e-01
3.933274002294421035e+00 -6.951872142769921492e-01
3.945840372908780314e+00 -8.197878472574617881e-01
3.958406743523139149e+00 -6.651917084456148155e-01
3.970973114137498428e+00 -7.659298751987497766e-01
3.983539484751857707e+00 -5.877684558701048445e-01
3.996105855366216986e+00 -7.692401215373319001e-01
4.008672225980576265e+00 -6.091198285206244067e-01
4.021238596594935544e+00 -5.409393654604260915e-01
4.033804967209294823e+00 -7.177840105776257529e-01
4.046371337823653214e+00 -7.317236674468365898e-01
4.058937708438012493e+00 -8.274579443549346935e-01
4.071504079052371772e+00 -7.863686358372108387e-01
4.084070449666731051e+00 -7.247031915169145355e-01
4.096636820281090330e+00 -6.119545507458128419e-01
4.109203190895449609e+00 -6.961620530441543497e-01
4.121769561509808888e+00 -9.074814225712983795e-01
4.134335932124168167e+00 -7.052391755843430143e-01
4.146902302738527446e+00 -9.104564123312519630e-01
4.159468673352886725e+00 -6.647147753032529582e-01
4.172035043967245116e+00 -7.325471018720525196e-01
4.184601414581604395e+00 -8.093721694281547085e-01
4.197167785195963674e+00 -9.883503214806209636e-01
4.209734155810322953e+00 -8.095506842217328192e-01
4.222300526424682232e+00 -9.460705716367251439e-01
4.234866897039041511e+00 -9.597774365173367128e-01
4.247433267653400790e+00 -9.032820221795886395e-01
4.259999638267760069e+00 -1.059366555557176071e+00
4.272566008882119348e+00 -8.958719565897439452e-01
4.285132379496477739e+00 -8.720344750595455663e-01
4.297698750110837018e+00 -8.263532984664574421e-01
4.310265120725196297e+00 -9.798958802715714844e-01
4.322831491339555576e+00 -9.734143808981000623e-01
4.335397861953914855e+00 -7.947440690449905087e-01
4.347964232568274134e+00 -8.095187782323810533e-01
4.360530603182633413e+00 -1.106432655539248522e+00
4.373096973796992692e+00 -8.869667200711048860e-01
4.385663344411351972e+00 -8.465728378811326893e-01
4.398229715025710362e+00 -1.020621770285513819e+00
4.410796085640069641e+00 -8.559727692479490724e-01
4.423362456254428032e+00 -9.834305883768595935e-01
4.435928826868787311e+00 -1.000191715241254276e+00
4.448495197483146590e+00 -1.087751212539478818e+00
4.461061568097505869e+00 -8.339793490406787191e-01
4.473627938711865148e+00 -1.072012140634328814e+00
4.486194309326224428e+00 -1.304113425319644914e+00
4.498760679940583707e+00 -1.126123299205827655e+00
4.511327050554942986e+00 -1.061423944697163169e+00
4.523893421169302265e+00 -1.124251867609318278e+00
4.536459791783661544e+00 -8.482704792962052487e-01
4.549026162398019935e+00 -1.095154362566421735e+00
4.561592533012379214e+00 -1.049321668817472464e+00
4.574158903626738493e+00 -9.981111916752355429e-01
4.586725274241097772e+00 -9.412701754927821352e-01
4.599291644855457051e+00 -1.148296827906299278e+00
4.611858015469816330e+00 -1.189473256635586118e+00
4.624424386084175609e+00 -1.108447570335242771e+00
4.636990756698534888e+00 -9.558323391804458558e-01
4.649557127312894167e+00 -1.042057445721464859e+00
4.662123497927252558e+00 -9.527574761921520086e-01
4.674689868541611837e+00 -1.089813473708349134e+00
4.687256239155971116e+00 -9.145147297187822266e-01
4.699822609770330395e+00 -9.831764275525001207e-01
4.712388980384689674e+00 -1.005227940989283919e+00
4.724955350999048953e+00 -9.580459020234300960e-01
4.737521721613408232e+00 -9.750276208474381034e-01
4.750088092227767511e+00 -9.833168819986526366e-01
4.762654462842126790e+00 -1.156069374085915813e+00
4.775220833456485181e+00 -9.743581730401230656e-01
4.787787204070844460e+00 -1.016413779640488846e+00
4.800353574685203739e+00 -9.558668421588923936e-01
4.812919945299563018e+00 -9.741934473239173276e-01
4.825486315913922297e+00 -1.037434250633257227e+00
4.838052686528281576e+00 -9.488125268364143716e-01
4.850619057142640855e+00 -8.384836158245294602e-01
4.863185427757000134e+00 -9.343475392232392096e-01
4.875751798371359413e+00 -9.821398539400624239e-01
4.888318168985717804e+00 -9.696348516661078554e-01
4.900884539600077083e+00 -8.774161638627616666e-01
4.913450910214436362e+00 -1.044911567437447619e+00
4.926017280828795641e+00 -9.735610787351366424e-01
4.938583651443154920e+00 -1.009004850227059435e+00
4.951150022057514200e+00 -1.115813596319297885e+00
4.963716392671873479e+00 -8.907862052431564370e-01
4.976282763286232758e+00 -8.713602345307608354e-01
4.988849133900592037e+00 -9.899925189745263365e-01
5.001415504514951316e+00 -9.708726097837067082e-01
5.013981875129309707e+00 -8.905362322768672900e-01
5.026548245743668986e+00 -7.709531004343189720e-01
5.039114616358028265e+00 -9.506982548659258514e-01
5.051680986972387544e+00 -7.445147559936617920e-01
5.064247357586746823e+00 -7.964599289767172463e-01
5.076813728201106102e+00 -1.114333920550200530e+00
5.089380098815465381e+00 -9.359172986674416661e-01
5.101946469429824660e+00 -8.701155059210892162e-01
5.114512840044183939e+00 -9.401850215369842445e-01
5.127079210658542330e+00 -8.053195105827084532e-01
5.139645581272901609e+00 -8.691100534558784396e-01
5.152211951887260888e+00 -8.468041217030184420e-01
5.164778322501620167e+00 -9.170265566078673602e-01
5.177344693115979446e+00 -1.065065387825504306e+00
5.189911063730338725e+00 -8.482499931916918090e-01
5.202477434344698004e+00 -9.850465016491937176e-01
5.215043804959057283e+00 -7.920386122904869985e-01
5.227610175573416562e+00 -8.441688290532858296e-01
5.240176546187774953e+00 -5.736008096447952065e-01
5.252742916802134232e+00 -8.167461749246536229e-01
5.265309287416492623e+00 -1.026472062812196384e+00
5.277875658030851902e+00 -6.156978565829990258e-01
5.290442028645211181e+00 -7.824905466974600987e-01
5.303008399259570460e+00 -7.083959542655382524e-01
5.315574769873929739e+00 -6.774993039677053019e-01
5.328141140488289018e+00 -9.037352463690661031e-01
5.340707511102648297e+00 -9.041364362252877207e-01
5.353273881717007576e+00 -7.159220620153651238e-01
5.365840252331366855e+00 -8.952274164833602388e-01
5.378406622945726134e+00 -9.640177333663815240e-01
5.390972993560084525e+00 -8.427014126658370907e-01
5.403539364174443804e+00 -7.879150643899112127e-01
5.416105734788803083e+00 -6.947194366707944990e-01
5.428672105403162362e+00 -7.992103858849068931e-01
5.441238476017521641e+00 -8.128904088165502806e-01
5.453804846631880920e+00 -6.946530638583484629e-01
5.466371217246240199e+00 -7.145774970545765159e-01
5.478937587860599479e+00 -6.414771851734420993e-01
5.491503958474958758e+00 -8.343275602092701249e-01
5.504070329089317148e+00 -4.964028795645437642e-01
5.516636699703676427e+00 -8.061800993731648157e-01
5.529203070318035707e+00 -5.741587190999234425e-01
5.541769440932394986e+00 -5.799501961655147975e-01
5.554335811546754265e+00 -7.396466591290541404e-01
5.566902182161113544e+00 -6.614359017626797455e-01
5.579468552775472823e+00 -6.958706708546313902e-01
5.592034923389832102e+00 -5.692138277906715338e-01
5.604601294004191381e+00 -5.296813017420716196e-01
5.617167664618549772e+00 -6.140934084602963638e-01
5.629734035232909051e+00 -5.816814800866110247e-01
5.642300405847268330e+00 -6.620646887940531133e-01
5.654866776461627609e+00 -5.111331552313491677e-01
5.667433147075986888e+00 -5.067194600818870631e-01
5.679999517690346167e+00 -5.840365708199947159e-01
5.692565888304705446e+00 -6.492050231761873347e-01
5.705132258919064725e+00 -4.384886787168797428e-01
5.717698629533424004e+00 -6.220670727822424917e-01
5.730265000147783283e+00 -5.717521639679428169e-01
5.742831370762141674e+00 -5.849906143499906674e-01
5.755397741376500953e+00 -4.700938742718904217e-01
5.767964111990860232e+00 -4.920569343351315905e-01
5.780530482605219511e+00 -6.057572342812427291e-01
5.793096853219578790e+00 -5.146730990826284824e-01
5.805663223833938069e+00 -5.142393988166081842e-01
5.818229594448297348e+00 -3.526489915178338541e-01
5.830795965062656627e+00 -1.966443614819082808e-01
5.843362335677015906e+00 -2.516445065580429352e-01
5.855928706291374297e+00 -2.360949708550043047e-01
5.868495076905733576e+00 -2.391174959503318820e-01
5.881061447520092855e+00 -4.298501590984789011e-01
5.893627818134452134e+00 -4.072960912955838619e-01
5.906194188748811413e+00 -4.764517909724820255e-01
5.918760559363170692e+00 -2.451466282814997177e-01
5.931326929977529971e+00 -3.107918139099266619e-01
5.943893300591889250e+00 -4.138496200848601481e-01
5.956459671206248530e+00 -2.596014803875694721e-01
5.969026041820606920e+00 -3.023560439410639678e-01
5.981592412434966199e+00 -1.918877614949925925e-01
5.994158783049325478e+00 -2.967301839234613992e-01
6.006725153663684758e+00 -3.228401742652080575e-01
6.019291524278044037e+00 -2.506728573593559051e-01
6.031857894892402427e+00 -2.479477176472384137e-01
6.044424265506761706e+00 -1.395846447384230249e-01
6.056990636121120986e+00 -2.455830831012629500e-01
6.069557006735480265e+00 -2.464549487842419284e-01
6.082123377349839544e+00 -1.778438431357445004e-01
6.094689747964198823e+00 -3.014070626646405682e-01
6.107256118578558102e+00 -2.190034843588651858e-01
6.119822489192916493e+00 -8.398226192881386165e-02
6.132388859807275772e+00 -2.355716886102967589e-01
6.144955230421635051e+00 -2.812001850855079532e-02
6.157521601035994330e+00 -1.804216484810738375e-01
6.170087971650353609e+00 -1.331992925891719026e-01
6.182654342264712888e+00 -4.578747964250446528e-02
6.195220712879072167e+00 -7.338877413113958914e-02
6.207787083493431446e+00 -1.972105563994528410e-01
6.220353454107790725e+00 -2.203409790036288673e-01
6.232919824722149116e+00 -2.730642743857247812e-02
6.245486195336508395e+00 -1.335367364448439287e-01
6.258052565950867674e+00 -5.649536932404813916e-02
6.270618936565226953e+00 4.786029333853582257e-02
