0.000000000000000000e+00 -1.271469095377198710e-01
1.256637061435917323e-02 -6.115156828776460024e-02
2.513274122871834645e-02 9.848448830622581751e-02
3.769911184307751795e-02 1.414636175357099068e-01
5.026548245743669291e-02 2.686821582049132573e-01
6.283185307179586787e-02 8.514266493401320690e-02
7.539822368615503589e-02 1.001230789656495368e-01
8.796459430051420392e-02 1.172014057017111560e-01
1.005309649148733858e-01 1.466675000043135002e-01
1.130973355292325677e-01 8.318731854034246143e-02
1.256637061435917357e-01 1.261897457482890061e-01
1.382300767579508760e-01 1.328329324556590529e-01
1.507964473723100718e-01 1.200749073872519612e-01
1.633628179866692676e-01 3.215249113398660485e-01
1.759291886010284078e-01 2.417692154889095058e-01
1.884955592153875759e-01 1.595385114654733760e-01
2.010619298297467716e-01 2.069940222485184278e-01
2.136283004441059397e-01 2.106147934234907648e-01
2.261946710584651354e-01 3.116955431279699318e-01
2.387610416728242757e-01 2.853386597241721057e-01
2.513274122871834715e-01 2.422251882085634800e-01
2.638937829015426395e-01 2.754379659813624426e-01
2.764601535159017520e-01 2.279625172248167242e-01
2.890265241302609756e-01 3.137978584040548857e-01
3.015928947446201436e-01 2.757398687254709047e-01
3.141592653589793116e-01 4.930673484767993942e-01
3.267256359733385351e-01 2.424989253515586474e-01
3.392920065876976476e-01 1.898717170641037177e-01
3.518583772020568157e-01 2.237139721060768527e-01
3.644247478164160392e-01 4.880563243371078830e-01
3.769911184307751517e-01 4.467300298966395133e-01
3.895574890451343197e-01 4.028492361724033133e-01
4.021238596594935433e-01 4.269255179388800614e-01
4.146902302738527113e-01 3.297059625740449973e-01
4.272566008882118793e-01 4.978373939883275479e-01
4.398229715025711029e-01 3.653139580783563156e-01
4.523893421169302709e-01 4.226887323978070765e-01
4.649557127312893834e-01 3.857922198524300073e-01
4.775220833456485514e-01 4.565040983414934694e-01
4.900884539600077194e-01 4.130547612023846016e-01
5.026548245743669430e-01 6.159912191675419590e-01
5.152211951887261110e-01 5.761557813338448186e-01
5.277875658030852790e-01 3.707051669982803221e-01
5.403539364174444470e-01 5.833800774608955964e-01
5.529203070318035040e-01 5.592856363464286940e-01
5.654866776461627831e-01 5.275056737424641540e-01
5.780530482605219511e-01 5.951227944002054349e-01
5.906194188748811191e-01 5.625824976587135984e-01
6.031857894892402872e-01 6.063668117998380902e-01
6.157521601035994552e-01 4.884546054430499717e-01
6.283185307179586232e-01 4.369493543560478699e-01
6.408849013323177912e-01 5.511250173027568700e-01
6.534512719466770703e-01 4.950435200153356918e-01
6.660176425610361273e-01 7.566861788050606163e-01
6.785840131753952953e-01 6.546303605640807488e-01
6.911503837897544633e-01 7.833573429261460053e-01
7.037167544041136313e-01 5.191994971201225884e-01
7.162831250184729104e-01 5.107457401543901154e-01
7.288494956328320784e-01 7.243174355544897969e-01
7.414158662471912464e-01 7.515226111607347104e-01
7.539822368615503034e-01 5.797970090117582354e-01
7.665486074759094715e-01 5.789109421399623034e-01
7.791149780902686395e-01 7.216678011757938771e-01
7.916813487046279185e-01 7.024536194447245085e-01
8.042477193189870865e-01 7.592848017842225294e-01
8.168140899333462546e-01 8.553143261218497662e-01
8.293804605477054226e-01 8.175090016697659223e-01
8.419468311620645906e-01 6.441128462306872082e-01
8.545132017764237586e-01 6.677913235430512628e-01
8.670795723907829267e-01 7.775568866812315738e-01
8.796459430051422057e-01 9.178838694485793592e-01
8.922123136195013737e-01 9.260252537748587809e-01
9.047786842338605418e-01 6.584578507830218808e-01
9.173450548482194877e-01 8.205060246018853753e-01
9.299114254625787668e-01 8.355184338096601770e-01
9.424777960769379348e-01 7.225287047724087142e-01
9.550441666912971028e-01 9.101350780552145414e-01
9.676105373056562708e-01 7.921539581846372968e-01
9.801769079200154389e-01 6.161003875041723976e-01
9.927432785343746069e-01 6.428693817033210856e-01
1.005309649148733886e+00 8.988920227648162786e-01
1.017876019763092943e+00 7.250423596738329035e-01
1.030442390377452222e+00 8.124167186021746812e-01
1.043008760991811279e+00 1.066186175008579262e+00
1.055575131606170558e+00 1.102873735091299157e+00
1.068141502220529837e+00 7.103155768101397927e-01
1.080707872834888894e+00 7.827601928640380846e-01
1.093274243449248173e+00 1.017886466400760304e+00
1.105840614063607008e+00 1.069907808222906098e+00
1.118406984677966287e+00 1.095589924892589773e+00
1.130973355292325566e+00 9.296180434295620021e-01
1.143539725906684623e+00 9.146433685563094551e-01
1.156106096521043902e+00 8.061828275968733193e-01
1.168672467135402959e+00 9.692918143671799269e-01
1.181238837749762238e+00 8.276087012839081769e-01
1.193805208364121295e+00 9.244162755298089840e-01
1.206371578978480574e+00 8.604451693832495529e-01
1.218937949592839853e+00 1.054727916254895481e+00
1.231504320207198910e+00 1.034018093281024786e+00
1.244070690821558189e+00 7.700979499161126896e-01
1.256637061435917246e+00 9.531608603695077564e-01
1.269203432050276525e+00 1.000082371031665307e+00
1.281769802664635582e+00 9.292325385290518547e-01
1.294336173278994861e+00 8.799371864763068096e-01
1.306902543893354141e+00 9.719940176764020334e-01
1.319468914507712975e+00 1.002228805660009492e+00
1.332035285122072255e+00 1.098320027830300694e+00
1.344601655736431534e+00 8.906172623959326407e-01
1.357168026350790591e+00 1.060762979306652420e+00
1.369734396965149870e+00 1.025451866745767937e+00
1.382300767579508927e+00 8.680367493937479750e-01
1.394867138193868206e+00 9.045513826143209979e-01
1.407433508808227263e+00 1.059934461413981399e+00
1.419999879422586542e+00 1.014316288161887014e+00
1.432566250036945821e+00 9.014162763626041297e-01
1.445132620651304878e+00 9.588631720268615544e-01
1.457698991265664157e+00 9.555045013635143913e-01
1.470265361880023214e+00 9.762283524677934921e-01
1.482831732494382493e+00 9.760242784030773722e-01
1.495398103108741550e+00 1.066713104561155534e+00
1.507964473723100607e+00 1.004090705801963246e+00
1.520530844337459886e+00 1.027070794174035795e+00
1.533097214951818943e+00 1.066068769645861503e+00
1.545663585566178222e+00 1.021980014332368736e+00
1.558229956180537279e+00 8.642342598704613188e-01
1.570796326794896558e+00 9.811091807519448649e-01
1.583362697409255837e+00 1.113510211508209835e+00
1.595929068023614894e+00 1.069972139728761817e+00
1.608495438637974173e+00 1.113378090430857004e+00
1.621061809252333230e+00 9.969706284888413261e-01
1.633628179866692509e+00 9.801842690256854507e-01
1.646194550481051566e+00 9.855214012133948209e-01
1.658760921095410845e+00 1.079263887321739723e+00
1.671327291709770124e+00 9.060747796769932361e-01
1.683893662324129181e+00 8.856619608314073577e-01
1.696460032938488460e+00 1.037112919464991956e+00
1.709026403552847517e+00 1.045078959265625329e+00
1.721592774167206796e+00 1.082401357952122556e+00
1.734159144781565853e+00 9.698517407470238494e-01
1.746725515395925132e+00 1.147891267689183037e+00
1.759291886010284411e+00 9.082910468928225844e-01
1.771858256624643468e+00 9.839147649606463375e-01
1.784424627239002747e+00 1.026720034734330156e+00
1.796990997853361804e+00 8.715904398353654381e-01
1.809557368467721084e+00 8.180786314861011599e-01
1.822123739082079918e+00 1.044119268231880726e+00
1.834690109696438975e+00 1.010021511182139120e+00
1.847256480310798255e+00 9.849372428710739813e-01
1.859822850925157534e+00 8.185684562376150941e-01
1.872389221539516591e+00 8.763219327673739123e-01
1.884955592153875870e+00 1.102171080549133597e+00
1.897521962768234927e+00 1.000321845983796587e+00
1.910088333382594206e+00 9.994717295385237010e-01
1.922654703996953263e+00 8.603185363223657678e-01
1.935221074611312542e+00 9.161721568574627828e-01
1.947787445225671821e+00 8.410836069759182188e-01
1.960353815840030878e+00 7.607305183530369552e-01
1.972920186454390157e+00 9.852685994183062457e-01
1.985486557068749214e+00 8.650281434742370656e-01
1.998052927683108493e+00 8.437646521590089765e-01
2.010619298297467772e+00 8.443705432164682056e-01
2.023185668911826607e+00 1.012639896010747442e+00
2.035752039526185886e+00 8.099036745267438331e-01
2.048318410140545165e+00 6.856414867106345179e-01
2.060884780754904444e+00 1.062095030128820339e+00
2.073451151369263723e+00 8.223127481563549113e-01
2.086017521983622558e+00 8.289587809359956205e-01
2.098583892597981837e+00 9.588323206574207447e-01
2.111150263212341116e+00 6.823445186369176962e-01
2.123716633826700395e+00 9.095903602444295188e-01
2.136283004441059674e+00 9.678747672655445555e-01
2.148849375055418509e+00 8.375641506037695416e-01
2.161415745669777788e+00 1.048450437208557684e+00
2.173982116284137067e+00 8.283023763203842815e-01
2.186548486898496346e+00 8.376656351126015032e-01
2.199114857512855181e+00 7.979088255111611572e-01
2.211681228127214016e+00 8.490061015317417192e-01
2.224247598741573295e+00 7.158489286357342385e-01
2.236813969355932574e+00 7.988301207104774315e-01
2.249380339970291853e+00 7.551546958828058154e-01
2.261946710584651132e+00 9.665338843497255361e-01
2.274513081199009967e+00 7.557771964042795387e-01
2.287079451813369246e+00 7.305174078545979555e-01
2.299645822427728525e+00 8.917986441214972304e-01
2.312212193042087804e+00 5.910112132002715013e-01
2.324778563656447083e+00 5.936168491640333444e-01
2.337344934270805918e+00 7.450292391873899467e-01
2.349911304885165197e+00 5.785190842958811697e-01
2.362477675499524477e+00 7.305639785107160833e-01
2.375044046113883756e+00 6.712473590357894704e-01
2.387610416728242591e+00 5.903026078496311779e-01
2.400176787342601870e+00 8.386128526309951647e-01
2.412743157956961149e+00 4.945341627004341545e-01
2.425309528571320428e+00 6.439242882658391398e-01
2.437875899185679707e+00 7.129889085388970704e-01
2.450442269800038542e+00 6.999718591627728248e-01
2.463008640414397821e+00 6.850462351335784295e-01
2.475575011028757100e+00 4.231737883051439608e-01
2.488141381643116379e+00 4.911763684722520451e-01
2.500707752257475658e+00 5.217971071571771979e-01
2.513274122871834493e+00 5.866170651725075569e-01
2.525840493486193772e+00 4.653859253687917530e-01
2.538406864100553051e+00 6.066117198892029272e-01
2.550973234714912330e+00 3.444230491389252968e-01
2.563539605329271165e+00 3.421986031634668413e-01
2.576105975943630444e+00 7.767120276832709669e-01
2.588672346557989723e+00 6.738074441677924797e-01
2.601238717172349002e+00 3.585928397276219592e-01
2.613805087786708281e+00 4.458455837296412261e-01
2.626371458401067116e+00 3.135799219787531733e-01
2.638937829015425951e+00 5.402985700235487521e-01
2.651504199629785230e+00 5.535860382631641041e-01
2.664070570244144509e+00 4.064042090242763750e-01
2.676636940858503788e+00 4.474813324560152905e-01
2.689203311472863067e+00 5.993718773225283902e-01
2.701769682087221902e+00 3.019040374727033349e-01
2.714336052701581181e+00 3.733535742815334291e-01
2.726902423315940460e+00 6.236079368694306124e-01
2.739468793930299739e+00 3.811232119050237954e-01
2.752035164544658574e+00 2.342975702790038584e-01
2.764601535159017853e+00 4.566770217902553775e-01
2.777167905773377132e+00 4.101822994594053196e-01
2.789734276387736411e+00 3.718301040031984916e-01
2.802300647002095690e+00 2.185692977958675898e-01
2.814867017616454525e+00 4.104096545026192366e-01
2.827433388230813804e+00 2.258587255235812163e-01
2.839999758845173083e+00 1.341319305646854754e-01
2.852566129459532362e+00 6.402139300327777671e-02
2.865132500073891642e+00 3.123878450700859344e-01
2.877698870688250476e+00 4.052009584894498140e-01
2.890265241302609756e+00 4.164026470091080623e-01
2.902831611916969035e+00 3.109549208800048703e-01
2.915397982531328314e+00 3.950336213754880310e-01
2.927964353145687149e+00 1.495140595029206820e-01
2.940530723760046428e+00 2.295839466908063398e-01
2.953097094374405707e+00 1.027561120690740903e-01
2.965663464988764986e+00 3.914814586037498323e-01
2.978229835603124265e+00 1.299859422645072704e-01
2.990796206217483100e+00 1.850610974562187927e-01
3.003362576831842379e+00 2.766180320002061821e-01
3.015928947446201214e+00 1.831136003898208298e-01
3.028495318060560493e+00 -5.193653886642884965e-02
3.041061688674919772e+00 -1.572332027362943752e-02
3.053628059289279051e+00 -1.864616827785808839e-02
3.066194429903637886e+00 1.048387568902158645e-01
3.078760800517997165e+00 1.664714949578566250e-01
3.091327171132356444e+00 -1.038942107828701722e-01
3.103893541746715723e+00 -3.603815348469877750e-02
3.116459912361074558e+00 1.734279361290206600e-01
3.129026282975433837e+00 3.854864105153500697e-02
3.141592653589793116e+00 -5.980673918327744643e-02
3.154159024204152395e+00 1.436271727230262751e-01
3.166725394818511674e+00 3.598613984824536316e-02
3.179291765432870509e+00 6.615497356953532748e-02
3.191858136047229788e+00 8.263907334966695550e-02
3.204424506661589067e+00 -1.468723781138450424e-01
3.216990877275948346e+00 3.071641218772344639e-02
3.229557247890307181e+00 -2.140349041857806389e-01
3.242123618504666460e+00 -3.261570853195672193e-01
3.254689989119025739e+00 -8.230819890389665106e-03
3.267256359733385018e+00 -2.632383913486916471e-01
3.279822730347744297e+00 -3.291636041106689170e-01
3.292389100962103132e+00 -5.763312134906002637e-02
3.304955471576462411e+00 -1.866828892406369733e-01
3.317521842190821690e+00 -9.196393184269563426e-02
3.330088212805180969e+00 -7.736031883249230856e-02
3.342654583419540248e+00 -1.600464989319091424e-01
3.355220954033899083e+00 -2.883472429183865926e-01
3.367787324648258362e+00 -2.107861778386028173e-01
3.380353695262617642e+00 -3.431822035723443021e-01
3.392920065876976921e+00 -1.332170048482194391e-01
3.405486436491335756e+00 -3.339679805341958518e-01
3.418052807105695035e+00 -3.841032293025556932e-01
3.430619177720054314e+00 -5.988554204474666465e-02
3.443185548334413593e+00 -2.327200875362045451e-01
3.455751918948772872e+00 -3.453457340141488086e-01
3.468318289563131707e+00 -2.537281630504648611e-01
3.480884660177490986e+00 -2.707417654364704385e-01
3.493451030791850265e+00 -2.536376868644505955e-01
3.506017401406209544e+00 -3.218936067874662021e-01
3.518583772020568823e+00 -2.846039511480189521e-01
3.531150142634927658e+00 -5.288375448540526547e-01
3.543716513249286937e+00 -4.686321250711529274e-01
3.556282883863646216e+00 -2.850996286193022144e-01
3.568849254478005495e+00 -3.411190491834208971e-01
3.581415625092364330e+00 -4.810395422846708291e-01
3.593981995706723609e+00 -3.646265362299117574e-01
3.606548366321082888e+00 -5.253355633412037928e-01
3.619114736935442167e+00 -5.843742778049714204e-01
3.631681107549800558e+00 -6.373413902001808795e-01
3.644247478164159837e+00 -5.233575076194645348e-01
3.656813848778519116e+00 -4.548577722647136889e-01
3.669380219392877951e+00 -5.726116323126015928e-01
3.681946590007237230e+00 -5.625191825221940167e-01
3.694512960621596509e+00 -5.443871390051839843e-01
3.707079331235955788e+00 -6.600879560554026027e-01
3.719645701850315067e+00 -5.363293716132498945e-01
3.732212072464673902e+00 -6.426186569933611814e-01
3.744778443079033181e+00 -5.205766826926128132e-01
3.757344813693392460e+00 -7.041346590381952764e-01
3.769911184307751739e+00 -5.233813870864432172e-01
3.782477554922110574e+00 -6.457384383715865095e-01
3.795043925536469853e+00 -5.241288992061040597e-01
3.807610296150829132e+00 -6.463947049252564137e-01
3.820176666765188411e+00 -5.899652888788861071e-01
3.832743037379547690e+00 -6.033935767136197059e-01
3.845309407993906525e+00 -8.542453832893758259e-01
3.857875778608265804e+00 -6.519422202041845749e-01
3.870442149222625083e+00 -7.310502584335254461e-01
3.883008519836984362e+00 -5.967647960248929628e-01
3.895574890451343641e+00 -7.602409493102112448e-01
3.908141261065702476e+00 -6.840604986500865570e-01
3.920707631680061755e+00 -7.275662766828430161e-01
3.933274002294421035e+00 -7.552813558826891871e-01
3.945840372908780314e+00 -7.719257144905925516e-01
3.958406743523139149e+00 -7.289413544905781750e-01
3.970973114137498428e+00 -8.122429715154286800e-01
3.983539484751857707e+00 -7.930456044495141077e-01
3.996105855366216986e+00 -5.922778977024196756e-01
4.008672225980576265e+00 -7.523069287894956769e-01
4.021238596594935544e+00 -9.275359724556395680e-01
4.033804967209294823e+00 -6.768061976543653380e-01
4.046371337823653214e+00 -8.467398874644042062e-01
4.058937708438012493e+00 -6.558751207687527618e-01
4.071504079052371772e+00 -9.327884505384625990e-01
4.084070449666731051e+00 -7.897759089880745931e-01
4.096636820281090330e+00 -8.450520902181010152e-01
4.109203190895449609e+00 -7.734177953092135072e-01
4.121769561509808888e+00 -8.191822411988041175e-01
4.134335932124168167e+00 -8.566542031335747653e-01
4.146902302738527446e+00 -9.046639752558488512e-01
4.159468673352886725e+00 -8.603689642929742698e-01
4.172035043967245116e+00 -7.685693953543195622e-01
4.184601414581604395e+00 -8.340000991724020318e-01
4.197167785195963674e+00 -7.340060142883940708e-01
4.209734155810322953e+00 -1.017788295399598697e+00
4.222300526424682232e+00 -8.293182850237456050e-01
4.234866897039041511e+00 -9.970776673765990861e-01
4.247433267653400790e+00 -9.270581811069644740e-01
4.259999638267760069e+00 -9.330903678236466270e-01
4.272566008882119348e+00 -8.179352435507953878e-01
4.285132379496477739e+00 -8.557160054858099496e-01
4.297698750110837018e+00 -7.680812652148184538e-01
4.310265120725196297e+00 -1.035104797190545378e+00
4.322831491339555576e+00 -8.347723769626564927e-01
4.335397861953914855e+00 -9.881998108761694821e-01
4.347964232568274134e+00 -9.715987958084393306e-01
4.360530603182633413e+00 -8.632371769605867717e-01
4.373096973796992692e+00 -9.931797197799845378e-01
4.385663344411351972e+00 -9.363625455710874457e-01
4.398229715025710362e+00 -1.062758848075679108e+00
4.410796085640069641e+00 -8.538412622488539272e-01
4.423362456254428032e+00 -1.221718065661855812e+00
4.435928826868787311e+00 -1.120568310586779415e+00
4.448495197483146590e+00 -7.454234837713857864e-01
4.461061568097505869e+00 -9.603860353524267257e-01
4.473627938711865148e+00 -8.543826686159216033e-01
4.486194309326224428e+00 -9.400604483866112915e-01
4.498760679940583707e+00 -1.032932762008728078e+00
4.511327050554942986e+00 -1.034019434939407844e+00
4.523893421169302265e+00 -1.152924698330428877e+00
4.536459791783661544e+00 -9.686316821262361820e-01
4.549026162398019935e+00 -9.589041297467840730e-01
4.561592533012379214e+00 -6.859736944124044111e-01
4.574158903626738493e+00 -9.638225406225868763e-01
4.586725274241097772e+00 -1.133629773237104343e+00
4.599291644855457051e+00 -1.042527412482635807e+00
4.611858015469816330e+00 -1.067960260382819104e+00
4.624424386084175609e+00 -9.849038587201590644e-01
4.636990756698534888e+00 -7.143413178721752521e-01
4.649557127312894167e+00 -1.033950575541094929e+00
4.662123497927252558e+00 -1.112137081056539856e+00
4.674689868541611837e+00 -9.670076812163814761e-01
4.687256239155971116e+00 -9.469713777426600476e-01
4.699822609770330395e+00 -1.074500354993656037e+00
4.712388980384689674e+00 -1.058079797368882691e+00
4.724955350999048953e+00 -9.387175805976737397e-01
4.737521721613408232e+00 -1.041117656477981823e+00
4.750088092227767511e+00 -9.928354996812883693e-01
4.762654462842126790e+00 -9.925253417138130141e-01
4.775220833456485181e+00 -1.086245076060502024e+00
4.787787204070844460e+00 -9.823281299726535076e-01
4.800353574685203739e+00 -1.070347891673234075e+00
4.812919945299563018e+00 -9.248272149095279060e-01
4.825486315913922297e+00 -1.060949764570121578e+00
4.838052686528281576e+00 -8.507036641322036630e-01
4.850619057142640855e+00 -8.741181078034303553e-01
4.863185427757000134e+00 -9.990337544334236819e-01
4.875751798371359413e+00 -9.970871561861351928e-01
4.888318168985717804e+00 -1.011997956975021928e+00
4.900884539600077083e+00 -1.105793457828609272e+00
4.913450910214436362e+00 -9.112636284199178149e-01
4.926017280828795641e+00 -1.201624762760612475e+00
4.938583651443154920e+00 -8.157436256713285205e-01
4.951150022057514200e+00 -9.309067233476583381e-01
4.963716392671873479e+00 -9.923006840692566444e-01
4.976282763286232758e+00 -1.126517512176972158e+00
4.988849133900592037e+00 -9.061707315681749586e-01
5.001415504514951316e+00 -1.118850630714788963e+00
5.013981875129309707e+00 -9.422432839595624721e-01
5.026548245743668986e+00 -1.101089781225702113e+00
5.039114616358028265e+00 -1.105183643346490108e+00
5.051680986972387544e+00 -8.070421623165781044e-01
5.064247357586746823e+00 -9.761516443054180092e-01
5.076813728201106102e+00 -9.810335834602301741e-01
5.089380098815465381e+00 -7.721092373685199961e-01
5.101946469429824660e+00 -9.624280321530898075e-01
5.114512840044183939e+00 -8.841755709264536023e-01
5.127079210658542330e+00 -8.955602520953079848e-01
5.139645581272901609e+00 -7.452330881408534280e-01
5.152211951887260888e+00 -9.209337022544613616e-01
5.164778322501620167e+00 -8.335478654030652468e-01
5.177344693115979446e+00 -8.929419677670917821e-01
5.189911063730338725e+00 -9.218034021704577530e-01
5.202477434344698004e+00 -1.034109702181501778e+00
5.215043804959057283e+00 -9.185690732465524588e-01
5.227610175573416562e+00 -8.053624188967518638e-01
5.240176546187774953e+00 -8.372352262498565789e-01
5.252742916802134232e+00 -7.312467562243958330e-01
5.265309287416492623e+00 -7.375333674728663524e-01
5.277875658030851902e+00 -8.438159344824274211e-01
5.290442028645211181e+00 -7.363007014613855983e-01
5.303008399259570460e+00 -8.150204158462797110e-01
5.315574769873929739e+00 -7.355227825063157532e-01
5.328141140488289018e+00 -8.124421360666067571e-01
5.340707511102648297e+00 -9.106968595718676340e-01
5.353273881717007576e+00 -8.944556616716958786e-01
5.365840252331366855e+00 -7.660461813292557265e-01
5.378406622945726134e+00 -6.901102225243619381e-01
5.390972993560084525e+00 -7.155524218535629366e-01
5.403539364174443804e+00 -8.004115012885949509e-01
5.416105734788803083e+00 -6.657936416805504409e-01
5.428672105403162362e+00 -6.718221806296864607e-01
5.441238476017521641e+00 -8.350052422142422159e-01
5.453804846631880920e+00 -8.435542378167444344e-01
5.466371217246240199e+00 -7.008200294816073761e-01
5.478937587860599479e+00 -7.655608368948494391e-01
5.491503958474958758e+00 -6.285255552541770818e-01
5.504070329089317148e+00 -5.806908900384938343e-01
5.516636699703676427e+00 -6.699534143443688361e-01
5.529203070318035707e+00 -5.804364628682250338e-01
5.541769440932394986e+00 -8.650635054159649950e-01
5.554335811546754265e+00 -6.442973412853783000e-01
5.566902182161113544e+00 -6.749449999932396471e-01
5.579468552775472823e+00 -5.667793086746741871e-01
5.592034923389832102e+00 -7.179757265254118614e-01
5.604601294004191381e+00 -5.322803530813041695e-01
5.617167664618549772e+00 -6.370857743540381257e-01
5.629734035232909051e+00 -5.387077260911977694e-01
5.642300405847268330e+00 -7.161444558312428654e-01
5.654866776461627609e+00 -4.163598631413529816e-01
5.667433147075986888e+00 -7.495157783546705366e-01
5.679999517690346167e+00 -5.853743946780062268e-01
5.692565888304705446e+00 -5.619642017432188164e-01
5.705132258919064725e+00 -5.437237767146684275e-01
5.717698629533424004e+00 -5.345300148780307570e-01
5.730265000147783283e+00 -6.621860365775146251e-01
5.742831370762141674e+00 -3.552567922311489212e-01
5.755397741376500953e+00 -4.839393754576025719e-01
5.767964111990860232e+00 -4.436827505371835900e-01
5.780530482605219511e+00 -5.169915786339130959e-01
5.793096853219578790e+00 -4.104051617435757748e-01
5.805663223833938069e+00 -3.993623385919077284e-01
5.818229594448297348e+00 -2.718833980848835985e-01
5.830795965062656627e+00 -3.591157874143586781e-01
5.843362335677015906e+00 -4.460223214371203948e-01
5.855928706291374297e+00 -4.621449252380297468e-01
5.868495076905733576e+00 -3.149814274871015063e-01
5.881061447520092855e+00 -2.953465882542846699e-01
5.893627818134452134e+00 -4.104205568231090173e-01
5.906194188748811413e+00 -4.434251468722719136e-01
5.918760559363170692e+00 -4.449157252240538707e-01
5.931326929977529971e+00 -3.941177798163321144e-01
5.943893300591889250e+00 -2.971237268105624274e-01
5.956459671206248530e+00 -3.070519768942746586e-01
5.969026041820606920e+00 -2.182318589435202072e-01
5.981592412434966199e+00 -2.031998888041881557e-01
5.994158783049325478e+00 -4.716688703811155459e-01
6.006725153663684758e+00 -3.510264774915456409e-01
6.019291524278044037e+00 -1.479492713106128066e-01
6.031857894892402427e+00 -7.336056099394966390e-02
6.044424265506761706e+00 -3.398691459544070925e-01
6.056990636121120986e+00 -2.352250162996966376e-01
6.069557006735480265e+00 -2.978471515038026429e-01
6.082123377349839544e+00 -8.577404192016019335e-02
6.094689747964198823e+00 -2.173626774248912930e-01
6.107256118578558102e+00 -3.355869148601123286e-02
6.119822489192916493e+00 -2.442257930242512642e-01
6.132388859807275772e+00 -1.243562245342434008e-01
6.144955230421635051e+00 -2.869635513818519224e-01
6.157521601035994330e+00 -2.383394611551074571e-01
6.170087971650353609e+00 -8.074433379869992711e-02
6.182654342264712888e+00 -4.612891383172501580e-02
6.195220712879072167e+00 -7.707849615675207988e-03
6.207787083493431446e+00 5.047033694106684010e-02
6.220353454107790725e+00 -2.613933190160098174e-01
6.232919824722149116e+00 -3.577341885125374932e-02
6.245486195336508395e+00 -4.939155842347371650e-02
6.258052565950867674e+00 -1.671002968464299909e-01
6.270618936565226953e+00 -1.769432330372827933e-01
