0.000000000000000000e+00 -3.737784848627768303e-02
1.256637061435917323e-02 7.580545383048026276e-02
2.513274122871834645e-02 -1.625467593557292367e-01
3.769911184307751795e-02 4.345622607625430900e-02
5.026548245743669291e-02 5.445092185887905750e-02
6.283185307179586787e-02 1.234457602400218929e-01
7.539822368615503589e-02 -2.700277525332139827e-02
8.796459430051420392e-02 2.062042529363924404e-01
1.005309649148733858e-01 7.569351925015892213e-02
1.130973355292325677e-01 1.693434788807521296e-01
1.256637061435917357e-01 1.660410905462421649e-01
1.382300767579508760e-01 2.338979019609367382e-01
1.507964473723100718e-01 1.413848105273370626e-01
1.633628179866692676e-01 2.667092105113016420e-01
1.759291886010284078e-01 -6.525095626881860511e-03
1.884955592153875759e-01 2.008439744845212926e-01
2.010619298297467716e-01 1.636207038983033546e-01
2.136283004441059397e-01 3.549919432131751762e-01
2.261946710584651354e-01 3.350343199521214621e-01
2.387610416728242757e-01 1.788513830264871207e-01
2.513274122871834715e-01 3.084797594219093053e-01
2.638937829015426395e-01 1.496873737940621618e-01
2.764601535159017520e-01 2.786372321469217650e-01
2.890265241302609756e-01 5.359460652602369146e-01
3.015928947446201436e-01 2.891806870993395839e-01
3.141592653589793116e-01 2.092355836686999315e-01
3.267256359733385351e-01 4.578539461813171951e-01
3.392920065876976476e-01 3.109063869585059758e-01
3.518583772020568157e-01 3.045430670477898838e-01
3.644247478164160392e-01 3.892378095772923152e-01
3.769911184307751517e-01 3.900456714566517546e-01
3.895574890451343197e-01 2.679048190966252796e-01
4.021238596594935433e-01 3.850862767422104649e-01
4.146902302738527113e-01 2.737509412052090418e-01
4.272566008882118793e-01 4.570197177068967553e-01
4.398229715025711029e-01 4.777630252282848433e-01
4.523893421169302709e-01 4.443145728729469002e-01
4.649557127312893834e-01 4.217623681804050229e-01
4.775220833456485514e-01 3.896352489951188658e-01
4.900884539600077194e-01 7.432186916949050648e-01
5.026548245743669430e-01 5.074033780973697949e-01
5.152211951887261110e-01 4.334887813663587108e-01
5.277875658030852790e-01 4.835957742150610028e-01
5.403539364174444470e-01 6.037346075271035062e-01
5.529203070318035040e-01 5.316429249783986011e-01
5.654866776461627831e-01 5.243651989522805090e-01
5.780530482605219511e-01 5.441617758210758327e-01
5.906194188748811191e-01 5.085050827527880513e-01
6.031857894892402872e-01 5.519603170620663857e-01
6.157521601035994552e-01 6.259244875157636834e-01
6.283185307179586232e-01 4.971188151854205040e-01
6.408849013323177912e-01 5.978660971076343866e-01
6.534512719466770703e-01 7.308905225205480916e-01
6.660176425610361273e-01 8.079273521939946967e-01
6.785840131753952953e-01 6.272104030644984896e-01
6.911503837897544633e-01 5.292411784290849130e-01
7.037167544041136313e-01 7.185629169553332529e-01
7.162831250184729104e-01 3.861870849427304631e-01
7.288494956328320784e-01 6.774995930936130728e-01
7.414158662471912464e-01 6.096784310016895025e-01
7.539822368615503034e-01 6.687456747787652311e-01
7.665486074759094715e-01 6.245318058695338292e-01
7.791149780902686395e-01 7.663520710088491672e-01
7.916813487046279185e-01 8.165698123517219909e-01
8.042477193189870865e-01 7.175938615746516591e-01
8.168140899333462546e-01 5.334855381026423204e-01
8.293804605477054226e-01 7.420552320462372453e-01
8.419468311620645906e-01 7.884563474150556583e-01
8.545132017764237586e-01 1.001638764775792279e+00
8.670795723907829267e-01 6.740646707626902767e-01
8.796459430051422057e-01 9.864963145942092781e-01
8.922123136195013737e-01 8.636915438071359752e-01
9.047786842338605418e-01 9.272930364103200152e-01
9.173450548482194877e-01 8.429989971574499696e-01
9.299114254625787668e-01 8.244358873991490810e-01
9.424777960769379348e-01 9.434014279649814982e-01
9.550441666912971028e-01 9.065891104148541269e-01
9.676105373056562708e-01 7.572626989075015302e-01
9.801769079200154389e-01 8.687065568110686753e-01
9.927432785343746069e-01 6.465370242435647397e-01
1.005309649148733886e+00 9.422357235655620666e-01
1.017876019763092943e+00 7.199048979852451513e-01
1.030442390377452222e+00 9.559206103505830665e-01
1.043008760991811279e+00 8.483541792358197942e-01
1.055575131606170558e+00 9.226855735510862688e-01
1.068141502220529837e+00 9.715925513357193122e-01
1.080707872834888894e+00 8.425198096351869115e-01
1.093274243449248173e+00 7.850662929269199841e-01
1.105840614063607008e+00 1.047250183654192091e+00
1.118406984677966287e+00 9.652809071378155581e-01
1.130973355292325566e+00 8.125389692445641465e-01
1.143539725906684623e+00 9.088325260163183650e-01
1.156106096521043902e+00 8.378489658541928842e-01
1.168672467135402959e+00 7.101527063744774715e-01
1.181238837749762238e+00 9.872512597719769190e-01
1.193805208364121295e+00 9.320206996189128734e-01
1.206371578978480574e+00 7.698631132230894236e-01
1.218937949592839853e+00 1.211083807588748673e+00
1.231504320207198910e+00 1.066603828075171734e+00
1.244070690821558189e+00 8.328173077385745415e-01
1.256637061435917246e+00 8.628613649674964359e-01
1.269203432050276525e+00 9.985677790148781430e-01
1.281769802664635582e+00 1.044833667873197536e+00
1.294336173278994861e+00 9.236850788195007933e-01
1.306902543893354141e+00 9.233186253916989550e-01
1.319468914507712975e+00 1.016494346706385166e+00
1.332035285122072255e+00 8.888968112587624093e-01
1.344601655736431534e+00 1.024324543294300005e+00
1.357168026350790591e+00 8.817846509627601526e-01
1.369734396965149870e+00 1.024349625127998431e+00
1.382300767579508927e+00 9.265561646279757424e-01
1.394867138193868206e+00 9.619850017150157750e-01
1.407433508808227263e+00 9.357226272581313786e-01
1.419999879422586542e+00 9.917297638987706554e-01
1.432566250036945821e+00 1.108458315075129930e+00
1.445132620651304878e+00 9.938640257499675723e-01
1.457698991265664157e+00 8.640119781492302531e-01
1.470265361880023214e+00 9.353499723188685167e-01
1.482831732494382493e+00 1.002906898317096118e+00
1.495398103108741550e+00 9.496711738630729815e-01
1.507964473723100607e+00 9.621143535491620824e-01
1.520530844337459886e+00 1.029362470558413012e+00
1.533097214951818943e+00 9.530513955985736585e-01
1.545663585566178222e+00 9.750509935744134937e-01
1.558229956180537279e+00 8.966213795094978289e-01
1.570796326794896558e+00 9.525250276083291334e-01
1.583362697409255837e+00 1.049119125348467740e+00
1.595929068023614894e+00 1.172930471997832402e+00
1.608495438637974173e+00 9.450778701710383922e-01
1.621061809252333230e+00 9.610061048448115262e-01
1.633628179866692509e+00 1.108918305439489549e+00
1.646194550481051566e+00 1.106320365324748201e+00
1.658760921095410845e+00 1.044780667894517734e+00
1.671327291709770124e+00 9.799789742970416162e-01
1.683893662324129181e+00 9.653615600203712122e-01
1.696460032938488460e+00 9.585745298986549923e-01
1.709026403552847517e+00 1.024952968192132108e+00
1.721592774167206796e+00 9.835629699387219427e-01
1.734159144781565853e+00 1.046422810283937688e+00
1.746725515395925132e+00 9.074483920743169341e-01
1.759291886010284411e+00 8.775183475376747699e-01
1.771858256624643468e+00 9.771146501319333266e-01
1.784424627239002747e+00 1.084184761275941877e+00
1.796990997853361804e+00 9.952649230777783629e-01
1.809557368467721084e+00 9.480314491333997617e-01
1.822123739082079918e+00 8.489680945741201468e-01
1.834690109696438975e+00 9.937436630314335773e-01
1.847256480310798255e+00 9.739484457319643740e-01
1.859822850925157534e+00 8.998562612057763310e-01
1.872389221539516591e+00 8.503117239739625965e-01
1.884955592153875870e+00 1.117383244916845264e+00
1.897521962768234927e+00 1.171663393333143510e+00
1.910088333382594206e+00 1.027554302680861342e+00
1.922654703996953263e+00 1.076152019102954993e+00
1.935221074611312542e+00 7.620872545956149935e-01
1.947787445225671821e+00 8.453467021496245959e-01
1.960353815840030878e+00 8.073278271439682241e-01
1.972920186454390157e+00 1.021550427209908962e+00
1.985486557068749214e+00 9.440444028021501843e-01
1.998052927683108493e+00 1.001389779441785866e+00
2.010619298297467772e+00 6.755784978878474067e-01
2.023185668911826607e+00 7.224659880093219355e-01
2.035752039526185886e+00 8.041243838068287131e-01
2.048318410140545165e+00 9.156880560826454740e-01
2.060884780754904444e+00 8.315657844292547729e-01
2.073451151369263723e+00 7.861531665801699820e-01
2.086017521983622558e+00 7.756081551525702000e-01
2.098583892597981837e+00 8.327628390623315058e-01
2.111150263212341116e+00 7.616846028907041655e-01
2.123716633826700395e+00 7.892528488227618100e-01
2.136283004441059674e+00 8.657307020466816772e-01
2.148849375055418509e+00 8.314003174643070926e-01
2.161415745669777788e+00 9.619646388329937681e-01
2.173982116284137067e+00 7.478885341595203906e-01
2.186548486898496346e+00 7.126658567222819984e-01
2.199114857512855181e+00 8.766242327507433041e-01
2.211681228127214016e+00 9.559287228400978886e-01
2.224247598741573295e+00 8.471903534139537673e-01
2.236813969355932574e+00 8.447379803079692051e-01
2.249380339970291853e+00 6.871800944611067274e-01
2.261946710584651132e+00 8.394124282340268417e-01
2.274513081199009967e+00 7.048173086813778188e-01
2.287079451813369246e+00 7.725375166726130560e-01
2.299645822427728525e+00 6.097873682612124924e-01
2.312212193042087804e+00 7.779437230653837299e-01
2.324778563656447083e+00 8.367633971609751420e-01
2.337344934270805918e+00 7.701392307228643874e-01
2.349911304885165197e+00 7.300287423361755401e-01
2.362477675499524477e+00 4.500053601045529983e-01
2.375044046113883756e+00 6.223201062334594580e-01
2.387610416728242591e+00 7.281448466345590287e-01
2.400176787342601870e+00 6.096899493302490036e-01
2.412743157956961149e+00 5.162822056021946215e-01
2.425309528571320428e+00 7.652329592057586227e-01
2.437875899185679707e+00 8.149300590132759758e-01
2.450442269800038542e+00 8.000859558813228078e-01
2.463008640414397821e+00 6.950201247293202877e-01
2.475575011028757100e+00 7.228464590792098576e-01
2.488141381643116379e+00 6.462478084335846473e-01
2.500707752257475658e+00 6.504250784141345498e-01
2.513274122871834493e+00 4.807307676827894394e-01
2.525840493486193772e+00 5.950688189127161243e-01
2.538406864100553051e+00 4.786788323538073153e-01
2.550973234714912330e+00 3.659919146120417244e-01
2.563539605329271165e+00 4.820259762861270891e-01
2.576105975943630444e+00 6.282118980333458724e-01
2.588672346557989723e+00 4.852317526178187013e-01
2.601238717172349002e+00 4.998395127817206740e-01
2.613805087786708281e+00 4.237453472366932705e-01
2.626371458401067116e+00 5.449868264166903842e-01
2.638937829015425951e+00 5.510794906548440730e-01
2.651504199629785230e+00 4.466871321739608325e-01
2.664070570244144509e+00 3.726118020090339322e-01
2.676636940858503788e+00 5.564917221429757088e-01
2.689203311472863067e+00 3.310583338744318427e-01
2.701769682087221902e+00 6.022233342846288195e-01
2.714336052701581181e+00 3.585730095921427774e-01
2.726902423315940460e+00 1.448862409337423052e-01
2.739468793930299739e+00 2.288407668909258341e-01
2.752035164544658574e+00 2.935999441285433997e-01
2.764601535159017853e+00 3.203532071353344945e-01
2.777167905773377132e+00 4.015041870700434279e-01
2.789734276387736411e+00 3.315252240700395370e-01
2.802300647002095690e+00 3.515572518430080673e-01
2.814867017616454525e+00 3.949937052641799284e-01
2.827433388230813804e+00 2.637353406499482467e-01
2.839999758845173083e+00 3.595530686047881952e-01
2.852566129459532362e+00 2.675578819399222485e-01
2.865132500073891642e+00 2.954543827325161187e-01
2.877698870688250476e+00 3.203653174298565220e-01
2.890265241302609756e+00 6.860443867664506312e-02
2.902831611916969035e+00 2.147862437253559575e-01
2.915397982531328314e+00 1.663060890248590218e-01
2.927964353145687149e+00 2.392012106215490597e-01
2.940530723760046428e+00 6.603006175915276943e-02
2.953097094374405707e+00 1.056898721937606367e-01
2.965663464988764986e+00 3.199179957110987460e-01
2.978229835603124265e+00 3.510963939161405589e-01
2.990796206217483100e+00 1.088641152730470407e-01
3.003362576831842379e+00 -2.421358376620708075e-02
3.015928947446201214e+00 1.388018087805049927e-01
3.028495318060560493e+00 7.400913653826851624e-02
3.041061688674919772e+00 3.225016611605185934e-01
3.053628059289279051e+00 1.777213889650338663e-01
3.066194429903637886e+00 1.752490961545673243e-01
3.078760800517997165e+00 1.667804483470993193e-01
3.091327171132356444e+00 -2.817211235465029440e-03
3.103893541746715723e+00 1.267560204869007390e-01
3.116459912361074558e+00 1.948769408154949756e-01
3.129026282975433837e+00 -6.244298958345753658e-02
3.141592653589793116e+00 7.867567837130785835e-02
3.154159024204152395e+00 -1.476714729180402808e-01
3.166725394818511674e+00 -9.106651827655851128e-02
3.179291765432870509e+00 -1.059860136738863673e-01
3.191858136047229788e+00 9.057840414290367625e-02
3.204424506661589067e+00 5.791240638903968896e-02
3.216990877275948346e+00 -1.506982779103613335e-01
3.229557247890307181e+00 -7.105282717296840245e-02
3.242123618504666460e+00 -1.017926396897423369e-01
3.254689989119025739e+00 -1.471543656034994818e-01
3.267256359733385018e+00 -8.737077657130884467e-02
3.279822730347744297e+00 -1.169759105279618849e-01
3.292389100962103132e+00 -1.978234322844727444e-01
3.304955471576462411e+00 -1.059206389296411255e-01
3.317521842190821690e+00 -3.225303650879209894e-01
3.330088212805180969e+00 -1.528577344193643994e-01
3.342654583419540248e+00 -1.173606691463443125e-01
3.355220954033899083e+00 -2.580148875376278017e-01
3.367787324648258362e+00 -3.428850867101863598e-01
3.380353695262617642e+00 -1.105453656721846478e-01
3.392920065876976921e+00 -2.152447303842798809e-01
3.405486436491335756e+00 -2.775468099432890079e-01
3.418052807105695035e+00 -2.482631958713804599e-01
3.430619177720054314e+00 -3.592967283183415295e-01
3.443185548334413593e+00 -2.931407614535717632e-01
3.455751918948772872e+00 -3.355458563301072505e-01
3.468318289563131707e+00 -1.905185797397670744e-01
3.480884660177490986e+00 -2.838153124667777139e-01
3.493451030791850265e+00 -3.161078010096800006e-01
3.506017401406209544e+00 -5.323920387249460040e-01
3.518583772020568823e+00 -1.858533066275346035e-01
3.531150142634927658e+00 -3.020488574850996866e-01
3.543716513249286937e+00 -3.535730075189035260e-01
3.556282883863646216e+00 -2.296846690585028494e-01
3.568849254478005495e+00 -4.394247488000515012e-01
3.581415625092364330e+00 -5.766186588755927156e-01
3.593981995706723609e+00 -4.225096546177833368e-01
3.606548366321082888e+00 -4.012895035126822219e-01
3.619114736935442167e+00 -4.854860106714826706e-01
3.631681107549800558e+00 -3.992043333887974610e-01
3.644247478164159837e+00 -5.565639051619368782e-01
3.656813848778519116e+00 -2.727234486177694261e-01
3.669380219392877951e+00 -4.993508417384699971e-01
3.681946590007237230e+00 -5.428605841252862607e-01
3.694512960621596509e+00 -4.444213600479460791e-01
3.707079331235955788e+00 -6.600547221240398166e-01
3.719645701850315067e+00 -4.781700008088480280e-01
3.732212072464673902e+00 -6.511506736105322490e-01
3.744778443079033181e+00 -4.154038212009008024e-01
3.757344813693392460e+00 -4.127961006899061314e-01
3.769911184307751739e+00 -6.349348677898365434e-01
3.782477554922110574e+00 -6.176288484056065009e-01
3.795043925536469853e+00 -8.006463826056195998e-01
3.807610296150829132e+00 -6.158148732485096977e-01
3.820176666765188411e+00 -5.373395044725415293e-01
3.832743037379547690e+00 -5.527786734096403753e-01
3.845309407993906525e+00 -7.727195420289512118e-01
3.857875778608265804e+00 -6.241664796896533307e-01
3.870442149222625083e+00 -5.994040098247715997e-01
3.883008519836984362e+00 -6.022186666576596625e-01
3.895574890451343641e+00 -6.202871614667573308e-01
3.908141261065702476e+00 -8.367157154473189307e-01
3.920707631680061755e+00 -7.672117035602296076e-01
3.933274002294421035e+00 -7.848188353169895937e-01
3.945840372908780314e+00 -7.936681955048603410e-01
3.958406743523139149e+00 -7.483813040130656846e-01
3.970973114137498428e+00 -6.274054379073328302e-01
3.983539484751857707e+00 -8.164151077281736058e-01
3.996105855366216986e+00 -8.083910933796882858e-01
4.008672225980576265e+00 -9.009774817016881210e-01
4.021238596594935544e+00 -6.237063512270941690e-01
4.033804967209294823e+00 -7.463776038661237289e-01
4.046371337823653214e+00 -6.634893216326628318e-01
4.058937708438012493e+00 -9.669251642392919788e-01
4.071504079052371772e+00 -8.030632664954225897e-01
4.084070449666731051e+00 -8.378535981317805081e-01
4.096636820281090330e+00 -7.786209770084875359e-01
4.109203190895449609e+00 -7.742679747777105881e-01
4.121769561509808888e+00 -8.841596364855671686e-01
4.134335932124168167e+00 -6.795356463693258409e-01
4.146902302738527446e+00 -9.569316739737265820e-01
4.159468673352886725e+00 -7.216711387425277513e-01
4.172035043967245116e+00 -1.004015710636504188e+00
4.184601414581604395e+00 -1.011167630521665695e+00
4.197167785195963674e+00 -9.569273937958817644e-01
4.209734155810322953e+00 -7.990845584927949163e-01
4.222300526424682232e+00 -9.208802350424778460e-01
4.234866897039041511e+00 -9.039136063435578849e-01
4.247433267653400790e+00 -1.077103769450699966e+00
4.259999638267760069e+00 -7.592401446365366624e-01
4.272566008882119348e+00 -8.098949477971676414e-01
4.285132379496477739e+00 -9.046459348454226612e-01
4.297698750110837018e+00 -1.035956298014181209e+00
4.310265120725196297e+00 -8.308892901511120144e-01
4.322831491339555576e+00 -8.457154015954096993e-01
4.335397861953914855e+00 -9.150794957120664819e-01
4.347964232568274134e+00 -9.473987812384860874e-01
4.360530603182633413e+00 -9.790513882355968978e-01
4.373096973796992692e+00 -8.650600117120529342e-01
4.385663344411351972e+00 -1.010270745753322208e+00
4.398229715025710362e+00 -8.908556582737563456e-01
4.410796085640069641e+00 -8.400637559352274186e-01
4.423362456254428032e+00 -9.510292129684537743e-01
4.435928826868787311e+00 -1.065300423334671232e+00
4.448495197483146590e+00 -9.782079351876070694e-01
4.461061568097505869e+00 -1.014136962927919994e+00
4.473627938711865148e+00 -1.028008836724866093e+00
4.486194309326224428e+00 -1.066187708735082618e+00
4.498760679940583707e+00 -1.079941162240489971e+00
4.511327050554942986e+00 -9.357990630144408239e-01
4.523893421169302265e+00 -8.925206146590908274e-01
4.536459791783661544e+00 -1.001686174035386401e+00
4.549026162398019935e+00 -1.006143270795206712e+00
4.561592533012379214e+00 -1.059463271211112723e+00
4.574158903626738493e+00 -1.049871787950893864e+00
4.586725274241097772e+00 -9.717977993930340119e-01
4.599291644855457051e+00 -9.079089199384393627e-01
4.611858015469816330e+00 -8.216540375186331957e-01
4.624424386084175609e+00 -1.035412327043924385e+00
4.636990756698534888e+00 -9.791618226540840242e-01
4.649557127312894167e+00 -9.072797359881099588e-01
4.662123497927252558e+00 -1.056157471032495909e+00
4.674689868541611837e+00 -9.125374827709294978e-01
4.687256239155971116e+00 -1.046132672455506896e+00
4.699822609770330395e+00 -9.293077897073154237e-01
4.712388980384689674e+00 -1.108884059596428440e+00
4.724955350999048953e+00 -9.511450023148043664e-01
4.737521721613408232e+00 -9.219467698636755193e-01
4.750088092227767511e+00 -1.015929906324826826e+00
4.762654462842126790e+00 -9.517527774149815434e-01
4.775220833456485181e+00 -1.026035090869736655e+00
4.787787204070844460e+00 -1.090403433380518594e+00
4.800353574685203739e+00 -1.042062969437199449e+00
4.812919945299563018e+00 -9.137007472275324726e-01
4.825486315913922297e+00 -1.046076908781947035e+00
4.838052686528281576e+00 -1.024620980557951588e+00
4.850619057142640855e+00 -1.053718136484333545e+00
4.863185427757000134e+00 -1.035731314243638401e+00
4.875751798371359413e+00 -7.732037822354946854e-01
4.888318168985717804e+00 -8.783166344338283471e-01
4.900884539600077083e+00 -1.155599578957838824e+00
4.913450910214436362e+00 -8.825313842002484588e-01
4.926017280828795641e+00 -1.212633687639902202e+00
4.938583651443154920e+00 -1.150021597141943408e+00
4.951150022057514200e+00 -1.020166835781484815e+00
4.963716392671873479e+00 -1.047769753993326836e+00
4.976282763286232758e+00 -1.011626731955928227e+00
4.988849133900592037e+00 -9.939133681662420949e-01
5.001415504514951316e+00 -8.441974210767828612e-01
5.013981875129309707e+00 -8.199451797522852026e-01
5.026548245743668986e+00 -9.270713049650287640e-01
5.039114616358028265e+00 -1.111505365587593275e+00
5.051680986972387544e+00 -9.297068960553138695e-01
5.064247357586746823e+00 -9.569144614850036978e-01
5.076813728201106102e+00 -1.052816008872508702e+00
5.089380098815465381e+00 -7.804545703189555983e-01
5.101946469429824660e+00 -8.438403341262787904e-01
5.114512840044183939e+00 -9.739076930775952823e-01
5.127079210658542330e+00 -1.065954876581085564e+00
5.139645581272901609e+00 -1.028527021346652415e+00
5.152211951887260888e+00 -9.131702928220624127e-01
5.164778322501620167e+00 -9.006271626794752905e-01
5.177344693115979446e+00 -9.422961753469372148e-01
5.189911063730338725e+00 -1.038786279738934892e+00
5.202477434344698004e+00 -9.425031429358557977e-01
5.215043804959057283e+00 -9.072069039436467808e-01
5.227610175573416562e+00 -9.927958547084059227e-01
5.240176546187774953e+00 -9.355480425226320174e-01
5.252742916802134232e+00 -8.722749691613715939e-01
5.265309287416492623e+00 -8.986758699073491563e-01
5.277875658030851902e+00 -8.289171480473627174e-01
5.290442028645211181e+00 -7.049296547056528306e-01
5.303008399259570460e+00 -7.809126991179911048e-01
5.315574769873929739e+00 -9.874495080869376551e-01
5.328141140488289018e+00 -8.143846933240944663e-01
5.340707511102648297e+00 -8.115832157280810089e-01
5.353273881717007576e+00 -8.425815220976823339e-01
5.365840252331366855e+00 -7.564054655565987106e-01
5.378406622945726134e+00 -8.748030899768610702e-01
5.390972993560084525e+00 -6.312479635306237347e-01
5.403539364174443804e+00 -8.130262695131982298e-01
5.416105734788803083e+00 -8.629708561920161891e-01
5.428672105403162362e+00 -7.377003113208293605e-01
5.441238476017521641e+00 -7.626663630906856950e-01
5.453804846631880920e+00 -5.623174346782096045e-01
5.466371217246240199e+00 -7.415132876433425668e-01
5.478937587860599479e+00 -6.623424177058940820e-01
5.491503958474958758e+00 -6.880964869764334413e-01
5.504070329089317148e+00 -5.963022942761904144e-01
5.516636699703676427e+00 -7.139070199637604919e-01
5.529203070318035707e+00 -7.482212270171132440e-01
5.541769440932394986e+00 -7.974280071588470964e-01
5.554335811546754265e+00 -6.509657932869689079e-01
5.566902182161113544e+00 -5.870592545602627554e-01
5.579468552775472823e+00 -5.990439377892355921e-01
5.592034923389832102e+00 -6.702390972138432268e-01
5.604601294004191381e+00 -6.569885255180960559e-01
5.617167664618549772e+00 -5.898153197866600195e-01
5.629734035232909051e+00 -7.113098076241312073e-01
5.642300405847268330e+00 -4.175919450978918812e-01
5.654866776461627609e+00 -6.402511308044291916e-01
5.667433147075986888e+00 -4.822039279728762007e-01
5.679999517690346167e+00 -6.090448696698104181e-01
5.692565888304705446e+00 -6.222835896614220541e-01
5.705132258919064725e+00 -4.236137687379357697e-01
5.717698629533424004e+00 -4.505458219862841784e-01
5.730265000147783283e+00 -3.787114525055599312e-01
5.742831370762141674e+00 -5.444180732674614998e-01
5.755397741376500953e+00 -5.428346809328802314e-01
5.767964111990860232e+00 -5.581754098055244917e-01
5.780530482605219511e+00 -4.949045753609401244e-01
5.793096853219578790e+00 -4.920727297931190014e-01
5.805663223833938069e+00 -5.219990169991481910e-01
5.818229594448297348e+00 -3.403982617587810733e-01
5.830795965062656627e+00 -6.339053596897483711e-01
5.843362335677015906e+00 -4.106181758177536167e-01
5.855928706291374297e+00 -3.233486706616901518e-01
5.868495076905733576e+00 -4.721141727785590492e-01
5.881061447520092855e+00 -2.728608460161806581e-01
5.893627818134452134e+00 -3.751371233784428494e-01
5.906194188748811413e+00 -3.032903609465661399e-01
5.918760559363170692e+00 -2.346332570609878654e-01
5.931326929977529971e+00 -4.798839849334015639e-01
5.943893300591889250e+00 -4.148629642998779565e-01
5.956459671206248530e+00 -4.389968164130798600e-01
5.969026041820606920e+00 -2.951230684229917411e-01
5.981592412434966199e+00 -1.728691560031438978e-01
5.994158783049325478e+00 -2.617589158685408868e-01
6.006725153663684758e+00 -4.826976918793939308e-01
6.019291524278044037e+00 -1.744041967003635007e-01
6.031857894892402427e+00 -3.246814399394737372e-02
6.044424265506761706e+00 -2.549190536705865928e-01
6.056990636121120986e+00 -2.265579427350659925e-01
6.069557006735480265e+00 -7.846295818840848257e-02
6.082123377349839544e+00 -1.323442942559652225e-01
6.094689747964198823e+00 -2.417458936785054913e-01
6.107256118578558102e+00 -2.466118383982874862e-01
6.119822489192916493e+00 -2.644090982778969368e-01
6.132388859807275772e+00 -1.281688870689164650e-01
6.144955230421635051e+00 -1.063792550875267140e-01
6.157521601035994330e+00 -7.303757842707019055e-02
6.170087971650353609e+00 -1.186015844847705947e-01
6.182654342264712888e+00 -1.508816400766356258e-01
6.195220712879072167e+00 6.905808685476644282e-02
6.207787083493431446e+00 -9.122436228996316787e-02
6.220353454107790725e+00 1.238187137706653340e-04
6.232919824722149116e+00 -3.605165716697324857e-02
6.245486195336508395e+00 4.530868515214035025e-02
6.258052565950867674e+00 5.657000074411361323e-02
6.270618936565226953e+00 1.326264822182488153e-02
