0.000000000000000000e+00 1.278818712305416216e-01
1.256637061435917323e-02 1.011860597589422581e-02
2.513274122871834645e-02 2.426539160344940924e-02
3.769911184307751795e-02 6.988288103424300513e-02
5.026548245743669291e-02 -1.040602634029748758e-01
6.283185307179586787e-02 -2.322282438143724592e-04
7.539822368615503589e-02 7.365636492747820729e-02
8.796459430051420392e-02 6.493852730053382982e-02
1.005309649148733858e-01 2.691276104421472248e-02
1.130973355292325677e-01 1.663109049419037588e-01
1.256637061435917357e-01 2.778032906691089987e-02
1.382300767579508760e-01 3.577457015712663946e-01
1.507964473723100718e-01 2.434140940017516519e-01
1.633628179866692676e-01 3.881908477131823521e-03
1.759291886010284078e-01 1.251470536319542748e-01
1.884955592153875759e-01 7.637224763612264489e-02
2.010619298297467716e-01 3.660260493485396061e-01
2.136283004441059397e-01 1.543489626530713810e-01
2.261946710584651354e-01 8.232439429607357750e-02
2.387610416728242757e-01 2.931825067729792456e-01
2.513274122871834715e-01 2.200752894742000199e-01
2.638937829015426395e-01 3.670266495162438081e-01
2.764601535159017520e-01 1.993480080318370540e-01
2.890265241302609756e-01 3.305764892391288012e-01
3.015928947446201436e-01 3.753978841525922316e-01
3.141592653589793116e-01 4.012175543012662104e-01
3.267256359733385351e-01 4.855093451831836715e-01
3.392920065876976476e-01 4.071349741459578397e-01
3.518583772020568157e-01 3.339329676212486331e-01
3.644247478164160392e-01 1.774242276375956884e-01
3.769911184307751517e-01 2.676876830833172516e-01
3.895574890451343197e-01 3.602099984059899396e-01
4.021238596594935433e-01 5.152089118521752109e-01
4.146902302738527113e-01 3.857055008822752873e-01
4.272566008882118793e-01 2.746854204620169382e-01
4.398229715025711029e-01 3.693807286923150301e-01
4.523893421169302709e-01 3.648662053780978298e-01
4.649557127312893834e-01 3.960926625402864110e-01
4.775220833456485514e-01 3.969529380065059954e-01
4.900884539600077194e-01 3.171593025104771923e-01
5.026548245743669430e-01 6.478490888773184020e-01
5.152211951887261110e-01 6.054884973899063993e-01
5.277875658030852790e-01 4.904151104206045941e-01
5.403539364174444470e-01 4.668681335556519318e-01
5.529203070318035040e-01 3.993195077518180147e-01
5.654866776461627831e-01 5.553225017295803090e-01
5.780530482605219511e-01 4.369654216046539030e-01
5.906194188748811191e-01 3.695380555686631485e-01
6.031857894892402872e-01 3.675040383116313647e-01
6.157521601035994552e-01 4.587266578416122065e-01
6.283185307179586232e-01 6.845529855862338975e-01
6.408849013323177912e-01 6.606465780452012160e-01
6.534512719466770703e-01 6.958385059978990927e-01
6.660176425610361273e-01 6.863962550404096863e-01
6.785840131753952953e-01 7.832210883885799557e-01
6.911503837897544633e-01 6.190827929515431149e-01
7.037167544041136313e-01 6.814749588947376369e-01
7.162831250184729104e-01 6.993134254619959300e-01
7.288494956328320784e-01 6.420832232488716818e-01
7.414158662471912464e-01 7.471634611744314425e-01
7.539822368615503034e-01 6.244244555729865365e-01
7.665486074759094715e-01 6.358049676000750994e-01
7.791149780902686395e-01 7.546589457661421196e-01
7.916813487046279185e-01 7.642867675501335833e-01
8.042477193189870865e-01 7.263027791117235843e-01
8.168140899333462546e-01 7.950665691007883229e-01
8.293804605477054226e-01 7.173363713922737972e-01
8.419468311620645906e-01 5.671169021303933411e-01
8.545132017764237586e-01 5.301312947916835272e-01
8.670795723907829267e-01 7.086160140050413725e-01
8.796459430051422057e-01 8.288584680092853096e-01
8.922123136195013737e-01 6.515688641996882913e-01
9.047786842338605418e-01 6.611638087863856983e-01
9.173450548482194877e-01 7.687178335195928858e-01
9.299114254625787668e-01 8.226467795068631572e-01
9.424777960769379348e-01 9.044034724827472171e-01
9.550441666912971028e-01 9.366463515935464779e-01
9.676105373056562708e-01 7.718993218417261604e-01
9.801769079200154389e-01 9.299563153411258831e-01
9.927432785343746069e-01 9.115538008558070615e-01
1.005309649148733886e+00 9.320959021903417741e-01
1.017876019763092943e+00 6.567987392788535717e-01
1.030442390377452222e+00 8.453913721244973312e-01
1.043008760991811279e+00 9.815234512377709608e-01
1.055575131606170558e+00 9.433969438492801896e-01
1.068141502220529837e+00 8.201234326467404800e-01
1.080707872834888894e+00 8.014630053073334981e-01
1.093274243449248173e+00 1.046402151666399494e+00
1.105840614063607008e+00 8.081410037187246598e-01
1.118406984677966287e+00 8.477372116060836182e-01
1.130973355292325566e+00 8.940983459176895520e-01
1.143539725906684623e+00 9.516489633745566223e-01
1.156106096521043902e+00 9.681178296674395334e-01
1.168672467135402959e+00 8.955610951457956270e-01
1.181238837749762238e+00 8.922755310528199812e-01
1.193805208364121295e+00 8.968040097439624603e-01
1.206371578978480574e+00 8.636170266412381835e-01
1.218937949592839853e+00 9.674476485097414091e-01
1.231504320207198910e+00 8.501299523744328956e-01
1.244070690821558189e+00 7.569385538124552282e-01
1.256637061435917246e+00 1.030161108387856128e+00
1.269203432050276525e+00 8.871105704850983376e-01
1.281769802664635582e+00 8.910624965174095413e-01
1.294336173278994861e+00 9.775930578123598336e-01
1.306902543893354141e+00 8.180222520845250589e-01
1.319468914507712975e+00 9.839428515279640131e-01
1.332035285122072255e+00 9.801391026837924514e-01
1.344601655736431534e+00 1.158850863475716420e+00
1.357168026350790591e+00 1.063948866457921083e+00
1.369734396965149870e+00 1.042325210197703633e+00
1.382300767579508927e+00 9.305718468934541798e-01
1.394867138193868206e+00 8.990006838972973702e-01
1.407433508808227263e+00 8.586319126847384853e-01
1.419999879422586542e+00 7.970425763071138370e-01
1.432566250036945821e+00 1.117854917487410837e+00
1.445132620651304878e+00 1.045922558412068604e+00
1.457698991265664157e+00 8.696436723066791608e-01
1.470265361880023214e+00 7.689332359414124962e-01
1.482831732494382493e+00 1.016726430598031250e+00
1.495398103108741550e+00 9.326526410561667424e-01
1.507964473723100607e+00 1.014116058964159128e+00
1.520530844337459886e+00 9.435644466751929027e-01
1.533097214951818943e+00 9.684934343059209416e-01
1.545663585566178222e+00 1.000749993503710300e+00
1.558229956180537279e+00 7.970377862752440201e-01
1.570796326794896558e+00 9.555099402200843972e-01
1.583362697409255837e+00 8.305088753451742578e-01
1.595929068023614894e+00 8.523244209503131330e-01
1.608495438637974173e+00 9.762054236047826850e-01
1.621061809252333230e+00 1.074056800017682445e+00
1.633628179866692509e+00 9.918855611407622064e-01
1.646194550481051566e+00 1.066248900408858669e+00
1.658760921095410845e+00 9.093932383801095476e-01
1.671327291709770124e+00 1.020672544949597249e+00
1.683893662324129181e+00 1.046273871523593524e+00
1.696460032938488460e+00 8.588940519384046235e-01
1.709026403552847517e+00 1.032355562364676738e+00
1.721592774167206796e+00 9.767909968463641679e-01
1.734159144781565853e+00 8.238555334932498031e-01
1.746725515395925132e+00 1.009405470020259044e+00
1.759291886010284411e+00 1.042529555212730052e+00
1.771858256624643468e+00 9.680583280966987836e-01
1.784424627239002747e+00 1.045970161261289499e+00
1.796990997853361804e+00 9.252004669257034575e-01
1.809557368467721084e+00 9.470374939280475912e-01
1.822123739082079918e+00 9.668317884949972907e-01
1.834690109696438975e+00 1.026707480430642416e+00
1.847256480310798255e+00 1.016955546062987548e+00
1.859822850925157534e+00 1.007448098126363378e+00
1.872389221539516591e+00 1.077035663807958121e+00
1.884955592153875870e+00 9.744660809609971830e-01
1.897521962768234927e+00 1.054761797056545714e+00
1.910088333382594206e+00 7.843667899914341657e-01
1.922654703996953263e+00 9.653040004990119938e-01
1.935221074611312542e+00 9.776373590894579246e-01
1.947787445225671821e+00 1.140729493655521898e+00
1.960353815840030878e+00 8.081384799695788823e-01
1.972920186454390157e+00 8.788155901685151816e-01
1.985486557068749214e+00 7.968770827076887553e-01
1.998052927683108493e+00 9.535461963909379612e-01
2.010619298297467772e+00 9.551900618051742953e-01
2.023185668911826607e+00 8.967535155745377518e-01
2.035752039526185886e+00 8.849842129560735460e-01
2.048318410140545165e+00 9.958525977722683109e-01
2.060884780754904444e+00 9.334344457099357228e-01
2.073451151369263723e+00 9.270065675559600038e-01
2.086017521983622558e+00 8.152527314160401550e-01
2.098583892597981837e+00 8.660262978806012590e-01
2.111150263212341116e+00 9.183987914585098888e-01
2.123716633826700395e+00 8.863275296701591532e-01
2.136283004441059674e+00 9.772173273419914041e-01
2.148849375055418509e+00 8.276495743361557134e-01
2.161415745669777788e+00 7.603773414828579602e-01
2.173982116284137067e+00 8.300348558016763523e-01
2.186548486898496346e+00 8.060778974497092575e-01
2.199114857512855181e+00 6.774349126483356631e-01
2.211681228127214016e+00 9.316858919795613092e-01
2.224247598741573295e+00 8.351443762353809586e-01
2.236813969355932574e+00 6.911572499261990910e-01
2.249380339970291853e+00 8.732567186789864655e-01
2.261946710584651132e+00 6.567290324255291578e-01
2.274513081199009967e+00 7.084986945750477716e-01
2.287079451813369246e+00 6.305804363105047550e-01
2.299645822427728525e+00 1.001811808974785611e+00
2.312212193042087804e+00 7.408200716865459556e-01
2.324778563656447083e+00 7.658516188509859601e-01
2.337344934270805918e+00 6.940006766601468646e-01
2.349911304885165197e+00 6.614006511929026999e-01
2.362477675499524477e+00 7.594140652057780327e-01
2.375044046113883756e+00 7.197412016700550641e-01
2.387610416728242591e+00 6.917525854747963443e-01
2.400176787342601870e+00 7.647486601924572414e-01
2.412743157956961149e+00 6.268484064711533632e-01
2.425309528571320428e+00 4.877402223031029882e-01
2.437875899185679707e+00 7.067648899390357453e-01
2.450442269800038542e+00 8.199718239684269383e-01
2.463008640414397821e+00 4.459087180421532626e-01
2.475575011028757100e+00 7.127351951155552756e-01
2.488141381643116379e+00 6.806720597054626287e-01
2.500707752257475658e+00 6.542289256356719207e-01
2.513274122871834493e+00 6.467739654132734772e-01
2.525840493486193772e+00 4.762896274578599098e-01
2.538406864100553051e+00 5.223106749375936442e-01
2.550973234714912330e+00 3.816989242979600405e-01
2.563539605329271165e+00 6.037385421943397557e-01
2.576105975943630444e+00 6.618554554642970267e-01
2.588672346557989723e+00 5.570932756807962516e-01
2.601238717172349002e+00 6.198323423702257751e-01
2.613805087786708281e+00 5.013548235962425048e-01
2.626371458401067116e+00 3.571527511445986569e-01
2.638937829015425951e+00 2.493770217917556375e-01
2.651504199629785230e+00 5.235865971062377833e-01
2.664070570244144509e+00 4.478055573375461784e-01
2.676636940858503788e+00 4.653559791944717472e-01
2.689203311472863067e+00 6.302909451892049209e-01
2.701769682087221902e+00 5.330215897140617720e-01
2.714336052701581181e+00 3.935313532521341751e-01
2.726902423315940460e+00 5.231996896024042609e-01
2.739468793930299739e+00 4.497664348928772649e-01
2.752035164544658574e+00 2.925254582465193764e-01
2.764601535159017853e+00 3.360248020057533536e-01
2.777167905773377132e+00 2.784125340890852285e-01
2.789734276387736411e+00 2.413835378431945233e-01
2.802300647002095690e+00 1.079200532843510585e-02
2.814867017616454525e+00 3.478283626497379322e-01
2.827433388230813804e+00 3.870609592881705807e-01
2.839999758845173083e+00 2.920002385924559962e-01
2.852566129459532362e+00 2.618181020975055007e-01
2.865132500073891642e+00 2.989198688340112264e-01
2.877698870688250476e+00 2.743000717881424744e-01
2.890265241302609756e+00 1.158065253895856905e-01
2.902831611916969035e+00 3.242727989029898228e-01
2.915397982531328314e+00 1.585894651926126331e-01
2.927964353145687149e+00 1.711156258287149790e-01
2.940530723760046428e+00 1.605081467500504011e-01
2.953097094374405707e+00 2.718682774477807484e-01
2.965663464988764986e+00 3.177310682186030855e-01
2.978229835603124265e+00 2.123062052595601212e-01
2.990796206217483100e+00 8.831087801526335546e-02
3.003362576831842379e+00 1.091763976107807260e-01
3.015928947446201214e+00 9.492276799706705903e-02
3.028495318060560493e+00 1.092838771877938792e-01
3.041061688674919772e+00 3.107609528949403788e-01
3.053628059289279051e+00 -1.909715755865568076e-02
3.066194429903637886e+00 9.685311440172617026e-02
3.078760800517997165e+00 7.680251842459237532e-02
3.091327171132356444e+00 -3.416275999615173836e-02
3.103893541746715723e+00 9.799212102379073475e-02
3.116459912361074558e+00 3.918452190941703467e-02
3.129026282975433837e+00 2.646532122503895135e-01
3.141592653589793116e+00 2.631175036859821972e-02
3.154159024204152395e+00 -3.132587261499159004e-02
3.166725394818511674e+00 6.979212607106959065e-02
3.179291765432870509e+00 -7.110070568733661833e-02
3.191858136047229788e+00 9.979840035407129550e-02
3.204424506661589067e+00 -4.037257109810139799e-02
3.216990877275948346e+00 -4.134845259158337338e-01
3.229557247890307181e+00 4.324230394556356771e-02
3.242123618504666460e+00 1.188654045119639235e-01
3.254689989119025739e+00 -7.129437430755607152e-02
3.267256359733385018e+00 -3.323630686879429363e-02
3.279822730347744297e+00 -1.770575467404376102e-01
3.292389100962103132e+00 -1.212682827298621341e-01
3.304955471576462411e+00 -9.759922660673449324e-02
3.317521842190821690e+00 -2.478852032288358098e-01
3.330088212805180969e+00 -1.310418374504206673e-01
3.342654583419540248e+00 -2.558931435748091898e-01
3.355220954033899083e+00 -1.552579279998975992e-01
3.367787324648258362e+00 -1.403864917930058298e-01
3.380353695262617642e+00 -2.592044005701757969e-01
3.392920065876976921e+00 -1.567836469442845937e-01
3.405486436491335756e+00 -2.608482627448144298e-01
3.418052807105695035e+00 -3.406410335159948954e-01
3.430619177720054314e+00 -3.160418123484167729e-01
3.443185548334413593e+00 -2.945020566336143952e-01
3.455751918948772872e+00 -3.072171084196910762e-01
3.468318289563131707e+00 -3.207204054120864067e-01
3.480884660177490986e+00 -2.642408229069395653e-01
3.493451030791850265e+00 -3.751895127661276641e-01
3.506017401406209544e+00 -4.771823728929395214e-01
3.518583772020568823e+00 -3.781904312983219163e-01
3.531150142634927658e+00 -3.162003788430733930e-01
3.543716513249286937e+00 -4.144798934610205432e-01
3.556282883863646216e+00 -4.547650373353994691e-01
3.568849254478005495e+00 -6.118400833931314509e-01
3.581415625092364330e+00 -4.583500251900777811e-01
3.593981995706723609e+00 -4.526369474544978400e-01
3.606548366321082888e+00 -3.646329411487505556e-01
3.619114736935442167e+00 -4.047179495899295154e-01
3.631681107549800558e+00 -4.374021729931343305e-01
3.644247478164159837e+00 -5.839764898623746037e-01
3.656813848778519116e+00 -4.672329062964069024e-01
3.669380219392877951e+00 -3.653430477523596509e-01
3.681946590007237230e+00 -4.274686193353674502e-01
3.694512960621596509e+00 -4.991394295668843406e-01
3.707079331235955788e+00 -4.720162584703175845e-01
3.719645701850315067e+00 -6.239499405312195490e-01
3.732212072464673902e+00 -6.023187900818695040e-01
3.744778443079033181e+00 -4.943435629527991315e-01
3.757344813693392460e+00 -6.684422431413939991e-01
3.769911184307751739e+00 -6.054299871760167040e-01
3.782477554922110574e+00 -6.745728116163395294e-01
3.795043925536469853e+00 -5.963662802573248545e-01
3.807610296150829132e+00 -7.342386134994027813e-01
3.820176666765188411e+00 -6.022066050430278095e-01
3.832743037379547690e+00 -7.128988061188624714e-01
3.845309407993906525e+00 -7.978826380334735902e-01
3.857875778608265804e+00 -6.075520282866877508e-01
3.870442149222625083e+00 -7.039751977623370793e-01
3.883008519836984362e+00 -5.428472259721341953e-01
3.895574890451343641e+00 -7.170584547471533510e-01
3.908141261065702476e+00 -7.722606000801310877e-01
3.920707631680061755e+00 -7.212086702689379791e-01
3.933274002294421035e+00 -7.005522147460964133e-01
3.945840372908780314e+00 -8.165481233796226812e-01
3.958406743523139149e+00 -7.913572464678243490e-01
3.970973114137498428e+00 -7.434879380610243116e-01
3.983539484751857707e+00 -7.697873352208820519e-01
3.996105855366216986e+00 -6.373642039884725996e-01
4.008672225980576265e+00 -5.781342483448713709e-01
4.021238596594935544e+00 -7.529087287105296067e-01
4.033804967209294823e+00 -7.475551037558082479e-01
4.046371337823653214e+00 -9.502138812421746517e-01
4.058937708438012493e+00 -7.942426905509351043e-01
4.071504079052371772e+00 -7.113114820736234911e-01
4.084070449666731051e+00 -7.534007767155102009e-01
4.096636820281090330e+00 -8.649787489443926392e-01
4.109203190895449609e+00 -8.646154255243682085e-01
4.121769561509808888e+00 -7.445309163310481759e-01
4.134335932124168167e+00 -6.369753506157018741e-01
4.146902302738527446e+00 -8.154001383878604070e-01
4.159468673352886725e+00 -1.009312193713155503e+00
4.172035043967245116e+00 -8.225570206852744759e-01
4.184601414581604395e+00 -7.916812985005898806e-01
4.197167785195963674e+00 -9.207036983959713261e-01
4.209734155810322953e+00 -7.410158444929677568e-01
4.222300526424682232e+00 -8.092652772087018942e-01
4.234866897039041511e+00 -8.326852431591482695e-01
4.247433267653400790e+00 -8.245090251463857989e-01
4.259999638267760069e+00 -9.320393671419041626e-01
4.272566008882119348e+00 -8.585050752515962502e-01
4.285132379496477739e+00 -7.573392220503083472e-01
4.297698750110837018e+00 -8.439813739538429838e-01
4.310265120725196297e+00 -8.900189419972548421e-01
4.322831491339555576e+00 -8.152499330117810583e-01
4.335397861953914855e+00 -8.916645647885672599e-01
4.347964232568274134e+00 -8.414565272419036734e-01
4.360530603182633413e+00 -1.001785219653008152e+00
4.373096973796992692e+00 -1.091502994942394222e+00
4.385663344411351972e+00 -1.095890090492442903e+00
4.398229715025710362e+00 -1.096292606663738178e+00
4.410796085640069641e+00 -9.960936337807940744e-01
4.423362456254428032e+00 -9.107727079404898118e-01
4.435928826868787311e+00 -8.262870051126267601e-01
4.448495197483146590e+00 -7.698679489531203846e-01
4.461061568097505869e+00 -9.272554032715001338e-01
4.473627938711865148e+00 -9.792730621341907415e-01
4.486194309326224428e+00 -9.919003489611591950e-01
4.498760679940583707e+00 -8.427579878691970894e-01
4.511327050554942986e+00 -1.137910541148944965e+00
4.523893421169302265e+00 -1.061638497081169641e+00
4.536459791783661544e+00 -1.113051679827014695e+00
4.549026162398019935e+00 -1.105925657245932392e+00
4.561592533012379214e+00 -1.128873263644687430e+00
4.574158903626738493e+00 -9.670891924978904930e-01
4.586725274241097772e+00 -8.523122926983162095e-01
4.599291644855457051e+00 -9.133000536113846657e-01
4.611858015469816330e+00 -1.062361047727586660e+00
4.624424386084175609e+00 -1.055399844519127717e+00
4.636990756698534888e+00 -9.694998466513123914e-01
4.649557127312894167e+00 -1.112012293934395935e+00
4.662123497927252558e+00 -9.843943019670273742e-01
4.674689868541611837e+00 -9.274598808059948407e-01
4.687256239155971116e+00 -1.047266064616412251e+00
4.699822609770330395e+00 -8.644978334979371848e-01
4.712388980384689674e+00 -8.956897887732793162e-01
4.724955350999048953e+00 -1.207893619608287672e+00
4.737521721613408232e+00 -1.072449319818969071e+00
4.750088092227767511e+00 -9.656375462887900607e-01
4.762654462842126790e+00 -8.791453405565210488e-01
4.775220833456485181e+00 -9.748156360913881047e-01
4.787787204070844460e+00 -1.032952629708964842e+00
4.800353574685203739e+00 -9.555617304327443939e-01
4.812919945299563018e+00 -9.192199259243760689e-01
4.825486315913922297e+00 -1.052111320503185121e+00
4.838052686528281576e+00 -1.026164121460001688e+00
4.850619057142640855e+00 -9.806476176429100855e-01
4.863185427757000134e+00 -1.042502566026673350e+00
4.875751798371359413e+00 -1.008552703750798196e+00
4.888318168985717804e+00 -1.039411109705673519e+00
4.900884539600077083e+00 -9.631428614614787609e-01
4.913450910214436362e+00 -8.603076113766090494e-01
4.926017280828795641e+00 -1.257336833367996398e+00
4.938583651443154920e+00 -9.421428951467590851e-01
4.951150022057514200e+00 -1.053704676052404476e+00
4.963716392671873479e+00 -9.882192712508576227e-01
4.976282763286232758e+00 -1.113790428625473172e+00
4.988849133900592037e+00 -8.377423589678840710e-01
5.001415504514951316e+00 -9.550893073657465981e-01
5.013981875129309707e+00 -8.894946462296194900e-01
5.026548245743668986e+00 -1.168110837501538990e+00
5.039114616358028265e+00 -9.435216704350506411e-01
5.051680986972387544e+00 -9.875413891565232305e-01
5.064247357586746823e+00 -9.792494911799767277e-01
5.076813728201106102e+00 -8.530736192769954318e-01
5.089380098815465381e+00 -1.010054321871774574e+00
5.101946469429824660e+00 -9.879969401416552888e-01
5.114512840044183939e+00 -9.135812650407437729e-01
5.127079210658542330e+00 -1.017962617832989913e+00
5.139645581272901609e+00 -8.162599689393430502e-01
5.152211951887260888e+00 -9.033767201189802920e-01
5.164778322501620167e+00 -8.947191647274119752e-01
5.177344693115979446e+00 -9.944195978503874711e-01
5.189911063730338725e+00 -8.018549473412880380e-01
5.202477434344698004e+00 -8.935269047100679041e-01
5.215043804959057283e+00 -1.043279066545639067e+00
5.227610175573416562e+00 -8.542649387196952215e-01
5.240176546187774953e+00 -8.182339872565378425e-01
5.252742916802134232e+00 -8.113427137254367594e-01
5.265309287416492623e+00 -7.886962033140887396e-01
5.277875658030851902e+00 -7.056024438813019994e-01
5.290442028645211181e+00 -9.182773030049200536e-01
5.303008399259570460e+00 -8.356652693174175806e-01
5.315574769873929739e+00 -9.222788620161075368e-01
5.328141140488289018e+00 -8.113599972672752569e-01
5.340707511102648297e+00 -6.733744500141533029e-01
5.353273881717007576e+00 -8.655535760503031417e-01
5.365840252331366855e+00 -9.180350813482107686e-01
5.378406622945726134e+00 -6.647751654326310433e-01
5.390972993560084525e+00 -8.699485687483409224e-01
5.403539364174443804e+00 -8.129415913259718796e-01
5.416105734788803083e+00 -7.211378240760938363e-01
5.428672105403162362e+00 -7.375549810263040129e-01
5.441238476017521641e+00 -7.178323010924893000e-01
5.453804846631880920e+00 -6.711132127768915101e-01
5.466371217246240199e+00 -7.099467285106959569e-01
5.478937587860599479e+00 -7.418530031069241470e-01
5.491503958474958758e+00 -7.345030032980316426e-01
5.504070329089317148e+00 -9.236323493766465109e-01
5.516636699703676427e+00 -7.275194991580206105e-01
5.529203070318035707e+00 -5.833061626002780109e-01
5.541769440932394986e+00 -7.846398344048736151e-01
5.554335811546754265e+00 -6.250098604196424601e-01
5.566902182161113544e+00 -6.978634566689891905e-01
5.579468552775472823e+00 -7.698684089543943454e-01
5.592034923389832102e+00 -7.303602349643179004e-01
5.604601294004191381e+00 -4.839148289489298982e-01
5.617167664618549772e+00 -7.209385863029265096e-01
5.629734035232909051e+00 -5.784286372780036434e-01
5.642300405847268330e+00 -4.750871331445548074e-01
5.654866776461627609e+00 -5.357584795359147112e-01
5.667433147075986888e+00 -6.248459193211940432e-01
5.679999517690346167e+00 -6.859417026991481148e-01
5.692565888304705446e+00 -5.630123583985844338e-01
5.705132258919064725e+00 -6.469310558577603398e-01
5.717698629533424004e+00 -6.823775907379376893e-01
5.730265000147783283e+00 -4.197276796828413592e-01
5.742831370762141674e+00 -5.557828966483429056e-01
5.755397741376500953e+00 -3.762098109474413254e-01
5.767964111990860232e+00 -2.803062750756001309e-01
5.780530482605219511e+00 -4.114432675256983751e-01
5.793096853219578790e+00 -4.290008241225963248e-01
5.805663223833938069e+00 -4.032878074150842429e-01
5.818229594448297348e+00 -4.010919976987110669e-01
5.830795965062656627e+00 -4.695900654959546117e-01
5.843362335677015906e+00 -3.728695838529958451e-01
5.855928706291374297e+00 -3.380804714344911588e-01
5.868495076905733576e+00 -3.361918689035445773e-01
5.881061447520092855e+00 -4.521664991834206671e-01
5.893627818134452134e+00 -5.545720511149886400e-01
5.906194188748811413e+00 -1.792772277873246056e-01
5.918760559363170692e+00 -2.386390343087641530e-01
5.931326929977529971e+00 -2.605634142003381837e-01
5.943893300591889250e+00 -2.846642588546243191e-01
5.956459671206248530e+00 -2.105635891347011346e-01
5.969026041820606920e+00 -2.379356245317938434e-01
5.981592412434966199e+00 -2.488543730891653039e-01
5.994158783049325478e+00 -2.534445834939251796e-01
6.006725153663684758e+00 -3.518638180058104026e-01
6.019291524278044037e+00 -2.239445569605138520e-01
6.031857894892402427e+00 -3.287620477867753133e-01
6.044424265506761706e+00 -2.082983965629736922e-01
6.056990636121120986e+00 -3.119345292757779720e-01
6.069557006735480265e+00 -1.956235364984271752e-01
6.082123377349839544e+00 -1.380513120983123676e-01
6.094689747964198823e+00 -1.916618904309134730e-01
6.107256118578558102e+00 -7.833165152410408172e-02
6.119822489192916493e+00 -1.618231364310246667e-01
6.132388859807275772e+00 -2.583549792822171787e-01
6.144955230421635051e+00 -1.045126964948618065e-01
6.157521601035994330e+00 -7.388276221895843932e-02
6.170087971650353609e+00 -1.668258519792763517e-01
6.182654342264712888e+00 -1.927005965735273940e-01
6.195220712879072167e+00 -2.288243480783457573e-01
6.207787083493431446e+00 -1.119963744337029582e-01
6.220353454107790725e+00 -6.192990053052720850e-02
6.232919824722149116e+00 -1.358142469400268892e-01
6.245486195336508395e+00 4.172673794833087896e-02
6.258052565950867674e+00 -1.953172233630274743e-02
6.270618936565226953e+00 5.522164833579679133e-02
