0.000000000000000000e+00 1.395880443979422292e-01
1.256637061435917323e-02 -1.273611183662606283e-01
2.513274122871834645e-02 -4.350941315701731260e-02
3.769911184307751795e-02 1.932377687445448189e-02
5.026548245743669291e-02 3.234568783494722877e-01
6.283185307179586787e-02 6.584349135647635243e-03
7.539822368615503589e-02 2.316460313985737041e-01
8.796459430051420392e-02 1.761205755730344547e-01
1.005309649148733858e-01 1.000547848977397097e-01
1.130973355292325677e-01 8.850436523343196971e-02
1.256637061435917357e-01 1.725541044582879768e-01
1.382300767579508760e-01 7.657502311186056843e-02
1.507964473723100718e-01 6.546944004181123877e-02
1.633628179866692676e-01 1.056845609539530662e-01
1.759291886010284078e-01 1.150417830698624022e-01
1.884955592153875759e-01 7.832917514593000508e-02
2.010619298297467716e-01 2.538830875410350019e-01
2.136283004441059397e-01 2.096487563088309802e-01
2.261946710584651354e-01 1.991558196457747787e-01
2.387610416728242757e-01 2.878928681711697135e-01
2.513274122871834715e-01 2.165218321938080781e-01
2.638937829015426395e-01 1.165791108955889499e-01
2.764601535159017520e-01 2.582158491557819402e-01
2.890265241302609756e-01 4.968311069195641139e-01
3.015928947446201436e-01 2.669055802275634992e-01
3.141592653589793116e-01 2.126011505206723551e-01
3.267256359733385351e-01 2.690238552959978158e-01
3.392920065876976476e-01 3.562516562631556916e-01
3.518583772020568157e-01 4.488373914214549565e-01
3.644247478164160392e-01 3.564357258675948659e-01
3.769911184307751517e-01 4.083835086334154374e-01
3.895574890451343197e-01 1.130332816624858849e-01
4.021238596594935433e-01 3.763092950738833320e-01
4.146902302738527113e-01 3.310249250317901515e-01
4.272566008882118793e-01 4.149854688729912033e-01
4.398229715025711029e-01 4.886227563337407487e-01
4.523893421169302709e-01 5.423944049312985349e-01
4.649557127312893834e-01 5.879202884904645154e-01
4.775220833456485514e-01 4.412221691926877520e-01
4.900884539600077194e-01 3.217101261389644362e-01
5.026548245743669430e-01 5.903264780286897606e-01
5.152211951887261110e-01 4.914425473398797983e-01
5.277875658030852790e-01 3.390791392146946803e-01
5.403539364174444470e-01 5.322533937301416884e-01
5.529203070318035040e-01 5.123770038454809050e-01
5.654866776461627831e-01 4.427130592693166444e-01
5.780530482605219511e-01 3.646146041037122698e-01
5.906194188748811191e-01 5.209788176433134410e-01
6.031857894892402872e-01 5.958386534290281977e-01
6.157521601035994552e-01 4.781534718920493754e-01
6.283185307179586232e-01 5.974340160444491232e-01
6.408849013323177912e-01 5.535505123975787978e-01
6.534512719466770703e-01 5.683533020717632667e-01
6.660176425610361273e-01 6.096293597501266648e-01
6.785840131753952953e-01 7.672081063566300596e-01
6.911503837897544633e-01 6.777689122499457319e-01
7.037167544041136313e-01 6.947286543667862135e-01
7.162831250184729104e-01 5.219965377215759483e-01
7.288494956328320784e-01 6.580243142506834175e-01
7.414158662471912464e-01 8.296554840366496819e-01
7.539822368615503034e-01 5.104992564353170170e-01
7.665486074759094715e-01 7.470901691452014326e-01
7.791149780902686395e-01 6.960450839468463879e-01
7.916813487046279185e-01 6.976992958136342127e-01
8.042477193189870865e-01 6.720374751086948262e-01
8.168140899333462546e-01 5.051161960137841023e-01
8.293804605477054226e-01 7.053615334144870408e-01
8.419468311620645906e-01 6.247131414771598390e-01
8.545132017764237586e-01 7.987921694544352080e-01
8.670795723907829267e-01 8.832491543081817387e-01
8.796459430051422057e-01 7.865395082792329129e-01
8.922123136195013737e-01 7.101297778575680342e-01
9.047786842338605418e-01 7.020526308230256030e-01
9.173450548482194877e-01 8.406069604981295518e-01
9.299114254625787668e-01 8.165354565000696452e-01
9.424777960769379348e-01 9.068974490522869747e-01
9.550441666912971028e-01 9.030670460523926302e-01
9.676105373056562708e-01 7.805464671373157914e-01
9.801769079200154389e-01 6.552196538424807093e-01
9.927432785343746069e-01 7.861257131418982746e-01
1.005309649148733886e+00 1.041226984984459092e+00
1.017876019763092943e+00 8.892447038805260107e-01
1.030442390377452222e+00 9.050319470371850361e-01
1.043008760991811279e+00 7.963774659762011821e-01
1.055575131606170558e+00 8.790939372411729069e-01
1.068141502220529837e+00 8.976267606580357050e-01
1.080707872834888894e+00 8.751955599578485900e-01
1.093274243449248173e+00 9.434949862446683211e-01
1.105840614063607008e+00 8.393135974685461687e-01
1.118406984677966287e+00 9.973907535227802823e-01
1.130973355292325566e+00 9.237221401780434382e-01
1.143539725906684623e+00 1.022911778673002203e+00
1.156106096521043902e+00 9.990094231376920320e-01
1.168672467135402959e+00 1.039558462662350191e+00
1.181238837749762238e+00 1.065583062802386793e+00
1.193805208364121295e+00 8.836195388084635560e-01
1.206371578978480574e+00 1.009698231193927764e+00
1.218937949592839853e+00 8.830321473539575194e-01
1.231504320207198910e+00 1.002534449543013295e+00
1.244070690821558189e+00 9.373109357824737087e-01
1.256637061435917246e+00 9.113873138364663173e-01
1.269203432050276525e+00 8.885694927626034412e-01
1.281769802664635582e+00 9.081649488726935004e-01
1.294336173278994861e+00 8.931940615592987021e-01
1.306902543893354141e+00 9.405577419619479684e-01
1.319468914507712975e+00 1.019472322168727407e+00
1.332035285122072255e+00 9.864993088826421452e-01
1.344601655736431534e+00 8.095658401091483380e-01
1.357168026350790591e+00 8.202889313365215873e-01
1.369734396965149870e+00 9.451189336761461890e-01
1.382300767579508927e+00 8.003575023200208971e-01
1.394867138193868206e+00 1.084577963763753372e+00
1.407433508808227263e+00 9.143114240413642291e-01
1.419999879422586542e+00 8.551121203561593553e-01
1.432566250036945821e+00 8.543582136450478259e-01
1.445132620651304878e+00 9.915853281259304763e-01
1.457698991265664157e+00 9.183167379719159307e-01
1.470265361880023214e+00 9.046307483495621415e-01
1.482831732494382493e+00 1.005303300139726685e+00
1.495398103108741550e+00 7.996733198993172254e-01
1.507964473723100607e+00 9.228752421754148338e-01
1.520530844337459886e+00 9.423349583267879304e-01
1.533097214951818943e+00 1.002727278218741747e+00
1.545663585566178222e+00 1.024572956795106515e+00
1.558229956180537279e+00 1.069868619034446411e+00
1.570796326794896558e+00 8.576754548809384371e-01
1.583362697409255837e+00 1.004160070365404556e+00
1.595929068023614894e+00 1.003606762444217093e+00
1.608495438637974173e+00 9.347984384053601437e-01
1.621061809252333230e+00 1.000895664849936528e+00
1.633628179866692509e+00 1.023725999690733746e+00
1.646194550481051566e+00 1.063642769150344725e+00
1.658760921095410845e+00 1.026730554203998835e+00
1.671327291709770124e+00 9.472256112674279915e-01
1.683893662324129181e+00 9.597377776328761545e-01
1.696460032938488460e+00 9.948349395208958557e-01
1.709026403552847517e+00 1.010787422932887702e+00
1.721592774167206796e+00 9.280486230736282316e-01
1.734159144781565853e+00 9.708876732922677721e-01
1.746725515395925132e+00 1.180078710096581940e+00
1.759291886010284411e+00 1.002967939580531986e+00
1.771858256624643468e+00 1.017042506802299906e+00
1.784424627239002747e+00 9.423787973758400716e-01
1.796990997853361804e+00 8.276363473343324451e-01
1.809557368467721084e+00 1.001975207526734302e+00
1.822123739082079918e+00 9.682584665402617086e-01
1.834690109696438975e+00 9.660776918167320870e-01
1.847256480310798255e+00 8.775090028117653596e-01
1.859822850925157534e+00 1.007297760800603514e+00
1.872389221539516591e+00 9.307392581562543565e-01
1.884955592153875870e+00 8.971558333214646463e-01
1.897521962768234927e+00 9.294768948651356277e-01
1.910088333382594206e+00 9.717711775576483024e-01
1.922654703996953263e+00 8.011297244446193844e-01
1.935221074611312542e+00 1.008552327961033779e+00
1.947787445225671821e+00 8.839054268288831784e-01
1.960353815840030878e+00 7.986197521326634519e-01
1.972920186454390157e+00 8.825523461300487371e-01
1.985486557068749214e+00 1.065236041391249167e+00
1.998052927683108493e+00 8.466795179257575743e-01
2.010619298297467772e+00 8.736242736878917503e-01
2.023185668911826607e+00 9.888514531849073030e-01
2.035752039526185886e+00 9.676755152809419780e-01
2.048318410140545165e+00 6.611296814617766415e-01
2.060884780754904444e+00 9.426630576621121138e-01
2.073451151369263723e+00 1.009270973155833584e+00
2.086017521983622558e+00 8.245259978852085281e-01
2.098583892597981837e+00 9.144887013154375799e-01
2.111150263212341116e+00 7.329408075355877683e-01
2.123716633826700395e+00 1.015337526404308299e+00
2.136283004441059674e+00 9.695844087303313596e-01
2.148849375055418509e+00 6.780023378456094818e-01
2.161415745669777788e+00 8.945589160948588248e-01
2.173982116284137067e+00 8.968097908627250536e-01
2.186548486898496346e+00 8.671371090824545602e-01
2.199114857512855181e+00 7.075943310835646205e-01
2.211681228127214016e+00 7.983028476346814006e-01
2.224247598741573295e+00 1.066564814698485852e+00
2.236813969355932574e+00 7.584823698414292492e-01
2.249380339970291853e+00 7.722937714774993356e-01
2.261946710584651132e+00 7.443083963880400278e-01
2.274513081199009967e+00 9.711671236476614455e-01
2.287079451813369246e+00 9.002554002091136542e-01
2.299645822427728525e+00 7.375764603901006078e-01
2.312212193042087804e+00 8.023169532214109445e-01
2.324778563656447083e+00 8.031181097068492702e-01
2.337344934270805918e+00 6.697796672783260519e-01
2.349911304885165197e+00 5.677468479325086248e-01
2.362477675499524477e+00 6.387782354925433115e-01
2.375044046113883756e+00 7.156446067759726359e-01
2.387610416728242591e+00 6.405280763890767171e-01
2.400176787342601870e+00 6.356598579903047774e-01
2.412743157956961149e+00 6.010053160895831859e-01
2.425309528571320428e+00 6.576696072232879331e-01
2.437875899185679707e+00 6.583652834703708212e-01
2.450442269800038542e+00 7.368605162611046033e-01
2.463008640414397821e+00 5.150882347240344217e-01
2.475575011028757100e+00 6.407199786926753848e-01
2.488141381643116379e+00 5.559239998772650404e-01
2.500707752257475658e+00 6.025381095712206703e-01
2.513274122871834493e+00 5.548986053236907301e-01
2.525840493486193772e+00 5.280104134708735186e-01
2.538406864100553051e+00 6.134496640665403344e-01
2.550973234714912330e+00 6.087453191915579431e-01
2.563539605329271165e+00 6.520167536084661153e-01
2.576105975943630444e+00 4.467424502569997125e-01
2.588672346557989723e+00 4.416535833428045232e-01
2.601238717172349002e+00 4.673380568756080877e-01
2.613805087786708281e+00 3.222320273096338505e-01
2.626371458401067116e+00 4.731854408049601668e-01
2.638937829015425951e+00 2.476253476546255716e-01
2.651504199629785230e+00 4.397720740207752277e-01
2.664070570244144509e+00 5.225328561789919224e-01
2.676636940858503788e+00 3.563337595927659196e-01
2.689203311472863067e+00 1.724374633361178688e-01
2.701769682087221902e+00 5.249033569619114825e-01
2.714336052701581181e+00 4.375893012752841704e-01
2.726902423315940460e+00 4.388092080651020410e-01
2.739468793930299739e+00 3.340530220766170788e-01
2.752035164544658574e+00 1.962363054572521526e-01
2.764601535159017853e+00 4.691048402686587293e-01
2.777167905773377132e+00 3.427977177549729193e-01
2.789734276387736411e+00 1.952747961802079602e-01
2.802300647002095690e+00 1.797680585013971821e-01
2.814867017616454525e+00 3.865656248778720494e-01
2.827433388230813804e+00 3.871247749169995922e-01
2.839999758845173083e+00 4.186160630465150523e-01
2.852566129459532362e+00 3.006948263154372580e-01
2.865132500073891642e+00 3.592620711687743995e-01
2.877698870688250476e+00 1.713353936111127740e-01
2.890265241302609756e+00 1.334470936251377360e-01
2.902831611916969035e+00 1.455818285151238012e-01
2.915397982531328314e+00 2.643838933013381576e-01
2.927964353145687149e+00 2.332451003118397592e-01
2.940530723760046428e+00 1.822443303341770848e-01
2.953097094374405707e+00 1.319772061976073885e-01
2.965663464988764986e+00 4.224490327394125888e-01
2.978229835603124265e+00 1.741049647008987844e-01
2.990796206217483100e+00 1.494033019154148434e-01
3.003362576831842379e+00 -3.275794296942940997e-03
3.015928947446201214e+00 1.168324135767455779e-01
3.028495318060560493e+00 1.756524868588802968e-01
3.041061688674919772e+00 1.512221167159762125e-01
3.053628059289279051e+00 1.351107610505250523e-02
3.066194429903637886e+00 -2.310829546705456261e-02
3.078760800517997165e+00 2.063478499037479375e-01
3.091327171132356444e+00 1.053558263876728240e-01
3.103893541746715723e+00 9.547628211167125123e-02
3.116459912361074558e+00 1.217596465322047794e-01
3.129026282975433837e+00 2.300557235985893068e-01
3.141592653589793116e+00 7.659505518958331649e-02
3.154159024204152395e+00 7.952200196516090447e-02
3.166725394818511674e+00 -1.565844875791286839e-01
3.179291765432870509e+00 4.086531744485373541e-02
3.191858136047229788e+00 1.701917248879340483e-01
3.204424506661589067e+00 1.753391350717713459e-01
3.216990877275948346e+00 1.247148716411553976e-01
3.229557247890307181e+00 -2.067235009115229727e-01
3.242123618504666460e+00 -1.819794819965718236e-01
3.254689989119025739e+00 2.549944684919853710e-01
3.267256359733385018e+00 -2.773478917137188748e-01
3.279822730347744297e+00 -5.352782793950464080e-02
3.292389100962103132e+00 -1.165068291071043871e-01
3.304955471576462411e+00 -4.847161413249688466e-02
3.317521842190821690e+00 -1.001926095522794741e-01
3.330088212805180969e+00 -5.390323868753740810e-02
3.342654583419540248e+00 -2.670126685565767377e-01
3.355220954033899083e+00 -2.733705503625651345e-01
3.367787324648258362e+00 -1.777202986450786559e-01
3.380353695262617642e+00 -3.161485786817894716e-01
3.392920065876976921e+00 -2.102997770615641360e-01
3.405486436491335756e+00 -2.774086436756070806e-01
3.418052807105695035e+00 -1.289997797639205745e-01
3.430619177720054314e+00 -1.012564048970884256e-01
3.443185548334413593e+00 -4.387261900477982257e-01
3.455751918948772872e+00 -1.858382588488293463e-01
3.468318289563131707e+00 -2.618076228900404478e-01
3.480884660177490986e+00 -7.965591363769092270e-02
3.493451030791850265e+00 -3.811858829506194479e-01
3.506017401406209544e+00 -3.980224423463281092e-01
3.518583772020568823e+00 -6.097057459357673181e-01
3.531150142634927658e+00 -4.798509373040370507e-01
3.543716513249286937e+00 -3.285957110468831210e-01
3.556282883863646216e+00 -2.621894944912921410e-01
3.568849254478005495e+00 -4.249929968116191725e-01
3.581415625092364330e+00 -3.449005635663641156e-01
3.593981995706723609e+00 -3.385892136581271084e-01
3.606548366321082888e+00 -3.878919746409508762e-01
3.619114736935442167e+00 -3.780489590339447536e-01
3.631681107549800558e+00 -6.203190442210969602e-01
3.644247478164159837e+00 -4.603172181958700149e-01
3.656813848778519116e+00 -5.891469410676580809e-01
3.669380219392877951e+00 -4.543590899920316173e-01
3.681946590007237230e+00 -4.585511487058154811e-01
3.694512960621596509e+00 -4.571774499103511968e-01
3.707079331235955788e+00 -5.270963257322538453e-01
3.719645701850315067e+00 -6.836373499406224186e-01
3.732212072464673902e+00 -3.994300954608360210e-01
3.744778443079033181e+00 -5.499754723108409848e-01
3.757344813693392460e+00 -3.779567116144157968e-01
3.769911184307751739e+00 -5.481340109505744573e-01
3.782477554922110574e+00 -6.869962139638913223e-01
3.795043925536469853e+00 -6.248952746629355959e-01
3.807610296150829132e+00 -6.829421430542941263e-01
3.820176666765188411e+00 -6.069037117698146133e-01
3.832743037379547690e+00 -4.781888543015536674e-01
3.845309407993906525e+00 -4.963823056290090907e-01
3.857875778608265804e+00 -7.053065975938992427e-01
3.870442149222625083e+00 -5.776413155632937890e-01
3.883008519836984362e+00 -6.722814863655436346e-01
3.895574890451343641e+00 -5.139299368436454074e-01
3.908141261065702476e+00 -6.803374765928292822e-01
3.920707631680061755e+00 -5.519395066678316475e-01
3.933274002294421035e+00 -7.483737278497791801e-01
3.945840372908780314e+00 -7.381764136000588117e-01
3.958406743523139149e+00 -6.923647600102091904e-01
3.970973114137498428e+00 -7.915921829457198688e-01
3.983539484751857707e+00 -4.679207112694897530e-01
3.996105855366216986e+00 -6.731405235648242336e-01
4.008672225980576265e+00 -8.579010590115319079e-01
4.021238596594935544e+00 -8.938382446049103480e-01
4.033804967209294823e+00 -9.389552874131666949e-01
4.046371337823653214e+00 -7.654126297710551752e-01
4.058937708438012493e+00 -7.025169500848248427e-01
4.071504079052371772e+00 -8.333202109512466427e-01
4.084070449666731051e+00 -8.872072166928458570e-01
4.096636820281090330e+00 -9.791569499666195053e-01
4.109203190895449609e+00 -8.200923026163361440e-01
4.121769561509808888e+00 -5.939714194153958848e-01
4.134335932124168167e+00 -7.691875575779046903e-01
4.146902302738527446e+00 -9.129008402521755494e-01
4.159468673352886725e+00 -7.093886808147885636e-01
4.172035043967245116e+00 -8.047066840139187605e-01
4.184601414581604395e+00 -9.076007088458235561e-01
4.197167785195963674e+00 -9.319214264795807612e-01
4.209734155810322953e+00 -7.929353409889632331e-01
4.222300526424682232e+00 -7.938011309837753604e-01
4.234866897039041511e+00 -8.241383944500608738e-01
4.247433267653400790e+00 -1.014971017229172823e+00
4.259999638267760069e+00 -8.120454911434153988e-01
4.272566008882119348e+00 -9.195959504455166744e-01
4.285132379496477739e+00 -9.897708119381397607e-01
4.297698750110837018e+00 -1.011522396486719266e+00
4.310265120725196297e+00 -1.017170242695237592e+00
4.322831491339555576e+00 -9.737219449169565166e-01
4.335397861953914855e+00 -1.050989226965170165e+00
4.347964232568274134e+00 -9.550479163630138935e-01
4.360530603182633413e+00 -8.152300590186039031e-01
4.373096973796992692e+00 -9.464064650406107670e-01
4.385663344411351972e+00 -9.055137187497643847e-01
4.398229715025710362e+00 -8.998092518681413132e-01
4.410796085640069641e+00 -8.035547812320169569e-01
4.423362456254428032e+00 -1.020752132905106802e+00
4.435928826868787311e+00 -8.506631551137635583e-01
4.448495197483146590e+00 -1.024238378906677793e+00
4.461061568097505869e+00 -1.105160147034163431e+00
4.473627938711865148e+00 -8.745996317312175750e-01
4.486194309326224428e+00 -9.424823698332289723e-01
4.498760679940583707e+00 -1.182326893497021469e+00
4.511327050554942986e+00 -1.044818210926058644e+00
4.523893421169302265e+00 -9.477306616256454541e-01
4.536459791783661544e+00 -1.034437450948296089e+00
4.549026162398019935e+00 -7.525533662652551525e-01
4.561592533012379214e+00 -1.082873438401028565e+00
4.574158903626738493e+00 -1.042430870146887401e+00
4.586725274241097772e+00 -9.903379927995304977e-01
4.599291644855457051e+00 -1.101888604372576630e+00
4.611858015469816330e+00 -1.004601306149078832e+00
4.624424386084175609e+00 -1.082397267201214541e+00
4.636990756698534888e+00 -1.093516939954521261e+00
4.649557127312894167e+00 -1.075640691105904878e+00
4.662123497927252558e+00 -1.110424559327424898e+00
4.674689868541611837e+00 -1.183135377205740468e+00
4.687256239155971116e+00 -9.334388753582162357e-01
4.699822609770330395e+00 -1.062806976159639483e+00
4.712388980384689674e+00 -1.016018410633259261e+00
4.724955350999048953e+00 -1.149137599248765351e+00
4.737521721613408232e+00 -8.107644149861134020e-01
4.750088092227767511e+00 -1.037968495827017001e+00
4.762654462842126790e+00 -9.155056674000079386e-01
4.775220833456485181e+00 -1.123507939598910710e+00
4.787787204070844460e+00 -1.024039163521608176e+00
4.800353574685203739e+00 -9.757495903166719664e-01
4.812919945299563018e+00 -8.758738014270320837e-01
4.825486315913922297e+00 -1.002628875269052644e+00
4.838052686528281576e+00 -9.457305867864330695e-01
4.850619057142640855e+00 -9.899151112526757279e-01
4.863185427757000134e+00 -9.626946921229322385e-01
4.875751798371359413e+00 -9.021452442846407127e-01
4.888318168985717804e+00 -8.772203162405234345e-01
4.900884539600077083e+00 -8.500282544221013925e-01
4.913450910214436362e+00 -8.781296429171947526e-01
4.926017280828795641e+00 -9.592100375922100186e-01
4.938583651443154920e+00 -1.109068876958784866e+00
4.951150022057514200e+00 -1.029226172863155320e+00
4.963716392671873479e+00 -1.002282347817207375e+00
4.976282763286232758e+00 -9.071033307993423556e-01
4.988849133900592037e+00 -1.041094682602451416e+00
5.001415504514951316e+00 -9.226417576120470310e-01
5.013981875129309707e+00 -9.884688016941820532e-01
5.026548245743668986e+00 -9.764423897925039730e-01
5.039114616358028265e+00 -9.638433010147722246e-01
5.051680986972387544e+00 -1.029029706308404846e+00
5.064247357586746823e+00 -9.862359510197704626e-01
5.076813728201106102e+00 -8.191338969490487010e-01
5.089380098815465381e+00 -9.378393007949706872e-01
5.101946469429824660e+00 -8.979407256448100894e-01
5.114512840044183939e+00 -9.825466078490121546e-01
5.127079210658542330e+00 -8.693738156563796116e-01
5.139645581272901609e+00 -8.860713860336799641e-01
5.152211951887260888e+00 -8.716245212327371483e-01
5.164778322501620167e+00 -9.486087324793268660e-01
5.177344693115979446e+00 -8.924330172319789867e-01
5.189911063730338725e+00 -8.519369636312081884e-01
5.202477434344698004e+00 -7.799712239331391128e-01
5.215043804959057283e+00 -8.134936538750568991e-01
5.227610175573416562e+00 -8.689372494404614677e-01
5.240176546187774953e+00 -7.343703135404138216e-01
5.252742916802134232e+00 -1.045390258347566048e+00
5.265309287416492623e+00 -6.942888582504727069e-01
5.277875658030851902e+00 -7.428277959934471708e-01
5.290442028645211181e+00 -8.587342410517555535e-01
5.303008399259570460e+00 -8.392011357363725610e-01
5.315574769873929739e+00 -8.794440608245761570e-01
5.328141140488289018e+00 -8.872680770050617172e-01
5.340707511102648297e+00 -8.736846083129907736e-01
5.353273881717007576e+00 -7.821780044586352787e-01
5.365840252331366855e+00 -9.039833347373874561e-01
5.378406622945726134e+00 -1.005982276992330116e+00
5.390972993560084525e+00 -8.110934482591103389e-01
5.403539364174443804e+00 -8.256204697111340085e-01
5.416105734788803083e+00 -7.057292361750323595e-01
5.428672105403162362e+00 -8.122465944092249757e-01
5.441238476017521641e+00 -6.754742390771799609e-01
5.453804846631880920e+00 -7.642365602728283802e-01
5.466371217246240199e+00 -7.084703009285745479e-01
5.478937587860599479e+00 -5.869526105338743749e-01
5.491503958474958758e+00 -6.312596084864620094e-01
5.504070329089317148e+00 -9.206369428771774555e-01
5.516636699703676427e+00 -5.907906596572455316e-01
5.529203070318035707e+00 -4.967698593296543397e-01
5.541769440932394986e+00 -6.416793940448888289e-01
5.554335811546754265e+00 -7.318082149891872445e-01
5.566902182161113544e+00 -5.836576161695727905e-01
5.579468552775472823e+00 -7.678403036096028700e-01
5.592034923389832102e+00 -5.411080970768227250e-01
5.604601294004191381e+00 -7.400375179117822944e-01
5.617167664618549772e+00 -7.280614581599831325e-01
5.629734035232909051e+00 -6.598842514276733739e-01
5.642300405847268330e+00 -6.424218057491031253e-01
5.654866776461627609e+00 -5.287514718312057438e-01
5.667433147075986888e+00 -4.832197978647001513e-01
5.679999517690346167e+00 -5.749325353896768132e-01
5.692565888304705446e+00 -5.855914352859167282e-01
5.705132258919064725e+00 -5.430539108001956050e-01
5.717698629533424004e+00 -5.488755607596833563e-01
5.730265000147783283e+00 -3.296671616283406436e-01
5.742831370762141674e+00 -6.555590077842774477e-01
5.755397741376500953e+00 -4.756912588000667408e-01
5.767964111990860232e+00 -5.919594684033266940e-01
5.780530482605219511e+00 -4.860215493341604742e-01
5.793096853219578790e+00 -6.120100985718566200e-01
5.805663223833938069e+00 -4.801809100201709923e-01
5.818229594448297348e+00 -6.558528049497220902e-01
5.830795965062656627e+00 -4.025563120545513351e-01
5.843362335677015906e+00 -4.823327994878911507e-01
5.855928706291374297e+00 -3.638403417529542105e-01
5.868495076905733576e+00 -3.382841704265319160e-01
5.881061447520092855e+00 -3.768294904318192917e-01
5.893627818134452134e+00 -5.276522468545554734e-01
5.906194188748811413e+00 -3.199178922118384172e-01
5.918760559363170692e+00 -4.970848699346904764e-01
5.931326929977529971e+00 -4.452338671828551808e-01
5.943893300591889250e+00 -4.107190167586477481e-01
5.956459671206248530e+00 -4.413971307792471377e-01
5.969026041820606920e+00 -1.805611016674636971e-01
5.981592412434966199e+00 -3.002971029774822997e-01
5.994158783049325478e+00 -2.213284604753762985e-01
6.006725153663684758e+00 -2.827015610172153859e-01
6.019291524278044037e+00 -3.604607039028825399e-01
6.031857894892402427e+00 -2.469855624603145838e-01
6.044424265506761706e+00 -1.130932774753689862e-01
6.056990636121120986e+00 -2.284971518640915855e-01
6.069557006735480265e+00 -1.149533634367112117e-01
6.082123377349839544e+00 -2.418213276376116883e-01
6.094689747964198823e+00 -2.336948517475792575e-01
6.107256118578558102e+00 -1.705723875295611647e-01
6.119822489192916493e+00 -2.172296136437938952e-01
6.132388859807275772e+00 -1.102175600992391369e-01
6.144955230421635051e+00 5.140073370857545232e-02
6.157521601035994330e+00 -1.572826190756043130e-01
6.170087971650353609e+00 -8.362217352496513489e-02
6.182654342264712888e+00 -1.266192541414308259e-01
6.195220712879072167e+00 -2.341160852060490960e-01
6.207787083493431446e+00 -7.225999424821752393e-02
6.220353454107790725e+00 8.753147114572056020e-02
6.232919824722149116e+00 2.700374203764938086e-02
6.245486195336508395e+00 4.778260618686615974e-02
6.258052565950867674e+00 1.391566221133442305e-01
6.270618936565226953e+00 -2.640613295386442724e-03
