0.000000000000000000e+00 4.664012084791899562e-03
1.256637061435917323e-02 1.952555757121182956e-01
2.513274122871834645e-02 8.190366835626232411e-02
3.769911184307751795e-02 -5.242905402611788834e-02
5.026548245743669291e-02 -7.346958986426878335e-03
6.283185307179586787e-02 1.487620791120827513e-01
7.539822368615503589e-02 1.763578322375766727e-03
8.796459430051420392e-02 3.790699483542780968e-01
1.005309649148733858e-01 1.757192469079631447e-01
1.130973355292325677e-01 3.945833632197670582e-02
1.256637061435917357e-01 2.291336914118148327e-01
1.382300767579508760e-01 -1.304197368269569002e-02
1.507964473723100718e-01 4.414014147366565610e-02
1.633628179866692676e-01 2.033420149683786149e-01
1.759291886010284078e-01 1.352477584747011075e-01
1.884955592153875759e-01 1.742368534198590890e-01
2.010619298297467716e-01 2.931241780733585545e-01
2.136283004441059397e-01 3.343431316333533854e-02
2.261946710584651354e-01 3.235023297461767644e-01
2.387610416728242757e-01 2.913720257316426143e-01
2.513274122871834715e-01 4.296337791816886575e-01
2.638937829015426395e-01 4.270368167342489252e-01
2.764601535159017520e-01 1.588106603351377155e-01
2.890265241302609756e-01 3.333974603603588882e-01
3.015928947446201436e-01 2.144947718465699538e-01
3.141592653589793116e-01 3.315730071958018499e-01
3.267256359733385351e-01 3.691811822908169782e-01
3.392920065876976476e-01 2.085334854068622845e-01
3.518583772020568157e-01 2.467097302284288751e-01
3.644247478164160392e-01 3.270031369514133646e-01
3.769911184307751517e-01 3.972164852693427783e-01
3.895574890451343197e-01 4.672189430879516436e-01
4.021238596594935433e-01 2.402501091310012549e-01
4.146902302738527113e-01 5.936054031847024515e-01
4.272566008882118793e-01 3.633425148878638988e-01
4.398229715025711029e-01 5.184984193896776672e-01
4.523893421169302709e-01 4.785725798699276834e-01
4.649557127312893834e-01 4.429561503796078936e-01
4.775220833456485514e-01 5.737896303878169402e-01
4.900884539600077194e-01 5.188921682900391463e-01
5.026548245743669430e-01 3.882033114065152613e-01
5.152211951887261110e-01 5.997017982949478521e-01
5.277875658030852790e-01 5.048387573416324159e-01
5.403539364174444470e-01 4.651638433375995252e-01
5.529203070318035040e-01 6.613052660585643228e-01
5.654866776461627831e-01 6.219720673240094477e-01
5.780530482605219511e-01 6.264137160185483388e-01
5.906194188748811191e-01 6.629303353716409219e-01
6.031857894892402872e-01 7.574560981270649362e-01
6.157521601035994552e-01 5.754920289769341890e-01
6.283185307179586232e-01 6.459442961677860362e-01
6.408849013323177912e-01 5.314071906174194782e-01
6.534512719466770703e-01 4.300719912694952463e-01
6.660176425610361273e-01 6.180106853295426195e-01
6.785840131753952953e-01 5.530713029407836601e-01
6.911503837897544633e-01 5.855094483613041412e-01
7.037167544041136313e-01 5.633368206402278311e-01
7.162831250184729104e-01 6.851092604274596765e-01
7.288494956328320784e-01 7.637646181750816776e-01
7.414158662471912464e-01 6.041646775848741324e-01
7.539822368615503034e-01 6.561048290882919298e-01
7.665486074759094715e-01 8.190641294386191706e-01
7.791149780902686395e-01 6.460911065812731113e-01
7.916813487046279185e-01 7.791105200708542400e-01
8.042477193189870865e-01 6.325622482910405742e-01
8.168140899333462546e-01 7.544500207229091204e-01
8.293804605477054226e-01 7.040296768837283059e-01
8.419468311620645906e-01 8.452794605883849899e-01
8.545132017764237586e-01 7.932085403785245070e-01
8.670795723907829267e-01 6.863145800424363951e-01
8.796459430051422057e-01 7.011374269105032919e-01
8.922123136195013737e-01 8.410271558115494095e-01
9.047786842338605418e-01 8.221093050503789357e-01
9.173450548482194877e-01 7.522269335710859428e-01
9.299114254625787668e-01 7.369847509182655410e-01
9.424777960769379348e-01 7.044833720731372706e-01
9.550441666912971028e-01 8.503643191098005927e-01
9.676105373056562708e-01 6.723965799249240760e-01
9.801769079200154389e-01 9.618077059474511303e-01
9.927432785343746069e-01 9.390532580880646130e-01
1.005309649148733886e+00 1.035346653442733800e+00
1.017876019763092943e+00 9.123227948548493504e-01
1.030442390377452222e+00 7.546964836138191357e-01
1.043008760991811279e+00 8.473400736709606473e-01
1.055575131606170558e+00 8.497072448474413120e-01
1.068141502220529837e+00 7.725422030135393747e-01
1.080707872834888894e+00 9.080232622313642032e-01
1.093274243449248173e+00 8.141161663035648699e-01
1.105840614063607008e+00 1.056602539579839517e+00
1.118406984677966287e+00 1.017998487498170457e+00
1.130973355292325566e+00 5.494612880885492157e-01
1.143539725906684623e+00 8.303839124899252688e-01
1.156106096521043902e+00 8.958173413910059946e-01
1.168672467135402959e+00 1.024492740704869176e+00
1.181238837749762238e+00 9.704743838881461082e-01
1.193805208364121295e+00 8.486434978356435233e-01
1.206371578978480574e+00 9.388830454870308317e-01
1.218937949592839853e+00 8.838591593552577175e-01
1.231504320207198910e+00 1.013906139351601121e+00
1.244070690821558189e+00 1.017343171732750351e+00
1.256637061435917246e+00 1.052292547053942151e+00
1.269203432050276525e+00 9.634546106209885830e-01
1.281769802664635582e+00 1.059902196768582661e+00
1.294336173278994861e+00 1.187111876369255192e+00
1.306902543893354141e+00 1.080999668022831761e+00
1.319468914507712975e+00 1.169660441944595730e+00
1.332035285122072255e+00 8.620670194562793931e-01
1.344601655736431534e+00 1.147584643915878333e+00
1.357168026350790591e+00 9.887226409758291812e-01
1.369734396965149870e+00 9.458543412554462071e-01
1.382300767579508927e+00 9.339381948914790010e-01
1.394867138193868206e+00 8.611743776163108821e-01
1.407433508808227263e+00 1.002687101546037018e+00
1.419999879422586542e+00 8.484412665159323241e-01
1.432566250036945821e+00 9.720739145786221336e-01
1.445132620651304878e+00 8.100184622574191362e-01
1.457698991265664157e+00 1.070487727122988453e+00
1.470265361880023214e+00 9.466312741807491049e-01
1.482831732494382493e+00 1.024008071988510515e+00
1.495398103108741550e+00 1.061837961042812140e+00
1.507964473723100607e+00 9.792644090927926648e-01
1.520530844337459886e+00 8.657776853085263902e-01
1.533097214951818943e+00 9.569334986168404056e-01
1.545663585566178222e+00 1.080479085887801949e+00
1.558229956180537279e+00 9.970831865072821154e-01
1.570796326794896558e+00 9.194095966181169421e-01
1.583362697409255837e+00 1.090013774904611488e+00
1.595929068023614894e+00 9.647068177318999238e-01
1.608495438637974173e+00 9.797881696089668635e-01
1.621061809252333230e+00 1.184381396335690395e+00
1.633628179866692509e+00 1.113731723130940265e+00
1.646194550481051566e+00 1.005634760931242377e+00
1.658760921095410845e+00 1.083044599678982145e+00
1.671327291709770124e+00 9.281097017697425011e-01
1.683893662324129181e+00 9.876183438263287373e-01
1.696460032938488460e+00 1.071859908626356939e+00
1.709026403552847517e+00 9.631481877289164162e-01
1.721592774167206796e+00 9.099186769672701347e-01
1.734159144781565853e+00 1.068689551280536332e+00
1.746725515395925132e+00 9.363868815622676811e-01
1.759291886010284411e+00 1.058537042842989440e+00
1.771858256624643468e+00 8.997665949268247587e-01
1.784424627239002747e+00 1.029153798981313317e+00
1.796990997853361804e+00 9.689214435642752310e-01
1.809557368467721084e+00 8.773479544180184941e-01
1.822123739082079918e+00 1.036470663278439730e+00
1.834690109696438975e+00 9.517570534629539170e-01
1.847256480310798255e+00 9.604646678997590392e-01
1.859822850925157534e+00 9.897631057766773655e-01
1.872389221539516591e+00 8.503631639752007310e-01
1.884955592153875870e+00 8.994281529425389721e-01
1.897521962768234927e+00 9.356580567252233971e-01
1.910088333382594206e+00 9.232648844753282846e-01
1.922654703996953263e+00 8.937952056029687675e-01
1.935221074611312542e+00 9.983082373676415155e-01
1.947787445225671821e+00 8.891020985001383270e-01
1.960353815840030878e+00 8.721814199443735927e-01
1.972920186454390157e+00 9.593536566130939081e-01
1.985486557068749214e+00 9.345079068580228743e-01
1.998052927683108493e+00 1.025297981283542326e+00
2.010619298297467772e+00 8.843854936306114745e-01
2.023185668911826607e+00 8.064502982731569514e-01
2.035752039526185886e+00 8.075701781709698768e-01
2.048318410140545165e+00 8.669933392618035528e-01
2.060884780754904444e+00 9.130804455495702410e-01
2.073451151369263723e+00 8.315232854220317993e-01
2.086017521983622558e+00 8.371551231946776639e-01
2.098583892597981837e+00 1.009325288750776650e+00
2.111150263212341116e+00 7.212636108184407036e-01
2.123716633826700395e+00 8.673464752072558293e-01
2.136283004441059674e+00 9.455022776237491655e-01
2.148849375055418509e+00 8.157369376185614751e-01
2.161415745669777788e+00 8.637483645913468511e-01
2.173982116284137067e+00 7.713513263096438699e-01
2.186548486898496346e+00 9.481749991265774336e-01
2.199114857512855181e+00 9.387771292301940740e-01
2.211681228127214016e+00 9.751656142478727363e-01
2.224247598741573295e+00 7.676863520888246306e-01
2.236813969355932574e+00 8.371796130114327328e-01
2.249380339970291853e+00 7.383226303515433298e-01
2.261946710584651132e+00 8.091881291776350515e-01
2.274513081199009967e+00 8.241416831857075742e-01
2.287079451813369246e+00 7.823896476037344172e-01
2.299645822427728525e+00 7.733379789856280606e-01
2.312212193042087804e+00 7.626077629711792705e-01
2.324778563656447083e+00 6.886361111500540755e-01
2.337344934270805918e+00 8.235937270459632309e-01
2.349911304885165197e+00 7.213537259980727923e-01
2.362477675499524477e+00 7.514968947344728978e-01
2.375044046113883756e+00 6.675404664022416279e-01
2.387610416728242591e+00 6.341587347147604747e-01
2.400176787342601870e+00 7.274516614544040971e-01
2.412743157956961149e+00 5.740541629732565099e-01
2.425309528571320428e+00 4.737817834678282325e-01
2.437875899185679707e+00 8.047455132930318999e-01
2.450442269800038542e+00 7.469565945983436261e-01
2.463008640414397821e+00 5.635705812922670033e-01
2.475575011028757100e+00 6.304491781970185116e-01
2.488141381643116379e+00 6.303607021004574706e-01
2.500707752257475658e+00 4.735120046830714191e-01
2.513274122871834493e+00 5.648653154095061302e-01
2.525840493486193772e+00 5.377514014959998701e-01
2.538406864100553051e+00 4.508157255149329301e-01
2.550973234714912330e+00 6.852680248636066063e-01
2.563539605329271165e+00 3.959718453575311603e-01
2.576105975943630444e+00 5.199615848630295689e-01
2.588672346557989723e+00 4.673821168336774745e-01
2.601238717172349002e+00 3.459017041959817629e-01
2.613805087786708281e+00 4.867133194827134579e-01
2.626371458401067116e+00 5.951388077970015678e-01
2.638937829015425951e+00 2.490829109128029628e-01
2.651504199629785230e+00 3.770728198944107157e-01
2.664070570244144509e+00 3.880851218588084461e-01
2.676636940858503788e+00 2.651773584421642793e-01
2.689203311472863067e+00 4.336051756168937676e-01
2.701769682087221902e+00 3.712006460191757951e-01
2.714336052701581181e+00 5.188326156127079924e-01
2.726902423315940460e+00 1.707616383735628962e-01
2.739468793930299739e+00 3.476450028350761001e-01
2.752035164544658574e+00 3.193973604815877332e-01
2.764601535159017853e+00 4.687276019823913842e-01
2.777167905773377132e+00 3.577825646686222938e-01
2.789734276387736411e+00 3.340177193191727900e-01
2.802300647002095690e+00 4.020204537614845419e-01
2.814867017616454525e+00 2.414961998113647756e-01
2.827433388230813804e+00 4.201944194375036856e-01
2.839999758845173083e+00 2.548451342430558819e-01
2.852566129459532362e+00 2.679475562109092102e-01
2.865132500073891642e+00 2.690535636122868834e-01
2.877698870688250476e+00 5.113817268287415008e-01
2.890265241302609756e+00 1.099314304513119289e-01
2.902831611916969035e+00 2.681632543230639820e-01
2.915397982531328314e+00 2.130222060069475176e-01
2.927964353145687149e+00 1.305515943680632118e-01
2.940530723760046428e+00 2.042085140116059461e-01
2.953097094374405707e+00 2.186061889745203324e-01
2.965663464988764986e+00 5.226882005086758154e-02
2.978229835603124265e+00 8.634028967214038564e-02
2.990796206217483100e+00 1.064310163932895847e-01
3.003362576831842379e+00 1.691768370581268610e-01
3.015928947446201214e+00 1.487645608410417264e-01
3.028495318060560493e+00 2.851841496854732316e-01
3.041061688674919772e+00 1.489446796816227825e-01
3.053628059289279051e+00 1.629864742702003544e-01
3.066194429903637886e+00 2.153196835512650176e-01
3.078760800517997165e+00 2.220805302186812658e-01
3.091327171132356444e+00 6.763635686642177625e-02
3.103893541746715723e+00 1.012134994949639710e-01
3.116459912361074558e+00 6.211523907338022121e-02
3.129026282975433837e+00 -4.958182945763110749e-02
3.141592653589793116e+00 -1.493010755822191116e-01
3.154159024204152395e+00 7.178290310402019037e-02
3.166725394818511674e+00 -2.737247741356617359e-02
3.179291765432870509e+00 -1.458013793022479299e-01
3.191858136047229788e+00 -6.316801061490900926e-02
3.204424506661589067e+00 -1.329608029891108101e-01
3.216990877275948346e+00 -4.366744013224638232e-02
3.229557247890307181e+00 5.675880638966915304e-03
3.242123618504666460e+00 -2.070584281349933942e-01
3.254689989119025739e+00 4.344535445177023780e-02
3.267256359733385018e+00 -1.053291857873148163e-01
3.279822730347744297e+00 -1.110865015195376254e-01
3.292389100962103132e+00 -1.253061245741236840e-01
3.304955471576462411e+00 -1.842082949153716898e-01
3.317521842190821690e+00 -1.283061690952547740e-01
3.330088212805180969e+00 -3.718764618677371514e-01
3.342654583419540248e+00 -1.535547541280093131e-01
3.355220954033899083e+00 -2.082240878744070489e-01
3.367787324648258362e+00 -1.083158917226758472e-01
3.380353695262617642e+00 -3.523234658008439490e-01
3.392920065876976921e+00 -1.329178404859238105e-01
3.405486436491335756e+00 -4.044067884831341608e-01
3.418052807105695035e+00 -2.429439267214938691e-01
3.430619177720054314e+00 -2.633879216987554117e-01
3.443185548334413593e+00 -5.491859493132491554e-01
3.455751918948772872e+00 -2.737090513479259468e-01
3.468318289563131707e+00 -2.825278796668823089e-01
3.480884660177490986e+00 -4.922439465887719634e-01
3.493451030791850265e+00 -2.234440406821767700e-01
3.506017401406209544e+00 -3.421191968614535894e-01
3.518583772020568823e+00 -2.930383728003813082e-01
3.531150142634927658e+00 -5.509460391029972204e-01
3.543716513249286937e+00 -4.995896286672264486e-01
3.556282883863646216e+00 -3.615142271788559514e-01
3.568849254478005495e+00 -4.920553955674553670e-01
3.581415625092364330e+00 -2.119544472287293868e-01
3.593981995706723609e+00 -6.188122602613443934e-01
3.606548366321082888e+00 -4.441615620228422934e-01
3.619114736935442167e+00 -6.358324194130784424e-01
3.631681107549800558e+00 -3.520079530249081157e-01
3.644247478164159837e+00 -3.885245785402883234e-01
3.656813848778519116e+00 -4.656049462476262168e-01
3.669380219392877951e+00 -5.072142366901776223e-01
3.681946590007237230e+00 -4.361915640801803384e-01
3.694512960621596509e+00 -6.210112813060012504e-01
3.707079331235955788e+00 -5.501447229344593737e-01
3.719645701850315067e+00 -5.828120802314288307e-01
3.732212072464673902e+00 -7.097074208288342012e-01
3.744778443079033181e+00 -7.013917588488767230e-01
3.757344813693392460e+00 -5.167308471916778334e-01
3.769911184307751739e+00 -5.878647988116392220e-01
3.782477554922110574e+00 -5.420501151202929968e-01
3.795043925536469853e+00 -6.687474872451034669e-01
3.807610296150829132e+00 -4.769811707792753763e-01
3.820176666765188411e+00 -7.090150257326870431e-01
3.832743037379547690e+00 -7.334247231959207802e-01
3.845309407993906525e+00 -5.641830105732863476e-01
3.857875778608265804e+00 -5.479141695522342648e-01
3.870442149222625083e+00 -6.775558788064847127e-01
3.883008519836984362e+00 -6.108414949836820096e-01
3.895574890451343641e+00 -7.911108508235544789e-01
3.908141261065702476e+00 -7.287485085145087860e-01
3.920707631680061755e+00 -6.967419433858683675e-01
3.933274002294421035e+00 -6.607792051092116203e-01
3.945840372908780314e+00 -6.041390286287443567e-01
3.958406743523139149e+00 -6.651740602357014698e-01
3.970973114137498428e+00 -7.092935786144631827e-01
3.983539484751857707e+00 -7.716427083313097679e-01
3.996105855366216986e+00 -7.152257673621527090e-01
4.008672225980576265e+00 -7.472624014212687626e-01
4.021238596594935544e+00 -8.575118376775305862e-01
4.033804967209294823e+00 -7.729487592384749473e-01
4.046371337823653214e+00 -6.554958339752205987e-01
4.058937708438012493e+00 -8.486443285337081921e-01
4.071504079052371772e+00 -7.452596554752197733e-01
4.084070449666731051e+00 -8.315955448098423242e-01
4.096636820281090330e+00 -8.746303860242169437e-01
4.109203190895449609e+00 -7.892159866265942014e-01
4.121769561509808888e+00 -8.184093561397058902e-01
4.134335932124168167e+00 -7.134849582893132425e-01
4.146902302738527446e+00 -7.267261322435176751e-01
4.159468673352886725e+00 -7.184288163146019812e-01
4.172035043967245116e+00 -7.237715407158997749e-01
4.184601414581604395e+00 -8.209067800662147585e-01
4.197167785195963674e+00 -7.814834969682697974e-01
4.209734155810322953e+00 -9.049152667410806927e-01
4.222300526424682232e+00 -8.936133393967853333e-01
4.234866897039041511e+00 -9.142523581003011435e-01
4.247433267653400790e+00 -7.925389838884011606e-01
4.259999638267760069e+00 -9.490397207596943385e-01
4.272566008882119348e+00 -7.515140838232490239e-01
4.285132379496477739e+00 -8.293624183790503368e-01
4.297698750110837018e+00 -7.438490112855957737e-01
4.310265120725196297e+00 -8.702401548212359561e-01
4.322831491339555576e+00 -9.099076262265665127e-01
4.335397861953914855e+00 -9.118552575806765370e-01
4.347964232568274134e+00 -9.045673564975562631e-01
4.360530603182633413e+00 -9.012394315689076230e-01
4.373096973796992692e+00 -1.034703731620181033e+00
4.385663344411351972e+00 -7.942401514487267278e-01
4.398229715025710362e+00 -9.633020829683855979e-01
4.410796085640069641e+00 -7.550311388631245624e-01
4.423362456254428032e+00 -8.772695867715749607e-01
4.435928826868787311e+00 -8.531785580151092230e-01
4.448495197483146590e+00 -8.267378391018443962e-01
4.461061568097505869e+00 -9.223229659791293278e-01
4.473627938711865148e+00 -1.118589147829179842e+00
4.486194309326224428e+00 -7.979189623974316525e-01
4.498760679940583707e+00 -8.926823489157220681e-01
4.511327050554942986e+00 -1.065481616582123703e+00
4.523893421169302265e+00 -8.532517757605039277e-01
4.536459791783661544e+00 -9.252661671769087937e-01
4.549026162398019935e+00 -8.476473902310770470e-01
4.561592533012379214e+00 -9.386940060478997649e-01
4.574158903626738493e+00 -1.044438170942071586e+00
4.586725274241097772e+00 -8.907630646101351024e-01
4.599291644855457051e+00 -1.052937737175141386e+00
4.611858015469816330e+00 -8.032646638548556206e-01
4.624424386084175609e+00 -9.265482749140744323e-01
4.636990756698534888e+00 -1.010240745848775212e+00
4.649557127312894167e+00 -9.702554861759906668e-01
4.662123497927252558e+00 -1.050576012972862738e+00
4.674689868541611837e+00 -1.147332836951953317e+00
4.687256239155971116e+00 -8.470173874674042924e-01
4.699822609770330395e+00 -1.036169150230981550e+00
4.712388980384689674e+00 -1.024107922261392245e+00
4.724955350999048953e+00 -8.441881244306612686e-01
4.737521721613408232e+00 -9.410112408070243628e-01
4.750088092227767511e+00 -1.136265921744778140e+00
4.762654462842126790e+00 -9.612484049479180781e-01
4.775220833456485181e+00 -1.066955479354109837e+00
4.787787204070844460e+00 -9.243477719127386472e-01
4.800353574685203739e+00 -9.768418868664348054e-01
4.812919945299563018e+00 -1.050723663288685383e+00
4.825486315913922297e+00 -9.793606048439399414e-01
4.838052686528281576e+00 -9.102008593764228106e-01
4.850619057142640855e+00 -1.031904692257046507e+00
4.863185427757000134e+00 -1.041243383211937878e+00
4.875751798371359413e+00 -7.606701528088409825e-01
4.888318168985717804e+00 -1.094451081046667440e+00
4.900884539600077083e+00 -9.607596551483466030e-01
4.913450910214436362e+00 -1.045224042602315606e+00
4.926017280828795641e+00 -9.791474684596025435e-01
4.938583651443154920e+00 -1.058895603894331572e+00
4.951150022057514200e+00 -9.651538755563862093e-01
4.963716392671873479e+00 -1.093689188581386196e+00
4.976282763286232758e+00 -8.903059451651867962e-01
4.988849133900592037e+00 -8.123995978350088132e-01
5.001415504514951316e+00 -9.950661915390991430e-01
5.013981875129309707e+00 -9.056447318369753585e-01
5.026548245743668986e+00 -1.141487525755535470e+00
5.039114616358028265e+00 -8.551358019602516292e-01
5.051680986972387544e+00 -1.094532356293413278e+00
5.064247357586746823e+00 -9.744001412400755679e-01
5.076813728201106102e+00 -9.601584133273519672e-01
5.089380098815465381e+00 -1.047932141906001924e+00
5.101946469429824660e+00 -1.004538525047365294e+00
5.114512840044183939e+00 -1.058572745879754251e+00
5.127079210658542330e+00 -8.772238269237333519e-01
5.139645581272901609e+00 -9.910118306826642964e-01
5.152211951887260888e+00 -9.575850632657032513e-01
5.164778322501620167e+00 -6.823229511310928697e-01
5.177344693115979446e+00 -8.684248872185418300e-01
5.189911063730338725e+00 -8.908975546952273561e-01
5.202477434344698004e+00 -8.549601606354656491e-01
5.215043804959057283e+00 -9.517658088672306116e-01
5.227610175573416562e+00 -8.410444860363652797e-01
5.240176546187774953e+00 -1.008570985635622641e+00
5.252742916802134232e+00 -9.767733484017587786e-01
5.265309287416492623e+00 -9.475119960710002287e-01
5.277875658030851902e+00 -6.995150181563573044e-01
5.290442028645211181e+00 -8.082964706104789343e-01
5.303008399259570460e+00 -9.079446415373138013e-01
5.315574769873929739e+00 -8.252993573141490513e-01
5.328141140488289018e+00 -6.365263261955924623e-01
5.340707511102648297e+00 -8.265839719877839942e-01
5.353273881717007576e+00 -8.744827671993548046e-01
5.365840252331366855e+00 -7.933171029668769636e-01
5.378406622945726134e+00 -7.641288847406855211e-01
5.390972993560084525e+00 -7.822648623558190462e-01
5.403539364174443804e+00 -7.630198741295021181e-01
5.416105734788803083e+00 -5.414172355714226281e-01
5.428672105403162362e+00 -8.633146351798556273e-01
5.441238476017521641e+00 -7.534216876260539930e-01
5.453804846631880920e+00 -8.175605723541288228e-01
5.466371217246240199e+00 -6.272106512629227471e-01
5.478937587860599479e+00 -7.672772186523707516e-01
5.491503958474958758e+00 -6.052739314324875330e-01
5.504070329089317148e+00 -7.218008705602206865e-01
5.516636699703676427e+00 -5.184576873583393031e-01
5.529203070318035707e+00 -7.558642876735212068e-01
5.541769440932394986e+00 -6.364977610496367344e-01
5.554335811546754265e+00 -7.894693147360365426e-01
5.566902182161113544e+00 -5.681476191772137918e-01
5.579468552775472823e+00 -6.263175244234951977e-01
5.592034923389832102e+00 -7.847616063373259454e-01
5.604601294004191381e+00 -4.521833462368255452e-01
5.617167664618549772e+00 -6.691363733788844304e-01
5.629734035232909051e+00 -6.753523112249439908e-01
5.642300405847268330e+00 -5.518678473023391762e-01
5.654866776461627609e+00 -5.662357003740517980e-01
5.667433147075986888e+00 -3.251886151811531622e-01
5.679999517690346167e+00 -4.013284331297811702e-01
5.692565888304705446e+00 -5.358621676347856688e-01
5.705132258919064725e+00 -5.735842236456527576e-01
5.717698629533424004e+00 -5.669346181250687344e-01
5.730265000147783283e+00 -5.211812894277381147e-01
5.742831370762141674e+00 -5.683043099312807822e-01
5.755397741376500953e+00 -5.687171731784333994e-01
5.767964111990860232e+00 -5.823595974746079706e-01
5.780530482605219511e+00 -4.324830061820750249e-01
5.793096853219578790e+00 -2.460634491694181358e-01
5.805663223833938069e+00 -3.726109401844622249e-01
5.818229594448297348e+00 -3.483782905917905404e-01
5.830795965062656627e+00 -4.470661141831907548e-01
5.843362335677015906e+00 -4.597176319268468370e-01
5.855928706291374297e+00 -5.752350379210444675e-01
5.868495076905733576e+00 -6.064567572342074442e-01
5.881061447520092855e+00 -3.695800877575302068e-01
5.893627818134452134e+00 -2.782646476394212698e-01
5.906194188748811413e+00 -4.257062689480453077e-01
5.918760559363170692e+00 -4.533564753734818931e-01
5.931326929977529971e+00 -2.414691159940959286e-01
5.943893300591889250e+00 -4.163913854683725657e-01
5.956459671206248530e+00 -2.833148787181596351e-01
5.969026041820606920e+00 -3.939851063591494063e-01
5.981592412434966199e+00 -3.497275438146189019e-01
5.994158783049325478e+00 -2.893894809553262393e-01
6.006725153663684758e+00 -2.062789176909306521e-01
6.019291524278044037e+00 -4.260009165325042702e-01
6.031857894892402427e+00 -2.804384811071620742e-01
6.044424265506761706e+00 -1.193267161771055240e-01
6.056990636121120986e+00 -1.469373541272157024e-01
6.069557006735480265e+00 -3.233389766168228152e-01
6.082123377349839544e+00 -2.836095576102592997e-01
6.094689747964198823e+00 -2.449683495889724005e-01
6.107256118578558102e+00 -2.469483159995443655e-01
6.119822489192916493e+00 -2.576078475959114877e-01
6.132388859807275772e+00 -2.533784213991767120e-01
6.144955230421635051e+00 -2.690979211648617531e-01
6.157521601035994330e+00 -2.085128851320475762e-01
6.170087971650353609e+00 3.781847633212091775e-02
6.182654342264712888e+00 -7.066748237870634775e-02
6.195220712879072167e+00 -6.810666194312595123e-02
6.207787083493431446e+00 -1.911591317903589826e-01
6.220353454107790725e+00 -1.137678064040986703e-01
6.232919824722149116e+00 5.931128740982082037e-03
6.245486195336508395e+00 1.359673905060881371e-01
6.258052565950867674e+00 -4.848509166754901012e-02
6.270618936565226953e+00 -5.678466957915464033e-03
