0.000000000000000000e+00 -1.202343621275521052e-01
1.256637061435917323e-02 -5.399704044325186886e-02
2.513274122871834645e-02 6.230108288148106244e-02
3.769911184307751795e-02 3.730270382363322368e-02
5.026548245743669291e-02 2.571908851802965357e-01
6.283185307179586787e-02 1.645278804983647258e-01
7.539822368615503589e-02 4.884606191960183530e-02
8.796459430051420392e-02 1.025953158971949220e-01
1.005309649148733858e-01 7.303477060191042314e-02
1.130973355292325677e-01 1.135605337338652931e-01
1.256637061435917357e-01 2.528193736307641215e-01
1.382300767579508760e-01 1.584598579526654283e-01
1.507964473723100718e-01 2.308303396531609930e-01
1.633628179866692676e-01 7.469393505371021980e-02
1.759291886010284078e-01 1.860080666162252927e-01
1.884955592153875759e-01 4.263152960768831212e-01
2.010619298297467716e-01 1.427405337637019100e-01
2.136283004441059397e-01 1.295794568780933020e-01
2.261946710584651354e-01 1.604717332618641468e-01
2.387610416728242757e-01 3.178727148700671856e-01
2.513274122871834715e-01 2.154697238523918812e-01
2.638937829015426395e-01 1.759584564663407291e-01
2.764601535159017520e-01 3.951191084792638475e-01
2.890265241302609756e-01 3.508095223601713220e-01
3.015928947446201436e-01 3.141985102026733090e-01
3.141592653589793116e-01 3.740115094842147991e-01
3.267256359733385351e-01 2.688444168119313860e-01
3.392920065876976476e-01 2.567581358597671448e-01
3.518583772020568157e-01 3.317453790815706460e-01
3.644247478164160392e-01 3.781058978424232109e-01
3.769911184307751517e-01 4.424705683025931258e-01
3.895574890451343197e-01 4.588785925961172407e-01
4.021238596594935433e-01 4.404825565739021731e-01
4.146902302738527113e-01 3.297780188145182922e-01
4.272566008882118793e-01 3.512417144097622623e-01
4.398229715025711029e-01 2.477238878635298902e-01
4.523893421169302709e-01 3.487742160623326648e-01
4.649557127312893834e-01 5.311173055093190154e-01
4.775220833456485514e-01 5.716447816463566811e-01
4.900884539600077194e-01 4.661527538085121769e-01
5.026548245743669430e-01 4.371250863844955425e-01
5.152211951887261110e-01 4.949096218694137295e-01
5.277875658030852790e-01 5.315878805690101849e-01
5.403539364174444470e-01 5.889834544564093166e-01
5.529203070318035040e-01 5.989608350188790897e-01
5.654866776461627831e-01 6.391249332755727375e-01
5.780530482605219511e-01 5.498911892752688102e-01
5.906194188748811191e-01 4.508139307581692234e-01
6.031857894892402872e-01 5.165413018808583390e-01
6.157521601035994552e-01 6.002893084797267242e-01
6.283185307179586232e-01 6.576773785748226686e-01
6.408849013323177912e-01 5.477921774903544705e-01
6.534512719466770703e-01 7.311582134858061188e-01
6.660176425610361273e-01 5.757916357297302445e-01
6.785840131753952953e-01 6.205204833222920380e-01
6.911503837897544633e-01 5.247404716259640445e-01
7.037167544041136313e-01 7.231039434932309273e-01
7.162831250184729104e-01 6.318660612853351788e-01
7.288494956328320784e-01 5.554772104592665682e-01
7.414158662471912464e-01 6.726115730728539077e-01
7.539822368615503034e-01 5.967635422638390974e-01
7.665486074759094715e-01 6.976366767152807347e-01
7.791149780902686395e-01 6.901758138772583484e-01
7.916813487046279185e-01 6.855248746343156618e-01
8.042477193189870865e-01 6.062462916263970936e-01
8.168140899333462546e-01 7.937914889923496364e-01
8.293804605477054226e-01 7.042048818839139468e-01
8.419468311620645906e-01 9.048074048436814953e-01
8.545132017764237586e-01 6.562698555986125060e-01
8.670795723907829267e-01 6.637464816596029271e-01
8.796459430051422057e-01 8.436444205944303443e-01
8.922123136195013737e-01 8.027312093592482434e-01
9.047786842338605418e-01 8.784487165362209193e-01
9.173450548482194877e-01 9.495352580847568058e-01
9.299114254625787668e-01 6.845581168703582797e-01
9.424777960769379348e-01 7.334991557765311310e-01
9.550441666912971028e-01 8.112176236022061726e-01
9.676105373056562708e-01 7.578579808881888979e-01
9.801769079200154389e-01 7.634741078874297537e-01
9.927432785343746069e-01 7.744817986005918531e-01
1.005309649148733886e+00 9.512035027445113755e-01
1.017876019763092943e+00 6.940639835854531814e-01
1.030442390377452222e+00 8.777173175623241841e-01
1.043008760991811279e+00 9.483955634513006050e-01
1.055575131606170558e+00 7.846085640716939924e-01
1.068141502220529837e+00 9.761594578414345413e-01
1.080707872834888894e+00 8.275723522772491236e-01
1.093274243449248173e+00 9.048853757918869922e-01
1.105840614063607008e+00 9.898137183026114450e-01
1.118406984677966287e+00 7.804994917672118948e-01
1.130973355292325566e+00 7.401481059133485640e-01
1.143539725906684623e+00 8.600793596772762228e-01
1.156106096521043902e+00 9.118999534996367062e-01
1.168672467135402959e+00 6.046501256454577256e-01
1.181238837749762238e+00 9.708198821546063506e-01
1.193805208364121295e+00 9.346259215765777562e-01
1.206371578978480574e+00 9.883938654871969876e-01
1.218937949592839853e+00 8.906942725110872372e-01
1.231504320207198910e+00 1.105935650729593656e+00
1.244070690821558189e+00 9.577119755446723559e-01
1.256637061435917246e+00 8.502083058181448827e-01
1.269203432050276525e+00 1.000321937200012945e+00
1.281769802664635582e+00 9.271369947646983523e-01
1.294336173278994861e+00 8.406828874263594376e-01
1.306902543893354141e+00 8.992217427551277842e-01
1.319468914507712975e+00 9.427800594328333839e-01
1.332035285122072255e+00 9.712329254525041700e-01
1.344601655736431534e+00 1.125572140590226589e+00
1.357168026350790591e+00 1.071063859012907127e+00
1.369734396965149870e+00 1.056729685247139727e+00
1.382300767579508927e+00 1.089562875392470653e+00
1.394867138193868206e+00 9.022582284190032720e-01
1.407433508808227263e+00 1.009823490532753443e+00
1.419999879422586542e+00 8.907297841055199505e-01
1.432566250036945821e+00 1.033975331140032372e+00
1.445132620651304878e+00 1.053051256046915185e+00
1.457698991265664157e+00 1.122315727656555628e+00
1.470265361880023214e+00 9.394353774705701543e-01
1.482831732494382493e+00 1.023227383130564494e+00
1.495398103108741550e+00 1.224139518126458714e+00
1.507964473723100607e+00 1.169655773960428746e+00
1.520530844337459886e+00 9.555675363359498187e-01
1.533097214951818943e+00 8.553341967048615491e-01
1.545663585566178222e+00 1.053647758427281866e+00
1.558229956180537279e+00 1.203639930521438473e+00
1.570796326794896558e+00 1.073444974690641152e+00
1.583362697409255837e+00 1.031978792345703111e+00
1.595929068023614894e+00 9.176025202691002747e-01
1.608495438637974173e+00 1.040741710653969143e+00
1.621061809252333230e+00 9.869189081419340592e-01
1.633628179866692509e+00 9.793170653290507177e-01
1.646194550481051566e+00 1.048178889808298875e+00
1.658760921095410845e+00 1.021287670423287608e+00
1.671327291709770124e+00 1.005612010157380887e+00
1.683893662324129181e+00 1.015653968809501650e+00
1.696460032938488460e+00 9.318980825033174042e-01
1.709026403552847517e+00 9.373044182748215825e-01
1.721592774167206796e+00 9.153777010896244626e-01
1.734159144781565853e+00 8.134909663423430803e-01
1.746725515395925132e+00 1.118208323362780865e+00
1.759291886010284411e+00 9.176719185956954128e-01
1.771858256624643468e+00 7.997042756304092448e-01
1.784424627239002747e+00 7.271118426089506759e-01
1.796990997853361804e+00 9.833531952708649548e-01
1.809557368467721084e+00 8.361551811589842398e-01
1.822123739082079918e+00 8.792930723481259259e-01
1.834690109696438975e+00 1.084140522583957100e+00
1.847256480310798255e+00 9.754928188357739893e-01
1.859822850925157534e+00 9.379655972052377555e-01
1.872389221539516591e+00 1.039078411160168747e+00
1.884955592153875870e+00 9.116706434695335259e-01
1.897521962768234927e+00 9.724708498330356665e-01
1.910088333382594206e+00 1.019551679142104872e+00
1.922654703996953263e+00 9.747450982541417952e-01
1.935221074611312542e+00 8.558776367141025521e-01
1.947787445225671821e+00 9.443211407863888462e-01
1.960353815840030878e+00 9.510981190076014391e-01
1.972920186454390157e+00 7.488301183112846537e-01
1.985486557068749214e+00 9.063433446757080958e-01
1.998052927683108493e+00 1.013182859709888639e+00
2.010619298297467772e+00 9.331583743935960573e-01
2.023185668911826607e+00 8.976416690393219655e-01
2.035752039526185886e+00 9.476764465167272222e-01
2.048318410140545165e+00 9.165128846548334929e-01
2.060884780754904444e+00 9.786384651959674219e-01
2.073451151369263723e+00 7.712676903927110361e-01
2.086017521983622558e+00 9.356455481032289745e-01
2.098583892597981837e+00 8.805565990572401525e-01
2.111150263212341116e+00 8.517084061655146865e-01
2.123716633826700395e+00 1.029053433309209176e+00
2.136283004441059674e+00 9.168730708327874623e-01
2.148849375055418509e+00 8.274879412249814825e-01
2.161415745669777788e+00 9.104800336502789637e-01
2.173982116284137067e+00 9.111792452924842856e-01
2.186548486898496346e+00 9.552643239574767353e-01
2.199114857512855181e+00 7.872809403776490633e-01
2.211681228127214016e+00 8.710797269830474754e-01
2.224247598741573295e+00 7.881989836288433304e-01
2.236813969355932574e+00 9.060961900472246366e-01
2.249380339970291853e+00 7.704646235739243121e-01
2.261946710584651132e+00 6.529380497296223274e-01
2.274513081199009967e+00 9.158737677438703040e-01
2.287079451813369246e+00 5.420006368482042092e-01
2.299645822427728525e+00 9.196895168083214500e-01
2.312212193042087804e+00 9.917063667212004940e-01
2.324778563656447083e+00 7.334257832643565900e-01
2.337344934270805918e+00 7.035159758194674540e-01
2.349911304885165197e+00 6.031300127407633882e-01
2.362477675499524477e+00 6.393680068148195339e-01
2.375044046113883756e+00 7.933792217290712712e-01
2.387610416728242591e+00 8.535151591268862470e-01
2.400176787342601870e+00 6.588523278890094925e-01
2.412743157956961149e+00 6.228301781161510453e-01
2.425309528571320428e+00 8.458157821932346110e-01
2.437875899185679707e+00 4.814153713249875732e-01
2.450442269800038542e+00 7.550519555044598041e-01
2.463008640414397821e+00 6.799082376242350234e-01
2.475575011028757100e+00 6.740330530562358424e-01
2.488141381643116379e+00 5.258859564050661906e-01
2.500707752257475658e+00 4.526521860690573273e-01
2.513274122871834493e+00 6.261659488543380725e-01
2.525840493486193772e+00 6.663408078774719634e-01
2.538406864100553051e+00 5.773603719140174562e-01
2.550973234714912330e+00 5.583675807187218343e-01
2.563539605329271165e+00 4.702992394499996842e-01
2.576105975943630444e+00 5.829097822397035777e-01
2.588672346557989723e+00 7.071564915720027766e-01
2.601238717172349002e+00 5.179685055579041908e-01
2.613805087786708281e+00 5.534896214342300835e-01
2.626371458401067116e+00 5.770547059283993585e-01
2.638937829015425951e+00 4.995707953438182636e-01
2.651504199629785230e+00 6.106719040205795812e-01
2.664070570244144509e+00 4.543925248312270515e-01
2.676636940858503788e+00 5.985703555515543561e-01
2.689203311472863067e+00 5.665502139903182410e-01
2.701769682087221902e+00 4.394842875375814528e-01
2.714336052701581181e+00 5.164829654370063361e-01
2.726902423315940460e+00 4.251574402491902216e-01
2.739468793930299739e+00 2.897321442502303057e-01
2.752035164544658574e+00 2.837149842102451025e-01
2.764601535159017853e+00 3.157355268170602969e-01
2.777167905773377132e+00 1.871844228152902689e-01
2.789734276387736411e+00 3.325028704704002802e-01
2.802300647002095690e+00 3.293227891285614439e-01
2.814867017616454525e+00 2.340984103409750328e-01
2.827433388230813804e+00 5.879355213348069764e-01
2.839999758845173083e+00 1.915338878978874448e-01
2.852566129459532362e+00 3.294972735021103327e-01
2.865132500073891642e+00 3.094398985763860410e-01
2.877698870688250476e+00 3.264337293399638407e-01
2.890265241302609756e+00 2.684182516987862477e-01
2.902831611916969035e+00 3.255541564466323257e-01
2.915397982531328314e+00 1.019275309804041074e-01
2.927964353145687149e+00 4.674889893234056570e-01
2.940530723760046428e+00 2.530774693055070634e-01
2.953097094374405707e+00 1.827070711160212191e-01
2.965663464988764986e+00 1.131671623544212441e-01
2.978229835603124265e+00 -1.058883555251326769e-01
2.990796206217483100e+00 9.343090537581108523e-02
3.003362576831842379e+00 -3.671750642551693811e-02
3.015928947446201214e+00 2.206999547880694468e-01
3.028495318060560493e+00 3.850773764738858740e-02
3.041061688674919772e+00 1.377593138002589923e-01
3.053628059289279051e+00 1.274702402646070987e-01
3.066194429903637886e+00 -1.496454514452874029e-01
3.078760800517997165e+00 -1.157199984267354986e-01
3.091327171132356444e+00 2.159496341827469301e-01
3.103893541746715723e+00 3.887257225250570492e-02
3.116459912361074558e+00 -1.009466620171603074e-01
3.129026282975433837e+00 -2.965180805281544124e-02
3.141592653589793116e+00 4.468390767658793339e-02
3.154159024204152395e+00 -5.646095645674047842e-02
3.166725394818511674e+00 2.316760691009780160e-01
3.179291765432870509e+00 -1.714909225066207216e-02
3.191858136047229788e+00 7.883196194454684946e-02
3.204424506661589067e+00 -8.223198720215756097e-03
3.216990877275948346e+00 -6.128631720961576212e-02
3.229557247890307181e+00 9.549217030042221610e-02
3.242123618504666460e+00 -1.319297751380223427e-01
3.254689989119025739e+00 -1.632907843011844606e-01
3.267256359733385018e+00 -1.006868496812658720e-01
3.279822730347744297e+00 -3.549962033172626708e-02
3.292389100962103132e+00 -9.378044897911938516e-02
3.304955471576462411e+00 -8.319036843326395314e-02
3.317521842190821690e+00 -2.115023249598825539e-01
3.330088212805180969e+00 -4.074832858400290192e-01
3.342654583419540248e+00 -2.575267622495461817e-01
3.355220954033899083e+00 -2.240760713910053270e-01
3.367787324648258362e+00 -2.824506883074758834e-01
3.380353695262617642e+00 -1.992299136722672503e-01
3.392920065876976921e+00 -2.854316895602926341e-01
3.405486436491335756e+00 -1.536686602839600069e-01
3.418052807105695035e+00 -3.501699096094459396e-01
3.430619177720054314e+00 -2.840737178736968960e-01
3.443185548334413593e+00 -3.061621194173841376e-01
3.455751918948772872e+00 -2.122375564747937537e-01
3.468318289563131707e+00 -3.717161670669578699e-01
3.480884660177490986e+00 -3.635121459375868502e-01
3.493451030791850265e+00 -3.404827888766350785e-01
3.506017401406209544e+00 -4.733693662833577953e-01
3.518583772020568823e+00 -4.149599656947673409e-01
3.531150142634927658e+00 -4.384080079009955999e-01
3.543716513249286937e+00 -4.321272718171307869e-01
3.556282883863646216e+00 -3.978033385765671892e-01
3.568849254478005495e+00 -2.984310640216346067e-01
3.581415625092364330e+00 -3.486091529368773867e-01
3.593981995706723609e+00 -4.385829652919460697e-01
3.606548366321082888e+00 -3.872049741260308875e-01
3.619114736935442167e+00 -3.646340537505347035e-01
3.631681107549800558e+00 -3.856660644870707477e-01
3.644247478164159837e+00 -5.020658462415056311e-01
3.656813848778519116e+00 -4.469765700062574565e-01
3.669380219392877951e+00 -2.774840397715490070e-01
3.681946590007237230e+00 -3.660129818568375049e-01
3.694512960621596509e+00 -3.315284921264927132e-01
3.707079331235955788e+00 -4.595919836451088369e-01
3.719645701850315067e+00 -3.972148519864244776e-01
3.732212072464673902e+00 -4.238565336210213808e-01
3.744778443079033181e+00 -5.743345635407073324e-01
3.757344813693392460e+00 -5.755255159775779505e-01
3.769911184307751739e+00 -8.331844625091752166e-01
3.782477554922110574e+00 -6.496311218421938483e-01
3.795043925536469853e+00 -5.897641817472983883e-01
3.807610296150829132e+00 -5.704675924053923541e-01
3.820176666765188411e+00 -6.509346412197127840e-01
3.832743037379547690e+00 -6.454834311149401094e-01
3.845309407993906525e+00 -6.915650921310789734e-01
3.857875778608265804e+00 -7.931755803923619119e-01
3.870442149222625083e+00 -6.834292601899241149e-01
3.883008519836984362e+00 -7.226918055213110703e-01
3.895574890451343641e+00 -6.482098081776229703e-01
3.908141261065702476e+00 -6.380162383591689856e-01
3.920707631680061755e+00 -7.017186907106623961e-01
3.933274002294421035e+00 -7.170389942704146202e-01
3.945840372908780314e+00 -7.984206483486999684e-01
3.958406743523139149e+00 -7.551081684499629798e-01
3.970973114137498428e+00 -7.423253384154769874e-01
3.983539484751857707e+00 -7.991494370221345900e-01
3.996105855366216986e+00 -8.650131536686795908e-01
4.008672225980576265e+00 -8.118971090294484494e-01
4.021238596594935544e+00 -7.254384344392409423e-01
4.033804967209294823e+00 -8.271884505427331558e-01
4.046371337823653214e+00 -6.989607116318802271e-01
4.058937708438012493e+00 -7.925394485559851265e-01
4.071504079052371772e+00 -7.071530720569747519e-01
4.084070449666731051e+00 -7.957251205806679106e-01
4.096636820281090330e+00 -7.275787684549537282e-01
4.109203190895449609e+00 -8.259868365625068209e-01
4.121769561509808888e+00 -8.322523903866588801e-01
4.134335932124168167e+00 -8.330188608258186633e-01
4.146902302738527446e+00 -7.097611633287109756e-01
4.159468673352886725e+00 -9.169998035165456418e-01
4.172035043967245116e+00 -8.950923835204053214e-01
4.184601414581604395e+00 -1.020349864426151498e+00
4.197167785195963674e+00 -8.323689403534572095e-01
4.209734155810322953e+00 -8.011998221383657137e-01
4.222300526424682232e+00 -7.122757885527145616e-01
4.234866897039041511e+00 -7.608115693518928691e-01
4.247433267653400790e+00 -9.477142699847665996e-01
4.259999638267760069e+00 -9.269695999843786671e-01
4.272566008882119348e+00 -8.101878520330418887e-01
4.285132379496477739e+00 -9.733627285846497834e-01
4.297698750110837018e+00 -9.349223851454375733e-01
4.310265120725196297e+00 -8.141060437463529809e-01
4.322831491339555576e+00 -8.754715898101750327e-01
4.335397861953914855e+00 -9.331147676739641739e-01
4.347964232568274134e+00 -9.215547342014647203e-01
4.360530603182633413e+00 -7.856847409702055751e-01
4.373096973796992692e+00 -8.656159846112905232e-01
4.385663344411351972e+00 -1.045817561385689043e+00
4.398229715025710362e+00 -7.768948113148751444e-01
4.410796085640069641e+00 -9.495995220663273617e-01
4.423362456254428032e+00 -1.002731857174648189e+00
4.435928826868787311e+00 -9.329801195944716907e-01
4.448495197483146590e+00 -7.774099972569701311e-01
4.461061568097505869e+00 -9.291764306705259102e-01
4.473627938711865148e+00 -8.989344992767075437e-01
4.486194309326224428e+00 -1.035379102498340753e+00
4.498760679940583707e+00 -8.409952217482089543e-01
4.511327050554942986e+00 -8.613606876370402121e-01
4.523893421169302265e+00 -9.235840658166520889e-01
4.536459791783661544e+00 -1.158697773819357124e+00
4.549026162398019935e+00 -9.412203630412263600e-01
4.561592533012379214e+00 -9.756797998133425187e-01
4.574158903626738493e+00 -1.068395576393031954e+00
4.586725274241097772e+00 -8.425953604913679618e-01
4.599291644855457051e+00 -9.441647398814958514e-01
4.611858015469816330e+00 -1.116931023211417573e+00
4.624424386084175609e+00 -8.769109949227619216e-01
4.636990756698534888e+00 -1.022525272473139291e+00
4.649557127312894167e+00 -1.109769844283331919e+00
4.662123497927252558e+00 -1.043214427064587335e+00
4.674689868541611837e+00 -1.050780918971571998e+00
4.687256239155971116e+00 -8.637928968042734024e-01
4.699822609770330395e+00 -9.651729071982596553e-01
4.712388980384689674e+00 -1.079681986788981529e+00
4.724955350999048953e+00 -9.675154618568821974e-01
4.737521721613408232e+00 -9.795530552968849669e-01
4.750088092227767511e+00 -9.097981216945159044e-01
4.762654462842126790e+00 -9.480711597461863871e-01
4.775220833456485181e+00 -1.096767131391127137e+00
4.787787204070844460e+00 -1.194070133647600063e+00
4.800353574685203739e+00 -1.070993744795683211e+00
4.812919945299563018e+00 -1.098853966557408857e+00
4.825486315913922297e+00 -9.447840124417246077e-01
4.838052686528281576e+00 -9.152629312977436093e-01
4.850619057142640855e+00 -9.235733061384825415e-01
4.863185427757000134e+00 -7.600004659353687408e-01
4.875751798371359413e+00 -1.016392816230566210e+00
4.888318168985717804e+00 -8.668065649391728522e-01
4.900884539600077083e+00 -8.646737642949646752e-01
4.913450910214436362e+00 -1.070207932270224926e+00
4.926017280828795641e+00 -9.964966385072936417e-01
4.938583651443154920e+00 -1.026115201450242376e+00
4.951150022057514200e+00 -9.492078974463615815e-01
4.963716392671873479e+00 -8.834152461687948543e-01
4.976282763286232758e+00 -9.756797188855683700e-01
4.988849133900592037e+00 -9.678335082990812133e-01
5.001415504514951316e+00 -1.093502243052071554e+00
5.013981875129309707e+00 -9.013936397721108440e-01
5.026548245743668986e+00 -8.149207738835156922e-01
5.039114616358028265e+00 -8.734238267117759857e-01
5.051680986972387544e+00 -9.476965268112826912e-01
5.064247357586746823e+00 -8.801216616997789011e-01
5.076813728201106102e+00 -9.302095220786134044e-01
5.089380098815465381e+00 -8.076702178575837499e-01
5.101946469429824660e+00 -9.631646262026848371e-01
5.114512840044183939e+00 -9.406489116159802988e-01
5.127079210658542330e+00 -9.029955805340706965e-01
5.139645581272901609e+00 -8.963723539966141907e-01
5.152211951887260888e+00 -9.108414906710191605e-01
5.164778322501620167e+00 -8.589264537026897184e-01
5.177344693115979446e+00 -6.836469027399160181e-01
5.189911063730338725e+00 -9.413226988665635009e-01
5.202477434344698004e+00 -8.746915668762220708e-01
5.215043804959057283e+00 -9.321353763395791026e-01
5.227610175573416562e+00 -8.451580369645342872e-01
5.240176546187774953e+00 -9.198793400676270604e-01
5.252742916802134232e+00 -1.072590486678007160e+00
5.265309287416492623e+00 -8.156873221808199625e-01
5.277875658030851902e+00 -6.299389319238872798e-01
5.290442028645211181e+00 -8.355519514718509066e-01
5.303008399259570460e+00 -8.428271502714105301e-01
5.315574769873929739e+00 -7.270144511346376959e-01
5.328141140488289018e+00 -9.722850712518228411e-01
5.340707511102648297e+00 -8.319838311376375195e-01
5.353273881717007576e+00 -8.985452654281943508e-01
5.365840252331366855e+00 -8.818798966898584446e-01
5.378406622945726134e+00 -9.507200534833265548e-01
5.390972993560084525e+00 -6.896172359627208426e-01
5.403539364174443804e+00 -8.374824973495019753e-01
5.416105734788803083e+00 -8.312002197676072734e-01
5.428672105403162362e+00 -7.030974056822099083e-01
5.441238476017521641e+00 -8.611752539776190707e-01
5.453804846631880920e+00 -8.382496791857039220e-01
5.466371217246240199e+00 -7.578988551693117692e-01
5.478937587860599479e+00 -7.111114053610532171e-01
5.491503958474958758e+00 -6.083497915182739524e-01
5.504070329089317148e+00 -7.821864279123575958e-01
5.516636699703676427e+00 -7.161320993173643235e-01
5.529203070318035707e+00 -6.937980640238352592e-01
5.541769440932394986e+00 -7.642182225727985889e-01
5.554335811546754265e+00 -7.524889792768680863e-01
5.566902182161113544e+00 -7.351911969113226197e-01
5.579468552775472823e+00 -6.708448925559804543e-01
5.592034923389832102e+00 -5.065272183013871388e-01
5.604601294004191381e+00 -6.833167927339115488e-01
5.617167664618549772e+00 -6.156929678581857246e-01
5.629734035232909051e+00 -6.972804200267030961e-01
5.642300405847268330e+00 -4.796585125917265380e-01
5.654866776461627609e+00 -7.087080781394020645e-01
5.667433147075986888e+00 -6.284340440631710489e-01
5.679999517690346167e+00 -3.422170209969224719e-01
5.692565888304705446e+00 -5.974798984850793193e-01
5.705132258919064725e+00 -5.458128767976380136e-01
5.717698629533424004e+00 -6.774484614892624101e-01
5.730265000147783283e+00 -4.697942182055541704e-01
5.742831370762141674e+00 -5.020063537750706351e-01
5.755397741376500953e+00 -3.496833645532356760e-01
5.767964111990860232e+00 -8.584810579237778239e-01
5.780530482605219511e+00 -5.511248707474338815e-01
5.793096853219578790e+00 -4.351745072201568254e-01
5.805663223833938069e+00 -2.896767609667774135e-01
5.818229594448297348e+00 -3.747865029009671001e-01
5.830795965062656627e+00 -4.432413877886284270e-01
5.843362335677015906e+00 -3.444898565420455583e-01
5.855928706291374297e+00 -5.304195426213345055e-01
5.868495076905733576e+00 -2.592086154424746436e-01
5.881061447520092855e+00 -4.737573893721480078e-01
5.893627818134452134e+00 -2.681998241855939047e-01
5.906194188748811413e+00 -2.397797385546475979e-01
5.918760559363170692e+00 -5.984162651138997813e-01
5.931326929977529971e+00 -2.736562775858196184e-01
5.943893300591889250e+00 -3.479370075534183870e-01
5.956459671206248530e+00 -4.136594523858578287e-01
5.969026041820606920e+00 -3.484126085190802913e-01
5.981592412434966199e+00 -3.946207573992102091e-01
5.994158783049325478e+00 -3.377056865007852515e-01
6.006725153663684758e+00 -1.522544274324589830e-01
6.019291524278044037e+00 -3.508135133921006510e-01
6.031857894892402427e+00 -4.514887040062914858e-02
6.044424265506761706e+00 -2.070411808761171979e-01
6.056990636121120986e+00 -2.934226491848831997e-01
6.069557006735480265e+00 -2.513053423811473230e-01
6.082123377349839544e+00 -3.134810663869955216e-01
6.094689747964198823e+00 -7.866352327432044045e-02
6.107256118578558102e+00 -1.484219787085810649e-01
6.119822489192916493e+00 -1.141495222337200327e-01
6.132388859807275772e+00 -8.354548898636456056e-02
6.144955230421635051e+00 -1.361207567926137063e-01
6.157521601035994330e+00 1.396294461950494115e-01
6.170087971650353609e+00 -3.123979441318670836e-02
6.182654342264712888e+00 -2.972129532985794409e-01
6.195220712879072167e+00 -2.692416280428772124e-02
6.207787083493431446e+00 -1.736077387224526924e-01
6.220353454107790725e+00 3.949485119341468453e-02
6.232919824722149116e+00 -2.826970538415662926e-01
6.245486195336508395e+00 9.285504520524318073e-02
6.258052565950867674e+00 -1.860504007839831053e-01
6.270618936565226953e+00 -1.851543974558684802e-01
