0.000000000000000000e+00 -7.381519596837608777e-02
1.256637061435917323e-02 3.289305991444032087e-03
2.513274122871834645e-02 5.665410894524669505e-02
3.769911184307751795e-02 8.119890355338482690e-02
5.026548245743669291e-02 -6.858977034601713985e-02
6.283185307179586787e-02 1.887238594787148810e-02
7.539822368615503589e-02 3.001207884447213425e-01
8.796459430051420392e-02 1.406828930550983736e-01
1.005309649148733858e-01 1.486400128052232650e-01
1.130973355292325677e-01 1.863979878102942078e-01
1.256637061435917357e-01 1.885268958572087206e-01
1.382300767579508760e-01 1.611559869770163300e-01
1.507964473723100718e-01 1.148212619401202117e-01
1.633628179866692676e-01 1.430057412101796432e-01
1.759291886010284078e-01 1.491606514940908290e-01
1.884955592153875759e-01 2.725440915325622049e-01
2.010619298297467716e-01 1.188373442180154088e-01
2.136283004441059397e-01 4.679341029822611797e-01
2.261946710584651354e-01 1.549749957282576807e-01
2.387610416728242757e-01 4.485128552589912054e-02
2.513274122871834715e-01 2.647115510955336815e-01
2.638937829015426395e-01 2.810308590501376380e-01
2.764601535159017520e-01 2.197635539129084437e-01
2.890265241302609756e-01 1.985974587446797945e-01
3.015928947446201436e-01 2.960146093554770208e-01
3.141592653589793116e-01 2.741180198619763142e-01
3.267256359733385351e-01 3.413074933119610854e-01
3.392920065876976476e-01 4.607384041633335592e-01
3.518583772020568157e-01 4.384864374845399704e-01
3.644247478164160392e-01 1.450325085536325609e-01
3.769911184307751517e-01 3.961380714069302478e-01
3.895574890451343197e-01 3.218562497361458496e-01
4.021238596594935433e-01 3.144912359457599504e-01
4.146902302738527113e-01 5.104639793713263707e-01
4.272566008882118793e-01 1.328449988294919115e-01
4.398229715025711029e-01 4.949024113355772747e-01
4.523893421169302709e-01 4.838222061970617882e-01
4.649557127312893834e-01 4.922321930073851881e-01
4.775220833456485514e-01 4.055319781530045686e-01
4.900884539600077194e-01 2.549854170944931275e-01
5.026548245743669430e-01 6.222888597814824063e-01
5.152211951887261110e-01 4.476100786901309747e-01
5.277875658030852790e-01 4.701545487011807856e-01
5.403539364174444470e-01 3.681352844709382399e-01
5.529203070318035040e-01 5.455514212793263207e-01
5.654866776461627831e-01 5.704143540649376787e-01
5.780530482605219511e-01 4.367249560813602494e-01
5.906194188748811191e-01 4.109037913703001421e-01
6.031857894892402872e-01 4.346760591067406754e-01
6.157521601035994552e-01 5.413668283798299674e-01
6.283185307179586232e-01 5.868994269740238634e-01
6.408849013323177912e-01 6.338893722064198322e-01
6.534512719466770703e-01 7.252365593389052956e-01
6.660176425610361273e-01 6.193423876382168070e-01
6.785840131753952953e-01 7.401764403179698082e-01
6.911503837897544633e-01 6.895798476374909169e-01
7.037167544041136313e-01 6.430175459532784243e-01
7.162831250184729104e-01 7.273843385684700680e-01
7.288494956328320784e-01 5.615431626235672935e-01
7.414158662471912464e-01 7.106390631503884947e-01
7.539822368615503034e-01 8.009994546640115676e-01
7.665486074759094715e-01 6.460418287667722970e-01
7.791149780902686395e-01 6.495920219720749955e-01
7.916813487046279185e-01 6.808167126364241817e-01
8.042477193189870865e-01 6.657131674177136915e-01
8.168140899333462546e-01 4.934233435724033612e-01
8.293804605477054226e-01 6.362014257611707801e-01
8.419468311620645906e-01 5.969279042168817995e-01
8.545132017764237586e-01 9.334678433683438747e-01
8.670795723907829267e-01 9.184024558311010278e-01
8.796459430051422057e-01 6.771543338058056971e-01
8.922123136195013737e-01 8.887369593689158354e-01
9.047786842338605418e-01 8.199274365602671200e-01
9.173450548482194877e-01 8.000586556816436934e-01
9.299114254625787668e-01 9.692451209894684672e-01
9.424777960769379348e-01 9.185937823292069648e-01
9.550441666912971028e-01 9.082429831839274881e-01
9.676105373056562708e-01 1.010580181286537815e+00
9.801769079200154389e-01 7.399258536345049153e-01
9.927432785343746069e-01 9.420506080779007529e-01
1.005309649148733886e+00 7.876710888323688042e-01
1.017876019763092943e+00 7.473232711066138956e-01
1.030442390377452222e+00 9.440374757229866853e-01
1.043008760991811279e+00 7.476265360748439726e-01
1.055575131606170558e+00 9.919730530534353052e-01
1.068141502220529837e+00 9.795690559552838739e-01
1.080707872834888894e+00 8.059325381304374147e-01
1.093274243449248173e+00 9.226948693580819816e-01
1.105840614063607008e+00 8.290733738202593628e-01
1.118406984677966287e+00 8.599135704099440947e-01
1.130973355292325566e+00 7.578928568109859487e-01
1.143539725906684623e+00 9.155219961897299585e-01
1.156106096521043902e+00 9.095592505076720569e-01
1.168672467135402959e+00 8.364557849957153790e-01
1.181238837749762238e+00 1.177567509405027080e+00
1.193805208364121295e+00 9.425577495029403563e-01
1.206371578978480574e+00 8.799241459825994927e-01
1.218937949592839853e+00 8.457635016944936579e-01
1.231504320207198910e+00 9.134756842433042756e-01
1.244070690821558189e+00 8.277851987532249822e-01
1.256637061435917246e+00 9.692852415112965803e-01
1.269203432050276525e+00 8.381584521886158434e-01
1.281769802664635582e+00 1.062606360505152336e+00
1.294336173278994861e+00 1.001456675270883556e+00
1.306902543893354141e+00 7.568856961130651095e-01
1.319468914507712975e+00 1.010028831418446016e+00
1.332035285122072255e+00 9.882432446607243293e-01
1.344601655736431534e+00 8.293558066607586987e-01
1.357168026350790591e+00 1.068624464276467734e+00
1.369734396965149870e+00 9.960827183333093027e-01
1.382300767579508927e+00 8.989043968842989063e-01
1.394867138193868206e+00 9.934471858763121999e-01
1.407433508808227263e+00 8.609592848289884248e-01
1.419999879422586542e+00 8.809623539087965138e-01
1.432566250036945821e+00 8.520570172981176693e-01
1.445132620651304878e+00 1.052540010610992560e+00
1.457698991265664157e+00 1.030522443837516233e+00
1.470265361880023214e+00 1.103107725474905099e+00
1.482831732494382493e+00 7.214812035725555184e-01
1.495398103108741550e+00 7.694953361279314175e-01
1.507964473723100607e+00 8.615053523685515247e-01
1.520530844337459886e+00 1.109926980942419039e+00
1.533097214951818943e+00 1.062621701021161602e+00
1.545663585566178222e+00 1.074887882643927872e+00
1.558229956180537279e+00 1.084108586460487356e+00
1.570796326794896558e+00 8.870679373427722281e-01
1.583362697409255837e+00 1.031822666224259999e+00
1.595929068023614894e+00 1.055336093016684851e+00
1.608495438637974173e+00 1.081289230923012212e+00
1.621061809252333230e+00 9.379386509289184826e-01
1.633628179866692509e+00 9.338323680408957550e-01
1.646194550481051566e+00 8.993508155759182277e-01
1.658760921095410845e+00 9.066786568692327686e-01
1.671327291709770124e+00 8.228427397736255422e-01
1.683893662324129181e+00 1.067557027618040610e+00
1.696460032938488460e+00 1.047139706601104781e+00
1.709026403552847517e+00 1.117855322112309757e+00
1.721592774167206796e+00 1.081486918390398344e+00
1.734159144781565853e+00 1.027528661622366002e+00
1.746725515395925132e+00 1.000664271558484586e+00
1.759291886010284411e+00 1.175590658976482628e+00
1.771858256624643468e+00 8.944296586141484706e-01
1.784424627239002747e+00 8.972489493988352605e-01
1.796990997853361804e+00 1.012061067796316438e+00
1.809557368467721084e+00 7.301831010729566973e-01
1.822123739082079918e+00 9.954940371895670825e-01
1.834690109696438975e+00 9.371123788280684153e-01
1.847256480310798255e+00 9.830468768061386697e-01
1.859822850925157534e+00 1.044468670440557911e+00
1.872389221539516591e+00 9.612056035434991541e-01
1.884955592153875870e+00 9.815307419497683039e-01
1.897521962768234927e+00 9.819443467247234159e-01
1.910088333382594206e+00 1.065207755576003779e+00
1.922654703996953263e+00 7.316560198460191344e-01
1.935221074611312542e+00 7.675077887551264855e-01
1.947787445225671821e+00 7.225783943980415014e-01
1.960353815840030878e+00 8.673851746332822410e-01
1.972920186454390157e+00 9.829603687793667666e-01
1.985486557068749214e+00 8.242970201542929587e-01
1.998052927683108493e+00 9.503112796890180736e-01
2.010619298297467772e+00 8.481888313202394780e-01
2.023185668911826607e+00 8.775947173066933615e-01
2.035752039526185886e+00 9.491959992778384869e-01
2.048318410140545165e+00 1.038991477032227495e+00
2.060884780754904444e+00 8.793569176316442526e-01
2.073451151369263723e+00 8.056860856121881298e-01
2.086017521983622558e+00 8.738761489213430211e-01
2.098583892597981837e+00 9.767138679811320223e-01
2.111150263212341116e+00 9.436198784564784336e-01
2.123716633826700395e+00 6.013869037238385173e-01
2.136283004441059674e+00 8.203022855019429516e-01
2.148849375055418509e+00 7.766294180128141544e-01
2.161415745669777788e+00 8.020710753033665208e-01
2.173982116284137067e+00 9.163492690307268873e-01
2.186548486898496346e+00 7.292826815721331624e-01
2.199114857512855181e+00 8.464197950525020886e-01
2.211681228127214016e+00 7.863993206726704877e-01
2.224247598741573295e+00 7.961838739905154894e-01
2.236813969355932574e+00 8.641735060472646168e-01
2.249380339970291853e+00 7.455876560985951196e-01
2.261946710584651132e+00 8.908572489221979751e-01
2.274513081199009967e+00 7.799092306536447028e-01
2.287079451813369246e+00 6.998563997576976448e-01
2.299645822427728525e+00 7.716894233559737915e-01
2.312212193042087804e+00 6.076987351516209834e-01
2.324778563656447083e+00 6.263814529201952030e-01
2.337344934270805918e+00 8.444607143483768841e-01
2.349911304885165197e+00 7.277638769085430503e-01
2.362477675499524477e+00 7.467190594215252775e-01
2.375044046113883756e+00 7.129601756434306159e-01
2.387610416728242591e+00 5.729896188932112056e-01
2.400176787342601870e+00 5.396735067683845477e-01
2.412743157956961149e+00 7.102760564621659611e-01
2.425309528571320428e+00 6.890307510748125974e-01
2.437875899185679707e+00 7.152565084875182055e-01
2.450442269800038542e+00 6.306850164257862268e-01
2.463008640414397821e+00 6.848789525784106935e-01
2.475575011028757100e+00 5.888879506209105941e-01
2.488141381643116379e+00 7.757688526436186116e-01
2.500707752257475658e+00 7.207471513701735333e-01
2.513274122871834493e+00 5.367044523245156906e-01
2.525840493486193772e+00 3.768621883411283902e-01
2.538406864100553051e+00 6.607954763958774347e-01
2.550973234714912330e+00 6.372684433327241438e-01
2.563539605329271165e+00 6.340971461785607222e-01
2.576105975943630444e+00 7.210469344296327465e-01
2.588672346557989723e+00 5.167874855714963411e-01
2.601238717172349002e+00 6.842664940241440785e-01
2.613805087786708281e+00 4.916833362090513027e-01
2.626371458401067116e+00 5.448921413310914286e-01
2.638937829015425951e+00 3.305479443851329635e-01
2.651504199629785230e+00 5.485273663217615780e-01
2.664070570244144509e+00 5.289060180498892372e-01
2.676636940858503788e+00 4.981213430195661207e-01
2.689203311472863067e+00 3.821193985095318046e-01
2.701769682087221902e+00 4.213138153681170173e-01
2.714336052701581181e+00 3.754148836972083236e-01
2.726902423315940460e+00 3.965983746769948803e-01
2.739468793930299739e+00 3.192864250310339935e-01
2.752035164544658574e+00 4.355844345551460606e-01
2.764601535159017853e+00 4.319538736092149445e-01
2.777167905773377132e+00 3.089701728958820226e-01
2.789734276387736411e+00 1.719384598870732916e-01
2.802300647002095690e+00 1.749857145066399389e-01
2.814867017616454525e+00 2.156803058802601869e-01
2.827433388230813804e+00 2.013719893926840809e-01
2.839999758845173083e+00 4.807693192704730611e-01
2.852566129459532362e+00 2.386934335078505498e-01
2.865132500073891642e+00 4.329632940809103880e-01
2.877698870688250476e+00 1.081234319774199704e-01
2.890265241302609756e+00 2.126276577509526311e-01
2.902831611916969035e+00 1.915577819250700586e-01
2.915397982531328314e+00 1.963531765857345346e-01
2.927964353145687149e+00 2.032575934239571891e-01
2.940530723760046428e+00 1.963503580108612312e-01
2.953097094374405707e+00 3.021600688928286482e-01
2.965663464988764986e+00 6.559649226202478312e-02
2.978229835603124265e+00 9.419399510754626614e-02
2.990796206217483100e+00 2.366425028219354409e-02
3.003362576831842379e+00 1.446398609561803938e-01
3.015928947446201214e+00 3.659881331222549772e-01
3.028495318060560493e+00 2.027804312293061684e-01
3.041061688674919772e+00 7.275570537227937784e-03
3.053628059289279051e+00 5.567582201375635698e-02
3.066194429903637886e+00 2.493293024077380404e-01
3.078760800517997165e+00 -7.373830704395345492e-02
3.091327171132356444e+00 1.077879192301954003e-01
3.103893541746715723e+00 3.510897758529403501e-02
3.116459912361074558e+00 5.303918453400517652e-02
3.129026282975433837e+00 -1.413210215601701514e-01
3.141592653589793116e+00 -5.760913438328425784e-02
3.154159024204152395e+00 -4.671755166955113975e-02
3.166725394818511674e+00 -4.795265729306517899e-04
3.179291765432870509e+00 2.051257144758944495e-02
3.191858136047229788e+00 4.076831015353432619e-02
3.204424506661589067e+00 -1.769985744095377289e-02
3.216990877275948346e+00 -3.718722643952247081e-02
3.229557247890307181e+00 6.569435823351722770e-02
3.242123618504666460e+00 -1.158262246182125976e-01
3.254689989119025739e+00 -1.291636693057002239e-01
3.267256359733385018e+00 -1.835882324248541697e-02
3.279822730347744297e+00 3.197595833428457102e-02
3.292389100962103132e+00 -1.711749577794726696e-01
3.304955471576462411e+00 -2.761255792745067050e-01
3.317521842190821690e+00 -1.649412608240420353e-01
3.330088212805180969e+00 -1.268755087969906936e-01
3.342654583419540248e+00 -2.855477740225729755e-01
3.355220954033899083e+00 -3.469093243785377201e-01
3.367787324648258362e+00 -1.987191001228285347e-01
3.380353695262617642e+00 -2.650773378638742739e-01
3.392920065876976921e+00 -1.462465002048350948e-01
3.405486436491335756e+00 -2.121135251354752393e-01
3.418052807105695035e+00 -3.862809845955741950e-01
3.430619177720054314e+00 -1.696531906116037214e-01
3.443185548334413593e+00 -3.579975505824364301e-01
3.455751918948772872e+00 -1.392182506095429873e-01
3.468318289563131707e+00 -2.116214048760459709e-01
3.480884660177490986e+00 -3.658821049136812831e-01
3.493451030791850265e+00 -4.067727687746355847e-01
3.506017401406209544e+00 -4.882199090099074712e-01
3.518583772020568823e+00 -3.328460561235754289e-01
3.531150142634927658e+00 -2.471221703132500946e-01
3.543716513249286937e+00 -3.772774735784742983e-01
3.556282883863646216e+00 -5.356574694704382411e-01
3.568849254478005495e+00 -6.276070411871055299e-01
3.581415625092364330e+00 -4.672813149929139764e-01
3.593981995706723609e+00 -5.528006232320499258e-01
3.606548366321082888e+00 -3.805936473559252131e-01
3.619114736935442167e+00 -3.143125423672815666e-01
3.631681107549800558e+00 -4.192106829443380533e-01
3.644247478164159837e+00 -5.324844238325933121e-01
3.656813848778519116e+00 -5.280916419644625659e-01
3.669380219392877951e+00 -4.786835487596038385e-01
3.681946590007237230e+00 -5.613964945041494126e-01
3.694512960621596509e+00 -5.376812771504659860e-01
3.707079331235955788e+00 -5.673165089992049381e-01
3.719645701850315067e+00 -5.076227754329108999e-01
3.732212072464673902e+00 -5.994491302000909405e-01
3.744778443079033181e+00 -6.185057956663576606e-01
3.757344813693392460e+00 -6.469035487466561207e-01
3.769911184307751739e+00 -4.806976418327894018e-01
3.782477554922110574e+00 -5.978838943496602720e-01
3.795043925536469853e+00 -5.317437862077796229e-01
3.807610296150829132e+00 -6.035888888486425907e-01
3.820176666765188411e+00 -7.043804405476908892e-01
3.832743037379547690e+00 -6.295181820732336231e-01
3.845309407993906525e+00 -6.476920106711945291e-01
3.857875778608265804e+00 -6.788083096312345077e-01
3.870442149222625083e+00 -7.815994383148385793e-01
3.883008519836984362e+00 -6.370171466053961007e-01
3.895574890451343641e+00 -6.465684871525128052e-01
3.908141261065702476e+00 -7.107562977217110056e-01
3.920707631680061755e+00 -5.582442856602954917e-01
3.933274002294421035e+00 -6.871208548476959166e-01
3.945840372908780314e+00 -9.790284814939331781e-01
3.958406743523139149e+00 -6.552871070682670940e-01
3.970973114137498428e+00 -4.782582823661997717e-01
3.983539484751857707e+00 -7.635411714353410595e-01
3.996105855366216986e+00 -7.058712084418299337e-01
4.008672225980576265e+00 -6.796496237147140462e-01
4.021238596594935544e+00 -8.163229584906853686e-01
4.033804967209294823e+00 -8.012679271315574780e-01
4.046371337823653214e+00 -8.235420441442686812e-01
4.058937708438012493e+00 -8.873349098541511992e-01
4.071504079052371772e+00 -8.472158983701361112e-01
4.084070449666731051e+00 -9.598368916217281388e-01
4.096636820281090330e+00 -8.098585241908279331e-01
4.109203190895449609e+00 -7.748088206695907809e-01
4.121769561509808888e+00 -7.079179743509838030e-01
4.134335932124168167e+00 -8.154676710920192306e-01
4.146902302738527446e+00 -7.655929398654686135e-01
4.159468673352886725e+00 -8.673158673645412486e-01
4.172035043967245116e+00 -7.842636329324146338e-01
4.184601414581604395e+00 -9.390889968114919384e-01
4.197167785195963674e+00 -7.694803077277700964e-01
4.209734155810322953e+00 -1.010765369422697901e+00
4.222300526424682232e+00 -7.732272387422599591e-01
4.234866897039041511e+00 -8.764913687414254140e-01
4.247433267653400790e+00 -8.588674855610801684e-01
4.259999638267760069e+00 -8.993053451068383497e-01
4.272566008882119348e+00 -1.213281141767191373e+00
4.285132379496477739e+00 -9.282884033986434913e-01
4.297698750110837018e+00 -7.411486015945516481e-01
4.310265120725196297e+00 -9.279859336917510859e-01
4.322831491339555576e+00 -1.045448991292876384e+00
4.335397861953914855e+00 -1.050337406396809836e+00
4.347964232568274134e+00 -7.849135686578597726e-01
4.360530603182633413e+00 -1.107072462154529369e+00
4.373096973796992692e+00 -8.356489186526386836e-01
4.385663344411351972e+00 -8.328570060587461299e-01
4.398229715025710362e+00 -1.078333443375955047e+00
4.410796085640069641e+00 -1.038657889125393474e+00
4.423362456254428032e+00 -8.664336554872684726e-01
4.435928826868787311e+00 -9.983211967173462043e-01
4.448495197483146590e+00 -1.107428291824356759e+00
4.461061568097505869e+00 -1.038483341333831467e+00
4.473627938711865148e+00 -9.382421954888554572e-01
4.486194309326224428e+00 -1.243149532149068204e+00
4.498760679940583707e+00 -1.031359541094714505e+00
4.511327050554942986e+00 -9.701048658088435861e-01
4.523893421169302265e+00 -1.115161354114873715e+00
4.536459791783661544e+00 -9.982234183812629391e-01
4.549026162398019935e+00 -1.025583027686582938e+00
4.561592533012379214e+00 -8.132477687376203912e-01
4.574158903626738493e+00 -1.000152795909929893e+00
4.586725274241097772e+00 -1.101951378290138672e+00
4.599291644855457051e+00 -1.037550608221487591e+00
4.611858015469816330e+00 -1.015431441475694196e+00
4.624424386084175609e+00 -1.122152222014133338e+00
4.636990756698534888e+00 -9.080478761515796693e-01
4.649557127312894167e+00 -9.313101451435042977e-01
4.662123497927252558e+00 -1.139054736646175403e+00
4.674689868541611837e+00 -1.123900088833705846e+00
4.687256239155971116e+00 -1.039078916657908414e+00
4.699822609770330395e+00 -9.437281192757617232e-01
4.712388980384689674e+00 -1.062183502361651488e+00
4.724955350999048953e+00 -9.966273763553380460e-01
4.737521721613408232e+00 -1.030845223567585123e+00
4.750088092227767511e+00 -1.013579161463406209e+00
4.762654462842126790e+00 -9.352716379702838978e-01
4.775220833456485181e+00 -1.052973071407047989e+00
4.787787204070844460e+00 -1.052832879962624979e+00
4.800353574685203739e+00 -1.133609430002474605e+00
4.812919945299563018e+00 -8.760042883956934423e-01
4.825486315913922297e+00 -1.043917905268466395e+00
4.838052686528281576e+00 -9.005368074156504532e-01
4.850619057142640855e+00 -1.127602237926062623e+00
4.863185427757000134e+00 -9.544595741969822411e-01
4.875751798371359413e+00 -9.238203097261673546e-01
4.888318168985717804e+00 -8.076730421577633656e-01
4.900884539600077083e+00 -1.160255441416816025e+00
4.913450910214436362e+00 -1.136214613816350250e+00
4.926017280828795641e+00 -9.816718915789079958e-01
4.938583651443154920e+00 -1.061698811359956141e+00
4.951150022057514200e+00 -1.061230271919134216e+00
4.963716392671873479e+00 -1.153114879871905529e+00
4.976282763286232758e+00 -9.750052555590756898e-01
4.988849133900592037e+00 -1.041525918411665863e+00
5.001415504514951316e+00 -8.412656559292646108e-01
5.013981875129309707e+00 -9.824157819048084939e-01
5.026548245743668986e+00 -9.051119122556411378e-01
5.039114616358028265e+00 -6.912716029473684465e-01
5.051680986972387544e+00 -1.048894755805225065e+00
5.064247357586746823e+00 -9.278578744714434112e-01
5.076813728201106102e+00 -9.337515865442370666e-01
5.089380098815465381e+00 -8.886091162389457843e-01
5.101946469429824660e+00 -8.790180208632305536e-01
5.114512840044183939e+00 -1.089594976859640685e+00
5.127079210658542330e+00 -8.796401712552885943e-01
5.139645581272901609e+00 -1.034122885585876173e+00
5.152211951887260888e+00 -1.054704688432777093e+00
5.164778322501620167e+00 -8.783006549657725870e-01
5.177344693115979446e+00 -8.113143502486436232e-01
5.189911063730338725e+00 -8.050876195934696389e-01
5.202477434344698004e+00 -9.887144741390894165e-01
5.215043804959057283e+00 -8.894922519418376750e-01
5.227610175573416562e+00 -9.919988086206785738e-01
5.240176546187774953e+00 -8.364026816878128434e-01
5.252742916802134232e+00 -7.389703493207686602e-01
5.265309287416492623e+00 -9.555099612657528274e-01
5.277875658030851902e+00 -9.227812682436320468e-01
5.290442028645211181e+00 -9.198173725150555757e-01
5.303008399259570460e+00 -6.488153089640713578e-01
5.315574769873929739e+00 -6.177967309770640014e-01
5.328141140488289018e+00 -7.495197261813190126e-01
5.340707511102648297e+00 -7.591953561037101395e-01
5.353273881717007576e+00 -9.141981814430780728e-01
5.365840252331366855e+00 -7.803691310654676805e-01
5.378406622945726134e+00 -8.948565796106267012e-01
5.390972993560084525e+00 -8.529574709560523438e-01
5.403539364174443804e+00 -8.208864701310253364e-01
5.416105734788803083e+00 -8.400997347081210487e-01
5.428672105403162362e+00 -8.091309273432115701e-01
5.441238476017521641e+00 -7.792214841632687516e-01
5.453804846631880920e+00 -5.528139918210959181e-01
5.466371217246240199e+00 -5.932750828803829979e-01
5.478937587860599479e+00 -7.420688928811202123e-01
5.491503958474958758e+00 -7.013006229726694851e-01
5.504070329089317148e+00 -8.451345634881257673e-01
5.516636699703676427e+00 -7.320772757546577525e-01
5.529203070318035707e+00 -8.313624440881567379e-01
5.541769440932394986e+00 -6.241703208362877620e-01
5.554335811546754265e+00 -7.299792212953293280e-01
5.566902182161113544e+00 -7.024654956283880036e-01
5.579468552775472823e+00 -6.829836678689927831e-01
5.592034923389832102e+00 -8.317863615697165258e-01
5.604601294004191381e+00 -6.160730835920207316e-01
5.617167664618549772e+00 -6.590928126975920121e-01
5.629734035232909051e+00 -6.762742757046315001e-01
5.642300405847268330e+00 -3.197766978165471063e-01
5.654866776461627609e+00 -5.972401286455429892e-01
5.667433147075986888e+00 -6.318873291861758501e-01
5.679999517690346167e+00 -5.133951589330404408e-01
5.692565888304705446e+00 -3.396221327452774164e-01
5.705132258919064725e+00 -3.897579655054275727e-01
5.717698629533424004e+00 -4.901266578891041448e-01
5.730265000147783283e+00 -7.241656708050494551e-01
5.742831370762141674e+00 -5.553029348664202391e-01
5.755397741376500953e+00 -5.550321083112299547e-01
5.767964111990860232e+00 -4.970112997044321967e-01
5.780530482605219511e+00 -4.136325133171238622e-01
5.793096853219578790e+00 -3.890923307586808821e-01
5.805663223833938069e+00 -3.519536786336663337e-01
5.818229594448297348e+00 -4.516304269083331047e-01
5.830795965062656627e+00 -4.036228859617088105e-01
5.843362335677015906e+00 -2.644342319072323644e-01
5.855928706291374297e+00 -4.167549895061158916e-01
5.868495076905733576e+00 -3.384586264659238397e-01
5.881061447520092855e+00 -3.307386123883368501e-01
5.893627818134452134e+00 -4.048371224092167098e-01
5.906194188748811413e+00 -4.687217023369100177e-01
5.918760559363170692e+00 -3.820024519418452336e-01
5.931326929977529971e+00 -4.600680309735630802e-01
5.943893300591889250e+00 -4.161109729973735405e-01
5.956459671206248530e+00 -3.456744996783558399e-01
5.969026041820606920e+00 -2.824385631382695938e-01
5.981592412434966199e+00 -3.908886478399423714e-01
5.994158783049325478e+00 -4.647992186844174811e-01
6.006725153663684758e+00 -8.224137492214961265e-02
6.019291524278044037e+00 -2.119609872273008344e-01
6.031857894892402427e+00 -2.239589362362366665e-01
6.044424265506761706e+00 -2.420899809653795365e-01
6.056990636121120986e+00 -1.832579556919577968e-01
6.069557006735480265e+00 -1.157029032120791001e-01
6.082123377349839544e+00 -3.205003311119500320e-01
6.094689747964198823e+00 -2.524255284152647771e-01
6.107256118578558102e+00 -2.180672659136794478e-01
6.119822489192916493e+00 -1.151441273320372854e-01
6.132388859807275772e+00 -1.394732783898090800e-01
6.144955230421635051e+00 -2.023816929003292020e-01
6.157521601035994330e+00 -1.120341081996879123e-01
6.170087971650353609e+00 -1.658738929506500814e-01
6.182654342264712888e+00 9.964948724225686227e-02
6.195220712879072167e+00 -1.955684241335838014e-02
6.207787083493431446e+00 -5.685254821673612485e-02
6.220353454107790725e+00 -2.942453958577841144e-02
6.232919824722149116e+00 1.731663126900405136e-01
6.245486195336508395e+00 2.008156386302858282e-02
6.258052565950867674e+00 4.283144520415210071e-03
6.270618936565226953e+00 7.208941568296256541e-02
