0.000000000000000000e+00 7.799088851983521087e-02
1.256637061435917323e-02 1.957616880109545321e-01
2.513274122871834645e-02 1.150106464072090523e-01
3.769911184307751795e-02 -2.158111857873715178e-02
5.026548245743669291e-02 4.124673483004855090e-02
6.283185307179586787e-02 1.638794653465625584e-01
7.539822368615503589e-02 2.722709932178651870e-02
8.796459430051420392e-02 2.718000611458364912e-01
1.005309649148733858e-01 2.711659227771642255e-01
1.130973355292325677e-01 1.407200670368231044e-01
1.256637061435917357e-01 1.477470844097789893e-01
1.382300767579508760e-01 2.059541733869742486e-01
1.507964473723100718e-01 1.907138073021538982e-01
1.633628179866692676e-01 3.132168747914604312e-02
1.759291886010284078e-01 1.058585033287573057e-01
1.884955592153875759e-01 2.282264678660784196e-01
2.010619298297467716e-01 3.398124354082903142e-01
2.136283004441059397e-01 4.194736158011298510e-01
2.261946710584651354e-01 1.378279077400960118e-01
2.387610416728242757e-01 5.380441859122453430e-02
2.513274122871834715e-01 2.240390775784046329e-01
2.638937829015426395e-01 2.310527985851760224e-01
2.764601535159017520e-01 2.754554355137934230e-01
2.890265241302609756e-01 1.437334209079288438e-01
3.015928947446201436e-01 3.061467092986141503e-01
3.141592653589793116e-01 2.529367936198465561e-01
3.267256359733385351e-01 4.455301916469727175e-01
3.392920065876976476e-01 2.586722071975203763e-01
3.518583772020568157e-01 3.579626445143555546e-01
3.644247478164160392e-01 2.521883896818019055e-01
3.769911184307751517e-01 4.568492282522997883e-01
3.895574890451343197e-01 3.549428121712685513e-01
4.021238596594935433e-01 3.456788740572291907e-01
4.146902302738527113e-01 4.935587482862485165e-01
4.272566008882118793e-01 2.849991016184877379e-01
4.398229715025711029e-01 3.729528946381183707e-01
4.523893421169302709e-01 4.855083798678674900e-01
4.649557127312893834e-01 4.596374057564168725e-01
4.775220833456485514e-01 4.686713721609414574e-01
4.900884539600077194e-01 4.721784936315287506e-01
5.026548245743669430e-01 3.853594524369363672e-01
5.152211951887261110e-01 3.811596027515812279e-01
5.277875658030852790e-01 5.468908850940896738e-01
5.403539364174444470e-01 4.946104207905277494e-01
5.529203070318035040e-01 5.284074703181624866e-01
5.654866776461627831e-01 4.646439247203590361e-01
5.780530482605219511e-01 5.686103933359526463e-01
5.906194188748811191e-01 7.008541210095532437e-01
6.031857894892402872e-01 6.449784237482486526e-01
6.157521601035994552e-01 5.128133342403551342e-01
6.283185307179586232e-01 6.600594186670339925e-01
6.408849013323177912e-01 6.151312262048448387e-01
6.534512719466770703e-01 6.120979685617549126e-01
6.660176425610361273e-01 5.353141317129934684e-01
6.785840131753952953e-01 7.442979393984116010e-01
6.911503837897544633e-01 5.950685740051391281e-01
7.037167544041136313e-01 7.373565564469490852e-01
7.162831250184729104e-01 4.882260027672927771e-01
7.288494956328320784e-01 6.707644462801686247e-01
7.414158662471912464e-01 6.325914277875204217e-01
7.539822368615503034e-01 7.597095512544910223e-01
7.665486074759094715e-01 5.547834011681892497e-01
7.791149780902686395e-01 6.263630771617352266e-01
7.916813487046279185e-01 5.064911589578197093e-01
8.042477193189870865e-01 7.535437362123409422e-01
8.168140899333462546e-01 6.065894009848534774e-01
8.293804605477054226e-01 7.264603247469720859e-01
8.419468311620645906e-01 8.322469359996360616e-01
8.545132017764237586e-01 7.277556070029111979e-01
8.670795723907829267e-01 7.387685826283625357e-01
8.796459430051422057e-01 7.471316650625522415e-01
8.922123136195013737e-01 7.975112685207531582e-01
9.047786842338605418e-01 7.512176113065990313e-01
9.173450548482194877e-01 8.549863934125001563e-01
9.299114254625787668e-01 8.932463877318050915e-01
9.424777960769379348e-01 7.474193128203184822e-01
9.550441666912971028e-01 6.726212336783043977e-01
9.676105373056562708e-01 7.924626534794213528e-01
9.801769079200154389e-01 8.467182918225066857e-01
9.927432785343746069e-01 7.171046011376076557e-01
1.005309649148733886e+00 7.649582051851320230e-01
1.017876019763092943e+00 8.961976425481817943e-01
1.030442390377452222e+00 8.900841657100052595e-01
1.043008760991811279e+00 9.769054892209756424e-01
1.055575131606170558e+00 9.124734050536260632e-01
1.068141502220529837e+00 9.028856549148298605e-01
1.080707872834888894e+00 8.104394706164925744e-01
1.093274243449248173e+00 9.514797402781279834e-01
1.105840614063607008e+00 9.342220364559838952e-01
1.118406984677966287e+00 8.844357987670876664e-01
1.130973355292325566e+00 9.097515236920237225e-01
1.143539725906684623e+00 7.893983392125413223e-01
1.156106096521043902e+00 9.148937727045622914e-01
1.168672467135402959e+00 1.046303566242136940e+00
1.181238837749762238e+00 9.448904215778441973e-01
1.193805208364121295e+00 8.906290253701083515e-01
1.206371578978480574e+00 7.758904133294430849e-01
1.218937949592839853e+00 8.723222534788688254e-01
1.231504320207198910e+00 8.414727691042793722e-01
1.244070690821558189e+00 1.015638181810329943e+00
1.256637061435917246e+00 9.352623006610023548e-01
1.269203432050276525e+00 1.070789700839703151e+00
1.281769802664635582e+00 1.072168023053012398e+00
1.294336173278994861e+00 9.487442495322753189e-01
1.306902543893354141e+00 9.352760265712811716e-01
1.319468914507712975e+00 1.109070650546394088e+00
1.332035285122072255e+00 9.598573176204963087e-01
1.344601655736431534e+00 8.826550711683243122e-01
1.357168026350790591e+00 9.175193624981755613e-01
1.369734396965149870e+00 8.762684021417135316e-01
1.382300767579508927e+00 9.029449038012732354e-01
1.394867138193868206e+00 1.100542670158723313e+00
1.407433508808227263e+00 9.988311016313428103e-01
1.419999879422586542e+00 1.057267309888269446e+00
1.432566250036945821e+00 1.132697884601973515e+00
1.445132620651304878e+00 1.015533374510465547e+00
1.457698991265664157e+00 8.641082522329279758e-01
1.470265361880023214e+00 9.386578695596792254e-01
1.482831732494382493e+00 9.823851861679885333e-01
1.495398103108741550e+00 1.136665561041821260e+00
1.507964473723100607e+00 8.216349588485913902e-01
1.520530844337459886e+00 8.681384606132689363e-01
1.533097214951818943e+00 1.006981032410739108e+00
1.545663585566178222e+00 1.041447742025444656e+00
1.558229956180537279e+00 8.875281777190280330e-01
1.570796326794896558e+00 1.083484051835302386e+00
1.583362697409255837e+00 9.011080572400418376e-01
1.595929068023614894e+00 1.096770693815689590e+00
1.608495438637974173e+00 9.059788469709371128e-01
1.621061809252333230e+00 9.401823389108467932e-01
1.633628179866692509e+00 8.704539454759021577e-01
1.646194550481051566e+00 1.030022609322949867e+00
1.658760921095410845e+00 9.308367116941524966e-01
1.671327291709770124e+00 1.042887188401931509e+00
1.683893662324129181e+00 8.496232527483663644e-01
1.696460032938488460e+00 9.763843252416595231e-01
1.709026403552847517e+00 8.864197566897727976e-01
1.721592774167206796e+00 1.092319461555285143e+00
1.734159144781565853e+00 9.902424706521472109e-01
1.746725515395925132e+00 9.621468633545443572e-01
1.759291886010284411e+00 1.007175204772806643e+00
1.771858256624643468e+00 1.002832643390296097e+00
1.784424627239002747e+00 9.521352541870741204e-01
1.796990997853361804e+00 1.027694951454648509e+00
1.809557368467721084e+00 1.135771265751239545e+00
1.822123739082079918e+00 1.136174276055682997e+00
1.834690109696438975e+00 1.149924693113875795e+00
1.847256480310798255e+00 7.544592805632984733e-01
1.859822850925157534e+00 8.442055742087858361e-01
1.872389221539516591e+00 1.062648784954608461e+00
1.884955592153875870e+00 9.037211210152906737e-01
1.897521962768234927e+00 7.064827472746603165e-01
1.910088333382594206e+00 9.949343961959596916e-01
1.922654703996953263e+00 1.186777946511865744e+00
1.935221074611312542e+00 1.025112993650727944e+00
1.947787445225671821e+00 7.743029061473819530e-01
1.960353815840030878e+00 9.571296820576457032e-01
1.972920186454390157e+00 9.896091717645700836e-01
1.985486557068749214e+00 7.099553638336040251e-01
1.998052927683108493e+00 9.456179212863065064e-01
2.010619298297467772e+00 8.827027887933475148e-01
2.023185668911826607e+00 9.260104837684401957e-01
2.035752039526185886e+00 8.658581025338382142e-01
2.048318410140545165e+00 9.836264997177790459e-01
2.060884780754904444e+00 8.418441838419268297e-01
2.073451151369263723e+00 7.731636417037359710e-01
2.086017521983622558e+00 9.463239613659197857e-01
2.098583892597981837e+00 7.996511634773965094e-01
2.111150263212341116e+00 7.374391971455888095e-01
2.123716633826700395e+00 8.425833595094267547e-01
2.136283004441059674e+00 8.523864071660417485e-01
2.148849375055418509e+00 6.928899215487078767e-01
2.161415745669777788e+00 7.863965823392388144e-01
2.173982116284137067e+00 8.348628129645895291e-01
2.186548486898496346e+00 7.746741138818852290e-01
2.199114857512855181e+00 8.285130232355015778e-01
2.211681228127214016e+00 7.745970669211951209e-01
2.224247598741573295e+00 8.334593717843229443e-01
2.236813969355932574e+00 9.067735751352812290e-01
2.249380339970291853e+00 8.142172351196774738e-01
2.261946710584651132e+00 8.713414860630972480e-01
2.274513081199009967e+00 8.783354227264230651e-01
2.287079451813369246e+00 6.736950682080360409e-01
2.299645822427728525e+00 6.757628424004772372e-01
2.312212193042087804e+00 8.698846501180867996e-01
2.324778563656447083e+00 6.219401384122507093e-01
2.337344934270805918e+00 6.266068344643047627e-01
2.349911304885165197e+00 6.212276408078959422e-01
2.362477675499524477e+00 7.664498318079214778e-01
2.375044046113883756e+00 7.103171644452056510e-01
2.387610416728242591e+00 7.325075628800372662e-01
2.400176787342601870e+00 7.103798795067024496e-01
2.412743157956961149e+00 5.856394497889357842e-01
2.425309528571320428e+00 7.782578900565078062e-01
2.437875899185679707e+00 7.175565889356481097e-01
2.450442269800038542e+00 8.084070067579574026e-01
2.463008640414397821e+00 6.045107100268252154e-01
2.475575011028757100e+00 6.165447090151464637e-01
2.488141381643116379e+00 5.602597645088518430e-01
2.500707752257475658e+00 5.474092266272294616e-01
2.513274122871834493e+00 5.017504874528603276e-01
2.525840493486193772e+00 7.622958557234060795e-01
2.538406864100553051e+00 4.095695976368601277e-01
2.550973234714912330e+00 3.848349570464824065e-01
2.563539605329271165e+00 4.622219012743395972e-01
2.576105975943630444e+00 4.456754967626496144e-01
2.588672346557989723e+00 5.469281367703299201e-01
2.601238717172349002e+00 3.679256334983802557e-01
2.613805087786708281e+00 6.006105310656215668e-01
2.626371458401067116e+00 3.957671523953465442e-01
2.638937829015425951e+00 5.568467767269471569e-01
2.651504199629785230e+00 4.385484759619500128e-01
2.664070570244144509e+00 2.811495504441807736e-01
2.676636940858503788e+00 5.565666245234288656e-01
2.689203311472863067e+00 4.845033326997849055e-01
2.701769682087221902e+00 4.805120779826196342e-01
2.714336052701581181e+00 4.103459143050937619e-01
2.726902423315940460e+00 5.568444983475180354e-01
2.739468793930299739e+00 4.613967835697452280e-01
2.752035164544658574e+00 3.727683224018234487e-01
2.764601535159017853e+00 2.461543711242037691e-01
2.777167905773377132e+00 4.350893860745315145e-01
2.789734276387736411e+00 3.952363892928473232e-01
2.802300647002095690e+00 3.276340997604303973e-01
2.814867017616454525e+00 3.234178358357756022e-01
2.827433388230813804e+00 4.052014953577829925e-01
2.839999758845173083e+00 2.836336043336374901e-01
2.852566129459532362e+00 3.221094353178367564e-01
2.865132500073891642e+00 2.736692372960081721e-01
2.877698870688250476e+00 3.290792762327572896e-01
2.890265241302609756e+00 2.621060799787006679e-01
2.902831611916969035e+00 2.784639992242949336e-01
2.915397982531328314e+00 1.945398384563583050e-01
2.927964353145687149e+00 1.599003534383847402e-01
2.940530723760046428e+00 1.671318763275393138e-01
2.953097094374405707e+00 2.502735945913031057e-01
2.965663464988764986e+00 1.918138861826938768e-01
2.978229835603124265e+00 -1.589207667554596026e-01
2.990796206217483100e+00 2.641644502877797396e-01
3.003362576831842379e+00 2.619999003395570014e-01
3.015928947446201214e+00 3.739037806780753925e-02
3.028495318060560493e+00 2.447836562825514706e-01
3.041061688674919772e+00 -1.309640049619352764e-01
3.053628059289279051e+00 -1.164000393070013795e-02
3.066194429903637886e+00 1.226151462332878972e-01
3.078760800517997165e+00 -5.308062254481885067e-02
3.091327171132356444e+00 6.042983682930579137e-02
3.103893541746715723e+00 1.406877198630167303e-01
3.116459912361074558e+00 1.204127166027616214e-01
3.129026282975433837e+00 -3.641551224353559157e-02
3.141592653589793116e+00 -4.012402246108683068e-02
3.154159024204152395e+00 -4.714107132116859833e-02
3.166725394818511674e+00 -1.280352463345535950e-02
3.179291765432870509e+00 1.857750698103328990e-02
3.191858136047229788e+00 1.849862908850588017e-01
3.204424506661589067e+00 2.956746728416505265e-02
3.216990877275948346e+00 -1.932257937968164252e-01
3.229557247890307181e+00 -5.666666905847525526e-02
3.242123618504666460e+00 -1.543566844432930907e-01
3.254689989119025739e+00 -6.654076969021513466e-02
3.267256359733385018e+00 -1.892932144585258714e-01
3.279822730347744297e+00 -1.895053270915566246e-01
3.292389100962103132e+00 -5.596062574575884352e-02
3.304955471576462411e+00 -2.525841533482249268e-01
3.317521842190821690e+00 -2.226250878218462570e-01
3.330088212805180969e+00 -1.069405914146055320e-01
3.342654583419540248e+00 -2.279709285476637370e-01
3.355220954033899083e+00 -2.077081283929610445e-01
3.367787324648258362e+00 -2.561083414592039698e-01
3.380353695262617642e+00 -1.439226457733564501e-01
3.392920065876976921e+00 -1.874956758716530003e-01
3.405486436491335756e+00 -1.810035964713958834e-01
3.418052807105695035e+00 -2.711909372771126314e-01
3.430619177720054314e+00 -2.681609518482886423e-01
3.443185548334413593e+00 -4.179209894004881631e-01
3.455751918948772872e+00 -3.270211269834371048e-01
3.468318289563131707e+00 -5.470927715350968334e-01
3.480884660177490986e+00 -2.743196808196173841e-01
3.493451030791850265e+00 -2.080829753672921445e-01
3.506017401406209544e+00 -6.080190634152988771e-01
3.518583772020568823e+00 -3.615107454211912708e-01
3.531150142634927658e+00 -3.525250535898957205e-01
3.543716513249286937e+00 -4.932060858630828992e-01
3.556282883863646216e+00 -4.454102492164128124e-01
3.568849254478005495e+00 -3.287352339000472190e-01
3.581415625092364330e+00 -2.509384292209663192e-01
3.593981995706723609e+00 -4.481561541210687949e-01
3.606548366321082888e+00 -5.323495757880051249e-01
3.619114736935442167e+00 -3.478738005749150708e-01
3.631681107549800558e+00 -5.290755839465374200e-01
3.644247478164159837e+00 -5.021012224361400822e-01
3.656813848778519116e+00 -3.343732269043787619e-01
3.669380219392877951e+00 -4.755702643097347027e-01
3.681946590007237230e+00 -4.475145085595508831e-01
3.694512960621596509e+00 -6.364547391211391458e-01
3.707079331235955788e+00 -5.199337129190747531e-01
3.719645701850315067e+00 -4.855635036484978739e-01
3.732212072464673902e+00 -5.973118250628355330e-01
3.744778443079033181e+00 -4.657713960517512186e-01
3.757344813693392460e+00 -4.940615682414438714e-01
3.769911184307751739e+00 -3.592437117433472382e-01
3.782477554922110574e+00 -6.797774703221500792e-01
3.795043925536469853e+00 -6.547986943348627076e-01
3.807610296150829132e+00 -5.332835454278617160e-01
3.820176666765188411e+00 -6.608198530620942313e-01
3.832743037379547690e+00 -6.819275672892979312e-01
3.845309407993906525e+00 -5.291949327317151397e-01
3.857875778608265804e+00 -6.442605041589867243e-01
3.870442149222625083e+00 -5.172220102120146379e-01
3.883008519836984362e+00 -7.239498437679940945e-01
3.895574890451343641e+00 -8.573170903746265559e-01
3.908141261065702476e+00 -7.225935443651191337e-01
3.920707631680061755e+00 -6.488787424454692809e-01
3.933274002294421035e+00 -7.941439686885430893e-01
3.945840372908780314e+00 -7.235903917941829411e-01
3.958406743523139149e+00 -5.875521016877898184e-01
3.970973114137498428e+00 -8.631896097767562948e-01
3.983539484751857707e+00 -8.838751992284846759e-01
3.996105855366216986e+00 -1.016563371130716931e+00
4.008672225980576265e+00 -6.788704368686517832e-01
4.021238596594935544e+00 -6.598473326821807650e-01
4.033804967209294823e+00 -7.005645039081271896e-01
4.046371337823653214e+00 -8.798879210061250067e-01
4.058937708438012493e+00 -7.306862456037510611e-01
4.071504079052371772e+00 -7.785812167130212735e-01
4.084070449666731051e+00 -6.998563271928454066e-01
4.096636820281090330e+00 -9.088498020103508157e-01
4.109203190895449609e+00 -8.783139946959120925e-01
4.121769561509808888e+00 -5.804282900432402581e-01
4.134335932124168167e+00 -8.424772653866063887e-01
4.146902302738527446e+00 -7.757374556433541679e-01
4.159468673352886725e+00 -7.837199427732258750e-01
4.172035043967245116e+00 -8.526317757048060830e-01
4.184601414581604395e+00 -7.356641074726310014e-01
4.197167785195963674e+00 -7.450373631748594683e-01
4.209734155810322953e+00 -9.320134027369968432e-01
4.222300526424682232e+00 -8.587043134671771272e-01
4.234866897039041511e+00 -8.987202486225455145e-01
4.247433267653400790e+00 -1.015175750657791642e+00
4.259999638267760069e+00 -1.149225760123887774e+00
4.272566008882119348e+00 -8.081150989800153228e-01
4.285132379496477739e+00 -9.753957856437267537e-01
4.297698750110837018e+00 -9.258763155353398888e-01
4.310265120725196297e+00 -9.759523271216528073e-01
4.322831491339555576e+00 -7.884931928980486449e-01
4.335397861953914855e+00 -9.394221510884824822e-01
4.347964232568274134e+00 -8.985344649806283890e-01
4.360530603182633413e+00 -9.090556835507650479e-01
4.373096973796992692e+00 -1.070304887876617039e+00
4.385663344411351972e+00 -1.012344894665667905e+00
4.398229715025710362e+00 -9.932934753721307519e-01
4.410796085640069641e+00 -9.514475188590291177e-01
4.423362456254428032e+00 -9.471176249311310524e-01
4.435928826868787311e+00 -9.186260509988943834e-01
4.448495197483146590e+00 -9.485577208332612864e-01
4.461061568097505869e+00 -8.641103432074727086e-01
4.473627938711865148e+00 -1.051820583144196242e+00
4.486194309326224428e+00 -9.680047968730771668e-01
4.498760679940583707e+00 -9.879620810516444029e-01
4.511327050554942986e+00 -7.571970947468111834e-01
4.523893421169302265e+00 -8.960732370825039705e-01
4.536459791783661544e+00 -8.395205924927814367e-01
4.549026162398019935e+00 -9.199064523815703165e-01
4.561592533012379214e+00 -1.216318137706906333e+00
4.574158903626738493e+00 -8.929310380567718752e-01
4.586725274241097772e+00 -9.620703342751983911e-01
4.599291644855457051e+00 -9.865313313134318474e-01
4.611858015469816330e+00 -1.034714147145126661e+00
4.624424386084175609e+00 -8.304027845456112278e-01
4.636990756698534888e+00 -9.343372690980766837e-01
4.649557127312894167e+00 -8.264299823720452354e-01
4.662123497927252558e+00 -1.223267423210409044e+00
4.674689868541611837e+00 -1.058262156600145776e+00
4.687256239155971116e+00 -9.370479666876945224e-01
4.699822609770330395e+00 -1.029930137529848855e+00
4.712388980384689674e+00 -1.012480365105228097e+00
4.724955350999048953e+00 -1.041827769804539283e+00
4.737521721613408232e+00 -8.958540767226589319e-01
4.750088092227767511e+00 -1.128539748629998840e+00
4.762654462842126790e+00 -7.830096067572043239e-01
4.775220833456485181e+00 -9.626770132250659362e-01
4.787787204070844460e+00 -1.080911218829188059e+00
4.800353574685203739e+00 -1.012023472068950714e+00
4.812919945299563018e+00 -9.962308677767476306e-01
4.825486315913922297e+00 -8.446452993247786090e-01
4.838052686528281576e+00 -1.050679922538414690e+00
4.850619057142640855e+00 -1.018210911237728000e+00
4.863185427757000134e+00 -8.789907618690366853e-01
4.875751798371359413e+00 -9.244120885523858799e-01
4.888318168985717804e+00 -9.471805352067339534e-01
4.900884539600077083e+00 -1.173743398307215191e+00
4.913450910214436362e+00 -9.074519874226646410e-01
4.926017280828795641e+00 -1.044282684122296079e+00
4.938583651443154920e+00 -1.022604423827781828e+00
4.951150022057514200e+00 -7.758822270020685474e-01
4.963716392671873479e+00 -9.392221400753024696e-01
4.976282763286232758e+00 -1.003858817415444804e+00
4.988849133900592037e+00 -9.910132296967132381e-01
5.001415504514951316e+00 -1.017965228044781290e+00
5.013981875129309707e+00 -8.385383599592062254e-01
5.026548245743668986e+00 -9.777732550323176008e-01
5.039114616358028265e+00 -9.126156793052702110e-01
5.051680986972387544e+00 -9.518983317224189999e-01
5.064247357586746823e+00 -8.226088897165995117e-01
5.076813728201106102e+00 -1.045722541579491516e+00
5.089380098815465381e+00 -8.655657971863883748e-01
5.101946469429824660e+00 -8.172837495359530635e-01
5.114512840044183939e+00 -6.638740242117763257e-01
5.127079210658542330e+00 -8.867761430404026424e-01
5.139645581272901609e+00 -9.637743684122352938e-01
5.152211951887260888e+00 -8.656182752070346043e-01
5.164778322501620167e+00 -6.901960737772346866e-01
5.177344693115979446e+00 -9.240527869129609995e-01
5.189911063730338725e+00 -9.883155216539388777e-01
5.202477434344698004e+00 -8.427277764334877297e-01
5.215043804959057283e+00 -8.534424914310686505e-01
5.227610175573416562e+00 -8.545554601437047593e-01
5.240176546187774953e+00 -9.750589299933694054e-01
5.252742916802134232e+00 -1.018901892923954833e+00
5.265309287416492623e+00 -7.023373083778080561e-01
5.277875658030851902e+00 -6.445845245124935952e-01
5.290442028645211181e+00 -8.035884075587672593e-01
5.303008399259570460e+00 -9.075711830694010995e-01
5.315574769873929739e+00 -8.790587350168482805e-01
5.328141140488289018e+00 -8.680625731841593584e-01
5.340707511102648297e+00 -7.439634794546654550e-01
5.353273881717007576e+00 -9.113049622336804045e-01
5.365840252331366855e+00 -6.722080295383845439e-01
5.378406622945726134e+00 -9.250400093903899945e-01
5.390972993560084525e+00 -7.815046415388909873e-01
5.403539364174443804e+00 -4.496351955914906218e-01
5.416105734788803083e+00 -8.765275480411878206e-01
5.428672105403162362e+00 -7.135715266079121211e-01
5.441238476017521641e+00 -7.363538810450368510e-01
5.453804846631880920e+00 -7.099430889201496786e-01
5.466371217246240199e+00 -7.149296353260128356e-01
5.478937587860599479e+00 -6.548190430113831617e-01
5.491503958474958758e+00 -6.475827855936071575e-01
5.504070329089317148e+00 -6.320531147426533547e-01
5.516636699703676427e+00 -8.827283348299411747e-01
5.529203070318035707e+00 -8.062680339773039551e-01
5.541769440932394986e+00 -8.554033365078128615e-01
5.554335811546754265e+00 -6.313965275831160406e-01
5.566902182161113544e+00 -5.741890551467496717e-01
5.579468552775472823e+00 -6.034268804755594795e-01
5.592034923389832102e+00 -5.479889730632302447e-01
5.604601294004191381e+00 -6.837024808124007036e-01
5.617167664618549772e+00 -6.027918375971285103e-01
5.629734035232909051e+00 -6.015809114382141276e-01
5.642300405847268330e+00 -5.704304575002248079e-01
5.654866776461627609e+00 -5.841044282894869433e-01
5.667433147075986888e+00 -5.703447135049612982e-01
5.679999517690346167e+00 -5.245862761218401671e-01
5.692565888304705446e+00 -4.875287109689759868e-01
5.705132258919064725e+00 -5.736345165676559610e-01
5.717698629533424004e+00 -6.075707638185592341e-01
5.730265000147783283e+00 -4.406946755035927032e-01
5.742831370762141674e+00 -3.448689663884709766e-01
5.755397741376500953e+00 -4.470432849375108875e-01
5.767964111990860232e+00 -4.427871989581316781e-01
5.780530482605219511e+00 -3.991098317839031351e-01
5.793096853219578790e+00 -3.308338228559989380e-01
5.805663223833938069e+00 -5.125627533796721647e-01
5.818229594448297348e+00 -5.361268895079781549e-01
5.830795965062656627e+00 -4.005648463238863366e-01
5.843362335677015906e+00 -4.951265864047345033e-01
5.855928706291374297e+00 -4.341233951827922488e-01
5.868495076905733576e+00 -4.119478224422217782e-01
5.881061447520092855e+00 -3.093407033796956584e-01
5.893627818134452134e+00 -2.513919830586508475e-01
5.906194188748811413e+00 -4.480595867246313646e-01
5.918760559363170692e+00 -3.446661598260771231e-01
5.931326929977529971e+00 -4.168538849254900258e-01
5.943893300591889250e+00 -1.679893616345717877e-01
5.956459671206248530e+00 -3.291773093049639720e-01
5.969026041820606920e+00 -2.380783985499275723e-01
5.981592412434966199e+00 -3.579764651424806043e-01
5.994158783049325478e+00 -1.885942583776824832e-01
6.006725153663684758e+00 -2.511635334014399312e-01
6.019291524278044037e+00 -3.138570253112125674e-01
6.031857894892402427e+00 -3.755298403451801104e-01
6.044424265506761706e+00 -2.563808554414453433e-01
6.056990636121120986e+00 2.398859864973143519e-02
6.069557006735480265e+00 -1.615770918620936525e-01
6.082123377349839544e+00 -2.523847884559837773e-01
6.094689747964198823e+00 -5.477808952445362145e-02
6.107256118578558102e+00 -3.626188883109812133e-01
6.119822489192916493e+00 -7.112174289178384290e-02
6.132388859807275772e+00 -2.397748543145982736e-01
6.144955230421635051e+00 -1.680543745308249459e-01
6.157521601035994330e+00 -2.051687371838527008e-01
6.170087971650353609e+00 -6.544440323277425642e-02
6.182654342264712888e+00 -1.929113930280378086e-02
6.195220712879072167e+00 -6.329064401967908482e-02
6.207787083493431446e+00 -5.236121019430101109e-02
6.220353454107790725e+00 -9.400933590879471946e-02
6.232919824722149116e+00 -3.533124275999562081e-02
6.245486195336508395e+00 -6.915295036664942385e-02
6.258052565950867674e+00 1.103586428724989965e-01
6.270618936565226953e+00 7.309593532997972487e-02
