0.000000000000000000e+00 4.888966423579124698e-02
1.256637061435917323e-02 -1.112712797952125909e-01
2.513274122871834645e-02 1.429740286158088236e-01
3.769911184307751795e-02 1.649803226502165668e-02
5.026548245743669291e-02 6.192231220657901797e-02
6.283185307179586787e-02 -8.023432416531167677e-03
7.539822368615503589e-02 2.182673130096867142e-01
8.796459430051420392e-02 1.089467390304629801e-01
1.005309649148733858e-01 1.039876903941849839e-01
1.130973355292325677e-01 2.211593500810475621e-01
1.256637061435917357e-01 1.840792121911236090e-01
1.382300767579508760e-01 6.876621899395141124e-03
1.507964473723100718e-01 -3.056752582983110478e-02
1.633628179866692676e-01 6.432060496534823535e-02
1.759291886010284078e-01 -1.023788035821245335e-01
1.884955592153875759e-01 1.567385107875712835e-02
2.010619298297467716e-01 1.367365692262055565e-01
2.136283004441059397e-01 1.361877233498445805e-01
2.261946710584651354e-01 2.659816517456672358e-01
2.387610416728242757e-01 1.268887402402594233e-01
2.513274122871834715e-01 2.055541611741138752e-01
2.638937829015426395e-01 3.927350196411860672e-01
2.764601535159017520e-01 3.125346763319692411e-01
2.890265241302609756e-01 5.400587790830718715e-01
3.015928947446201436e-01 2.373202069819520810e-01
3.141592653589793116e-01 1.947594029441710728e-01
3.267256359733385351e-01 2.366400751141770065e-01
3.392920065876976476e-01 5.626195546152515936e-01
3.518583772020568157e-01 4.837121509961621602e-01
3.644247478164160392e-01 3.534752782386801351e-01
3.769911184307751517e-01 2.503565610661461216e-01
3.895574890451343197e-01 4.808893082453761236e-01
4.021238596594935433e-01 4.547041257358217514e-01
4.146902302738527113e-01 2.153966865214899107e-01
4.272566008882118793e-01 6.298138525997082349e-01
4.398229715025711029e-01 4.929476997467876487e-01
4.523893421169302709e-01 4.467607660420014337e-01
4.649557127312893834e-01 4.924093613171047212e-01
4.775220833456485514e-01 4.706507984900598074e-01
4.900884539600077194e-01 4.887713759592729468e-01
5.026548245743669430e-01 5.812014725511396307e-01
5.152211951887261110e-01 4.901842472559060915e-01
5.277875658030852790e-01 5.997826781172793664e-01
5.403539364174444470e-01 3.740601214280285802e-01
5.529203070318035040e-01 5.571227828105298485e-01
5.654866776461627831e-01 4.368005509977584966e-01
5.780530482605219511e-01 5.295284236492762142e-01
5.906194188748811191e-01 6.077847068169420774e-01
6.031857894892402872e-01 6.111172242291890155e-01
6.157521601035994552e-01 7.458623681461616917e-01
6.283185307179586232e-01 5.764874393027172861e-01
6.408849013323177912e-01 4.849922521607388237e-01
6.534512719466770703e-01 6.697897863115402917e-01
6.660176425610361273e-01 6.350487607397157230e-01
6.785840131753952953e-01 4.767078598827980129e-01
6.911503837897544633e-01 6.372561230331313942e-01
7.037167544041136313e-01 6.860458049944955228e-01
7.162831250184729104e-01 6.513766464944634738e-01
7.288494956328320784e-01 6.311673578058283329e-01
7.414158662471912464e-01 8.426482803461755600e-01
7.539822368615503034e-01 6.809427719712115579e-01
7.665486074759094715e-01 7.018203264294351484e-01
7.791149780902686395e-01 5.681527783224242789e-01
7.916813487046279185e-01 6.847983180181657081e-01
8.042477193189870865e-01 7.048298552025608066e-01
8.168140899333462546e-01 8.458260196992321012e-01
8.293804605477054226e-01 7.356710868121840718e-01
8.419468311620645906e-01 7.580752860084691847e-01
8.545132017764237586e-01 6.651902439643715415e-01
8.670795723907829267e-01 7.201045095305065313e-01
8.796459430051422057e-01 8.409084413664509317e-01
8.922123136195013737e-01 9.151489245954949059e-01
9.047786842338605418e-01 8.186590936800887119e-01
9.173450548482194877e-01 8.878746201246227043e-01
9.299114254625787668e-01 9.455193963542524171e-01
9.424777960769379348e-01 6.809478489211084895e-01
9.550441666912971028e-01 7.870110153459723978e-01
9.676105373056562708e-01 7.842682834296180738e-01
9.801769079200154389e-01 8.893575736990124714e-01
9.927432785343746069e-01 7.776664427761876830e-01
1.005309649148733886e+00 8.212276826751534475e-01
1.017876019763092943e+00 9.132894870213640326e-01
1.030442390377452222e+00 8.823080959140136015e-01
1.043008760991811279e+00 9.043498552390517586e-01
1.055575131606170558e+00 7.619792726216162437e-01
1.068141502220529837e+00 8.315011949425810123e-01
1.080707872834888894e+00 9.414659057060943415e-01
1.093274243449248173e+00 9.771041698446915058e-01
1.105840614063607008e+00 9.454128046431569121e-01
1.118406984677966287e+00 1.086270214101279885e+00
1.130973355292325566e+00 8.586639913402678292e-01
1.143539725906684623e+00 9.564828915859389102e-01
1.156106096521043902e+00 1.009982120434696817e+00
1.168672467135402959e+00 9.228058614160745687e-01
1.181238837749762238e+00 8.998215376277862720e-01
1.193805208364121295e+00 9.438253582627684768e-01
1.206371578978480574e+00 9.255992123426163287e-01
1.218937949592839853e+00 1.045094629492558713e+00
1.231504320207198910e+00 9.065720822869635098e-01
1.244070690821558189e+00 7.918313144253931180e-01
1.256637061435917246e+00 9.297758917081836438e-01
1.269203432050276525e+00 7.799871464083256711e-01
1.281769802664635582e+00 9.487799196872211960e-01
1.294336173278994861e+00 1.038931022562761264e+00
1.306902543893354141e+00 7.257348116027348972e-01
1.319468914507712975e+00 9.825559879141950725e-01
1.332035285122072255e+00 9.057825708799545072e-01
1.344601655736431534e+00 1.157208419357240281e+00
1.357168026350790591e+00 8.584387588997126617e-01
1.369734396965149870e+00 1.061500787128120127e+00
1.382300767579508927e+00 7.697205446199339995e-01
1.394867138193868206e+00 9.745258884707058700e-01
1.407433508808227263e+00 9.733933646966829167e-01
1.419999879422586542e+00 9.027346704431200575e-01
1.432566250036945821e+00 1.035494846195463392e+00
1.445132620651304878e+00 9.294452844609021325e-01
1.457698991265664157e+00 8.968243213584971008e-01
1.470265361880023214e+00 7.625048049258617011e-01
1.482831732494382493e+00 1.083254323968060318e+00
1.495398103108741550e+00 9.287870186509378234e-01
1.507964473723100607e+00 1.097784212338134058e+00
1.520530844337459886e+00 1.022188319348020125e+00
1.533097214951818943e+00 1.230259669102979236e+00
1.545663585566178222e+00 9.651226387658835559e-01
1.558229956180537279e+00 9.999512137079084040e-01
1.570796326794896558e+00 8.978830293415969166e-01
1.583362697409255837e+00 1.085445553199514857e+00
1.595929068023614894e+00 9.252680988124909467e-01
1.608495438637974173e+00 9.277353499325373676e-01
1.621061809252333230e+00 1.210722965330639500e+00
1.633628179866692509e+00 1.119415016126471762e+00
1.646194550481051566e+00 9.445041574339744228e-01
1.658760921095410845e+00 9.488970347656809912e-01
1.671327291709770124e+00 9.626157453786305940e-01
1.683893662324129181e+00 8.446234462751971428e-01
1.696460032938488460e+00 9.890435648756551457e-01
1.709026403552847517e+00 1.081848651581624798e+00
1.721592774167206796e+00 1.041182656794999106e+00
1.734159144781565853e+00 8.645777738101514398e-01
1.746725515395925132e+00 1.052812773678840186e+00
1.759291886010284411e+00 7.584812462799260802e-01
1.771858256624643468e+00 1.162008308516364607e+00
1.784424627239002747e+00 8.892548543810406825e-01
1.796990997853361804e+00 9.323660491540582962e-01
1.809557368467721084e+00 1.174563330827884666e+00
1.822123739082079918e+00 9.106019057832051011e-01
1.834690109696438975e+00 1.054432824698079418e+00
1.847256480310798255e+00 1.076525395190555345e+00
1.859822850925157534e+00 9.245608500955017073e-01
1.872389221539516591e+00 8.466681611286647202e-01
1.884955592153875870e+00 8.850684903205126020e-01
1.897521962768234927e+00 7.905736220077387300e-01
1.910088333382594206e+00 8.968591773060292649e-01
1.922654703996953263e+00 9.690601927142118432e-01
1.935221074611312542e+00 1.035831492576242630e+00
1.947787445225671821e+00 7.987877915308063681e-01
1.960353815840030878e+00 8.350538686538666600e-01
1.972920186454390157e+00 9.618509970564109723e-01
1.985486557068749214e+00 9.755061177849719822e-01
1.998052927683108493e+00 1.073801212641070091e+00
2.010619298297467772e+00 1.115463299358738336e+00
2.023185668911826607e+00 7.711959288746055297e-01
2.035752039526185886e+00 8.991378243899502687e-01
2.048318410140545165e+00 1.023947540852262250e+00
2.060884780754904444e+00 7.694616962275319105e-01
2.073451151369263723e+00 8.920317977891981664e-01
2.086017521983622558e+00 7.750338843750368412e-01
2.098583892597981837e+00 7.661624200707884969e-01
2.111150263212341116e+00 8.586986497446834621e-01
2.123716633826700395e+00 8.757058890813264052e-01
2.136283004441059674e+00 9.700220777499831692e-01
2.148849375055418509e+00 8.495529898978885219e-01
2.161415745669777788e+00 7.194134340697784236e-01
2.173982116284137067e+00 6.871046728938872139e-01
2.186548486898496346e+00 7.344544509753214712e-01
2.199114857512855181e+00 7.630491195221039691e-01
2.211681228127214016e+00 8.736678653878582335e-01
2.224247598741573295e+00 7.739022570939830814e-01
2.236813969355932574e+00 8.681261331258417480e-01
2.249380339970291853e+00 7.386533924162100861e-01
2.261946710584651132e+00 7.024362027152994958e-01
2.274513081199009967e+00 7.514907919185904728e-01
2.287079451813369246e+00 7.388360940294134149e-01
2.299645822427728525e+00 8.591511988281570478e-01
2.312212193042087804e+00 7.973708142115947251e-01
2.324778563656447083e+00 8.019773237936244081e-01
2.337344934270805918e+00 8.480774320154169654e-01
2.349911304885165197e+00 9.252151073780132684e-01
2.362477675499524477e+00 6.185014738215726116e-01
2.375044046113883756e+00 6.232219636859905876e-01
2.387610416728242591e+00 6.577743795578070429e-01
2.400176787342601870e+00 7.522146716922266663e-01
2.412743157956961149e+00 5.022773789410253098e-01
2.425309528571320428e+00 3.917837827179176391e-01
2.437875899185679707e+00 6.042796787597722874e-01
2.450442269800038542e+00 5.106068667869229083e-01
2.463008640414397821e+00 6.572797603367843688e-01
2.475575011028757100e+00 5.302992487228133101e-01
2.488141381643116379e+00 6.129937324582230840e-01
2.500707752257475658e+00 6.336674357180311912e-01
2.513274122871834493e+00 8.208853127885584744e-01
2.525840493486193772e+00 5.689051172272866497e-01
2.538406864100553051e+00 5.963684689799275684e-01
2.550973234714912330e+00 4.611336470523983433e-01
2.563539605329271165e+00 5.023126262078516646e-01
2.576105975943630444e+00 4.890392535325572831e-01
2.588672346557989723e+00 6.924462939339715017e-01
2.601238717172349002e+00 5.118901489482001743e-01
2.613805087786708281e+00 5.355087901418772445e-01
2.626371458401067116e+00 4.750978734611333576e-01
2.638937829015425951e+00 4.445489931510612225e-01
2.651504199629785230e+00 3.803747250782224532e-01
2.664070570244144509e+00 5.896915055448931353e-01
2.676636940858503788e+00 6.886189858425163512e-01
2.689203311472863067e+00 4.782428021227358439e-01
2.701769682087221902e+00 4.186344219936097844e-01
2.714336052701581181e+00 5.201232041548913276e-01
2.726902423315940460e+00 4.503509784820243222e-01
2.739468793930299739e+00 2.752516403021460500e-01
2.752035164544658574e+00 3.941713788799979801e-01
2.764601535159017853e+00 2.789631724962379766e-01
2.777167905773377132e+00 2.288867732109699238e-01
2.789734276387736411e+00 4.301560415735329324e-01
2.802300647002095690e+00 3.111040652043057797e-01
2.814867017616454525e+00 2.494452391911374245e-01
2.827433388230813804e+00 2.134729422681267974e-01
2.839999758845173083e+00 1.529839555674318563e-01
2.852566129459532362e+00 1.038632550315169156e-01
2.865132500073891642e+00 2.276193399186128563e-01
2.877698870688250476e+00 2.553713462835695003e-01
2.890265241302609756e+00 2.305606628366328459e-01
2.902831611916969035e+00 2.542917259081696746e-01
2.915397982531328314e+00 1.747392835925042631e-01
2.927964353145687149e+00 4.904093990615887577e-02
2.940530723760046428e+00 3.220638965806283949e-01
2.953097094374405707e+00 4.411238386815184986e-01
2.965663464988764986e+00 2.359321776409929461e-01
2.978229835603124265e+00 2.787848680875734120e-01
2.990796206217483100e+00 2.055426032440821615e-01
3.003362576831842379e+00 1.689184252660729246e-01
3.015928947446201214e+00 1.502448739195761107e-01
3.028495318060560493e+00 1.862618865830798498e-01
3.041061688674919772e+00 -4.771127206198338966e-02
3.053628059289279051e+00 -9.271364228771016014e-02
3.066194429903637886e+00 1.402277494287619275e-01
3.078760800517997165e+00 -2.297255034636984383e-02
3.091327171132356444e+00 1.878301683771111119e-01
3.103893541746715723e+00 1.450690749794579515e-01
3.116459912361074558e+00 6.566157980697877317e-02
3.129026282975433837e+00 -8.319769045694655474e-02
3.141592653589793116e+00 2.007031764197816925e-01
3.154159024204152395e+00 3.099585952429596836e-02
3.166725394818511674e+00 8.804749919012019865e-02
3.179291765432870509e+00 -2.926464527456837036e-02
3.191858136047229788e+00 1.249314608485070227e-01
3.204424506661589067e+00 -3.623476515804600201e-02
3.216990877275948346e+00 -1.518426006625286928e-01
3.229557247890307181e+00 2.963804675543357803e-02
3.242123618504666460e+00 3.276899972480212808e-02
3.254689989119025739e+00 5.200229576599851855e-03
3.267256359733385018e+00 -1.980438654987295988e-01
3.279822730347744297e+00 -1.302660851964249078e-01
3.292389100962103132e+00 -2.362566048519287587e-01
3.304955471576462411e+00 -1.249003239234485613e-01
3.317521842190821690e+00 -2.502015641453799177e-01
3.330088212805180969e+00 -1.822816641131740911e-01
3.342654583419540248e+00 -2.366108515645429788e-01
3.355220954033899083e+00 -1.278060414970159098e-01
3.367787324648258362e+00 -2.933523684735204751e-01
3.380353695262617642e+00 -2.778497777529792545e-01
3.392920065876976921e+00 -3.029434504744110690e-01
3.405486436491335756e+00 -3.275095373236925345e-01
3.418052807105695035e+00 -4.203120111967468819e-01
3.430619177720054314e+00 -3.248142329969734288e-01
3.443185548334413593e+00 -4.570742227489131837e-01
3.455751918948772872e+00 -3.211269988383587681e-01
3.468318289563131707e+00 -2.242946256481145040e-01
3.480884660177490986e+00 -3.457267144506174783e-01
3.493451030791850265e+00 -4.085576225223553903e-01
3.506017401406209544e+00 -4.733556706758127453e-01
3.518583772020568823e+00 -3.409402113594314221e-01
3.531150142634927658e+00 -3.938931084231858115e-01
3.543716513249286937e+00 -2.906980641523410624e-01
3.556282883863646216e+00 -4.369659740391846903e-01
3.568849254478005495e+00 -5.153196671238905457e-01
3.581415625092364330e+00 -4.382713046550992808e-01
3.593981995706723609e+00 -3.833594917500256494e-01
3.606548366321082888e+00 -3.080697248366873753e-01
3.619114736935442167e+00 -5.109482482844457385e-01
3.631681107549800558e+00 -4.083645991744302983e-01
3.644247478164159837e+00 -6.189176939837761626e-01
3.656813848778519116e+00 -5.153629642422121737e-01
3.669380219392877951e+00 -3.581990046648342307e-01
3.681946590007237230e+00 -3.952776859919747698e-01
3.694512960621596509e+00 -5.399853304541590848e-01
3.707079331235955788e+00 -3.843016719613860932e-01
3.719645701850315067e+00 -4.318986594916628396e-01
3.732212072464673902e+00 -6.522173796454320271e-01
3.744778443079033181e+00 -4.960851340710059620e-01
3.757344813693392460e+00 -6.977641700315696527e-01
3.769911184307751739e+00 -5.439811779006858972e-01
3.782477554922110574e+00 -5.898048179234101074e-01
3.795043925536469853e+00 -5.606853319994596907e-01
3.807610296150829132e+00 -6.762119546963843986e-01
3.820176666765188411e+00 -3.516592410912289246e-01
3.832743037379547690e+00 -6.195885706627765055e-01
3.845309407993906525e+00 -5.452264981737973137e-01
3.857875778608265804e+00 -5.433845168659270364e-01
3.870442149222625083e+00 -6.250257463669339764e-01
3.883008519836984362e+00 -7.923622551077492693e-01
3.895574890451343641e+00 -6.658418210705203677e-01
3.908141261065702476e+00 -7.873830153105780827e-01
3.920707631680061755e+00 -6.972230007889911318e-01
3.933274002294421035e+00 -6.796879132108086807e-01
3.945840372908780314e+00 -6.118311342311294476e-01
3.958406743523139149e+00 -7.161657772059912830e-01
3.970973114137498428e+00 -7.549571990699945889e-01
3.983539484751857707e+00 -7.055278565462710372e-01
3.996105855366216986e+00 -6.939843624897500396e-01
4.008672225980576265e+00 -9.000507593831910125e-01
4.021238596594935544e+00 -8.705233543147317121e-01
4.033804967209294823e+00 -8.246313865058019221e-01
4.046371337823653214e+00 -8.800800176467471481e-01
4.058937708438012493e+00 -8.466937095703407357e-01
4.071504079052371772e+00 -9.094132142703454935e-01
4.084070449666731051e+00 -7.962136949188428625e-01
4.096636820281090330e+00 -9.299674216520965597e-01
4.109203190895449609e+00 -1.006701444599060746e+00
4.121769561509808888e+00 -8.248444506284666744e-01
4.134335932124168167e+00 -8.476633675395330858e-01
4.146902302738527446e+00 -7.210565816074643308e-01
4.159468673352886725e+00 -8.334743330223366442e-01
4.172035043967245116e+00 -8.328228851036589830e-01
4.184601414581604395e+00 -9.870468200624789024e-01
4.197167785195963674e+00 -9.998597466452588955e-01
4.209734155810322953e+00 -9.582745855384060540e-01
4.222300526424682232e+00 -8.661517724256283524e-01
4.234866897039041511e+00 -7.990867788098882096e-01
4.247433267653400790e+00 -8.855048504381828334e-01
4.259999638267760069e+00 -8.842718360247352472e-01
4.272566008882119348e+00 -7.135541213120870641e-01
4.285132379496477739e+00 -9.605805990994065180e-01
4.297698750110837018e+00 -1.064962522554972590e+00
4.310265120725196297e+00 -7.671150396436776653e-01
4.322831491339555576e+00 -9.722887448647623554e-01
4.335397861953914855e+00 -8.855878395659476654e-01
4.347964232568274134e+00 -9.529811131516284783e-01
4.360530603182633413e+00 -1.178116312174563474e+00
4.373096973796992692e+00 -1.031136365630019647e+00
4.385663344411351972e+00 -9.596103269728728513e-01
4.398229715025710362e+00 -1.066011193122449630e+00
4.410796085640069641e+00 -9.097875143997004033e-01
4.423362456254428032e+00 -8.779066302600571081e-01
4.435928826868787311e+00 -9.965993203859058180e-01
4.448495197483146590e+00 -8.877556079756110385e-01
4.461061568097505869e+00 -1.157926529420640449e+00
4.473627938711865148e+00 -9.315558813351993983e-01
4.486194309326224428e+00 -8.742009589339502229e-01
4.498760679940583707e+00 -1.013675793330926833e+00
4.511327050554942986e+00 -9.562434104979512517e-01
4.523893421169302265e+00 -8.910331610727567631e-01
4.536459791783661544e+00 -1.000415533529454670e+00
4.549026162398019935e+00 -1.081780192176017064e+00
4.561592533012379214e+00 -1.129193651026770384e+00
4.574158903626738493e+00 -1.125775147224389094e+00
4.586725274241097772e+00 -8.834338963036385550e-01
4.599291644855457051e+00 -6.984734325589363468e-01
4.611858015469816330e+00 -1.038951500997420618e+00
4.624424386084175609e+00 -1.131023881199796355e+00
4.636990756698534888e+00 -8.952394064206097291e-01
4.649557127312894167e+00 -9.668635758493835386e-01
4.662123497927252558e+00 -9.451286759921655456e-01
4.674689868541611837e+00 -1.012112372211845912e+00
4.687256239155971116e+00 -9.307761614265261940e-01
4.699822609770330395e+00 -9.914052507245649792e-01
4.712388980384689674e+00 -1.149020124357841066e+00
4.724955350999048953e+00 -8.618808440557876871e-01
4.737521721613408232e+00 -1.042516735489427582e+00
4.750088092227767511e+00 -1.030140529520458426e+00
4.762654462842126790e+00 -1.082109081180251620e+00
4.775220833456485181e+00 -9.623049886030538014e-01
4.787787204070844460e+00 -1.117628967837529741e+00
4.800353574685203739e+00 -1.073681350939539980e+00
4.812919945299563018e+00 -9.883514383850476870e-01
4.825486315913922297e+00 -9.870600707376253613e-01
4.838052686528281576e+00 -1.123510520356663323e+00
4.850619057142640855e+00 -1.054196942045133367e+00
4.863185427757000134e+00 -7.821449714641154349e-01
4.875751798371359413e+00 -1.048593833246021845e+00
4.888318168985717804e+00 -9.751335136671722692e-01
4.900884539600077083e+00 -9.920099679931768666e-01
4.913450910214436362e+00 -1.104194970586866997e+00
4.926017280828795641e+00 -9.982699348132482164e-01
4.938583651443154920e+00 -1.126829394796263539e+00
4.951150022057514200e+00 -1.041768709431313500e+00
4.963716392671873479e+00 -1.014648086476007460e+00
4.976282763286232758e+00 -1.005761957450767019e+00
4.988849133900592037e+00 -1.060298965608000854e+00
5.001415504514951316e+00 -8.803130269165271304e-01
5.013981875129309707e+00 -1.012699241123472316e+00
5.026548245743668986e+00 -1.020802321769993304e+00
5.039114616358028265e+00 -1.028934875672320670e+00
5.051680986972387544e+00 -9.002431634739381794e-01
5.064247357586746823e+00 -9.555982616744059799e-01
5.076813728201106102e+00 -8.760358045835600072e-01
5.089380098815465381e+00 -8.952429857793245960e-01
5.101946469429824660e+00 -7.281589734353806076e-01
5.114512840044183939e+00 -8.307909591758291246e-01
5.127079210658542330e+00 -9.455285664361159359e-01
5.139645581272901609e+00 -6.740714949765637121e-01
5.152211951887260888e+00 -8.196643595039468932e-01
5.164778322501620167e+00 -8.711519832363039395e-01
5.177344693115979446e+00 -8.063914320134988323e-01
5.189911063730338725e+00 -1.010450000349615518e+00
5.202477434344698004e+00 -9.266320255953512941e-01
5.215043804959057283e+00 -9.594214680437641585e-01
5.227610175573416562e+00 -8.425098103569178543e-01
5.240176546187774953e+00 -8.878247650908702715e-01
5.252742916802134232e+00 -9.854042137550216296e-01
5.265309287416492623e+00 -8.416855372979412664e-01
5.277875658030851902e+00 -7.197293742911994308e-01
5.290442028645211181e+00 -8.796806964311258970e-01
5.303008399259570460e+00 -7.796907926451893678e-01
5.315574769873929739e+00 -7.245182160363379253e-01
5.328141140488289018e+00 -8.060900068690258768e-01
5.340707511102648297e+00 -6.638755813239305414e-01
5.353273881717007576e+00 -7.344860823931405047e-01
5.365840252331366855e+00 -7.385249299376187571e-01
5.378406622945726134e+00 -8.561978001415158079e-01
5.390972993560084525e+00 -9.092728415779314233e-01
5.403539364174443804e+00 -7.482944167273690717e-01
5.416105734788803083e+00 -6.471150994697895120e-01
5.428672105403162362e+00 -8.914295310140593065e-01
5.441238476017521641e+00 -7.221017834567755589e-01
5.453804846631880920e+00 -6.981215161211256071e-01
5.466371217246240199e+00 -6.393125314189735953e-01
5.478937587860599479e+00 -8.185232809861879844e-01
5.491503958474958758e+00 -7.513615263562172242e-01
5.504070329089317148e+00 -6.617729141637337387e-01
5.516636699703676427e+00 -7.626215799732537493e-01
5.529203070318035707e+00 -8.945241178629780299e-01
5.541769440932394986e+00 -6.169949436243963303e-01
5.554335811546754265e+00 -7.947434939466431203e-01
5.566902182161113544e+00 -6.734445162478815972e-01
5.579468552775472823e+00 -8.544379891777529323e-01
5.592034923389832102e+00 -6.565284152474263335e-01
5.604601294004191381e+00 -5.278997097062050337e-01
5.617167664618549772e+00 -5.322886446274869288e-01
5.629734035232909051e+00 -5.132759011126468707e-01
5.642300405847268330e+00 -4.156657354943367189e-01
5.654866776461627609e+00 -6.128974723372907496e-01
5.667433147075986888e+00 -3.352756786388624843e-01
5.679999517690346167e+00 -5.585180284670409057e-01
5.692565888304705446e+00 -5.660206388418236312e-01
5.705132258919064725e+00 -6.487470708151321652e-01
5.717698629533424004e+00 -6.464154442621197205e-01
5.730265000147783283e+00 -6.209947999741449731e-01
5.742831370762141674e+00 -5.817693340601557406e-01
5.755397741376500953e+00 -5.260807638483376847e-01
5.767964111990860232e+00 -5.632988622563673831e-01
5.780530482605219511e+00 -5.305364752828138908e-01
5.793096853219578790e+00 -4.129328053848567714e-01
5.805663223833938069e+00 -5.374640526220620940e-01
5.818229594448297348e+00 -4.066457629971347298e-01
5.830795965062656627e+00 -2.678492513705887923e-01
5.843362335677015906e+00 -4.238057684841534112e-01
5.855928706291374297e+00 -5.194888767736751678e-01
5.868495076905733576e+00 -5.253570997657204256e-01
5.881061447520092855e+00 -3.791487627467128307e-01
5.893627818134452134e+00 -3.834171636032955854e-01
5.906194188748811413e+00 -2.466252163911240025e-01
5.918760559363170692e+00 -3.265513865731335397e-01
5.931326929977529971e+00 -3.643953578218636080e-01
5.943893300591889250e+00 -3.633481128954436645e-01
5.956459671206248530e+00 -3.508431642091189295e-01
5.969026041820606920e+00 -4.179621396481736362e-01
5.981592412434966199e+00 -1.422539552659690121e-01
5.994158783049325478e+00 -3.218081832446214596e-01
6.006725153663684758e+00 -2.583475057142002318e-01
6.019291524278044037e+00 -1.717301287816360711e-01
6.031857894892402427e+00 -2.332782296018341972e-01
6.044424265506761706e+00 -2.622093668531340627e-01
6.056990636121120986e+00 -2.072914869705821395e-01
6.069557006735480265e+00 -2.097192571075257583e-01
6.082123377349839544e+00 -5.305511642045593335e-02
6.094689747964198823e+00 -3.085643008317042746e-01
6.107256118578558102e+00 -1.901722207978878421e-01
6.119822489192916493e+00 -3.168546332268099563e-01
6.132388859807275772e+00 1.253401200708745278e-02
6.144955230421635051e+00 -2.153019941135857485e-01
6.157521601035994330e+00 -1.138803247470001195e-01
6.170087971650353609e+00 -1.142350166811216539e-02
6.182654342264712888e+00 -6.783631078686883087e-02
6.195220712879072167e+00 -1.726768150334773710e-01
6.207787083493431446e+00 -1.623264757881613674e-01
6.220353454107790725e+00 -2.138778221679981661e-01
6.232919824722149116e+00 -1.957981639133389296e-01
6.245486195336508395e+00 1.108234042486815063e-02
6.258052565950867674e+00 6.227242210760219887e-02
6.270618936565226953e+00 -8.871524546708203784e-02
