0.000000000000000000e+00 -4.562347290238306929e-02
1.256637061435917323e-02 4.014758813047535763e-02
2.513274122871834645e-02 8.902494010051655027e-02
3.769911184307751795e-02 1.978637779415201928e-02
5.026548245743669291e-02 3.747191826715919744e-02
6.283185307179586787e-02 1.866608502321945307e-01
7.539822368615503589e-02 1.586600824035767909e-02
8.796459430051420392e-02 1.228944678625151499e-01
1.005309649148733858e-01 2.039924908767891121e-01
1.130973355292325677e-01 1.078004635724432725e-01
1.256637061435917357e-01 -3.621330485800353105e-02
1.382300767579508760e-01 1.595092791791596354e-01
1.507964473723100718e-01 1.644952865472953385e-01
1.633628179866692676e-01 3.047244242213480447e-01
1.759291886010284078e-01 7.238419352474072255e-02
1.884955592153875759e-01 1.890124347055866516e-01
2.010619298297467716e-01 1.551850429115718688e-01
2.136283004441059397e-01 1.910676337401793212e-01
2.261946710584651354e-01 2.608138105303376419e-01
2.387610416728242757e-01 2.083158560750520694e-01
2.513274122871834715e-01 3.175387224207844028e-01
2.638937829015426395e-01 2.411616283462115207e-01
2.764601535159017520e-01 3.438966993338894440e-01
2.890265241302609756e-01 2.237381475313834633e-01
3.015928947446201436e-01 3.796851641239964437e-01
3.141592653589793116e-01 3.343868571584042160e-01
3.267256359733385351e-01 3.387368205825131429e-01
3.392920065876976476e-01 3.159312893122389609e-01
3.518583772020568157e-01 4.368538089577985728e-01
3.644247478164160392e-01 4.826950596669561389e-01
3.769911184307751517e-01 4.706051139213412449e-01
3.895574890451343197e-01 2.897341627082838378e-01
4.021238596594935433e-01 6.017456035432952044e-01
4.146902302738527113e-01 2.117269933131969151e-01
4.272566008882118793e-01 3.867707457483837152e-01
4.398229715025711029e-01 5.000484897332168055e-01
4.523893421169302709e-01 4.506691869616020751e-01
4.649557127312893834e-01 3.544276670534650675e-01
4.775220833456485514e-01 3.663635835601112833e-01
4.900884539600077194e-01 5.376869101022430097e-01
5.026548245743669430e-01 5.859448854257902628e-01
5.152211951887261110e-01 4.463062472164808225e-01
5.277875658030852790e-01 5.683361566518921881e-01
5.403539364174444470e-01 4.174055506867253573e-01
5.529203070318035040e-01 4.694816072658289374e-01
5.654866776461627831e-01 2.666515654168945537e-01
5.780530482605219511e-01 6.093778082359443404e-01
5.906194188748811191e-01 5.681576038358475689e-01
6.031857894892402872e-01 6.611946178168339738e-01
6.157521601035994552e-01 4.941454028356432326e-01
6.283185307179586232e-01 6.053340884530070687e-01
6.408849013323177912e-01 6.037679335982556461e-01
6.534512719466770703e-01 6.747402323060507356e-01
6.660176425610361273e-01 5.543831035188768741e-01
6.785840131753952953e-01 5.365286804909754625e-01
6.911503837897544633e-01 5.721344687108449456e-01
7.037167544041136313e-01 4.222447425008671873e-01
7.162831250184729104e-01 6.141824793220997947e-01
7.288494956328320784e-01 6.126419435329606422e-01
7.414158662471912464e-01 6.659442942661005782e-01
7.539822368615503034e-01 8.820451760464405044e-01
7.665486074759094715e-01 6.673725690587740678e-01
7.791149780902686395e-01 7.443774681169360585e-01
7.916813487046279185e-01 7.493705273922462995e-01
8.042477193189870865e-01 8.043762185703924317e-01
8.168140899333462546e-01 6.559168414031145700e-01
8.293804605477054226e-01 6.866275831723586132e-01
8.419468311620645906e-01 6.432467799571901512e-01
8.545132017764237586e-01 8.121363702582571342e-01
8.670795723907829267e-01 7.861957424955761109e-01
8.796459430051422057e-01 6.213757856495681908e-01
8.922123136195013737e-01 7.205335890090162065e-01
9.047786842338605418e-01 7.218296360450677795e-01
9.173450548482194877e-01 8.952832482863265495e-01
9.299114254625787668e-01 9.042158427903861373e-01
9.424777960769379348e-01 7.368984742898738727e-01
9.550441666912971028e-01 8.965691842246915622e-01
9.676105373056562708e-01 8.422218892837876059e-01
9.801769079200154389e-01 7.926637640683026342e-01
9.927432785343746069e-01 9.088272880125601860e-01
1.005309649148733886e+00 8.570362208504817003e-01
1.017876019763092943e+00 8.884877371784016820e-01
1.030442390377452222e+00 8.348558166574969741e-01
1.043008760991811279e+00 7.299898658281654962e-01
1.055575131606170558e+00 7.112325543236334147e-01
1.068141502220529837e+00 8.326060745490475590e-01
1.080707872834888894e+00 8.871084731495769704e-01
1.093274243449248173e+00 8.148507928437372927e-01
1.105840614063607008e+00 9.612357917647980088e-01
1.118406984677966287e+00 8.058603816615899085e-01
1.130973355292325566e+00 8.629606784807468678e-01
1.143539725906684623e+00 8.682028628567460826e-01
1.156106096521043902e+00 9.900274228231658036e-01
1.168672467135402959e+00 9.961138764895910436e-01
1.181238837749762238e+00 8.493697662674284388e-01
1.193805208364121295e+00 1.127097278621367771e+00
1.206371578978480574e+00 8.570851257576620474e-01
1.218937949592839853e+00 8.739086896361987211e-01
1.231504320207198910e+00 7.918868965346843591e-01
1.244070690821558189e+00 1.091765903098593116e+00
1.256637061435917246e+00 1.107971509503803187e+00
1.269203432050276525e+00 9.419445951644326298e-01
1.281769802664635582e+00 8.890680144321773115e-01
1.294336173278994861e+00 1.031960691247041151e+00
1.306902543893354141e+00 1.035607998889515269e+00
1.319468914507712975e+00 1.110684399772933428e+00
1.332035285122072255e+00 1.035076935501973106e+00
1.344601655736431534e+00 8.753118732079455677e-01
1.357168026350790591e+00 9.210220235085940788e-01
1.369734396965149870e+00 1.090337795324656023e+00
1.382300767579508927e+00 1.142482438027630609e+00
1.394867138193868206e+00 9.960718649425036597e-01
1.407433508808227263e+00 1.098785612740874607e+00
1.419999879422586542e+00 8.756816039081997127e-01
1.432566250036945821e+00 9.273701052000080658e-01
1.445132620651304878e+00 1.085685414546823546e+00
1.457698991265664157e+00 9.817556052048713733e-01
1.470265361880023214e+00 7.869731564903228449e-01
1.482831732494382493e+00 1.070099416199822961e+00
1.495398103108741550e+00 8.941581262298552435e-01
1.507964473723100607e+00 9.859514916657385886e-01
1.520530844337459886e+00 1.077371179052651007e+00
1.533097214951818943e+00 1.131033702240338057e+00
1.545663585566178222e+00 1.115719883118006850e+00
1.558229956180537279e+00 1.069519615783321331e+00
1.570796326794896558e+00 1.104725758559111481e+00
1.583362697409255837e+00 1.151118515812424636e+00
1.595929068023614894e+00 1.125680499807369284e+00
1.608495438637974173e+00 1.140858076337928573e+00
1.621061809252333230e+00 1.058444735917510426e+00
1.633628179866692509e+00 9.963945463625694110e-01
1.646194550481051566e+00 1.159045435061850648e+00
1.658760921095410845e+00 9.012154036028384718e-01
1.671327291709770124e+00 9.321199943947912070e-01
1.683893662324129181e+00 1.142652705160073445e+00
1.696460032938488460e+00 9.913060826743762544e-01
1.709026403552847517e+00 1.109608586962311350e+00
1.721592774167206796e+00 1.013746981591766572e+00
1.734159144781565853e+00 1.241302162770010931e+00
1.746725515395925132e+00 9.845282286004078953e-01
1.759291886010284411e+00 9.813573353270961253e-01
1.771858256624643468e+00 8.770371310365403517e-01
1.784424627239002747e+00 9.693307539825029018e-01
1.796990997853361804e+00 7.489823828900640246e-01
1.809557368467721084e+00 9.014360878594206428e-01
1.822123739082079918e+00 1.006673032083184038e+00
1.834690109696438975e+00 8.966842010587475764e-01
1.847256480310798255e+00 9.790652304275777595e-01
1.859822850925157534e+00 1.113062828863692122e+00
1.872389221539516591e+00 1.063890842884566812e+00
1.884955592153875870e+00 1.016908133773102962e+00
1.897521962768234927e+00 8.723668607149595022e-01
1.910088333382594206e+00 9.399003610889801186e-01
1.922654703996953263e+00 7.460797375322459901e-01
1.935221074611312542e+00 8.999180883083539584e-01
1.947787445225671821e+00 1.173772068348586606e+00
1.960353815840030878e+00 1.390948725058059443e+00
1.972920186454390157e+00 9.806990807123572296e-01
1.985486557068749214e+00 1.032963678848321409e+00
1.998052927683108493e+00 7.574940427359031503e-01
2.010619298297467772e+00 8.014610321616608690e-01
2.023185668911826607e+00 9.390466661364378353e-01
2.035752039526185886e+00 7.845556933674802114e-01
2.048318410140545165e+00 9.268960896128113358e-01
2.060884780754904444e+00 9.142079993129087478e-01
2.073451151369263723e+00 9.575795982970798370e-01
2.086017521983622558e+00 7.904636416431630730e-01
2.098583892597981837e+00 9.724957006124701486e-01
2.111150263212341116e+00 8.732423983299580916e-01
2.123716633826700395e+00 7.852196619426039526e-01
2.136283004441059674e+00 6.820894666354732072e-01
2.148849375055418509e+00 9.926973736045165975e-01
2.161415745669777788e+00 7.873406554769926124e-01
2.173982116284137067e+00 9.332510768961229664e-01
2.186548486898496346e+00 9.731774027902013735e-01
2.199114857512855181e+00 9.340436604526775044e-01
2.211681228127214016e+00 8.261927065819053562e-01
2.224247598741573295e+00 8.176787800611784451e-01
2.236813969355932574e+00 8.752242131683112270e-01
2.249380339970291853e+00 7.001985179276789539e-01
2.261946710584651132e+00 8.492626965367353620e-01
2.274513081199009967e+00 9.259114460611044262e-01
2.287079451813369246e+00 6.407199221093085040e-01
2.299645822427728525e+00 7.853503064587237237e-01
2.312212193042087804e+00 5.970035884205022736e-01
2.324778563656447083e+00 6.220657121909836107e-01
2.337344934270805918e+00 7.319455267583333535e-01
2.349911304885165197e+00 9.521825830884335096e-01
2.362477675499524477e+00 8.452150766220248856e-01
2.375044046113883756e+00 6.056047115845788475e-01
2.387610416728242591e+00 6.915473407846247644e-01
2.400176787342601870e+00 6.959829898334222165e-01
2.412743157956961149e+00 6.759305448754084900e-01
2.425309528571320428e+00 4.871864021322074856e-01
2.437875899185679707e+00 6.722770026258991782e-01
2.450442269800038542e+00 6.597218135487643575e-01
2.463008640414397821e+00 6.264676663903606668e-01
2.475575011028757100e+00 6.961185830719083256e-01
2.488141381643116379e+00 5.156947770577888779e-01
2.500707752257475658e+00 6.710676089454197246e-01
2.513274122871834493e+00 6.458873283628473461e-01
2.525840493486193772e+00 7.470316676334206596e-01
2.538406864100553051e+00 8.226992075950498862e-01
2.550973234714912330e+00 6.960380500241695190e-01
2.563539605329271165e+00 5.567842845507922078e-01
2.576105975943630444e+00 5.713668220110664775e-01
2.588672346557989723e+00 4.346603718081362699e-01
2.601238717172349002e+00 6.095569404208905917e-01
2.613805087786708281e+00 4.102842647850384328e-01
2.626371458401067116e+00 2.843527651349934682e-01
2.638937829015425951e+00 5.946941547602153655e-01
2.651504199629785230e+00 5.789468623757419996e-01
2.664070570244144509e+00 4.046578610461042391e-01
2.676636940858503788e+00 6.006502909944518853e-01
2.689203311472863067e+00 4.634617142079529573e-01
2.701769682087221902e+00 5.703833095704011757e-01
2.714336052701581181e+00 4.530020990970410888e-01
2.726902423315940460e+00 4.546048260977860189e-01
2.739468793930299739e+00 5.552920500521213443e-01
2.752035164544658574e+00 5.342886899245389287e-01
2.764601535159017853e+00 3.081113444666555568e-01
2.777167905773377132e+00 5.881707517197918289e-01
2.789734276387736411e+00 2.664536392763717232e-01
2.802300647002095690e+00 2.939063408134325872e-01
2.814867017616454525e+00 3.354330222346803003e-01
2.827433388230813804e+00 5.723194233940853692e-02
2.839999758845173083e+00 3.250313381234453680e-01
2.852566129459532362e+00 3.327363067703373867e-01
2.865132500073891642e+00 3.042623232019799895e-01
2.877698870688250476e+00 5.653206019978068708e-02
2.890265241302609756e+00 1.422531658985105585e-01
2.902831611916969035e+00 2.073294642376027619e-01
2.915397982531328314e+00 3.716529047460722657e-01
2.927964353145687149e+00 2.897447235010734978e-01
2.940530723760046428e+00 8.439754243945721268e-02
2.953097094374405707e+00 2.888677418808026642e-01
2.965663464988764986e+00 2.219423976344080951e-01
2.978229835603124265e+00 2.804544813242688672e-01
2.990796206217483100e+00 2.436578111640611000e-01
3.003362576831842379e+00 1.560962400975579312e-01
3.015928947446201214e+00 7.914717790617974147e-02
3.028495318060560493e+00 2.241207889461671043e-01
3.041061688674919772e+00 1.673230980381160138e-01
3.053628059289279051e+00 3.410043693937803155e-02
3.066194429903637886e+00 3.850493298850434648e-02
3.078760800517997165e+00 1.332845950929991141e-01
3.091327171132356444e+00 6.589165241491008740e-03
3.103893541746715723e+00 -2.057771515505736615e-02
3.116459912361074558e+00 -2.017083048363859168e-02
3.129026282975433837e+00 1.453738954202359046e-02
3.141592653589793116e+00 -1.305717993456457227e-01
3.154159024204152395e+00 2.825938109058687489e-03
3.166725394818511674e+00 2.795552073620794983e-02
3.179291765432870509e+00 -1.627481530530548726e-01
3.191858136047229788e+00 -2.052472251866119257e-01
3.204424506661589067e+00 1.295732231010706115e-01
3.216990877275948346e+00 -6.373028980061773430e-02
3.229557247890307181e+00 3.986868074739467749e-02
3.242123618504666460e+00 1.057064721682159092e-01
3.254689989119025739e+00 -2.139180330156980336e-01
3.267256359733385018e+00 -2.646909158645993632e-02
3.279822730347744297e+00 5.028561184873692191e-02
3.292389100962103132e+00 -2.230985512543950111e-01
3.304955471576462411e+00 -1.057779125628950795e-01
3.317521842190821690e+00 -3.270345816459845345e-01
3.330088212805180969e+00 -2.261012226447391416e-01
3.342654583419540248e+00 -3.124844119899455319e-01
3.355220954033899083e+00 -3.138474441846634821e-01
3.367787324648258362e+00 -1.791543101593052467e-01
3.380353695262617642e+00 -1.236936886648256351e-01
3.392920065876976921e+00 -2.793139585415885251e-01
3.405486436491335756e+00 -2.933450312763963841e-01
3.418052807105695035e+00 -3.886430285233443138e-01
3.430619177720054314e+00 -3.365707430133836331e-01
3.443185548334413593e+00 -1.291009090318649688e-01
3.455751918948772872e+00 -4.223415226668765787e-01
3.468318289563131707e+00 -3.982283696912963800e-01
3.480884660177490986e+00 -2.343280997822647094e-01
3.493451030791850265e+00 -2.836425339600681106e-01
3.506017401406209544e+00 -3.823853414949471841e-01
3.518583772020568823e+00 -4.711824054442903531e-01
3.531150142634927658e+00 -2.627780537678101602e-01
3.543716513249286937e+00 -3.222149523079968492e-01
3.556282883863646216e+00 -5.060340662560590674e-01
3.568849254478005495e+00 -3.606971304907444775e-01
3.581415625092364330e+00 -5.515087006022898475e-01
3.593981995706723609e+00 -3.808452769703017382e-01
3.606548366321082888e+00 -2.510181398730881863e-01
3.619114736935442167e+00 -6.091508787258299584e-01
3.631681107549800558e+00 -5.865665016201050408e-01
3.644247478164159837e+00 -4.178218418461825956e-01
3.656813848778519116e+00 -4.514426104560229636e-01
3.669380219392877951e+00 -5.019674583610720386e-01
3.681946590007237230e+00 -5.453237161868355054e-01
3.694512960621596509e+00 -4.979090146395590000e-01
3.707079331235955788e+00 -6.851282656165422758e-01
3.719645701850315067e+00 -4.706557448857829340e-01
3.732212072464673902e+00 -5.773540804304048146e-01
3.744778443079033181e+00 -7.585203284776911303e-01
3.757344813693392460e+00 -8.175629628709614183e-01
3.769911184307751739e+00 -5.820425152643859956e-01
3.782477554922110574e+00 -7.699528956037622329e-01
3.795043925536469853e+00 -5.406789933490425692e-01
3.807610296150829132e+00 -5.397903060835123057e-01
3.820176666765188411e+00 -7.423066183275490726e-01
3.832743037379547690e+00 -5.920896683108682890e-01
3.845309407993906525e+00 -5.528970929908161303e-01
3.857875778608265804e+00 -6.695365266630554091e-01
3.870442149222625083e+00 -7.773897109970758779e-01
3.883008519836984362e+00 -7.605396098334575861e-01
3.895574890451343641e+00 -6.960408652003461372e-01
3.908141261065702476e+00 -8.263459201553579048e-01
3.920707631680061755e+00 -5.894273479146414640e-01
3.933274002294421035e+00 -7.294906945337208404e-01
3.945840372908780314e+00 -8.736738832817478873e-01
3.958406743523139149e+00 -7.091810877923484524e-01
3.970973114137498428e+00 -8.980510767755526258e-01
3.983539484751857707e+00 -7.114015926282948321e-01
3.996105855366216986e+00 -7.621127358768832183e-01
4.008672225980576265e+00 -8.798673810775728965e-01
4.021238596594935544e+00 -7.199505076606559362e-01
4.033804967209294823e+00 -7.485731085935186657e-01
4.046371337823653214e+00 -7.802428926197422232e-01
4.058937708438012493e+00 -7.433476642165379733e-01
4.071504079052371772e+00 -9.732880785127945300e-01
4.084070449666731051e+00 -8.065198322332095549e-01
4.096636820281090330e+00 -7.539031030012477430e-01
4.109203190895449609e+00 -8.980488083462383475e-01
4.121769561509808888e+00 -5.833401668419992969e-01
4.134335932124168167e+00 -7.459441886704010205e-01
4.146902302738527446e+00 -8.262047369470582048e-01
4.159468673352886725e+00 -8.043559976621771357e-01
4.172035043967245116e+00 -8.683257718676663517e-01
4.184601414581604395e+00 -8.008835797283231361e-01
4.197167785195963674e+00 -8.503505771590673668e-01
4.209734155810322953e+00 -8.501576281109765043e-01
4.222300526424682232e+00 -1.063868111697683139e+00
4.234866897039041511e+00 -8.030210404254850554e-01
4.247433267653400790e+00 -8.775300460658690405e-01
4.259999638267760069e+00 -9.056645733179590207e-01
4.272566008882119348e+00 -9.480282162251001399e-01
4.285132379496477739e+00 -6.629226112766878343e-01
4.297698750110837018e+00 -1.101687973938155318e+00
4.310265120725196297e+00 -9.273349420906079610e-01
4.322831491339555576e+00 -7.594698412987803682e-01
4.335397861953914855e+00 -8.345800178428164351e-01
4.347964232568274134e+00 -1.004007404564053907e+00
4.360530603182633413e+00 -9.609801574308425298e-01
4.373096973796992692e+00 -7.347315579607209823e-01
4.385663344411351972e+00 -1.024797860990353193e+00
4.398229715025710362e+00 -8.928992223475689105e-01
4.410796085640069641e+00 -9.893475630091995709e-01
4.423362456254428032e+00 -9.447226467902092306e-01
4.435928826868787311e+00 -8.879618154705495314e-01
4.448495197483146590e+00 -1.017743011807284548e+00
4.461061568097505869e+00 -9.705216590479595062e-01
4.473627938711865148e+00 -1.110093899198955514e+00
4.486194309326224428e+00 -9.939102191735691427e-01
4.498760679940583707e+00 -7.178462893759368635e-01
4.511327050554942986e+00 -9.630594680467392532e-01
4.523893421169302265e+00 -1.034149499888121770e+00
4.536459791783661544e+00 -9.710228607226909503e-01
4.549026162398019935e+00 -9.126614424065765396e-01
4.561592533012379214e+00 -1.032872629912820805e+00
4.574158903626738493e+00 -1.053306907157747441e+00
4.586725274241097772e+00 -9.168561988979462285e-01
4.599291644855457051e+00 -8.403865981307647726e-01
4.611858015469816330e+00 -7.690604131116238751e-01
4.624424386084175609e+00 -1.087874764261881344e+00
4.636990756698534888e+00 -9.727322246928934435e-01
4.649557127312894167e+00 -8.989054042719880622e-01
4.662123497927252558e+00 -9.826556891152141704e-01
4.674689868541611837e+00 -9.747608978141364400e-01
4.687256239155971116e+00 -8.452068474477415494e-01
4.699822609770330395e+00 -1.055647221830645188e+00
4.712388980384689674e+00 -1.166461637528992901e+00
4.724955350999048953e+00 -8.912442429384845877e-01
4.737521721613408232e+00 -1.125801924883284455e+00
4.750088092227767511e+00 -6.866814936606101538e-01
4.762654462842126790e+00 -1.050507793061064010e+00
4.775220833456485181e+00 -9.238960537518202676e-01
4.787787204070844460e+00 -1.023730072991586137e+00
4.800353574685203739e+00 -8.361624940778600301e-01
4.812919945299563018e+00 -1.092614841204278653e+00
4.825486315913922297e+00 -7.852244793635618780e-01
4.838052686528281576e+00 -9.759986512594841512e-01
4.850619057142640855e+00 -8.544521578491335312e-01
4.863185427757000134e+00 -1.115856695355196271e+00
4.875751798371359413e+00 -1.017345392307015706e+00
4.888318168985717804e+00 -9.798611487143326082e-01
4.900884539600077083e+00 -8.268840316777104071e-01
4.913450910214436362e+00 -8.332923082942432780e-01
4.926017280828795641e+00 -9.871394747305998196e-01
4.938583651443154920e+00 -8.923007183266176146e-01
4.951150022057514200e+00 -9.977474393112319984e-01
4.963716392671873479e+00 -1.001431076697549161e+00
4.976282763286232758e+00 -9.627778270827255236e-01
4.988849133900592037e+00 -1.037997645676511649e+00
5.001415504514951316e+00 -1.114564159957440737e+00
5.013981875129309707e+00 -1.057110547996849004e+00
5.026548245743668986e+00 -9.869739490381023161e-01
5.039114616358028265e+00 -9.761880760424573866e-01
5.051680986972387544e+00 -9.632188565426340610e-01
5.064247357586746823e+00 -9.325344933143393522e-01
5.076813728201106102e+00 -1.003912551153961275e+00
5.089380098815465381e+00 -7.745041096784763823e-01
5.101946469429824660e+00 -9.091609499204309497e-01
5.114512840044183939e+00 -9.075074565418640438e-01
5.127079210658542330e+00 -8.602451538247080087e-01
5.139645581272901609e+00 -7.114981414472534293e-01
5.152211951887260888e+00 -8.912359986208978624e-01
5.164778322501620167e+00 -7.027428485677875702e-01
5.177344693115979446e+00 -8.377326063734419348e-01
5.189911063730338725e+00 -8.553651891162171728e-01
5.202477434344698004e+00 -8.634696420263351380e-01
5.215043804959057283e+00 -1.007361895609988345e+00
5.227610175573416562e+00 -8.221030206196722201e-01
5.240176546187774953e+00 -8.709449573459413507e-01
5.252742916802134232e+00 -8.728800843530480913e-01
5.265309287416492623e+00 -9.396655948544601067e-01
5.277875658030851902e+00 -8.444596712220064916e-01
5.290442028645211181e+00 -1.026330860357227204e+00
5.303008399259570460e+00 -8.980995426519016167e-01
5.315574769873929739e+00 -9.369626010738290045e-01
5.328141140488289018e+00 -9.050184618337657749e-01
5.340707511102648297e+00 -9.544495597037589985e-01
5.353273881717007576e+00 -7.160273811224998619e-01
5.365840252331366855e+00 -6.195625386567882309e-01
5.378406622945726134e+00 -9.386536015192568083e-01
5.390972993560084525e+00 -8.437328733445373929e-01
5.403539364174443804e+00 -9.276200822179585526e-01
5.416105734788803083e+00 -7.499865604684126108e-01
5.428672105403162362e+00 -8.281042954175987791e-01
5.441238476017521641e+00 -6.988286494623622280e-01
5.453804846631880920e+00 -7.619689894238588224e-01
5.466371217246240199e+00 -6.496463614314380575e-01
5.478937587860599479e+00 -7.563308101392812732e-01
5.491503958474958758e+00 -6.639120801828793939e-01
5.504070329089317148e+00 -8.710557633654645304e-01
5.516636699703676427e+00 -6.902234470987961279e-01
5.529203070318035707e+00 -7.212570756661061955e-01
5.541769440932394986e+00 -5.192234429794331252e-01
5.554335811546754265e+00 -6.162495084289465463e-01
5.566902182161113544e+00 -7.257300136457807138e-01
5.579468552775472823e+00 -4.461073373481026505e-01
5.592034923389832102e+00 -6.561003113938144171e-01
5.604601294004191381e+00 -4.622610185364499635e-01
5.617167664618549772e+00 -5.535576305660113716e-01
5.629734035232909051e+00 -6.495421343960025018e-01
5.642300405847268330e+00 -4.907561271293044980e-01
5.654866776461627609e+00 -6.020076494415125268e-01
5.667433147075986888e+00 -4.202069097355619065e-01
5.679999517690346167e+00 -5.525295681007357240e-01
5.692565888304705446e+00 -4.965185680876944563e-01
5.705132258919064725e+00 -6.572524896354909885e-01
5.717698629533424004e+00 -5.960449826397596906e-01
5.730265000147783283e+00 -4.453648831546304088e-01
5.742831370762141674e+00 -7.037874564532610178e-01
5.755397741376500953e+00 -5.487435406217333611e-01
5.767964111990860232e+00 -5.086275640949170507e-01
5.780530482605219511e+00 -5.611225920582997295e-01
5.793096853219578790e+00 -3.661198781600669694e-01
5.805663223833938069e+00 -4.898551902233082012e-01
5.818229594448297348e+00 -6.201546753615009289e-01
5.830795965062656627e+00 -4.420402803930705282e-01
5.843362335677015906e+00 -4.114789137247124029e-01
5.855928706291374297e+00 -3.585237585555031137e-01
5.868495076905733576e+00 -6.434619967892332149e-01
5.881061447520092855e+00 -2.524985403069942569e-01
5.893627818134452134e+00 -2.824561356510725818e-01
5.906194188748811413e+00 -4.313323835301852149e-01
5.918760559363170692e+00 -3.232752771208607934e-01
5.931326929977529971e+00 -3.985866372835570326e-01
5.943893300591889250e+00 -1.710185476405481630e-01
5.956459671206248530e+00 -2.594578144198284031e-01
5.969026041820606920e+00 -1.797502170278343636e-01
5.981592412434966199e+00 -2.001569754034028259e-01
5.994158783049325478e+00 -3.992062018646720944e-01
6.006725153663684758e+00 -3.548150098229078120e-01
6.019291524278044037e+00 -2.235162003268287845e-01
6.031857894892402427e+00 -3.581626512368154547e-01
6.044424265506761706e+00 -2.468672241322145133e-01
6.056990636121120986e+00 -1.918304429692451185e-01
6.069557006735480265e+00 1.017273055606654486e-01
6.082123377349839544e+00 -3.227247418855386796e-01
6.094689747964198823e+00 -3.983704874630710213e-01
6.107256118578558102e+00 -3.403771814768988824e-01
6.119822489192916493e+00 -5.164075849764854231e-02
6.132388859807275772e+00 -5.513328895307001432e-02
6.144955230421635051e+00 -1.700372590699068820e-02
6.157521601035994330e+00 -1.354881032395242879e-01
6.170087971650353609e+00 -2.077442429669497104e-01
6.182654342264712888e+00 -1.206887755541755092e-01
6.195220712879072167e+00 -1.054302385921788571e-01
6.207787083493431446e+00 -4.833863170075104743e-02
6.220353454107790725e+00 -7.089261420760756272e-02
6.232919824722149116e+00 -6.224169903167450779e-02
6.245486195336508395e+00 1.350216982941116473e-01
6.258052565950867674e+00 1.239846040176659780e-01
6.270618936565226953e+00 -1.761210067819173400e-02
