0.000000000000000000e+00 2.637477284956184567e-03
1.256637061435917323e-02 3.859821002561768244e-02
2.513274122871834645e-02 -1.438445870844182531e-02
3.769911184307751795e-02 1.726009216610835395e-02
5.026548245743669291e-02 -7.691894729217070570e-02
6.283185307179586787e-02 -1.968973434963880442e-01
7.539822368615503589e-02 1.042948967129873616e-01
8.796459430051420392e-02 5.207321695204492062e-04
1.005309649148733858e-01 1.397689805073431546e-01
1.130973355292325677e-01 2.063669392619726928e-01
1.256637061435917357e-01 1.237647628087055335e-01
1.382300767579508760e-01 1.637498873099711427e-01
1.507964473723100718e-01 2.894165011732868775e-03
1.633628179866692676e-01 2.428298248025089756e-01
1.759291886010284078e-01 -5.217969187590321134e-05
1.884955592153875759e-01 1.378761214432859539e-01
2.010619298297467716e-01 9.884989958209557115e-02
2.136283004441059397e-01 2.145315285094948343e-01
2.261946710584651354e-01 2.121200754812498646e-01
2.387610416728242757e-01 8.181167883172324462e-02
2.513274122871834715e-01 1.879954898108903427e-01
2.638937829015426395e-01 1.214602390543017274e-01
2.764601535159017520e-01 2.101823860611798933e-01
2.890265241302609756e-01 3.182824779055742903e-01
3.015928947446201436e-01 1.429048973923770505e-01
3.141592653589793116e-01 4.760469764121071368e-01
3.267256359733385351e-01 2.709890232760778228e-01
3.392920065876976476e-01 4.001324409795927184e-01
3.518583772020568157e-01 5.694518804927045652e-01
3.644247478164160392e-01 1.909856036083265041e-01
3.769911184307751517e-01 3.206848510673504515e-01
3.895574890451343197e-01 3.495875714317353000e-01
4.021238596594935433e-01 2.982710291284518256e-01
4.146902302738527113e-01 5.140050416829999858e-01
4.272566008882118793e-01 3.954072851486703510e-01
4.398229715025711029e-01 5.536202506644152255e-01
4.523893421169302709e-01 3.817080547552926806e-01
4.649557127312893834e-01 4.838134900892958612e-01
4.775220833456485514e-01 4.155522433880922129e-01
4.900884539600077194e-01 4.282590494365274281e-01
5.026548245743669430e-01 5.045618365868601574e-01
5.152211951887261110e-01 5.506317582440267699e-01
5.277875658030852790e-01 4.182043663156957414e-01
5.403539364174444470e-01 4.303055004262594241e-01
5.529203070318035040e-01 4.596042187415659841e-01
5.654866776461627831e-01 5.211385248240045787e-01
5.780530482605219511e-01 4.051967966391843978e-01
5.906194188748811191e-01 5.298199340326679163e-01
6.031857894892402872e-01 6.801992795764312261e-01
6.157521601035994552e-01 4.435468962646492708e-01
6.283185307179586232e-01 5.628556494666452359e-01
6.408849013323177912e-01 7.742542043120645978e-01
6.534512719466770703e-01 5.487343550106875689e-01
6.660176425610361273e-01 5.270784449685972373e-01
6.785840131753952953e-01 6.548713230293908838e-01
6.911503837897544633e-01 6.369678226916343222e-01
7.037167544041136313e-01 7.324666551973216810e-01
7.162831250184729104e-01 4.975852673602337295e-01
7.288494956328320784e-01 6.716167661253592547e-01
7.414158662471912464e-01 6.859190647726253198e-01
7.539822368615503034e-01 6.754633481640471837e-01
7.665486074759094715e-01 6.222657002101789070e-01
7.791149780902686395e-01 7.230215091890330736e-01
7.916813487046279185e-01 8.318388609514881793e-01
8.042477193189870865e-01 7.287403317402462166e-01
8.168140899333462546e-01 7.453620197556208860e-01
8.293804605477054226e-01 7.748882723554930685e-01
8.419468311620645906e-01 7.232504603961618095e-01
8.545132017764237586e-01 6.871239402773497984e-01
8.670795723907829267e-01 7.938534989539495212e-01
8.796459430051422057e-01 9.189550540852235994e-01
8.922123136195013737e-01 8.436787173664060946e-01
9.047786842338605418e-01 7.630310953783117078e-01
9.173450548482194877e-01 9.124650173038049150e-01
9.299114254625787668e-01 8.936617160728004272e-01
9.424777960769379348e-01 9.306670732426046699e-01
9.550441666912971028e-01 6.280129701964658473e-01
9.676105373056562708e-01 8.456617953620817474e-01
9.801769079200154389e-01 1.012255424655313707e+00
9.927432785343746069e-01 1.011816437549805325e+00
1.005309649148733886e+00 8.382801467591088906e-01
1.017876019763092943e+00 7.920396969837416590e-01
1.030442390377452222e+00 7.753236969283319180e-01
1.043008760991811279e+00 8.587016014826824861e-01
1.055575131606170558e+00 8.616600078103627824e-01
1.068141502220529837e+00 9.194119628821183499e-01
1.080707872834888894e+00 8.626232704876359847e-01
1.093274243449248173e+00 8.220773075799153728e-01
1.105840614063607008e+00 8.691917596995579753e-01
1.118406984677966287e+00 8.784509711905299501e-01
1.130973355292325566e+00 8.542059515027680128e-01
1.143539725906684623e+00 7.662438511104546768e-01
1.156106096521043902e+00 8.948400730292540572e-01
1.168672467135402959e+00 8.634884086442101703e-01
1.181238837749762238e+00 8.901993132375095596e-01
1.193805208364121295e+00 8.267576626049596422e-01
1.206371578978480574e+00 9.929135681392284862e-01
1.218937949592839853e+00 9.759168317085642474e-01
1.231504320207198910e+00 7.022759891207862593e-01
1.244070690821558189e+00 1.043496620169052758e+00
1.256637061435917246e+00 9.607069257089213554e-01
1.269203432050276525e+00 9.977411474324299201e-01
1.281769802664635582e+00 1.018255153865839313e+00
1.294336173278994861e+00 1.035036308755179713e+00
1.306902543893354141e+00 8.462355572182626018e-01
1.319468914507712975e+00 1.120040912260839461e+00
1.332035285122072255e+00 9.018672992604973571e-01
1.344601655736431534e+00 9.419029358087450676e-01
1.357168026350790591e+00 1.055584607180411805e+00
1.369734396965149870e+00 8.111425788160506745e-01
1.382300767579508927e+00 1.123928331777847456e+00
1.394867138193868206e+00 9.216488633780686168e-01
1.407433508808227263e+00 9.350663073575163908e-01
1.419999879422586542e+00 1.233311071570115658e+00
1.432566250036945821e+00 8.322413609747105756e-01
1.445132620651304878e+00 8.115511128262140605e-01
1.457698991265664157e+00 1.031411240535867746e+00
1.470265361880023214e+00 8.925923989494970456e-01
1.482831732494382493e+00 9.003359612108834398e-01
1.495398103108741550e+00 9.770518351953235703e-01
1.507964473723100607e+00 1.028419033176574127e+00
1.520530844337459886e+00 9.748802365578104201e-01
1.533097214951818943e+00 1.055257335139038855e+00
1.545663585566178222e+00 8.617966802259289238e-01
1.558229956180537279e+00 1.136902162237025005e+00
1.570796326794896558e+00 8.187557998925358849e-01
1.583362697409255837e+00 1.013088764460691182e+00
1.595929068023614894e+00 1.175704663735750444e+00
1.608495438637974173e+00 9.463808553593585637e-01
1.621061809252333230e+00 1.096549872028321326e+00
1.633628179866692509e+00 8.919244655678634226e-01
1.646194550481051566e+00 8.603894980304243045e-01
1.658760921095410845e+00 8.118722479003188663e-01
1.671327291709770124e+00 9.431547221982847784e-01
1.683893662324129181e+00 1.156352492530385412e+00
1.696460032938488460e+00 1.024365543462968375e+00
1.709026403552847517e+00 1.060314996601270598e+00
1.721592774167206796e+00 1.288015142320820150e+00
1.734159144781565853e+00 1.009529476966946726e+00
1.746725515395925132e+00 9.566497231043966654e-01
1.759291886010284411e+00 1.005506527348485335e+00
1.771858256624643468e+00 1.078070968870260993e+00
1.784424627239002747e+00 9.795915674078643498e-01
1.796990997853361804e+00 1.007139846412123729e+00
1.809557368467721084e+00 9.437889844331956990e-01
1.822123739082079918e+00 9.598257132934135960e-01
1.834690109696438975e+00 1.112498497878862125e+00
1.847256480310798255e+00 9.148502766640439487e-01
1.859822850925157534e+00 9.895062470927362686e-01
1.872389221539516591e+00 9.388408133093322228e-01
1.884955592153875870e+00 9.711429518386519577e-01
1.897521962768234927e+00 8.578315106342224716e-01
1.910088333382594206e+00 9.625788107784825076e-01
1.922654703996953263e+00 9.361607608353283982e-01
1.935221074611312542e+00 1.027016078309823222e+00
1.947787445225671821e+00 9.004922592075400578e-01
1.960353815840030878e+00 1.028859854577846678e+00
1.972920186454390157e+00 1.062382691939117274e+00
1.985486557068749214e+00 9.547363853458721294e-01
1.998052927683108493e+00 9.240995132442190174e-01
2.010619298297467772e+00 9.313901034435106974e-01
2.023185668911826607e+00 9.847426895181012885e-01
2.035752039526185886e+00 8.836862966634086991e-01
2.048318410140545165e+00 1.009619325674173229e+00
2.060884780754904444e+00 9.917997347930722629e-01
2.073451151369263723e+00 8.894707407075421735e-01
2.086017521983622558e+00 8.300396636093096969e-01
2.098583892597981837e+00 9.947593528852327616e-01
2.111150263212341116e+00 7.643929352919232034e-01
2.123716633826700395e+00 7.928021278953913953e-01
2.136283004441059674e+00 7.304351109029851852e-01
2.148849375055418509e+00 7.851176279069150832e-01
2.161415745669777788e+00 9.429642762625103369e-01
2.173982116284137067e+00 8.769898157577805664e-01
2.186548486898496346e+00 8.363656461014284949e-01
2.199114857512855181e+00 8.570264275607766269e-01
2.211681228127214016e+00 9.318366660523698108e-01
2.224247598741573295e+00 7.517818376486962162e-01
2.236813969355932574e+00 8.339517462318397634e-01
2.249380339970291853e+00 8.297779599388949157e-01
2.261946710584651132e+00 7.522353422956147284e-01
2.274513081199009967e+00 6.827588284308665489e-01
2.287079451813369246e+00 6.111054435637069959e-01
2.299645822427728525e+00 6.087673239182862517e-01
2.312212193042087804e+00 6.872569704871595020e-01
2.324778563656447083e+00 7.984677013853793692e-01
2.337344934270805918e+00 7.649141110082137152e-01
2.349911304885165197e+00 8.794186412801608954e-01
2.362477675499524477e+00 6.707824963318629319e-01
2.375044046113883756e+00 7.815776899912092457e-01
2.387610416728242591e+00 5.907189101062777503e-01
2.400176787342601870e+00 7.650513211597692598e-01
2.412743157956961149e+00 6.747971910953377561e-01
2.425309528571320428e+00 7.751287891374352146e-01
2.437875899185679707e+00 6.528798679060283661e-01
2.450442269800038542e+00 3.947203417888245913e-01
2.463008640414397821e+00 7.153571397775954077e-01
2.475575011028757100e+00 6.970106522923518177e-01
2.488141381643116379e+00 4.403831542501795981e-01
2.500707752257475658e+00 4.996695533585260307e-01
2.513274122871834493e+00 6.521293221371683435e-01
2.525840493486193772e+00 6.323743443958016464e-01
2.538406864100553051e+00 7.391091377947064389e-01
2.550973234714912330e+00 6.863315642234408820e-01
2.563539605329271165e+00 5.466655506049362678e-01
2.576105975943630444e+00 3.760692977188112018e-01
2.588672346557989723e+00 5.048612472256459593e-01
2.601238717172349002e+00 5.046226056182140374e-01
2.613805087786708281e+00 5.085423644216179317e-01
2.626371458401067116e+00 6.453824747963329278e-01
2.638937829015425951e+00 3.889547336832633317e-01
2.651504199629785230e+00 5.631699111513335243e-01
2.664070570244144509e+00 6.705953939821662768e-01
2.676636940858503788e+00 3.840235875245004982e-01
2.689203311472863067e+00 3.781554685875997968e-01
2.701769682087221902e+00 5.120975122516543410e-01
2.714336052701581181e+00 5.320727078868008331e-01
2.726902423315940460e+00 3.780908211158269250e-01
2.739468793930299739e+00 4.047101269190634398e-01
2.752035164544658574e+00 2.513840595253321042e-01
2.764601535159017853e+00 4.440370584930107833e-01
2.777167905773377132e+00 2.968658799402429382e-01
2.789734276387736411e+00 3.506764932876638152e-01
2.802300647002095690e+00 3.058694867589576427e-01
2.814867017616454525e+00 4.064591414001700875e-01
2.827433388230813804e+00 2.608598553034573442e-01
2.839999758845173083e+00 2.044958901758749947e-01
2.852566129459532362e+00 2.803747179178323057e-01
2.865132500073891642e+00 3.824040251549898350e-01
2.877698870688250476e+00 2.430130662265555519e-01
2.890265241302609756e+00 4.306683808163775384e-01
2.902831611916969035e+00 3.027314936527691902e-01
2.915397982531328314e+00 1.954342745263423775e-01
2.927964353145687149e+00 2.058170187987320432e-01
2.940530723760046428e+00 2.487561053265193167e-01
2.953097094374405707e+00 3.100037369839079848e-01
2.965663464988764986e+00 3.924046167572619592e-01
2.978229835603124265e+00 2.803431523940060344e-01
2.990796206217483100e+00 2.402457787116422661e-01
3.003362576831842379e+00 2.172282851118504943e-01
3.015928947446201214e+00 2.441559985959496082e-01
3.028495318060560493e+00 -1.660655730051296963e-02
3.041061688674919772e+00 1.991062890263044505e-01
3.053628059289279051e+00 8.340251652289608353e-02
3.066194429903637886e+00 1.935665818369666225e-01
3.078760800517997165e+00 2.170815036321415425e-01
3.091327171132356444e+00 9.098911851452376465e-02
3.103893541746715723e+00 -8.444245619684276338e-02
3.116459912361074558e+00 -5.726761744273078936e-02
3.129026282975433837e+00 -1.118392467572878191e-01
3.141592653589793116e+00 1.274436872778546281e-01
3.154159024204152395e+00 -9.825777911642671891e-03
3.166725394818511674e+00 -2.092983604094788286e-01
3.179291765432870509e+00 -9.103362941996653857e-02
3.191858136047229788e+00 -2.101042632249971454e-01
3.204424506661589067e+00 -4.204952173220079248e-02
3.216990877275948346e+00 7.480955890589095769e-02
3.229557247890307181e+00 2.223513549579108073e-01
3.242123618504666460e+00 -3.076972698481221513e-02
3.254689989119025739e+00 -1.854697063464172402e-01
3.267256359733385018e+00 -2.294326137482177730e-01
3.279822730347744297e+00 -2.584686521198352738e-01
3.292389100962103132e+00 -4.812918883797959180e-02
3.304955471576462411e+00 -1.451001362892087310e-01
3.317521842190821690e+00 -2.063029025002283690e-01
3.330088212805180969e+00 -2.274424682614633320e-01
3.342654583419540248e+00 -2.922880922965984674e-01
3.355220954033899083e+00 -3.384146074435419593e-01
3.367787324648258362e+00 -2.454599278048235078e-01
3.380353695262617642e+00 -2.043188316174517904e-01
3.392920065876976921e+00 -3.449290796787425339e-01
3.405486436491335756e+00 -3.185193399161774797e-01
3.418052807105695035e+00 -1.801491653607922849e-01
3.430619177720054314e+00 -3.428175661645020966e-01
3.443185548334413593e+00 -2.504423820700830139e-01
3.455751918948772872e+00 -5.424210647800959961e-01
3.468318289563131707e+00 -5.025244444360286167e-01
3.480884660177490986e+00 -3.817993982831793809e-01
3.493451030791850265e+00 -2.364081949728276399e-01
3.506017401406209544e+00 -3.840074801519968162e-01
3.518583772020568823e+00 -2.541905016142158580e-01
3.531150142634927658e+00 -3.119606394864815613e-01
3.543716513249286937e+00 -2.809800882156999191e-01
3.556282883863646216e+00 -1.670670124158675496e-01
3.568849254478005495e+00 -3.303127055479345708e-01
3.581415625092364330e+00 -4.594290095501263327e-01
3.593981995706723609e+00 -4.187472353720844143e-01
3.606548366321082888e+00 -4.077471127720792010e-01
3.619114736935442167e+00 -4.376309729881023292e-01
3.631681107549800558e+00 -3.767957855394782896e-01
3.644247478164159837e+00 -4.558607973239783839e-01
3.656813848778519116e+00 -4.107229452704315165e-01
3.669380219392877951e+00 -5.231426639163248016e-01
3.681946590007237230e+00 -4.442571146926089232e-01
3.694512960621596509e+00 -5.808204555188563045e-01
3.707079331235955788e+00 -5.269228318703168545e-01
3.719645701850315067e+00 -5.574294379947274392e-01
3.732212072464673902e+00 -4.808246211423208294e-01
3.744778443079033181e+00 -5.331598354583950705e-01
3.757344813693392460e+00 -5.818708706847690593e-01
3.769911184307751739e+00 -4.832868375202748479e-01
3.782477554922110574e+00 -5.227946782581935903e-01
3.795043925536469853e+00 -6.905431176072516219e-01
3.807610296150829132e+00 -6.372780583732718940e-01
3.820176666765188411e+00 -5.933846778257474419e-01
3.832743037379547690e+00 -4.314528282506897572e-01
3.845309407993906525e+00 -5.201499498703692215e-01
3.857875778608265804e+00 -6.975334703667417369e-01
3.870442149222625083e+00 -7.604174046213374449e-01
3.883008519836984362e+00 -5.380086571141986518e-01
3.895574890451343641e+00 -6.734009182717994868e-01
3.908141261065702476e+00 -8.011580073401045610e-01
3.920707631680061755e+00 -7.752712854298499101e-01
3.933274002294421035e+00 -6.179414360698127773e-01
3.945840372908780314e+00 -6.368703448929136091e-01
3.958406743523139149e+00 -7.419951944917996256e-01
3.970973114137498428e+00 -8.305819423391304079e-01
3.983539484751857707e+00 -8.133973564039143067e-01
3.996105855366216986e+00 -7.951885875046319496e-01
4.008672225980576265e+00 -8.975092958130660437e-01
4.021238596594935544e+00 -7.929119930174632902e-01
4.033804967209294823e+00 -8.660698298260562922e-01
4.046371337823653214e+00 -8.038973360625546460e-01
4.058937708438012493e+00 -9.127250848076018386e-01
4.071504079052371772e+00 -7.455557162852065600e-01
4.084070449666731051e+00 -8.426350232394207440e-01
4.096636820281090330e+00 -7.312788347648223608e-01
4.109203190895449609e+00 -7.847134006141860407e-01
4.121769561509808888e+00 -8.335066996245873439e-01
4.134335932124168167e+00 -9.381648834122106040e-01
4.146902302738527446e+00 -8.132077716997527794e-01
4.159468673352886725e+00 -9.705223541877987525e-01
4.172035043967245116e+00 -9.583931046911073892e-01
4.184601414581604395e+00 -8.885448723810325244e-01
4.197167785195963674e+00 -1.038595647493217200e+00
4.209734155810322953e+00 -6.146124410416344830e-01
4.222300526424682232e+00 -9.061495417617727588e-01
4.234866897039041511e+00 -1.093789337246268367e+00
4.247433267653400790e+00 -7.587251323683326110e-01
4.259999638267760069e+00 -8.431600841213677811e-01
4.272566008882119348e+00 -8.543969177199670639e-01
4.285132379496477739e+00 -8.818853835916595774e-01
4.297698750110837018e+00 -1.051907041896108286e+00
4.310265120725196297e+00 -8.491930863206575975e-01
4.322831491339555576e+00 -9.814462257905132159e-01
4.335397861953914855e+00 -1.031593024085771360e+00
4.347964232568274134e+00 -9.792309472480980048e-01
4.360530603182633413e+00 -9.735140250932039496e-01
4.373096973796992692e+00 -8.963116179403205486e-01
4.385663344411351972e+00 -7.852653631470567497e-01
4.398229715025710362e+00 -8.499788379344076494e-01
4.410796085640069641e+00 -1.040086307334835869e+00
4.423362456254428032e+00 -9.438120089074608643e-01
4.435928826868787311e+00 -9.044143199101208896e-01
4.448495197483146590e+00 -1.159822794203574592e+00
4.461061568097505869e+00 -1.238939656612922047e+00
4.473627938711865148e+00 -1.189215164698663063e+00
4.486194309326224428e+00 -9.927658281660364237e-01
4.498760679940583707e+00 -1.009191071356419167e+00
4.511327050554942986e+00 -9.864298080270850200e-01
4.523893421169302265e+00 -9.233261017125823367e-01
4.536459791783661544e+00 -1.059089804700085402e+00
4.549026162398019935e+00 -1.014510222549416696e+00
4.561592533012379214e+00 -1.108712016933377731e+00
4.574158903626738493e+00 -1.093854729581107188e+00
4.586725274241097772e+00 -9.877023254133380226e-01
4.599291644855457051e+00 -1.001183220053055489e+00
4.611858015469816330e+00 -9.382997538586821396e-01
4.624424386084175609e+00 -8.802469556854749522e-01
4.636990756698534888e+00 -1.023932391827866439e+00
4.649557127312894167e+00 -9.745930560815903032e-01
4.662123497927252558e+00 -1.069332993115208019e+00
4.674689868541611837e+00 -1.071932899384281823e+00
4.687256239155971116e+00 -1.042252434548904150e+00
4.699822609770330395e+00 -1.137376665533623488e+00
4.712388980384689674e+00 -1.148973029798803003e+00
4.724955350999048953e+00 -1.082761743739531601e+00
4.737521721613408232e+00 -1.088880705254326120e+00
4.750088092227767511e+00 -1.094760155511644628e+00
4.762654462842126790e+00 -1.037901611937801505e+00
4.775220833456485181e+00 -1.002328553371387931e+00
4.787787204070844460e+00 -1.007700713616373367e+00
4.800353574685203739e+00 -9.267954331653173172e-01
4.812919945299563018e+00 -1.028507692742640645e+00
4.825486315913922297e+00 -1.041774140485485445e+00
4.838052686528281576e+00 -9.805382805637976595e-01
4.850619057142640855e+00 -8.014129343999855104e-01
4.863185427757000134e+00 -8.878863439473732022e-01
4.875751798371359413e+00 -9.666238464278176235e-01
4.888318168985717804e+00 -1.049570232965323591e+00
4.900884539600077083e+00 -9.745008623919052537e-01
4.913450910214436362e+00 -1.022844281264006616e+00
4.926017280828795641e+00 -1.039623537709858381e+00
4.938583651443154920e+00 -1.063504142506886296e+00
4.951150022057514200e+00 -9.112891781935973379e-01
4.963716392671873479e+00 -7.761886445622830921e-01
4.976282763286232758e+00 -9.760988622980083518e-01
4.988849133900592037e+00 -1.100758964261008721e+00
5.001415504514951316e+00 -8.670668371508899464e-01
5.013981875129309707e+00 -8.897712280370203564e-01
5.026548245743668986e+00 -1.007013546082190958e+00
5.039114616358028265e+00 -1.062038582088242533e+00
5.051680986972387544e+00 -9.927459549460440069e-01
5.064247357586746823e+00 -9.284680712886025367e-01
5.076813728201106102e+00 -9.533823592770385158e-01
5.089380098815465381e+00 -9.154030520565926698e-01
5.101946469429824660e+00 -8.959517014418822978e-01
5.114512840044183939e+00 -9.027544941449258120e-01
5.127079210658542330e+00 -9.600248335649140818e-01
5.139645581272901609e+00 -9.695554038044804646e-01
5.152211951887260888e+00 -9.365843112474439014e-01
5.164778322501620167e+00 -8.735158565806829811e-01
5.177344693115979446e+00 -8.986299031518291125e-01
5.189911063730338725e+00 -8.207550318306061632e-01
5.202477434344698004e+00 -7.244129298091952496e-01
5.215043804959057283e+00 -8.329379976640588490e-01
5.227610175573416562e+00 -7.764723607725687593e-01
5.240176546187774953e+00 -7.458440378108595059e-01
5.252742916802134232e+00 -1.023342993130900158e+00
5.265309287416492623e+00 -9.503194165106807478e-01
5.277875658030851902e+00 -9.411469212355113578e-01
5.290442028645211181e+00 -6.877731909586068948e-01
5.303008399259570460e+00 -7.637876215564934901e-01
5.315574769873929739e+00 -9.415171292660801106e-01
5.328141140488289018e+00 -9.346653109712805829e-01
5.340707511102648297e+00 -1.007400042598545209e+00
5.353273881717007576e+00 -9.743809997674511836e-01
5.365840252331366855e+00 -5.879034542501799798e-01
5.378406622945726134e+00 -7.444162292292153538e-01
5.390972993560084525e+00 -6.385749996730485378e-01
5.403539364174443804e+00 -8.671609001946456452e-01
5.416105734788803083e+00 -7.340598905366437776e-01
5.428672105403162362e+00 -7.956803357827987311e-01
5.441238476017521641e+00 -7.594026113727585514e-01
5.453804846631880920e+00 -8.386386529154404856e-01
5.466371217246240199e+00 -1.038584816073978123e+00
5.478937587860599479e+00 -6.955021061584918396e-01
5.491503958474958758e+00 -8.358565189562900954e-01
5.504070329089317148e+00 -5.961329058194035913e-01
5.516636699703676427e+00 -7.142962014081967181e-01
5.529203070318035707e+00 -7.945202768511945290e-01
5.541769440932394986e+00 -7.339634100832834740e-01
5.554335811546754265e+00 -5.728430041414498408e-01
5.566902182161113544e+00 -6.158430918533531750e-01
5.579468552775472823e+00 -8.460579227699922544e-01
5.592034923389832102e+00 -5.290945324884973600e-01
5.604601294004191381e+00 -6.249933487727854509e-01
5.617167664618549772e+00 -3.467202311921628866e-01
5.629734035232909051e+00 -6.847373649949514141e-01
5.642300405847268330e+00 -4.937041835256346101e-01
5.654866776461627609e+00 -5.917679070731992619e-01
5.667433147075986888e+00 -6.927862256519926598e-01
5.679999517690346167e+00 -5.909900638286255115e-01
5.692565888304705446e+00 -5.964660703000754793e-01
5.705132258919064725e+00 -5.320704294593322503e-01
5.717698629533424004e+00 -6.996724683500059605e-01
5.730265000147783283e+00 -4.224603982902189747e-01
5.742831370762141674e+00 -5.723103145382043566e-01
5.755397741376500953e+00 -4.028218129759609800e-01
5.767964111990860232e+00 -5.797754887436985527e-01
5.780530482605219511e+00 -2.755953925083451939e-01
5.793096853219578790e+00 -5.552067962875321117e-01
5.805663223833938069e+00 -4.625625379421711703e-01
5.818229594448297348e+00 -6.036930634276713725e-01
5.830795965062656627e+00 -4.895743123439030842e-01
5.843362335677015906e+00 -4.073734432746897727e-01
5.855928706291374297e+00 -3.449512689417204014e-01
5.868495076905733576e+00 -3.063694728770910425e-01
5.881061447520092855e+00 -4.862562539688021213e-01
5.893627818134452134e+00 -3.739281332346739428e-01
5.906194188748811413e+00 -4.264582613912987208e-01
5.918760559363170692e+00 -3.023050720867960228e-01
5.931326929977529971e+00 -3.246953350712049047e-01
5.943893300591889250e+00 -3.502762908930756036e-01
5.956459671206248530e+00 -1.585737751574710919e-01
5.969026041820606920e+00 -2.235898765205429906e-01
5.981592412434966199e+00 -2.676617197822728222e-01
5.994158783049325478e+00 -3.239371314792437451e-01
6.006725153663684758e+00 -3.768794347317327431e-01
6.019291524278044037e+00 -2.112996297507279686e-01
6.031857894892402427e+00 -4.015094556017534400e-01
6.044424265506761706e+00 -1.982185329428566289e-01
6.056990636121120986e+00 -6.203962439996743572e-02
6.069557006735480265e+00 -3.242090141513844226e-01
6.082123377349839544e+00 -6.945439575733997062e-02
6.094689747964198823e+00 -2.693250336201791217e-01
6.107256118578558102e+00 -1.605747840341915367e-01
6.119822489192916493e+00 -1.952572170074283187e-01
6.132388859807275772e+00 -2.463833835283082974e-01
6.144955230421635051e+00 -9.420539023985960436e-02
6.157521601035994330e+00 -2.455288621549001626e-01
6.170087971650353609e+00 -3.796344529648837396e-02
6.182654342264712888e+00 -1.210496006341473807e-01
6.195220712879072167e+00 -1.982894759452711320e-01
6.207787083493431446e+00 -1.138092541345254449e-01
6.220353454107790725e+00 -4.828948545242611051e-02
6.232919824722149116e+00 2.942852343675510240e-02
6.245486195336508395e+00 -1.226547474506417268e-01
6.258052565950867674e+00 6.710923337351970552e-02
6.270618936565226953e+00 -1.466634160669025855e-01
