0.000000000000000000e+00 -8.348159579199981861e-02
1.256637061435917323e-02 1.942642706360625179e-02
2.513274122871834645e-02 -1.137674266020572908e-02
3.769911184307751795e-02 -1.828967250536477074e-01
5.026548245743669291e-02 1.619076705554948759e-01
6.283185307179586787e-02 1.669836506234886331e-01
7.539822368615503589e-02 6.331127154505021559e-02
8.796459430051420392e-02 2.970330541820164205e-01
1.005309649148733858e-01 1.219458969899004513e-01
1.130973355292325677e-01 9.251462418617632799e-02
1.256637061435917357e-01 1.422970589277160469e-01
1.382300767579508760e-01 2.262321901771492394e-01
1.507964473723100718e-01 1.928052747846668857e-01
1.633628179866692676e-01 1.664591733087947278e-01
1.759291886010284078e-01 1.690614018483237724e-01
1.884955592153875759e-01 2.663047500366804154e-01
2.010619298297467716e-01 3.612820933101646981e-01
2.136283004441059397e-01 1.108785301438392074e-01
2.261946710584651354e-01 3.199662412694867508e-01
2.387610416728242757e-01 3.028662529181088692e-01
2.513274122871834715e-01 1.340590239426008301e-01
2.638937829015426395e-01 3.729904252170684886e-01
2.764601535159017520e-01 3.181665347910571651e-01
2.890265241302609756e-01 3.154986874960538645e-01
3.015928947446201436e-01 2.127859444603134031e-01
3.141592653589793116e-01 1.660026390909569438e-01
3.267256359733385351e-01 2.624772060667318052e-01
3.392920065876976476e-01 2.223403562660185850e-01
3.518583772020568157e-01 4.018085269797452286e-01
3.644247478164160392e-01 5.028000579579996465e-01
3.769911184307751517e-01 5.083319117173769053e-01
3.895574890451343197e-01 2.474643117009615034e-01
4.021238596594935433e-01 3.048590959895485231e-01
4.146902302738527113e-01 3.866253431684664177e-01
4.272566008882118793e-01 4.750281343119058808e-01
4.398229715025711029e-01 3.061285885747984103e-01
4.523893421169302709e-01 3.285823551430891443e-01
4.649557127312893834e-01 5.235262691921090950e-01
4.775220833456485514e-01 5.682394983466759752e-01
4.900884539600077194e-01 3.650309160810518705e-01
5.026548245743669430e-01 5.136106171128237419e-01
5.152211951887261110e-01 4.829327576472482453e-01
5.277875658030852790e-01 4.369820323785699179e-01
5.403539364174444470e-01 4.105908318530765433e-01
5.529203070318035040e-01 4.636945262299423942e-01
5.654866776461627831e-01 5.708488274845031629e-01
5.780530482605219511e-01 5.319458235860902162e-01
5.906194188748811191e-01 6.227327947261218632e-01
6.031857894892402872e-01 5.442341991407428914e-01
6.157521601035994552e-01 5.632836668757026377e-01
6.283185307179586232e-01 6.151842130481429693e-01
6.408849013323177912e-01 7.132584712329858023e-01
6.534512719466770703e-01 5.977538571453456795e-01
6.660176425610361273e-01 7.973168556431655674e-01
6.785840131753952953e-01 5.335671096625348442e-01
6.911503837897544633e-01 6.072829132427532972e-01
7.037167544041136313e-01 6.671566599358268457e-01
7.162831250184729104e-01 8.039057383176669846e-01
7.288494956328320784e-01 6.208599459937893528e-01
7.414158662471912464e-01 6.218517719280638456e-01
7.539822368615503034e-01 8.272986828790895864e-01
7.665486074759094715e-01 8.336923170223903279e-01
7.791149780902686395e-01 6.922693179090272375e-01
7.916813487046279185e-01 7.280763101104847923e-01
8.042477193189870865e-01 6.336932883227968105e-01
8.168140899333462546e-01 6.421285149400508541e-01
8.293804605477054226e-01 8.017868956150591142e-01
8.419468311620645906e-01 6.713957586777841158e-01
8.545132017764237586e-01 8.446216504872484654e-01
8.670795723907829267e-01 6.439502634773899281e-01
8.796459430051422057e-01 7.752913347441372505e-01
8.922123136195013737e-01 6.927425327832623658e-01
9.047786842338605418e-01 8.798867052779948406e-01
9.173450548482194877e-01 9.251896192829235366e-01
9.299114254625787668e-01 6.708525670067989610e-01
9.424777960769379348e-01 8.905044219337354683e-01
9.550441666912971028e-01 6.859732370877023033e-01
9.676105373056562708e-01 8.681206235331191401e-01
9.801769079200154389e-01 7.689097083333998883e-01
9.927432785343746069e-01 6.481795737558135873e-01
1.005309649148733886e+00 9.023384441727724248e-01
1.017876019763092943e+00 8.508093607936786373e-01
1.030442390377452222e+00 1.084880100720438501e+00
1.043008760991811279e+00 8.677693272019710857e-01
1.055575131606170558e+00 8.423398771259513751e-01
1.068141502220529837e+00 7.103001519465839131e-01
1.080707872834888894e+00 8.133066871522459662e-01
1.093274243449248173e+00 1.026816862264009034e+00
1.105840614063607008e+00 9.772375567863424983e-01
1.118406984677966287e+00 8.698618045407739974e-01
1.130973355292325566e+00 9.706524167410611748e-01
1.143539725906684623e+00 9.966444578343591765e-01
1.156106096521043902e+00 8.852086726282150098e-01
1.168672467135402959e+00 9.570254476316372161e-01
1.181238837749762238e+00 8.049154137907404971e-01
1.193805208364121295e+00 1.021846959350940276e+00
1.206371578978480574e+00 8.021727764103724345e-01
1.218937949592839853e+00 1.041589900574586114e+00
1.231504320207198910e+00 8.993187662107550162e-01
1.244070690821558189e+00 8.529705370478635196e-01
1.256637061435917246e+00 1.076912152937651301e+00
1.269203432050276525e+00 1.044782278706420930e+00
1.281769802664635582e+00 1.020292322544246399e+00
1.294336173278994861e+00 9.175876900440118611e-01
1.306902543893354141e+00 9.667991589398636787e-01
1.319468914507712975e+00 1.130362016748509557e+00
1.332035285122072255e+00 1.002480734951040064e+00
1.344601655736431534e+00 9.039209526602219880e-01
1.357168026350790591e+00 8.567032815156720993e-01
1.369734396965149870e+00 1.077976484436444116e+00
1.382300767579508927e+00 1.065242869864807762e+00
1.394867138193868206e+00 9.388957214398412354e-01
1.407433508808227263e+00 1.067621771159294575e+00
1.419999879422586542e+00 1.122595217282049695e+00
1.432566250036945821e+00 9.864313272260384347e-01
1.445132620651304878e+00 8.842815682107163511e-01
1.457698991265664157e+00 1.007271983957983563e+00
1.470265361880023214e+00 1.056290664938501545e+00
1.482831732494382493e+00 9.061876087699560767e-01
1.495398103108741550e+00 9.629707073212830926e-01
1.507964473723100607e+00 1.051430949525829828e+00
1.520530844337459886e+00 1.034227125019307580e+00
1.533097214951818943e+00 9.194984901669827071e-01
1.545663585566178222e+00 9.469505971285921975e-01
1.558229956180537279e+00 1.087965237107175964e+00
1.570796326794896558e+00 1.038031948264820370e+00
1.583362697409255837e+00 1.140525521057576208e+00
1.595929068023614894e+00 9.488042828171078247e-01
1.608495438637974173e+00 1.010482396338995503e+00
1.621061809252333230e+00 9.957018533480836986e-01
1.633628179866692509e+00 1.012494942290138367e+00
1.646194550481051566e+00 8.998845575267346852e-01
1.658760921095410845e+00 8.457950852503806072e-01
1.671327291709770124e+00 1.007455532318415559e+00
1.683893662324129181e+00 1.077053611635638397e+00
1.696460032938488460e+00 1.056225210457486297e+00
1.709026403552847517e+00 1.127532149012015372e+00
1.721592774167206796e+00 9.880199763393592294e-01
1.734159144781565853e+00 1.087032497048605162e+00
1.746725515395925132e+00 9.107194732416413752e-01
1.759291886010284411e+00 1.153468671469739526e+00
1.771858256624643468e+00 1.187122058458672802e+00
1.784424627239002747e+00 9.898702662060780977e-01
1.796990997853361804e+00 7.776101934983873365e-01
1.809557368467721084e+00 7.953069929213611999e-01
1.822123739082079918e+00 9.018710154901830034e-01
1.834690109696438975e+00 1.056574576130990595e+00
1.847256480310798255e+00 1.191503429584145568e+00
1.859822850925157534e+00 8.952246391827863858e-01
1.872389221539516591e+00 9.892955114434163200e-01
1.884955592153875870e+00 9.811350358880461808e-01
1.897521962768234927e+00 1.080342460911312807e+00
1.910088333382594206e+00 9.790192123334021668e-01
1.922654703996953263e+00 9.383730730113165608e-01
1.935221074611312542e+00 8.892650607865277834e-01
1.947787445225671821e+00 9.558009969830368879e-01
1.960353815840030878e+00 1.078833259339796458e+00
1.972920186454390157e+00 8.274159152442492893e-01
1.985486557068749214e+00 9.387762012104282627e-01
1.998052927683108493e+00 9.140045188185706992e-01
2.010619298297467772e+00 9.219516903159885590e-01
2.023185668911826607e+00 9.044272444241566733e-01
2.035752039526185886e+00 8.109139032047285589e-01
2.048318410140545165e+00 9.831763219906297646e-01
2.060884780754904444e+00 8.387750011074014411e-01
2.073451151369263723e+00 9.444581592552193650e-01
2.086017521983622558e+00 8.181078596584734353e-01
2.098583892597981837e+00 9.080121358413546506e-01
2.111150263212341116e+00 7.346189249375649766e-01
2.123716633826700395e+00 6.808237535150788444e-01
2.136283004441059674e+00 1.006925349351906362e+00
2.148849375055418509e+00 8.250261254921767984e-01
2.161415745669777788e+00 7.490647285455652726e-01
2.173982116284137067e+00 8.839701356381491903e-01
2.186548486898496346e+00 7.397403595213160044e-01
2.199114857512855181e+00 7.888863363350004931e-01
2.211681228127214016e+00 8.401617936093055405e-01
2.224247598741573295e+00 6.866862407004737934e-01
2.236813969355932574e+00 6.581715993042880353e-01
2.249380339970291853e+00 7.737480575359818591e-01
2.261946710584651132e+00 7.007420921908997791e-01
2.274513081199009967e+00 6.733550695272779718e-01
2.287079451813369246e+00 8.008007491566496716e-01
2.299645822427728525e+00 6.185764587265423220e-01
2.312212193042087804e+00 7.555340839449041779e-01
2.324778563656447083e+00 8.142045379048343801e-01
2.337344934270805918e+00 9.396041248989096539e-01
2.349911304885165197e+00 8.051153620127634580e-01
2.362477675499524477e+00 7.170666482963919952e-01
2.375044046113883756e+00 6.748926418019944862e-01
2.387610416728242591e+00 8.112257879073101474e-01
2.400176787342601870e+00 7.794655217924306712e-01
2.412743157956961149e+00 5.470568940174165284e-01
2.425309528571320428e+00 6.261477929753829219e-01
2.437875899185679707e+00 5.605253146888026228e-01
2.450442269800038542e+00 5.480531031099371564e-01
2.463008640414397821e+00 6.683650589416868515e-01
2.475575011028757100e+00 7.072949068964372588e-01
2.488141381643116379e+00 6.709922033225323990e-01
2.500707752257475658e+00 8.269397418070333350e-01
2.513274122871834493e+00 7.293734301067651415e-01
2.525840493486193772e+00 4.499770444863366858e-01
2.538406864100553051e+00 6.099791041852850038e-01
2.550973234714912330e+00 6.233054608682428999e-01
2.563539605329271165e+00 5.606746457537593598e-01
2.576105975943630444e+00 7.064508121551437148e-01
2.588672346557989723e+00 4.867817809062572887e-01
2.601238717172349002e+00 4.954238527141071602e-01
2.613805087786708281e+00 5.085835825277961186e-01
2.626371458401067116e+00 3.721298038907377426e-01
2.638937829015425951e+00 1.860601317188989579e-01
2.651504199629785230e+00 3.634151337659330960e-01
2.664070570244144509e+00 3.037460588961158892e-01
2.676636940858503788e+00 4.060559481886273914e-01
2.689203311472863067e+00 3.360567223301353934e-01
2.701769682087221902e+00 4.756024127430638071e-01
2.714336052701581181e+00 3.956974654474629260e-01
2.726902423315940460e+00 3.747772923197634776e-01
2.739468793930299739e+00 4.307721499465581028e-01
2.752035164544658574e+00 2.628336605575313789e-01
2.764601535159017853e+00 4.880265693883892864e-01
2.777167905773377132e+00 3.778639813947410886e-01
2.789734276387736411e+00 2.498802904001687364e-01
2.802300647002095690e+00 3.594880490294244391e-01
2.814867017616454525e+00 2.247121201320477213e-01
2.827433388230813804e+00 3.799492473537883219e-01
2.839999758845173083e+00 2.655858961467013613e-01
2.852566129459532362e+00 2.188856416684715200e-01
2.865132500073891642e+00 3.484689462639561364e-01
2.877698870688250476e+00 3.361641663352837317e-01
2.890265241302609756e+00 2.921435408876622009e-01
2.902831611916969035e+00 2.806950052791704620e-01
2.915397982531328314e+00 2.135207426484332371e-01
2.927964353145687149e+00 1.723994615244556217e-01
2.940530723760046428e+00 2.460512012179852104e-01
2.953097094374405707e+00 1.005123816852459689e-01
2.965663464988764986e+00 2.176827056189029330e-01
2.978229835603124265e+00 1.938188959693483704e-01
2.990796206217483100e+00 1.273362694248637295e-01
3.003362576831842379e+00 3.232773442619898963e-01
3.015928947446201214e+00 2.478605151592960798e-01
3.028495318060560493e+00 3.889827997281350425e-02
3.041061688674919772e+00 1.484923352898817051e-01
3.053628059289279051e+00 5.064035947481130423e-02
3.066194429903637886e+00 3.677310351833332769e-01
3.078760800517997165e+00 7.104488568710298768e-02
3.091327171132356444e+00 -1.430860874636060570e-02
3.103893541746715723e+00 3.010411693831427024e-02
3.116459912361074558e+00 1.674679624698085512e-01
3.129026282975433837e+00 1.406790624507453236e-01
3.141592653589793116e+00 -1.593334913258112606e-02
3.154159024204152395e+00 -6.915551208378774295e-02
3.166725394818511674e+00 -4.129420194877242434e-02
3.179291765432870509e+00 -1.931222550389200543e-01
3.191858136047229788e+00 -2.837157745864529734e-02
3.204424506661589067e+00 -1.571894294832454908e-01
3.216990877275948346e+00 -1.653323770063605536e-01
3.229557247890307181e+00 4.747618102791950623e-03
3.242123618504666460e+00 -2.462331919097118238e-01
3.254689989119025739e+00 -1.157497738659999387e-01
3.267256359733385018e+00 -1.023269068567043694e-01
3.279822730347744297e+00 -1.006043441100403779e-01
3.292389100962103132e+00 -6.951073831918637425e-02
3.304955471576462411e+00 -3.322613672297016207e-01
3.317521842190821690e+00 -1.914355110874824961e-01
3.330088212805180969e+00 -2.922335051632518610e-02
3.342654583419540248e+00 -5.327869335755633373e-02
3.355220954033899083e+00 -1.457267911517768910e-01
3.367787324648258362e+00 -2.031716291877713743e-01
3.380353695262617642e+00 -3.350449783656063163e-01
3.392920065876976921e+00 -2.788786040358603446e-01
3.405486436491335756e+00 -1.514120703250331212e-01
3.418052807105695035e+00 -1.561943193996925272e-01
3.430619177720054314e+00 -1.818606545918267092e-01
3.443185548334413593e+00 -3.178571863903467687e-01
3.455751918948772872e+00 -2.369279307939964607e-01
3.468318289563131707e+00 -2.837607405298501750e-01
3.480884660177490986e+00 -5.266056258254150357e-01
3.493451030791850265e+00 -3.009991940662252174e-01
3.506017401406209544e+00 -2.908596041763062967e-01
3.518583772020568823e+00 -3.439762341144498858e-01
3.531150142634927658e+00 -5.203515442141536385e-01
3.543716513249286937e+00 -5.240819171845154667e-01
3.556282883863646216e+00 -4.442952073590912265e-01
3.568849254478005495e+00 -1.422424173198735264e-01
3.581415625092364330e+00 -5.799319542908137892e-01
3.593981995706723609e+00 -2.281196605332536653e-01
3.606548366321082888e+00 -4.545624772705115224e-01
3.619114736935442167e+00 -4.963531923802994572e-01
3.631681107549800558e+00 -4.373622295604758792e-01
3.644247478164159837e+00 -5.299388354252155819e-01
3.656813848778519116e+00 -4.629204284496390431e-01
3.669380219392877951e+00 -6.567991937810615521e-01
3.681946590007237230e+00 -6.284641389070936279e-01
3.694512960621596509e+00 -5.614093468118117602e-01
3.707079331235955788e+00 -6.579715257888543167e-01
3.719645701850315067e+00 -5.676655576511527856e-01
3.732212072464673902e+00 -6.642206961392869147e-01
3.744778443079033181e+00 -6.433965372087583345e-01
3.757344813693392460e+00 -4.490488434287506214e-01
3.769911184307751739e+00 -4.458252307186179042e-01
3.782477554922110574e+00 -6.215182671229864120e-01
3.795043925536469853e+00 -7.019247992360690969e-01
3.807610296150829132e+00 -3.933648373702974821e-01
3.820176666765188411e+00 -5.908736193352013277e-01
3.832743037379547690e+00 -7.798782054556648857e-01
3.845309407993906525e+00 -5.345466136521104250e-01
3.857875778608265804e+00 -7.122881756448262713e-01
3.870442149222625083e+00 -4.924444670902488053e-01
3.883008519836984362e+00 -9.070456667752031521e-01
3.895574890451343641e+00 -6.590139652316506780e-01
3.908141261065702476e+00 -7.229967838611522923e-01
3.920707631680061755e+00 -9.367810625382118062e-01
3.933274002294421035e+00 -5.070124740818476861e-01
3.945840372908780314e+00 -7.831369538193212465e-01
3.958406743523139149e+00 -8.069400702028913797e-01
3.970973114137498428e+00 -7.732189915418156145e-01
3.983539484751857707e+00 -8.879303890704790536e-01
3.996105855366216986e+00 -7.472786319226143448e-01
4.008672225980576265e+00 -7.922522950540100695e-01
4.021238596594935544e+00 -7.945045557563985561e-01
4.033804967209294823e+00 -9.117743848789165995e-01
4.046371337823653214e+00 -8.575286510372919224e-01
4.058937708438012493e+00 -6.830188061822413115e-01
4.071504079052371772e+00 -8.263889635377146270e-01
4.084070449666731051e+00 -7.762469004251765226e-01
4.096636820281090330e+00 -8.868684621908874410e-01
4.109203190895449609e+00 -7.127705098971104380e-01
4.121769561509808888e+00 -8.686153835503364062e-01
4.134335932124168167e+00 -8.528109761402000721e-01
4.146902302738527446e+00 -9.058088333082462418e-01
4.159468673352886725e+00 -8.442679706979061560e-01
4.172035043967245116e+00 -8.830174304478363156e-01
4.184601414581604395e+00 -9.880756390263261135e-01
4.197167785195963674e+00 -6.276738542144583155e-01
4.209734155810322953e+00 -9.528056570146901105e-01
4.222300526424682232e+00 -8.630143740520610507e-01
4.234866897039041511e+00 -7.567531834249210387e-01
4.247433267653400790e+00 -8.317242783199647604e-01
4.259999638267760069e+00 -8.915529927158576395e-01
4.272566008882119348e+00 -9.225101926152229348e-01
4.285132379496477739e+00 -9.792613818477775567e-01
4.297698750110837018e+00 -1.133478682766014156e+00
4.310265120725196297e+00 -1.151846928235800149e+00
4.322831491339555576e+00 -9.925625117854551815e-01
4.335397861953914855e+00 -9.615413641995269600e-01
4.347964232568274134e+00 -6.250832101613650327e-01
4.360530603182633413e+00 -6.919953258754606429e-01
4.373096973796992692e+00 -1.001829369226858502e+00
4.385663344411351972e+00 -1.112483912533556163e+00
4.398229715025710362e+00 -8.772883717419893701e-01
4.410796085640069641e+00 -9.473366290737076367e-01
4.423362456254428032e+00 -9.924912876986135002e-01
4.435928826868787311e+00 -1.060722698888288740e+00
4.448495197483146590e+00 -1.028018030455813969e+00
4.461061568097505869e+00 -8.690622436788560945e-01
4.473627938711865148e+00 -1.064386302893144398e+00
4.486194309326224428e+00 -1.162611053263268968e+00
4.498760679940583707e+00 -1.011049808255295224e+00
4.511327050554942986e+00 -8.955181762418206182e-01
4.523893421169302265e+00 -8.853711756063799010e-01
4.536459791783661544e+00 -1.058286344946628432e+00
4.549026162398019935e+00 -1.034997821954857233e+00
4.561592533012379214e+00 -7.665525628702892780e-01
4.574158903626738493e+00 -9.597310455649189498e-01
4.586725274241097772e+00 -1.069621528662656029e+00
4.599291644855457051e+00 -9.967923803271067085e-01
4.611858015469816330e+00 -9.567238134337392452e-01
4.624424386084175609e+00 -7.997420869443450098e-01
4.636990756698534888e+00 -1.019112242120689293e+00
4.649557127312894167e+00 -1.105939511935105424e+00
4.662123497927252558e+00 -1.218713123806398624e+00
4.674689868541611837e+00 -9.443134705765152681e-01
4.687256239155971116e+00 -8.869842034432271483e-01
4.699822609770330395e+00 -7.507349453985081578e-01
4.712388980384689674e+00 -9.542307728400230005e-01
4.724955350999048953e+00 -1.072199994931598566e+00
4.737521721613408232e+00 -1.315636612230798530e+00
4.750088092227767511e+00 -9.331151562066952732e-01
4.762654462842126790e+00 -9.615953463548204683e-01
4.775220833456485181e+00 -8.900968548608447772e-01
4.787787204070844460e+00 -1.031762773435438207e+00
4.800353574685203739e+00 -1.016609823006567437e+00
4.812919945299563018e+00 -1.011108123393037017e+00
4.825486315913922297e+00 -1.119762743371335967e+00
4.838052686528281576e+00 -8.638015769412253908e-01
4.850619057142640855e+00 -9.669168094238350664e-01
4.863185427757000134e+00 -1.067698632704648265e+00
4.875751798371359413e+00 -8.203379588378334475e-01
4.888318168985717804e+00 -9.557690795127125050e-01
4.900884539600077083e+00 -9.458457121224514985e-01
4.913450910214436362e+00 -1.067561491643769900e+00
4.926017280828795641e+00 -1.229981278562162883e+00
4.938583651443154920e+00 -1.071880689973552681e+00
4.951150022057514200e+00 -9.946657329380511614e-01
4.963716392671873479e+00 -8.413310606779064171e-01
4.976282763286232758e+00 -8.723498161413716367e-01
4.988849133900592037e+00 -9.798206421418540479e-01
5.001415504514951316e+00 -7.425754444134482490e-01
5.013981875129309707e+00 -9.619606360418782032e-01
5.026548245743668986e+00 -9.908325256143686310e-01
5.039114616358028265e+00 -9.418858062748781679e-01
5.051680986972387544e+00 -9.173169459762167133e-01
5.064247357586746823e+00 -1.126661034811846429e+00
5.076813728201106102e+00 -1.080104511219433849e+00
5.089380098815465381e+00 -8.805307230458345735e-01
5.101946469429824660e+00 -9.695127110879556698e-01
5.114512840044183939e+00 -8.830872498781610069e-01
5.127079210658542330e+00 -9.876959361787626124e-01
5.139645581272901609e+00 -8.529566935808590156e-01
5.152211951887260888e+00 -7.311926939315835927e-01
5.164778322501620167e+00 -8.943865991077376565e-01
5.177344693115979446e+00 -8.587969987009690387e-01
5.189911063730338725e+00 -7.716442368017876197e-01
5.202477434344698004e+00 -8.616885206400013431e-01
5.215043804959057283e+00 -1.051127375954914234e+00
5.227610175573416562e+00 -7.838490146343912723e-01
5.240176546187774953e+00 -8.446690433283916555e-01
5.252742916802134232e+00 -7.398372410591570469e-01
5.265309287416492623e+00 -8.315975902390398966e-01
5.277875658030851902e+00 -7.272668339733462384e-01
5.290442028645211181e+00 -9.018557182670142724e-01
5.303008399259570460e+00 -9.073113339836110791e-01
5.315574769873929739e+00 -8.742899750134810466e-01
5.328141140488289018e+00 -9.096368050997911681e-01
5.340707511102648297e+00 -8.517221465079227727e-01
5.353273881717007576e+00 -6.614592016216349624e-01
5.365840252331366855e+00 -6.682881487398746323e-01
5.378406622945726134e+00 -7.439961533907687441e-01
5.390972993560084525e+00 -7.099952903728057318e-01
5.403539364174443804e+00 -7.823749537080202376e-01
5.416105734788803083e+00 -6.936728537216101387e-01
5.428672105403162362e+00 -7.561764232924433893e-01
5.441238476017521641e+00 -6.364957878157032622e-01
5.453804846631880920e+00 -5.920395727016233289e-01
5.466371217246240199e+00 -6.189748897014173412e-01
5.478937587860599479e+00 -7.874950720251046032e-01
5.491503958474958758e+00 -6.158616697606533741e-01
5.504070329089317148e+00 -8.049728377389704370e-01
5.516636699703676427e+00 -8.410140539448007768e-01
5.529203070318035707e+00 -7.110053914293322785e-01
5.541769440932394986e+00 -6.564048053226891888e-01
5.554335811546754265e+00 -6.068929250393170216e-01
5.566902182161113544e+00 -5.720987039938837393e-01
5.579468552775472823e+00 -6.762541131041238662e-01
5.592034923389832102e+00 -5.571782603131141265e-01
5.604601294004191381e+00 -6.635906889688074628e-01
5.617167664618549772e+00 -7.675448838886179681e-01
5.629734035232909051e+00 -6.453943868685555474e-01
5.642300405847268330e+00 -4.583867285085942433e-01
5.654866776461627609e+00 -5.580098610414173654e-01
5.667433147075986888e+00 -6.900127994789315711e-01
5.679999517690346167e+00 -5.482552818090580260e-01
5.692565888304705446e+00 -4.972239592191641799e-01
5.705132258919064725e+00 -5.967952451856144425e-01
5.717698629533424004e+00 -3.822824151627119971e-01
5.730265000147783283e+00 -5.641939428798217193e-01
5.742831370762141674e+00 -3.613276687211877114e-01
5.755397741376500953e+00 -6.044402297065537555e-01
5.767964111990860232e+00 -4.239913125223032653e-01
5.780530482605219511e+00 -3.965940206895217091e-01
5.793096853219578790e+00 -5.235626438904126267e-01
5.805663223833938069e+00 -5.268009747008512988e-01
5.818229594448297348e+00 -6.415394533763223439e-01
5.830795965062656627e+00 -4.573107654465969896e-01
5.843362335677015906e+00 -4.501336477699477423e-01
5.855928706291374297e+00 -3.220240521567799830e-01
5.868495076905733576e+00 -4.792291063384607752e-01
5.881061447520092855e+00 -4.079780780658546213e-01
5.893627818134452134e+00 -3.427339965380790110e-01
5.906194188748811413e+00 -3.087995099697336543e-01
5.918760559363170692e+00 -1.838770133601530798e-01
5.931326929977529971e+00 -5.201953667112134694e-01
5.943893300591889250e+00 -2.437741554366186780e-01
5.956459671206248530e+00 -3.375187746938907996e-01
5.969026041820606920e+00 -2.935608360304222675e-01
5.981592412434966199e+00 -4.814693094314080324e-01
5.994158783049325478e+00 -3.624446536498176497e-01
6.006725153663684758e+00 -2.715868861687443236e-01
6.019291524278044037e+00 -2.748767768579676862e-01
6.031857894892402427e+00 -6.825472854228106789e-02
6.044424265506761706e+00 -1.719810142158790800e-01
6.056990636121120986e+00 -4.001333059126639391e-01
6.069557006735480265e+00 -1.023654128033081867e-01
6.082123377349839544e+00 -1.143848514775038377e-01
6.094689747964198823e+00 -2.846064926027884190e-01
6.107256118578558102e+00 -2.430253725994144798e-01
6.119822489192916493e+00 -2.129725017804689480e-01
6.132388859807275772e+00 -2.548647689074173828e-03
6.144955230421635051e+00 -6.557237089651181405e-02
6.157521601035994330e+00 -8.791573822576434494e-02
6.170087971650353609e+00 -1.518117116392958543e-01
6.182654342264712888e+00 -8.679193822860543917e-02
6.195220712879072167e+00 -4.704516302403517758e-02
6.207787083493431446e+00 -1.189016672494560972e-01
6.220353454107790725e+00 -3.520587260889794512e-02
6.232919824722149116e+00 -2.391674886269935518e-01
6.245486195336508395e+00 -1.665724230072777035e-01
6.258052565950867674e+00 1.007788188108224570e-01
6.270618936565226953e+00 -8.913589008422892132e-03
