0.000000000000000000e+00 -5.300382319078442844e-02
1.256637061435917323e-02 -6.680463104359399273e-02
2.513274122871834645e-02 5.515392777883818681e-02
3.769911184307751795e-02 9.320049046451561736e-02
5.026548245743669291e-02 5.634382883444465778e-02
6.283185307179586787e-02 -3.548388188055945358e-03
7.539822368615503589e-02 5.626211737059670648e-02
8.796459430051420392e-02 1.021395040421985145e-01
1.005309649148733858e-01 -1.618020219128493420e-01
1.130973355292325677e-01 1.453211533680281442e-01
1.256637061435917357e-01 1.399407572012564827e-01
1.382300767579508760e-01 1.220418658624120023e-01
1.507964473723100718e-01 2.303630200682638129e-04
1.633628179866692676e-01 6.978507400414059314e-02
1.759291886010284078e-01 1.159118302624934371e-01
1.884955592153875759e-01 3.030532577226029978e-01
2.010619298297467716e-01 2.002700863178319968e-01
2.136283004441059397e-01 1.006026891868727624e-02
2.261946710584651354e-01 1.594444426563991768e-01
2.387610416728242757e-01 1.890242394603414144e-01
2.513274122871834715e-01 2.236489138288647316e-01
2.638937829015426395e-01 2.028939963796300427e-01
2.764601535159017520e-01 2.055131356858976022e-01
2.890265241302609756e-01 2.110642322071629440e-01
3.015928947446201436e-01 3.689490020016208960e-01
3.141592653589793116e-01 2.488030809860009573e-01
3.267256359733385351e-01 4.162947397624851553e-01
3.392920065876976476e-01 2.955026531939058398e-01
3.518583772020568157e-01 5.327280728975930524e-01
3.644247478164160392e-01 3.579590260820614822e-01
3.769911184307751517e-01 3.974284805078321936e-01
3.895574890451343197e-01 5.012338459304548355e-01
4.021238596594935433e-01 4.847961682316935805e-01
4.146902302738527113e-01 4.367483946483863844e-01
4.272566008882118793e-01 4.486770194984997517e-01
4.398229715025711029e-01 4.606406626128349280e-01
4.523893421169302709e-01 6.187585026052140336e-01
4.649557127312893834e-01 6.356297890599009737e-01
4.775220833456485514e-01 4.108144263596889001e-01
4.900884539600077194e-01 4.398561154098770687e-01
5.026548245743669430e-01 5.198169257159153123e-01
5.152211951887261110e-01 6.118823037808230891e-01
5.277875658030852790e-01 5.062655184795630259e-01
5.403539364174444470e-01 4.838306623256790062e-01
5.529203070318035040e-01 7.000455965739993403e-01
5.654866776461627831e-01 3.849064076431137349e-01
5.780530482605219511e-01 5.357728235852416976e-01
5.906194188748811191e-01 8.315665101029203754e-01
6.031857894892402872e-01 5.221844316781093509e-01
6.157521601035994552e-01 6.688829854826717769e-01
6.283185307179586232e-01 5.746722897194528334e-01
6.408849013323177912e-01 7.397363718566321023e-01
6.534512719466770703e-01 4.519218012994369316e-01
6.660176425610361273e-01 5.970186711961386061e-01
6.785840131753952953e-01 6.299025089759060503e-01
6.911503837897544633e-01 5.201710771120822141e-01
7.037167544041136313e-01 6.792930639626877376e-01
7.162831250184729104e-01 9.568675434691638060e-01
7.288494956328320784e-01 5.055852652687022886e-01
7.414158662471912464e-01 6.109816175914231096e-01
7.539822368615503034e-01 6.626840501782574888e-01
7.665486074759094715e-01 6.528492930518541293e-01
7.791149780902686395e-01 7.513280088589361361e-01
7.916813487046279185e-01 7.203083662883759120e-01
8.042477193189870865e-01 7.921294943217812579e-01
8.168140899333462546e-01 7.789372880648428588e-01
8.293804605477054226e-01 7.684586148609602319e-01
8.419468311620645906e-01 6.043911196520781459e-01
8.545132017764237586e-01 6.224862597559424060e-01
8.670795723907829267e-01 7.363168358950733516e-01
8.796459430051422057e-01 7.630649976720647043e-01
8.922123136195013737e-01 7.015652956420422859e-01
9.047786842338605418e-01 6.642390313253860867e-01
9.173450548482194877e-01 5.313752865401275560e-01
9.299114254625787668e-01 7.060022089278303881e-01
9.424777960769379348e-01 7.197475209875401347e-01
9.550441666912971028e-01 7.344983452254996159e-01
9.676105373056562708e-01 7.876116810592413975e-01
9.801769079200154389e-01 9.058255544195623621e-01
9.927432785343746069e-01 8.732232764555294402e-01
1.005309649148733886e+00 9.801717689882890605e-01
1.017876019763092943e+00 9.281482323837310089e-01
1.030442390377452222e+00 8.512426833846847840e-01
1.043008760991811279e+00 7.634818293455941651e-01
1.055575131606170558e+00 7.930130870209282090e-01
1.068141502220529837e+00 1.044204269891977344e+00
1.080707872834888894e+00 8.400488410553994534e-01
1.093274243449248173e+00 1.037752314961256639e+00
1.105840614063607008e+00 9.644764254410158610e-01
1.118406984677966287e+00 8.881236323547305744e-01
1.130973355292325566e+00 9.429628517794469422e-01
1.143539725906684623e+00 7.843851659469315285e-01
1.156106096521043902e+00 8.239268814001787788e-01
1.168672467135402959e+00 9.020960092988643542e-01
1.181238837749762238e+00 9.210869467297811974e-01
1.193805208364121295e+00 9.763173387844006346e-01
1.206371578978480574e+00 1.175946434116153405e+00
1.218937949592839853e+00 8.069013719534590123e-01
1.231504320207198910e+00 7.744034742637837532e-01
1.244070690821558189e+00 9.444994706952231089e-01
1.256637061435917246e+00 8.452832641951104620e-01
1.269203432050276525e+00 1.119686089031175058e+00
1.281769802664635582e+00 8.562458524422600359e-01
1.294336173278994861e+00 9.317065651068076049e-01
1.306902543893354141e+00 1.137478143713521961e+00
1.319468914507712975e+00 9.752409031941261519e-01
1.332035285122072255e+00 8.617976615881701719e-01
1.344601655736431534e+00 1.111388721734825724e+00
1.357168026350790591e+00 1.049867147153199731e+00
1.369734396965149870e+00 8.041236792793892141e-01
1.382300767579508927e+00 1.042052506907729770e+00
1.394867138193868206e+00 1.010907459914804463e+00
1.407433508808227263e+00 1.030274815051981818e+00
1.419999879422586542e+00 8.249687291461067495e-01
1.432566250036945821e+00 8.652714654248944148e-01
1.445132620651304878e+00 1.005004429334236393e+00
1.457698991265664157e+00 1.014686176634724601e+00
1.470265361880023214e+00 9.962301772677930600e-01
1.482831732494382493e+00 1.050341006936923893e+00
1.495398103108741550e+00 1.010684642112722686e+00
1.507964473723100607e+00 1.000719696601828135e+00
1.520530844337459886e+00 9.377848769937553453e-01
1.533097214951818943e+00 1.105946625536968542e+00
1.545663585566178222e+00 8.509399599287771343e-01
1.558229956180537279e+00 9.420816968465433039e-01
1.570796326794896558e+00 8.929979630514319755e-01
1.583362697409255837e+00 8.257324649480549672e-01
1.595929068023614894e+00 1.072460147066303326e+00
1.608495438637974173e+00 1.061748318110256717e+00
1.621061809252333230e+00 9.032452502051293575e-01
1.633628179866692509e+00 1.009023666105396622e+00
1.646194550481051566e+00 8.825083500767836320e-01
1.658760921095410845e+00 9.116124238504432764e-01
1.671327291709770124e+00 1.035617141429302723e+00
1.683893662324129181e+00 1.126320504985508064e+00
1.696460032938488460e+00 9.018693103066591776e-01
1.709026403552847517e+00 1.083206936447248081e+00
1.721592774167206796e+00 8.546092177436405146e-01
1.734159144781565853e+00 1.009574744178228789e+00
1.746725515395925132e+00 9.267612471664338214e-01
1.759291886010284411e+00 8.844525994921367262e-01
1.771858256624643468e+00 1.026644233376813320e+00
1.784424627239002747e+00 9.407424654970469868e-01
1.796990997853361804e+00 9.189420259308459515e-01
1.809557368467721084e+00 8.850133725250109995e-01
1.822123739082079918e+00 1.040993862151986526e+00
1.834690109696438975e+00 1.092900501650547529e+00
1.847256480310798255e+00 1.068404377838574781e+00
1.859822850925157534e+00 1.013883100060407605e+00
1.872389221539516591e+00 7.936831674270103942e-01
1.884955592153875870e+00 8.164884488370108828e-01
1.897521962768234927e+00 9.766703733298077728e-01
1.910088333382594206e+00 9.288410984934530878e-01
1.922654703996953263e+00 8.212614016177555154e-01
1.935221074611312542e+00 8.249733648045892709e-01
1.947787445225671821e+00 9.947395329462154212e-01
1.960353815840030878e+00 9.036406385400962415e-01
1.972920186454390157e+00 9.117865256992261358e-01
1.985486557068749214e+00 1.133819250021777636e+00
1.998052927683108493e+00 9.785075876227016245e-01
2.010619298297467772e+00 8.160335325080235735e-01
2.023185668911826607e+00 8.744548914019476538e-01
2.035752039526185886e+00 8.775598475730275183e-01
2.048318410140545165e+00 8.595074882392061966e-01
2.060884780754904444e+00 7.749022226308962535e-01
2.073451151369263723e+00 9.462243929284992472e-01
2.086017521983622558e+00 7.306617756711608624e-01
2.098583892597981837e+00 8.200912511696899498e-01
2.111150263212341116e+00 8.323290142084313059e-01
2.123716633826700395e+00 9.369338733374270589e-01
2.136283004441059674e+00 8.509300897462838131e-01
2.148849375055418509e+00 8.689820414339924914e-01
2.161415745669777788e+00 8.903348596939871795e-01
2.173982116284137067e+00 9.913839105603947655e-01
2.186548486898496346e+00 9.652192130567986972e-01
2.199114857512855181e+00 8.149624884009315506e-01
2.211681228127214016e+00 8.610121098491000380e-01
2.224247598741573295e+00 8.285403633953907221e-01
2.236813969355932574e+00 6.607279863613710891e-01
2.249380339970291853e+00 8.301047439273254724e-01
2.261946710584651132e+00 8.097078983128509488e-01
2.274513081199009967e+00 7.876288484591662531e-01
2.287079451813369246e+00 8.073812332155630989e-01
2.299645822427728525e+00 8.611741439566241718e-01
2.312212193042087804e+00 4.941427050692183132e-01
2.324778563656447083e+00 7.238169971146064530e-01
2.337344934270805918e+00 8.596274884533772198e-01
2.349911304885165197e+00 6.027681749699619340e-01
2.362477675499524477e+00 6.666395686954126321e-01
2.375044046113883756e+00 4.839676180060493715e-01
2.387610416728242591e+00 8.212059668661818579e-01
2.400176787342601870e+00 7.215029563880798191e-01
2.412743157956961149e+00 6.331250769757112984e-01
2.425309528571320428e+00 6.753756701977290389e-01
2.437875899185679707e+00 7.410924209060780754e-01
2.450442269800038542e+00 7.309143821726515888e-01
2.463008640414397821e+00 6.865792997196573655e-01
2.475575011028757100e+00 5.758717540858677708e-01
2.488141381643116379e+00 5.319407408304781537e-01
2.500707752257475658e+00 5.662641127839606048e-01
2.513274122871834493e+00 6.471462433909914713e-01
2.525840493486193772e+00 7.181403198086623307e-01
2.538406864100553051e+00 3.713023357896445553e-01
2.550973234714912330e+00 5.957513005063835854e-01
2.563539605329271165e+00 5.082469496566198730e-01
2.576105975943630444e+00 7.077654728093273340e-01
2.588672346557989723e+00 6.533609483140156993e-01
2.601238717172349002e+00 4.693503386257488197e-01
2.613805087786708281e+00 3.830396176267174546e-01
2.626371458401067116e+00 5.969292369985801372e-01
2.638937829015425951e+00 3.935826491948227757e-01
2.651504199629785230e+00 5.192213146167125037e-01
2.664070570244144509e+00 3.523897431818222015e-01
2.676636940858503788e+00 3.573381159615877101e-01
2.689203311472863067e+00 5.070165002467804660e-01
2.701769682087221902e+00 3.260742257685190770e-01
2.714336052701581181e+00 3.286688980758574186e-01
2.726902423315940460e+00 4.786140492951915237e-01
2.739468793930299739e+00 2.578528367709659319e-01
2.752035164544658574e+00 4.773596411363051906e-01
2.764601535159017853e+00 2.689551961287330317e-01
2.777167905773377132e+00 1.866086330554546369e-01
2.789734276387736411e+00 2.156952741276639551e-01
2.802300647002095690e+00 1.835750031666633919e-01
2.814867017616454525e+00 3.851771344365709782e-01
2.827433388230813804e+00 2.967739977790885830e-01
2.839999758845173083e+00 4.014699722603447540e-01
2.852566129459532362e+00 2.457080008278614003e-01
2.865132500073891642e+00 1.191887414939542533e-01
2.877698870688250476e+00 1.780933183747314963e-01
2.890265241302609756e+00 2.897166847275433055e-01
2.902831611916969035e+00 3.268468578865578733e-01
2.915397982531328314e+00 1.102278462305584655e-01
2.927964353145687149e+00 2.164941107561240974e-01
2.940530723760046428e+00 1.311934810205221957e-01
2.953097094374405707e+00 2.452295525253059272e-01
2.965663464988764986e+00 3.272379723413452179e-01
2.978229835603124265e+00 2.295171529582734071e-01
2.990796206217483100e+00 8.808981635730525617e-02
3.003362576831842379e+00 7.163744386760882710e-02
3.015928947446201214e+00 3.406880500761174657e-01
3.028495318060560493e+00 1.444752997451771714e-01
3.041061688674919772e+00 2.917749684811345168e-02
3.053628059289279051e+00 9.448574129046016790e-02
3.066194429903637886e+00 1.698854328034916095e-01
3.078760800517997165e+00 2.040143198248895728e-01
3.091327171132356444e+00 2.547889021880622717e-01
3.103893541746715723e+00 1.239025423434218787e-01
3.116459912361074558e+00 -9.512313796245076836e-02
3.129026282975433837e+00 -2.203711933244410781e-01
3.141592653589793116e+00 -1.365858192742555044e-01
3.154159024204152395e+00 1.612293797810088886e-02
3.166725394818511674e+00 -4.835245533821895536e-02
3.179291765432870509e+00 -7.306998545427897951e-02
3.191858136047229788e+00 -1.795201221214759446e-01
3.204424506661589067e+00 8.991389814594012708e-02
3.216990877275948346e+00 1.265274364049329137e-01
3.229557247890307181e+00 4.785842480356548856e-02
3.242123618504666460e+00 1.961359521714287069e-02
3.254689989119025739e+00 -1.248565355554572265e-01
3.267256359733385018e+00 -4.613616172864978826e-02
3.279822730347744297e+00 -1.294043004366643157e-01
3.292389100962103132e+00 -1.911504515445896502e-01
3.304955471576462411e+00 -1.028705313892497031e-01
3.317521842190821690e+00 -3.443877891446925910e-01
3.330088212805180969e+00 1.011990859273932397e-01
3.342654583419540248e+00 -1.036681929912758870e-01
3.355220954033899083e+00 -2.034804022135471013e-01
3.367787324648258362e+00 -2.933987798265031977e-01
3.380353695262617642e+00 -1.603515129860856314e-01
3.392920065876976921e+00 -8.604064692033014383e-02
3.405486436491335756e+00 -1.375997696913995594e-01
3.418052807105695035e+00 -2.626813244300567063e-01
3.430619177720054314e+00 -3.611625184059555349e-01
3.443185548334413593e+00 -3.181146607056452580e-01
3.455751918948772872e+00 -3.737546960892881853e-01
3.468318289563131707e+00 -2.579348702137262972e-01
3.480884660177490986e+00 -4.640896905435915043e-01
3.493451030791850265e+00 -2.894601831576728013e-01
3.506017401406209544e+00 -4.416899959951356425e-01
3.518583772020568823e+00 -3.680128361795324543e-01
3.531150142634927658e+00 -3.076349871382672019e-01
3.543716513249286937e+00 -4.312702946851673658e-01
3.556282883863646216e+00 -4.532865591765946611e-01
3.568849254478005495e+00 -4.128588295060191538e-01
3.581415625092364330e+00 -4.276421802598106559e-01
3.593981995706723609e+00 -3.148977814719038926e-01
3.606548366321082888e+00 -3.686809760237881872e-01
3.619114736935442167e+00 -4.201722689378658560e-01
3.631681107549800558e+00 -4.869487540074383114e-01
3.644247478164159837e+00 -3.096371527512168376e-01
3.656813848778519116e+00 -4.576909844001401662e-01
3.669380219392877951e+00 -3.520869114465201011e-01
3.681946590007237230e+00 -6.522848121220312656e-01
3.694512960621596509e+00 -5.208496772178539125e-01
3.707079331235955788e+00 -6.686238823297936396e-01
3.719645701850315067e+00 -6.757965017716646150e-01
3.732212072464673902e+00 -6.729897587525497382e-01
3.744778443079033181e+00 -5.774686901191166122e-01
3.757344813693392460e+00 -5.621962561026341287e-01
3.769911184307751739e+00 -5.266817757993933480e-01
3.782477554922110574e+00 -4.917040258181021306e-01
3.795043925536469853e+00 -6.758311489713616504e-01
3.807610296150829132e+00 -5.900128432717213212e-01
3.820176666765188411e+00 -7.168531159143940457e-01
3.832743037379547690e+00 -7.402808699311808072e-01
3.845309407993906525e+00 -4.530655431761912433e-01
3.857875778608265804e+00 -7.607344849124548780e-01
3.870442149222625083e+00 -5.566465213916909072e-01
3.883008519836984362e+00 -7.475232907139109928e-01
3.895574890451343641e+00 -5.542663484494013693e-01
3.908141261065702476e+00 -6.230625489358079250e-01
3.920707631680061755e+00 -8.211651181096581986e-01
3.933274002294421035e+00 -7.251993756113409573e-01
3.945840372908780314e+00 -6.975788021789857130e-01
3.958406743523139149e+00 -9.603813213484108102e-01
3.970973114137498428e+00 -6.089847855390184694e-01
3.983539484751857707e+00 -6.874508272875750059e-01
3.996105855366216986e+00 -6.865589514235108659e-01
4.008672225980576265e+00 -8.406885408244174629e-01
4.021238596594935544e+00 -5.945530179622156020e-01
4.033804967209294823e+00 -8.169949816187189739e-01
4.046371337823653214e+00 -7.047415637363294572e-01
4.058937708438012493e+00 -7.665815764304723112e-01
4.071504079052371772e+00 -7.731536902351523466e-01
4.084070449666731051e+00 -7.634757110729849527e-01
4.096636820281090330e+00 -8.978389267705009225e-01
4.109203190895449609e+00 -8.712797384554574753e-01
4.121769561509808888e+00 -7.571536419189284217e-01
4.134335932124168167e+00 -9.202118987005578621e-01
4.146902302738527446e+00 -7.697317469279085778e-01
4.159468673352886725e+00 -9.208238131696352413e-01
4.172035043967245116e+00 -1.042387398162382572e+00
4.184601414581604395e+00 -8.568824717017335946e-01
4.197167785195963674e+00 -9.158341326574473973e-01
4.209734155810322953e+00 -8.916340568332283834e-01
4.222300526424682232e+00 -1.007926107250000980e+00
4.234866897039041511e+00 -8.728364356670406110e-01
4.247433267653400790e+00 -9.256475229998585297e-01
4.259999638267760069e+00 -8.732312752768899289e-01
4.272566008882119348e+00 -1.044733077027403256e+00
4.285132379496477739e+00 -7.827000784148077095e-01
4.297698750110837018e+00 -8.515357438273585267e-01
4.310265120725196297e+00 -8.786572491411621666e-01
4.322831491339555576e+00 -7.511539636588899782e-01
4.335397861953914855e+00 -9.388151861244851126e-01
4.347964232568274134e+00 -7.560721649064986449e-01
4.360530603182633413e+00 -9.043314147863210639e-01
4.373096973796992692e+00 -1.126321446881235033e+00
4.385663344411351972e+00 -9.006685386467564447e-01
4.398229715025710362e+00 -8.311862540119603349e-01
4.410796085640069641e+00 -8.029285650730995094e-01
4.423362456254428032e+00 -9.815719435920664537e-01
4.435928826868787311e+00 -8.161743583635104882e-01
4.448495197483146590e+00 -8.493320621503197554e-01
4.461061568097505869e+00 -9.978608772409968131e-01
4.473627938711865148e+00 -9.718961536312217264e-01
4.486194309326224428e+00 -8.706916554930219654e-01
4.498760679940583707e+00 -9.216682952468094880e-01
4.511327050554942986e+00 -9.575292034134583741e-01
4.523893421169302265e+00 -9.448302141007884902e-01
4.536459791783661544e+00 -9.430289885651872428e-01
4.549026162398019935e+00 -1.021612128918294449e+00
4.561592533012379214e+00 -9.497610972563499399e-01
4.574158903626738493e+00 -1.074861145439974353e+00
4.586725274241097772e+00 -1.239466203166550207e+00
4.599291644855457051e+00 -1.216001122330507389e+00
4.611858015469816330e+00 -9.835648182363059266e-01
4.624424386084175609e+00 -1.031277003087430755e+00
4.636990756698534888e+00 -1.063605908072901451e+00
4.649557127312894167e+00 -9.493310711673188518e-01
4.662123497927252558e+00 -9.900563669095054919e-01
4.674689868541611837e+00 -1.029775731664157146e+00
4.687256239155971116e+00 -8.886676193126739065e-01
4.699822609770330395e+00 -8.226249305669450784e-01
4.712388980384689674e+00 -1.061216244255460683e+00
4.724955350999048953e+00 -8.642038035530987816e-01
4.737521721613408232e+00 -9.180627580616218530e-01
4.750088092227767511e+00 -1.076792588183180355e+00
4.762654462842126790e+00 -1.037064231739418974e+00
4.775220833456485181e+00 -9.764077104121496875e-01
4.787787204070844460e+00 -1.033701616343041252e+00
4.800353574685203739e+00 -8.635897962508779502e-01
4.812919945299563018e+00 -9.669779483806942855e-01
4.825486315913922297e+00 -9.328696956377589000e-01
4.838052686528281576e+00 -8.720485332856555694e-01
4.850619057142640855e+00 -1.041043646723102345e+00
4.863185427757000134e+00 -7.845409327506313035e-01
4.875751798371359413e+00 -1.009592491278685555e+00
4.888318168985717804e+00 -8.817219111376242147e-01
4.900884539600077083e+00 -9.437258261595509179e-01
4.913450910214436362e+00 -1.116765130766395053e+00
4.926017280828795641e+00 -9.909073057731796474e-01
4.938583651443154920e+00 -1.059009058600381303e+00
4.951150022057514200e+00 -8.703701897546094468e-01
4.963716392671873479e+00 -1.082844840173441181e+00
4.976282763286232758e+00 -9.641861288395604523e-01
4.988849133900592037e+00 -1.067105584057919110e+00
5.001415504514951316e+00 -1.152789309938572426e+00
5.013981875129309707e+00 -9.180936900739513629e-01
5.026548245743668986e+00 -1.126045469527898080e+00
5.039114616358028265e+00 -9.417665878450478534e-01
5.051680986972387544e+00 -1.099743711489981957e+00
5.064247357586746823e+00 -8.664805971768537729e-01
5.076813728201106102e+00 -9.341851627699068183e-01
5.089380098815465381e+00 -9.477568439924644039e-01
5.101946469429824660e+00 -8.874081957062440740e-01
5.114512840044183939e+00 -9.153597713316955486e-01
5.127079210658542330e+00 -7.773684463077920048e-01
5.139645581272901609e+00 -9.298882418461404953e-01
5.152211951887260888e+00 -9.235807013091330564e-01
5.164778322501620167e+00 -8.281727528819816664e-01
5.177344693115979446e+00 -1.073183902391987132e+00
5.189911063730338725e+00 -7.905268596787237145e-01
5.202477434344698004e+00 -8.843581698387068535e-01
5.215043804959057283e+00 -9.330074188541955804e-01
5.227610175573416562e+00 -8.551781818932954193e-01
5.240176546187774953e+00 -9.259531981775589449e-01
5.252742916802134232e+00 -9.768536176037475594e-01
5.265309287416492623e+00 -6.913887267361547018e-01
5.277875658030851902e+00 -8.220773712817258660e-01
5.290442028645211181e+00 -9.024172305437384578e-01
5.303008399259570460e+00 -9.052355286602226103e-01
5.315574769873929739e+00 -7.763756865688303810e-01
5.328141140488289018e+00 -8.254414926279355358e-01
5.340707511102648297e+00 -8.321660894514980589e-01
5.353273881717007576e+00 -8.448184657454127500e-01
5.365840252331366855e+00 -7.971069230279923534e-01
5.378406622945726134e+00 -7.641820033177656457e-01
5.390972993560084525e+00 -7.953251452874319227e-01
5.403539364174443804e+00 -9.314711083660861535e-01
5.416105734788803083e+00 -7.048259152214852996e-01
5.428672105403162362e+00 -7.749835375633298273e-01
5.441238476017521641e+00 -7.144582022448514591e-01
5.453804846631880920e+00 -7.324722987300724686e-01
5.466371217246240199e+00 -9.099601338173675114e-01
5.478937587860599479e+00 -7.150860287522180503e-01
5.491503958474958758e+00 -6.660888268700626558e-01
5.504070329089317148e+00 -8.028537841733394131e-01
5.516636699703676427e+00 -6.011998723853732018e-01
5.529203070318035707e+00 -6.317209105393534196e-01
5.541769440932394986e+00 -6.603347920531172921e-01
5.554335811546754265e+00 -5.424852512342077659e-01
5.566902182161113544e+00 -8.438400767443199335e-01
5.579468552775472823e+00 -6.572453853781992095e-01
5.592034923389832102e+00 -7.211572329446459539e-01
5.604601294004191381e+00 -8.363085840662675130e-01
5.617167664618549772e+00 -6.890404525902027455e-01
5.629734035232909051e+00 -5.152513512303174004e-01
5.642300405847268330e+00 -6.309984701303757992e-01
5.654866776461627609e+00 -6.428562208260072408e-01
5.667433147075986888e+00 -6.049201829092857308e-01
5.679999517690346167e+00 -6.341166869917573834e-01
5.692565888304705446e+00 -4.488696422764437699e-01
5.705132258919064725e+00 -6.151430250545842915e-01
5.717698629533424004e+00 -3.692009952759957025e-01
5.730265000147783283e+00 -6.780918244724076782e-01
5.742831370762141674e+00 -4.538252815996680067e-01
5.755397741376500953e+00 -5.597787225356225527e-01
5.767964111990860232e+00 -4.819951116690872062e-01
5.780530482605219511e+00 -5.361671795165513510e-01
5.793096853219578790e+00 -5.719036682416902551e-01
5.805663223833938069e+00 -5.251425842487229545e-01
5.818229594448297348e+00 -1.604693514067711546e-01
5.830795965062656627e+00 -4.026660542825682976e-01
5.843362335677015906e+00 -4.910347638809655635e-01
5.855928706291374297e+00 -5.319418515553833160e-01
5.868495076905733576e+00 -3.838283486243413423e-01
5.881061447520092855e+00 -4.568617265744524536e-01
5.893627818134452134e+00 -3.923124303388900169e-01
5.906194188748811413e+00 -2.079068076690324396e-01
5.918760559363170692e+00 -2.745111644250568528e-01
5.931326929977529971e+00 -4.221264695513905485e-01
5.943893300591889250e+00 -4.197792977888777366e-01
5.956459671206248530e+00 -2.006139998468908781e-01
5.969026041820606920e+00 -3.489153127092178286e-01
5.981592412434966199e+00 -3.163697922671422358e-01
5.994158783049325478e+00 -2.875447495886842564e-01
6.006725153663684758e+00 -2.503840471400918255e-01
6.019291524278044037e+00 -1.639882406412813687e-01
6.031857894892402427e+00 -2.380453589245292434e-01
6.044424265506761706e+00 -1.696195334351539574e-01
6.056990636121120986e+00 -3.152906193468412166e-01
6.069557006735480265e+00 -1.524147725778216000e-01
6.082123377349839544e+00 -1.516721580484290399e-01
6.094689747964198823e+00 -1.853793294004268122e-01
6.107256118578558102e+00 -1.463123362612357425e-01
6.119822489192916493e+00 -2.532996583900340992e-01
6.132388859807275772e+00 -2.083556127745527231e-01
6.144955230421635051e+00 -1.191447038026955396e-01
6.157521601035994330e+00 -8.005551483394679479e-02
6.170087971650353609e+00 5.549751909756243939e-02
6.182654342264712888e+00 -1.627658289786515500e-01
6.195220712879072167e+00 -8.290602245964398542e-02
6.207787083493431446e+00 -3.606210103040591308e-02
6.220353454107790725e+00 -1.923972485417734246e-01
6.232919824722149116e+00 -7.609182521460229609e-02
6.245486195336508395e+00 5.482047091258655108e-02
6.258052565950867674e+00 2.381224075930457942e-02
6.270618936565226953e+00 -1.202305598295311251e-02
