0.000000000000000000e+00 -1.541904531579613158e-01
1.256637061435917323e-02 4.350123920773431296e-02
2.513274122871834645e-02 8.106282894744527845e-02
3.769911184307751795e-02 -5.063336915591096221e-02
5.026548245743669291e-02 1.973635022051423715e-01
6.283185307179586787e-02 7.010065961048161931e-02
7.539822368615503589e-02 1.241337588501710831e-01
8.796459430051420392e-02 2.530636413100901816e-01
1.005309649148733858e-01 -3.671473113830833745e-02
1.130973355292325677e-01 -2.047393159483766600e-02
1.256637061435917357e-01 3.472770437359011531e-02
1.382300767579508760e-01 8.805915173922074235e-02
1.507964473723100718e-01 2.192202386221245858e-01
1.633628179866692676e-01 6.248878877144806165e-02
1.759291886010284078e-01 -9.778574909775500368e-02
1.884955592153875759e-01 1.533980880433270244e-01
2.010619298297467716e-01 2.148668740836271462e-01
2.136283004441059397e-01 2.280311121168299981e-01
2.261946710584651354e-01 2.006930201345696607e-01
2.387610416728242757e-01 2.417449688693837917e-01
2.513274122871834715e-01 2.385141552619578220e-01
2.638937829015426395e-01 1.946755720000810930e-01
2.764601535159017520e-01 7.400279816869120841e-02
2.890265241302609756e-01 2.274423701934331632e-01
3.015928947446201436e-01 3.710242093325636925e-01
3.141592653589793116e-01 1.671125889059348890e-01
3.267256359733385351e-01 3.217705265411682225e-01
3.392920065876976476e-01 2.917490251318164973e-01
3.518583772020568157e-01 3.953420245945853395e-01
3.644247478164160392e-01 2.070437462233944148e-01
3.769911184307751517e-01 4.191811748118211001e-01
3.895574890451343197e-01 3.925016367444016940e-01
4.021238596594935433e-01 5.277952154454523814e-01
4.146902302738527113e-01 3.503135489983236206e-01
4.272566008882118793e-01 3.731589376657759582e-01
4.398229715025711029e-01 5.454988110169479709e-01
4.523893421169302709e-01 3.850614088819029335e-01
4.649557127312893834e-01 3.170718274759828370e-01
4.775220833456485514e-01 6.408491353140961522e-01
4.900884539600077194e-01 5.675840574850891107e-01
5.026548245743669430e-01 2.458865852363206206e-01
5.152211951887261110e-01 4.036377636251363699e-01
5.277875658030852790e-01 5.562888402583142655e-01
5.403539364174444470e-01 5.696462158266804021e-01
5.529203070318035040e-01 5.211458672405432369e-01
5.654866776461627831e-01 7.445074134752700523e-01
5.780530482605219511e-01 6.081156859126841674e-01
5.906194188748811191e-01 5.508769026196054241e-01
6.031857894892402872e-01 5.905982279850099381e-01
6.157521601035994552e-01 4.731022651219185526e-01
6.283185307179586232e-01 6.067352343741949650e-01
6.408849013323177912e-01 5.788255048117473267e-01
6.534512719466770703e-01 6.162716851190996881e-01
6.660176425610361273e-01 7.081079132281093980e-01
6.785840131753952953e-01 5.097632279991146653e-01
6.911503837897544633e-01 6.880865763946482083e-01
7.037167544041136313e-01 6.530814324322959941e-01
7.162831250184729104e-01 6.271398945372226308e-01
7.288494956328320784e-01 7.228204417320168718e-01
7.414158662471912464e-01 8.011538033149202542e-01
7.539822368615503034e-01 6.614416877171381826e-01
7.665486074759094715e-01 7.726002963566217518e-01
7.791149780902686395e-01 8.377899798012029553e-01
7.916813487046279185e-01 5.771585715188107812e-01
8.042477193189870865e-01 5.684255196917971098e-01
8.168140899333462546e-01 6.327315051733848339e-01
8.293804605477054226e-01 5.732308969670940613e-01
8.419468311620645906e-01 5.677618996815039232e-01
8.545132017764237586e-01 7.318522846621918765e-01
8.670795723907829267e-01 7.488953609136873579e-01
8.796459430051422057e-01 8.445713640610270634e-01
8.922123136195013737e-01 7.756970281890946950e-01
9.047786842338605418e-01 9.245675235779298173e-01
9.173450548482194877e-01 6.901124498070793090e-01
9.299114254625787668e-01 9.111968986024937545e-01
9.424777960769379348e-01 8.748757124573561805e-01
9.550441666912971028e-01 9.742313244505271808e-01
9.676105373056562708e-01 8.327196808007669704e-01
9.801769079200154389e-01 7.065088331211299977e-01
9.927432785343746069e-01 7.913432878885898747e-01
1.005309649148733886e+00 8.283440210740594667e-01
1.017876019763092943e+00 6.101545810949925430e-01
1.030442390377452222e+00 7.432993111231341876e-01
1.043008760991811279e+00 8.588216489958918620e-01
1.055575131606170558e+00 8.186006348791705634e-01
1.068141502220529837e+00 8.893525904040546770e-01
1.080707872834888894e+00 9.342625549339295121e-01
1.093274243449248173e+00 9.746949074616363395e-01
1.105840614063607008e+00 1.083065805254630254e+00
1.118406984677966287e+00 7.943986845087658288e-01
1.130973355292325566e+00 8.756753194432895793e-01
1.143539725906684623e+00 8.243178625803584403e-01
1.156106096521043902e+00 8.541017397427369540e-01
1.168672467135402959e+00 8.827519828261278789e-01
1.181238837749762238e+00 9.049934459413071508e-01
1.193805208364121295e+00 8.637994298437144947e-01
1.206371578978480574e+00 1.022065477835064407e+00
1.218937949592839853e+00 8.099926839255821021e-01
1.231504320207198910e+00 9.599778513741478170e-01
1.244070690821558189e+00 1.253798525028380739e+00
1.256637061435917246e+00 9.523148306216536740e-01
1.269203432050276525e+00 1.015651113250004567e+00
1.281769802664635582e+00 8.567653363684186729e-01
1.294336173278994861e+00 9.468554702784924837e-01
1.306902543893354141e+00 9.138328805259160470e-01
1.319468914507712975e+00 9.841314023842261394e-01
1.332035285122072255e+00 8.606277198282423768e-01
1.344601655736431534e+00 9.318053235315121308e-01
1.357168026350790591e+00 9.768009307018560294e-01
1.369734396965149870e+00 1.084423152158905390e+00
1.382300767579508927e+00 9.352122053832511162e-01
1.394867138193868206e+00 1.093852599755197330e+00
1.407433508808227263e+00 1.088185239765918189e+00
1.419999879422586542e+00 9.967510456147388176e-01
1.432566250036945821e+00 1.212654609642601633e+00
1.445132620651304878e+00 8.890429029032965724e-01
1.457698991265664157e+00 1.126387581255880788e+00
1.470265361880023214e+00 8.075433401577019055e-01
1.482831732494382493e+00 9.928069488681350308e-01
1.495398103108741550e+00 8.865453823700080171e-01
1.507964473723100607e+00 1.038141143040286707e+00
1.520530844337459886e+00 9.858258574733441693e-01
1.533097214951818943e+00 7.792018375114366791e-01
1.545663585566178222e+00 1.040815178502240368e+00
1.558229956180537279e+00 9.314277952400425997e-01
1.570796326794896558e+00 9.894558098807227919e-01
1.583362697409255837e+00 1.103520091724173424e+00
1.595929068023614894e+00 8.891222670543702522e-01
1.608495438637974173e+00 9.479384867923491553e-01
1.621061809252333230e+00 1.009913535895936576e+00
1.633628179866692509e+00 1.171973898321404972e+00
1.646194550481051566e+00 1.068416618218049674e+00
1.658760921095410845e+00 9.071225196020388237e-01
1.671327291709770124e+00 1.010522901989048705e+00
1.683893662324129181e+00 8.344841046948354712e-01
1.696460032938488460e+00 9.589623582661639389e-01
1.709026403552847517e+00 1.067177325143509714e+00
1.721592774167206796e+00 9.141161460335663902e-01
1.734159144781565853e+00 1.131697408441840302e+00
1.746725515395925132e+00 1.086266365198688799e+00
1.759291886010284411e+00 1.076344297261143890e+00
1.771858256624643468e+00 1.099574064306782173e+00
1.784424627239002747e+00 9.866641762163701479e-01
1.796990997853361804e+00 9.570158023664996350e-01
1.809557368467721084e+00 9.698601512526047186e-01
1.822123739082079918e+00 1.037034549122914262e+00
1.834690109696438975e+00 1.030978419428779658e+00
1.847256480310798255e+00 9.874787541358458487e-01
1.859822850925157534e+00 1.013276202887048782e+00
1.872389221539516591e+00 1.047773970077425121e+00
1.884955592153875870e+00 9.072539511963710890e-01
1.897521962768234927e+00 1.156252152388015597e+00
1.910088333382594206e+00 8.849746564972847951e-01
1.922654703996953263e+00 8.554099691180253595e-01
1.935221074611312542e+00 7.760943986242090364e-01
1.947787445225671821e+00 1.023759116121052193e+00
1.960353815840030878e+00 8.402159226510981238e-01
1.972920186454390157e+00 1.007007023607026319e+00
1.985486557068749214e+00 8.401880137812696159e-01
1.998052927683108493e+00 1.125605717668463956e+00
2.010619298297467772e+00 1.030043265377549755e+00
2.023185668911826607e+00 9.075216113314004129e-01
2.035752039526185886e+00 8.592282769532781916e-01
2.048318410140545165e+00 8.570960344283756749e-01
2.060884780754904444e+00 8.391892642564228177e-01
2.073451151369263723e+00 9.025139307693349489e-01
2.086017521983622558e+00 8.709575864186722693e-01
2.098583892597981837e+00 8.538010203747059546e-01
2.111150263212341116e+00 8.305983616077837750e-01
2.123716633826700395e+00 9.895613261193849652e-01
2.136283004441059674e+00 6.901340792277584901e-01
2.148849375055418509e+00 7.955207582911333342e-01
2.161415745669777788e+00 9.129942808181662484e-01
2.173982116284137067e+00 7.123016065596888824e-01
2.186548486898496346e+00 7.636824220184106338e-01
2.199114857512855181e+00 7.455635396375459578e-01
2.211681228127214016e+00 9.162867465372219744e-01
2.224247598741573295e+00 8.135184554885215302e-01
2.236813969355932574e+00 6.966332277550875141e-01
2.249380339970291853e+00 9.160994126813561955e-01
2.261946710584651132e+00 6.580140806505292428e-01
2.274513081199009967e+00 7.255620978630746842e-01
2.287079451813369246e+00 7.976648503502954402e-01
2.299645822427728525e+00 7.287296016820010713e-01
2.312212193042087804e+00 7.335448088286404822e-01
2.324778563656447083e+00 6.905997448061689248e-01
2.337344934270805918e+00 6.668480726563221772e-01
2.349911304885165197e+00 7.410008864659742844e-01
2.362477675499524477e+00 8.290350366027435802e-01
2.375044046113883756e+00 6.945326461631768922e-01
2.387610416728242591e+00 7.465276812186343314e-01
2.400176787342601870e+00 7.047830574565946415e-01
2.412743157956961149e+00 6.353187846143606432e-01
2.425309528571320428e+00 6.640813834072993860e-01
2.437875899185679707e+00 4.504072137422452382e-01
2.450442269800038542e+00 4.754864981947982683e-01
2.463008640414397821e+00 7.037870450006109557e-01
2.475575011028757100e+00 6.169278429859282875e-01
2.488141381643116379e+00 5.951950521823732299e-01
2.500707752257475658e+00 5.231438406934597607e-01
2.513274122871834493e+00 6.036106714667318629e-01
2.525840493486193772e+00 5.516130212981081860e-01
2.538406864100553051e+00 4.229567875405927380e-01
2.550973234714912330e+00 4.100826109796200658e-01
2.563539605329271165e+00 3.938272859087704747e-01
2.576105975943630444e+00 7.106844519627139034e-01
2.588672346557989723e+00 5.508277622524894168e-01
2.601238717172349002e+00 6.791808032718357202e-01
2.613805087786708281e+00 6.162244225232154093e-01
2.626371458401067116e+00 5.373501675608611805e-01
2.638937829015425951e+00 5.054160188488616701e-01
2.651504199629785230e+00 3.885683137411798382e-01
2.664070570244144509e+00 4.374665057622161846e-01
2.676636940858503788e+00 4.523290543399651198e-01
2.689203311472863067e+00 5.543033863466027000e-01
2.701769682087221902e+00 3.585516503824395240e-01
2.714336052701581181e+00 4.073948112969766888e-01
2.726902423315940460e+00 3.829567704194254407e-01
2.739468793930299739e+00 5.254042703558490235e-01
2.752035164544658574e+00 3.290428417858778376e-01
2.764601535159017853e+00 2.681033060890793407e-01
2.777167905773377132e+00 1.963928833031229892e-01
2.789734276387736411e+00 3.507005998251525036e-01
2.802300647002095690e+00 1.625303771615302373e-01
2.814867017616454525e+00 5.566429015854217344e-01
2.827433388230813804e+00 3.990276635637204916e-01
2.839999758845173083e+00 1.917036736724065937e-01
2.852566129459532362e+00 4.531646995444980064e-01
2.865132500073891642e+00 1.606506557678862301e-01
2.877698870688250476e+00 3.577142588253751643e-01
2.890265241302609756e+00 2.338614831856289655e-01
2.902831611916969035e+00 2.790828443591791275e-01
2.915397982531328314e+00 3.014632271084400350e-01
2.927964353145687149e+00 3.611113620916703293e-02
2.940530723760046428e+00 9.441552575648255730e-02
2.953097094374405707e+00 3.345481380428245166e-01
2.965663464988764986e+00 2.159623034969999356e-01
2.978229835603124265e+00 1.243015144298038888e-01
2.990796206217483100e+00 1.175436610973200346e-01
3.003362576831842379e+00 1.757462998003472276e-01
3.015928947446201214e+00 2.150855567675551971e-01
3.028495318060560493e+00 -1.607167102892988475e-01
3.041061688674919772e+00 1.040794645921321177e-01
3.053628059289279051e+00 1.704797900675262823e-01
3.066194429903637886e+00 5.008422504825255778e-02
3.078760800517997165e+00 6.649877691351210873e-02
3.091327171132356444e+00 7.679750237645567579e-02
3.103893541746715723e+00 -5.928139202039493100e-02
3.116459912361074558e+00 2.455632323878154943e-01
3.129026282975433837e+00 -1.011836751983792582e-01
3.141592653589793116e+00 2.275778858356276024e-01
3.154159024204152395e+00 4.294179429541813281e-02
3.166725394818511674e+00 -6.674353217014865336e-03
3.179291765432870509e+00 -2.022381864718008349e-01
3.191858136047229788e+00 -4.406567826503053620e-02
3.204424506661589067e+00 3.711500310783989731e-02
3.216990877275948346e+00 -3.202820601928580979e-01
3.229557247890307181e+00 3.462033947583287308e-02
3.242123618504666460e+00 -2.708220973557747824e-01
3.254689989119025739e+00 -6.389498643605276418e-02
3.267256359733385018e+00 -2.157166674094668779e-01
3.279822730347744297e+00 -1.689696280910271409e-01
3.292389100962103132e+00 -2.348171237289529145e-01
3.304955471576462411e+00 -1.179345051527438265e-01
3.317521842190821690e+00 -9.758768675491204247e-02
3.330088212805180969e+00 -5.196927310358698260e-02
3.342654583419540248e+00 -2.700605453701077630e-01
3.355220954033899083e+00 -3.839597584099135874e-01
3.367787324648258362e+00 -1.969818757683058918e-01
3.380353695262617642e+00 -2.508345481664916443e-01
3.392920065876976921e+00 -3.962435076942342205e-01
3.405486436491335756e+00 -2.217511777638570547e-01
3.418052807105695035e+00 -4.199839633067823375e-01
3.430619177720054314e+00 -1.748652672775636852e-01
3.443185548334413593e+00 -2.047088742680352180e-01
3.455751918948772872e+00 -1.670052241046141306e-01
3.468318289563131707e+00 -2.212691537528020391e-01
3.480884660177490986e+00 -3.828472359257199531e-01
3.493451030791850265e+00 -3.442423710450959184e-01
3.506017401406209544e+00 -4.237696003782294163e-01
3.518583772020568823e+00 -2.000829609609655058e-01
3.531150142634927658e+00 -3.792446647177435959e-01
3.543716513249286937e+00 -3.127237390627801150e-01
3.556282883863646216e+00 -2.240628142680293478e-01
3.568849254478005495e+00 -4.997342916250656075e-01
3.581415625092364330e+00 -2.564269841590800514e-01
3.593981995706723609e+00 -3.047058472579634580e-01
3.606548366321082888e+00 -4.742680587354681232e-01
3.619114736935442167e+00 -4.551722479941453514e-01
3.631681107549800558e+00 -4.262702748005554043e-01
3.644247478164159837e+00 -4.682433649723533597e-01
3.656813848778519116e+00 -3.487215867005472036e-01
3.669380219392877951e+00 -5.272992191718760546e-01
3.681946590007237230e+00 -3.587626639012344576e-01
3.694512960621596509e+00 -5.501468836806665541e-01
3.707079331235955788e+00 -5.930875482352813144e-01
3.719645701850315067e+00 -6.025059568676546240e-01
3.732212072464673902e+00 -5.094269885007836063e-01
3.744778443079033181e+00 -3.371180159620243977e-01
3.757344813693392460e+00 -6.567910592428480854e-01
3.769911184307751739e+00 -6.169254553884541137e-01
3.782477554922110574e+00 -6.040519637388944707e-01
3.795043925536469853e+00 -7.262716160042879121e-01
3.807610296150829132e+00 -6.907719816637933885e-01
3.820176666765188411e+00 -6.281515822980171526e-01
3.832743037379547690e+00 -4.633564714556145381e-01
3.845309407993906525e+00 -5.250880459468009187e-01
3.857875778608265804e+00 -4.960031771589891170e-01
3.870442149222625083e+00 -6.894682986539946157e-01
3.883008519836984362e+00 -7.229963814774238440e-01
3.895574890451343641e+00 -5.440342053737960981e-01
3.908141261065702476e+00 -6.756668689922578075e-01
3.920707631680061755e+00 -6.278989030089491274e-01
3.933274002294421035e+00 -5.651394405514702513e-01
3.945840372908780314e+00 -5.890132750004741791e-01
3.958406743523139149e+00 -7.886654172181186695e-01
3.970973114137498428e+00 -6.280617288288001809e-01
3.983539484751857707e+00 -7.154544318432736194e-01
3.996105855366216986e+00 -6.090813915929329525e-01
4.008672225980576265e+00 -8.859090408006599082e-01
4.021238596594935544e+00 -8.283499062505500499e-01
4.033804967209294823e+00 -8.225473861178989043e-01
4.046371337823653214e+00 -6.546485556793519844e-01
4.058937708438012493e+00 -7.538127363865966268e-01
4.071504079052371772e+00 -9.442525070963114775e-01
4.084070449666731051e+00 -7.650520390467534515e-01
4.096636820281090330e+00 -8.191586939003030476e-01
4.109203190895449609e+00 -8.730379408069014469e-01
4.121769561509808888e+00 -7.372328431650752023e-01
4.134335932124168167e+00 -9.096124879903956240e-01
4.146902302738527446e+00 -7.437720752735978991e-01
4.159468673352886725e+00 -1.001856310342748912e+00
4.172035043967245116e+00 -8.361372230048087495e-01
4.184601414581604395e+00 -8.538056742147562828e-01
4.197167785195963674e+00 -7.497251727230914708e-01
4.209734155810322953e+00 -1.050092473651943470e+00
4.222300526424682232e+00 -7.389420830085497993e-01
4.234866897039041511e+00 -8.888947549226232647e-01
4.247433267653400790e+00 -1.003563367558025776e+00
4.259999638267760069e+00 -9.575596019866777775e-01
4.272566008882119348e+00 -1.003584187509120040e+00
4.285132379496477739e+00 -9.764740814540737723e-01
4.297698750110837018e+00 -7.709344146607791659e-01
4.310265120725196297e+00 -6.920223216727149351e-01
4.322831491339555576e+00 -1.045770284245912896e+00
4.335397861953914855e+00 -1.008690228859467020e+00
4.347964232568274134e+00 -7.745829993832858973e-01
4.360530603182633413e+00 -9.832434547879601583e-01
4.373096973796992692e+00 -1.036540521657026925e+00
4.385663344411351972e+00 -1.022529794824813765e+00
4.398229715025710362e+00 -9.226501760261115459e-01
4.410796085640069641e+00 -9.689616521769933710e-01
4.423362456254428032e+00 -9.047513446782934343e-01
4.435928826868787311e+00 -1.121797337052004462e+00
4.448495197483146590e+00 -8.496709267159363588e-01
4.461061568097505869e+00 -9.827098146091703956e-01
4.473627938711865148e+00 -9.757137667812213477e-01
4.486194309326224428e+00 -9.380150504342326112e-01
4.498760679940583707e+00 -9.284096557535820304e-01
4.511327050554942986e+00 -9.329765518253185785e-01
4.523893421169302265e+00 -1.069383613478231076e+00
4.536459791783661544e+00 -9.875506486819851659e-01
4.549026162398019935e+00 -1.015232575968762152e+00
4.561592533012379214e+00 -9.624374705891546311e-01
4.574158903626738493e+00 -9.855426106970553990e-01
4.586725274241097772e+00 -7.833337508005366878e-01
4.599291644855457051e+00 -1.018712636426372775e+00
4.611858015469816330e+00 -9.183550035125149780e-01
4.624424386084175609e+00 -1.106646304906017564e+00
4.636990756698534888e+00 -1.018580087952081659e+00
4.649557127312894167e+00 -9.074971942033039918e-01
4.662123497927252558e+00 -9.063221655845646874e-01
4.674689868541611837e+00 -1.022869234403143368e+00
4.687256239155971116e+00 -1.144939258073725874e+00
4.699822609770330395e+00 -8.568549034851539181e-01
4.712388980384689674e+00 -1.043556958885119235e+00
4.724955350999048953e+00 -1.036549104774245889e+00
4.737521721613408232e+00 -7.812005337406080496e-01
4.750088092227767511e+00 -9.371494994656942579e-01
4.762654462842126790e+00 -9.190376473912180710e-01
4.775220833456485181e+00 -1.011067214016770910e+00
4.787787204070844460e+00 -1.028811883715628595e+00
4.800353574685203739e+00 -9.454953127174624550e-01
4.812919945299563018e+00 -1.183234140101826259e+00
4.825486315913922297e+00 -9.318731683911108954e-01
4.838052686528281576e+00 -9.184599943426621227e-01
4.850619057142640855e+00 -1.092776908195685071e+00
4.863185427757000134e+00 -7.029086074785124705e-01
4.875751798371359413e+00 -8.740270997127480568e-01
4.888318168985717804e+00 -9.005774756092519429e-01
4.900884539600077083e+00 -9.247139844974958667e-01
4.913450910214436362e+00 -1.122685987576103051e+00
4.926017280828795641e+00 -1.030021114044167074e+00
4.938583651443154920e+00 -9.941514872882248888e-01
4.951150022057514200e+00 -1.177592947732960971e+00
4.963716392671873479e+00 -1.075528387325405788e+00
4.976282763286232758e+00 -9.710366117255012641e-01
4.988849133900592037e+00 -8.125256625793634280e-01
5.001415504514951316e+00 -1.082414444164083500e+00
5.013981875129309707e+00 -1.023432626992212935e+00
5.026548245743668986e+00 -8.028681278201790228e-01
5.039114616358028265e+00 -9.250601734867530679e-01
5.051680986972387544e+00 -1.135783743233462983e+00
5.064247357586746823e+00 -1.001026882144090191e+00
5.076813728201106102e+00 -9.966549807216542600e-01
5.089380098815465381e+00 -7.674684780768894488e-01
5.101946469429824660e+00 -7.210208228848751233e-01
5.114512840044183939e+00 -9.756300227196892383e-01
5.127079210658542330e+00 -1.114548731294354944e+00
5.139645581272901609e+00 -8.723120853258912177e-01
5.152211951887260888e+00 -9.907140331859547455e-01
5.164778322501620167e+00 -8.212766156610343815e-01
5.177344693115979446e+00 -9.013581114808036920e-01
5.189911063730338725e+00 -7.524097660893205308e-01
5.202477434344698004e+00 -8.038929788110765751e-01
5.215043804959057283e+00 -9.879741206695846767e-01
5.227610175573416562e+00 -8.212318471351337523e-01
5.240176546187774953e+00 -7.573620035586967614e-01
5.252742916802134232e+00 -8.438099315757920937e-01
5.265309287416492623e+00 -9.649275248649599179e-01
5.277875658030851902e+00 -6.023931225731966599e-01
5.290442028645211181e+00 -9.132870404370450057e-01
5.303008399259570460e+00 -6.871569320382668877e-01
5.315574769873929739e+00 -8.029323420827672031e-01
5.328141140488289018e+00 -7.339476772617677947e-01
5.340707511102648297e+00 -8.528245313991120735e-01
5.353273881717007576e+00 -7.004952927649680250e-01
5.365840252331366855e+00 -9.123709402665250989e-01
5.378406622945726134e+00 -6.092046357810185775e-01
5.390972993560084525e+00 -7.221277678551853985e-01
5.403539364174443804e+00 -7.962542826019860520e-01
5.416105734788803083e+00 -6.397535219754232338e-01
5.428672105403162362e+00 -7.932254174940069902e-01
5.441238476017521641e+00 -7.734057654706932849e-01
5.453804846631880920e+00 -7.031061615669065290e-01
5.466371217246240199e+00 -6.910414738881542895e-01
5.478937587860599479e+00 -6.665490295687606093e-01
5.491503958474958758e+00 -7.555414036196724803e-01
5.504070329089317148e+00 -7.677855242657010137e-01
5.516636699703676427e+00 -7.664866424823818525e-01
5.529203070318035707e+00 -7.551288864141668666e-01
5.541769440932394986e+00 -6.500194233766677376e-01
5.554335811546754265e+00 -6.780383943807442026e-01
5.566902182161113544e+00 -6.334966030226275580e-01
5.579468552775472823e+00 -6.698644729282845489e-01
5.592034923389832102e+00 -7.200047191604153074e-01
5.604601294004191381e+00 -6.451878884021999827e-01
5.617167664618549772e+00 -7.630008537253650802e-01
5.629734035232909051e+00 -4.575133619993663192e-01
5.642300405847268330e+00 -6.360233098464627144e-01
5.654866776461627609e+00 -5.461411617611582336e-01
5.667433147075986888e+00 -5.998621985824340586e-01
5.679999517690346167e+00 -6.631358881242784831e-01
5.692565888304705446e+00 -5.650646554563381052e-01
5.705132258919064725e+00 -5.057935742597065021e-01
5.717698629533424004e+00 -4.697344081492562107e-01
5.730265000147783283e+00 -6.680156042074347766e-01
5.742831370762141674e+00 -6.932814071154588254e-01
5.755397741376500953e+00 -5.530894914212982627e-01
5.767964111990860232e+00 -6.233452862878631207e-01
5.780530482605219511e+00 -4.208689110766409280e-01
5.793096853219578790e+00 -5.070949746516394407e-01
5.805663223833938069e+00 -5.709729963921499341e-01
5.818229594448297348e+00 -3.569363145348741218e-01
5.830795965062656627e+00 -4.957443697850175690e-01
5.843362335677015906e+00 -4.042634616775221401e-01
5.855928706291374297e+00 -3.926587367832198305e-01
5.868495076905733576e+00 -4.662551364708527601e-01
5.881061447520092855e+00 -2.282206628046684893e-01
5.893627818134452134e+00 -4.704792495950923525e-01
5.906194188748811413e+00 -4.339716558675527081e-01
5.918760559363170692e+00 -3.128314612314541110e-01
5.931326929977529971e+00 -5.002307220593811277e-01
5.943893300591889250e+00 -4.512041063375370475e-01
5.956459671206248530e+00 -5.140644103741269788e-01
5.969026041820606920e+00 -2.407113708683632503e-01
5.981592412434966199e+00 -3.289540458764997344e-01
5.994158783049325478e+00 -1.781833380540956413e-01
6.006725153663684758e+00 -2.516249385406948980e-01
6.019291524278044037e+00 -1.274672965818263448e-01
6.031857894892402427e+00 -6.552143533598009384e-02
6.044424265506761706e+00 -3.531114316517141027e-01
6.056990636121120986e+00 -1.012704636061788760e-01
6.069557006735480265e+00 -8.698313193892651118e-02
6.082123377349839544e+00 -2.791358898627795959e-01
6.094689747964198823e+00 -2.408379150426738224e-01
6.107256118578558102e+00 -1.588970062577453601e-01
6.119822489192916493e+00 -7.081784207820882027e-02
6.132388859807275772e+00 -7.541611500540702784e-02
6.144955230421635051e+00 -1.594879110114700571e-01
6.157521601035994330e+00 -2.931678065309986647e-03
6.170087971650353609e+00 -2.293859347793776593e-01
6.182654342264712888e+00 -1.333242978394416633e-02
6.195220712879072167e+00 -2.745209818950381658e-02
6.207787083493431446e+00 -9.026882146854277311e-02
6.220353454107790725e+00 -1.833531790390606209e-01
6.232919824722149116e+00 1.784571242784191436e-02
6.245486195336508395e+00 -1.379948245166080778e-02
6.258052565950867674e+00 -9.417081318285402958e-02
6.270618936565226953e+00 1.706126175606405282e-02
