0.000000000000000000e+00 2.683937315166294579e-02
1.256637061435917323e-02 6.919025591519414875e-02
2.513274122871834645e-02 1.989889637978110859e-01
3.769911184307751795e-02 -3.456409650928261856e-02
5.026548245743669291e-02 8.516964889390829518e-02
6.283185307179586787e-02 1.780496288361144708e-01
7.539822368615503589e-02 1.499302388921508744e-01
8.796459430051420392e-02 7.529172840211297013e-02
1.005309649148733858e-01 1.017090013514538871e-01
1.130973355292325677e-01 2.476454908340066652e-01
1.256637061435917357e-01 1.528651863792961640e-01
1.382300767579508760e-01 2.938473712164123286e-02
1.507964473723100718e-01 2.750194937885768742e-01
1.633628179866692676e-01 1.114895766801248939e-01
1.759291886010284078e-01 2.849378033669482946e-01
1.884955592153875759e-01 1.392242507594399770e-01
2.010619298297467716e-01 2.277619607820726977e-01
2.136283004441059397e-01 2.449097049589249453e-01
2.261946710584651354e-01 3.999614446992992289e-01
2.387610416728242757e-01 7.999245497720638975e-02
2.513274122871834715e-01 3.554431417151028838e-01
2.638937829015426395e-01 1.564158050786889076e-01
2.764601535159017520e-01 4.930843515414939926e-01
2.890265241302609756e-01 3.721992445979527275e-01
3.015928947446201436e-01 3.434777377881638172e-01
3.141592653589793116e-01 4.122628467807210040e-01
3.267256359733385351e-01 2.042165795221789204e-01
3.392920065876976476e-01 1.751626261256549744e-01
3.518583772020568157e-01 4.021637836708635283e-01
3.644247478164160392e-01 3.436771841848109688e-01
3.769911184307751517e-01 3.652341946522638660e-01
3.895574890451343197e-01 2.494703465347417604e-01
4.021238596594935433e-01 3.569186728034621781e-01
4.146902302738527113e-01 5.021377086237770460e-01
4.272566008882118793e-01 4.569500782398719929e-01
4.398229715025711029e-01 4.488925137691259781e-01
4.523893421169302709e-01 4.734082178983042288e-01
4.649557127312893834e-01 5.376696935830157509e-01
4.775220833456485514e-01 5.780489890575500889e-01
4.900884539600077194e-01 4.794957889374126814e-01
5.026548245743669430e-01 6.358118329100806987e-01
5.152211951887261110e-01 6.190872826322528777e-01
5.277875658030852790e-01 3.711623900245292207e-01
5.403539364174444470e-01 8.356539365912649675e-01
5.529203070318035040e-01 5.611366151424362902e-01
5.654866776461627831e-01 5.866123396343354557e-01
5.780530482605219511e-01 3.697691208797925233e-01
5.906194188748811191e-01 6.584887491117921154e-01
6.031857894892402872e-01 5.305184350248360881e-01
6.157521601035994552e-01 5.827500949429069710e-01
6.283185307179586232e-01 5.205490797324031638e-01
6.408849013323177912e-01 5.296345898705431265e-01
6.534512719466770703e-01 6.627397913147348163e-01
6.660176425610361273e-01 7.285932393311648214e-01
6.785840131753952953e-01 4.740270295317473570e-01
6.911503837897544633e-01 6.138402139981675720e-01
7.037167544041136313e-01 7.567026394516727095e-01
7.162831250184729104e-01 5.208698216723139929e-01
7.288494956328320784e-01 6.732001254705199944e-01
7.414158662471912464e-01 8.766308611248326832e-01
7.539822368615503034e-01 7.052447949435736163e-01
7.665486074759094715e-01 6.524632750331043063e-01
7.791149780902686395e-01 6.336715874368474832e-01
7.916813487046279185e-01 8.556505986685136733e-01
8.042477193189870865e-01 7.350640172420668250e-01
8.168140899333462546e-01 7.207739624215003804e-01
8.293804605477054226e-01 7.058947235787504937e-01
8.419468311620645906e-01 6.572009547957178288e-01
8.545132017764237586e-01 6.241029237997319790e-01
8.670795723907829267e-01 7.743891917882168574e-01
8.796459430051422057e-01 7.606671516203936667e-01
8.922123136195013737e-01 8.126622435156634072e-01
9.047786842338605418e-01 8.864334902869661637e-01
9.173450548482194877e-01 6.233024042634732753e-01
9.299114254625787668e-01 8.493961148273283523e-01
9.424777960769379348e-01 6.619943993668099269e-01
9.550441666912971028e-01 8.928438096948959624e-01
9.676105373056562708e-01 6.837477686022003232e-01
9.801769079200154389e-01 8.724904945809746071e-01
9.927432785343746069e-01 8.097133542289199903e-01
1.005309649148733886e+00 8.370749420752509051e-01
1.017876019763092943e+00 9.658057197450251596e-01
1.030442390377452222e+00 7.330901134030634037e-01
1.043008760991811279e+00 8.373132934747294920e-01
1.055575131606170558e+00 9.445037723529143836e-01
1.068141502220529837e+00 8.901239593646494974e-01
1.080707872834888894e+00 1.010027756213926153e+00
1.093274243449248173e+00 7.950923935362590456e-01
1.105840614063607008e+00 9.453299684553950755e-01
1.118406984677966287e+00 8.477387661842435973e-01
1.130973355292325566e+00 1.104933042320036973e+00
1.143539725906684623e+00 8.868749001207725247e-01
1.156106096521043902e+00 8.785837407220795647e-01
1.168672467135402959e+00 9.494900236919794345e-01
1.181238837749762238e+00 8.222400856980792705e-01
1.193805208364121295e+00 8.686448389879956045e-01
1.206371578978480574e+00 8.414920333273623321e-01
1.218937949592839853e+00 1.044452257404974826e+00
1.231504320207198910e+00 9.369839984647554409e-01
1.244070690821558189e+00 6.650952430629017975e-01
1.256637061435917246e+00 1.049528620174918325e+00
1.269203432050276525e+00 8.571459833247075943e-01
1.281769802664635582e+00 1.010059452545772452e+00
1.294336173278994861e+00 9.718622846690231354e-01
1.306902543893354141e+00 8.942787988763774010e-01
1.319468914507712975e+00 9.625243540330816749e-01
1.332035285122072255e+00 1.057235483110211760e+00
1.344601655736431534e+00 8.730711835001810917e-01
1.357168026350790591e+00 9.894767397006687393e-01
1.369734396965149870e+00 1.027623832807814885e+00
1.382300767579508927e+00 8.195325722251707301e-01
1.394867138193868206e+00 1.038860839196792396e+00
1.407433508808227263e+00 9.540854236475867500e-01
1.419999879422586542e+00 8.796412175048344828e-01
1.432566250036945821e+00 8.188755926673505492e-01
1.445132620651304878e+00 1.076420961993226122e+00
1.457698991265664157e+00 8.757209548944121513e-01
1.470265361880023214e+00 1.079008067709202656e+00
1.482831732494382493e+00 1.173512575420580850e+00
1.495398103108741550e+00 1.056148807348089580e+00
1.507964473723100607e+00 1.092414088360314617e+00
1.520530844337459886e+00 1.007703651780269327e+00
1.533097214951818943e+00 9.752212278470350215e-01
1.545663585566178222e+00 9.253653945900619515e-01
1.558229956180537279e+00 9.124746629490058103e-01
1.570796326794896558e+00 1.108236206091143261e+00
1.583362697409255837e+00 1.093375426314556753e+00
1.595929068023614894e+00 9.011152679087682804e-01
1.608495438637974173e+00 8.392125848839753210e-01
1.621061809252333230e+00 1.072481484112833616e+00
1.633628179866692509e+00 1.018737258223864739e+00
1.646194550481051566e+00 1.042805718840402074e+00
1.658760921095410845e+00 1.101204037437644612e+00
1.671327291709770124e+00 1.072558262258007655e+00
1.683893662324129181e+00 1.064321640346399533e+00
1.696460032938488460e+00 8.351662728298162586e-01
1.709026403552847517e+00 1.035986174268925142e+00
1.721592774167206796e+00 1.030034142165085820e+00
1.734159144781565853e+00 1.002245265165295551e+00
1.746725515395925132e+00 1.061321474781717233e+00
1.759291886010284411e+00 9.011789345863867595e-01
1.771858256624643468e+00 1.009374239607801149e+00
1.784424627239002747e+00 1.009376321485042416e+00
1.796990997853361804e+00 1.073169151334528504e+00
1.809557368467721084e+00 9.638378694007633252e-01
1.822123739082079918e+00 1.054420512192908443e+00
1.834690109696438975e+00 9.017067971970758045e-01
1.847256480310798255e+00 9.797788463212925292e-01
1.859822850925157534e+00 8.994680749122445640e-01
1.872389221539516591e+00 9.908888496373212673e-01
1.884955592153875870e+00 9.412071630389625687e-01
1.897521962768234927e+00 9.001921117027357200e-01
1.910088333382594206e+00 7.874816485837256019e-01
1.922654703996953263e+00 8.185363634631674934e-01
1.935221074611312542e+00 9.883316188043258510e-01
1.947787445225671821e+00 8.310054041959803461e-01
1.960353815840030878e+00 9.244203868373735977e-01
1.972920186454390157e+00 7.811876719760143528e-01
1.985486557068749214e+00 9.155555574904757909e-01
1.998052927683108493e+00 8.159644156246375069e-01
2.010619298297467772e+00 9.080755631486897572e-01
2.023185668911826607e+00 9.197225073057442302e-01
2.035752039526185886e+00 6.920268037405568062e-01
2.048318410140545165e+00 9.295710763794411413e-01
2.060884780754904444e+00 7.775395452276682162e-01
2.073451151369263723e+00 9.334349679272172517e-01
2.086017521983622558e+00 7.438792059831152992e-01
2.098583892597981837e+00 8.548738714889885237e-01
2.111150263212341116e+00 8.473176369459980428e-01
2.123716633826700395e+00 7.857570010706210750e-01
2.136283004441059674e+00 8.058219121605070256e-01
2.148849375055418509e+00 9.882089111886560584e-01
2.161415745669777788e+00 9.189984988929056353e-01
2.173982116284137067e+00 8.045906714799095916e-01
2.186548486898496346e+00 9.478358818976709843e-01
2.199114857512855181e+00 8.054923923627214100e-01
2.211681228127214016e+00 8.108098866169345387e-01
2.224247598741573295e+00 8.334954700702379427e-01
2.236813969355932574e+00 7.886395717573736475e-01
2.249380339970291853e+00 6.683598034046588365e-01
2.261946710584651132e+00 9.205787882062020921e-01
2.274513081199009967e+00 6.995730667774336942e-01
2.287079451813369246e+00 7.475597596464100825e-01
2.299645822427728525e+00 6.905479090353399130e-01
2.312212193042087804e+00 7.908524260478573265e-01
2.324778563656447083e+00 6.610691851695443821e-01
2.337344934270805918e+00 7.826273025195443767e-01
2.349911304885165197e+00 8.008244262422837823e-01
2.362477675499524477e+00 7.731462770145894892e-01
2.375044046113883756e+00 6.854133270206713702e-01
2.387610416728242591e+00 7.725375709000871227e-01
2.400176787342601870e+00 6.712852853709128098e-01
2.412743157956961149e+00 6.411003030689946813e-01
2.425309528571320428e+00 5.795209221408466060e-01
2.437875899185679707e+00 6.233354506300262665e-01
2.450442269800038542e+00 7.290401235714415451e-01
2.463008640414397821e+00 7.894348006549206653e-01
2.475575011028757100e+00 7.483238877215507845e-01
2.488141381643116379e+00 6.690790016298109322e-01
2.500707752257475658e+00 7.018238390719714337e-01
2.513274122871834493e+00 7.072502729404598343e-01
2.525840493486193772e+00 5.987728625265198446e-01
2.538406864100553051e+00 7.598109081314793345e-01
2.550973234714912330e+00 4.804215722902739349e-01
2.563539605329271165e+00 6.712190697141811047e-01
2.576105975943630444e+00 4.696530205039611827e-01
2.588672346557989723e+00 5.700811048796849967e-01
2.601238717172349002e+00 5.110827392650506562e-01
2.613805087786708281e+00 5.678361680258842137e-01
2.626371458401067116e+00 4.913213049503299401e-01
2.638937829015425951e+00 3.501526872267379797e-01
2.651504199629785230e+00 4.777970165150015602e-01
2.664070570244144509e+00 3.938290626553531681e-01
2.676636940858503788e+00 5.504345279911146971e-01
2.689203311472863067e+00 4.023739508116119246e-01
2.701769682087221902e+00 5.365878228400929872e-01
2.714336052701581181e+00 4.491039451177821218e-01
2.726902423315940460e+00 4.733535938871883397e-01
2.739468793930299739e+00 5.422178222473186260e-01
2.752035164544658574e+00 5.567752184721885822e-01
2.764601535159017853e+00 3.741379094266979455e-01
2.777167905773377132e+00 4.399815499904071170e-01
2.789734276387736411e+00 4.611896119878488021e-01
2.802300647002095690e+00 4.349198513297728441e-01
2.814867017616454525e+00 5.213940986441631953e-01
2.827433388230813804e+00 3.648448433945296610e-01
2.839999758845173083e+00 2.401154195297638405e-01
2.852566129459532362e+00 4.321776075347820711e-01
2.865132500073891642e+00 2.207833813871115380e-01
2.877698870688250476e+00 2.649441978535854725e-01
2.890265241302609756e+00 3.982099102361936205e-01
2.902831611916969035e+00 3.687201972473518330e-01
2.915397982531328314e+00 1.271747501216545229e-01
2.927964353145687149e+00 5.840054414540940542e-02
2.940530723760046428e+00 1.871799406345413808e-01
2.953097094374405707e+00 1.035146567434017950e-01
2.965663464988764986e+00 3.140446180060360026e-01
2.978229835603124265e+00 2.277791844383428299e-02
2.990796206217483100e+00 3.708598132345223286e-01
3.003362576831842379e+00 2.268739199592152977e-01
3.015928947446201214e+00 -7.337584561120691351e-02
3.028495318060560493e+00 3.217405552313229444e-02
3.041061688674919772e+00 7.659727961771928273e-02
3.053628059289279051e+00 1.130195946324572820e-01
3.066194429903637886e+00 2.531939075359488506e-02
3.078760800517997165e+00 1.623173873047682458e-01
3.091327171132356444e+00 8.291546333240065736e-02
3.103893541746715723e+00 5.858663140232974603e-02
3.116459912361074558e+00 4.037755000692613144e-03
3.129026282975433837e+00 1.217268443550796608e-01
3.141592653589793116e+00 8.310448703687052519e-02
3.154159024204152395e+00 9.750760637789138152e-02
3.166725394818511674e+00 7.483933859684055445e-02
3.179291765432870509e+00 -1.414710283435157145e-01
3.191858136047229788e+00 6.293456122958468457e-02
3.204424506661589067e+00 -9.208052910728371787e-02
3.216990877275948346e+00 -2.087450806911255730e-01
3.229557247890307181e+00 -3.088050212911382930e-01
3.242123618504666460e+00 -1.092270112333871279e-01
3.254689989119025739e+00 -2.501450727900552118e-01
3.267256359733385018e+00 -4.086055837389483691e-02
3.279822730347744297e+00 -1.467262161039726565e-01
3.292389100962103132e+00 -2.369788770304680492e-01
3.304955471576462411e+00 -1.228940852754047824e-01
3.317521842190821690e+00 -1.515452706254143966e-01
3.330088212805180969e+00 -2.415639598977877278e-01
3.342654583419540248e+00 -2.285641459749787607e-01
3.355220954033899083e+00 -2.229824216988035290e-01
3.367787324648258362e+00 -1.287327905830678576e-01
3.380353695262617642e+00 -2.550892632059738596e-01
3.392920065876976921e+00 -2.581219387145024524e-01
3.405486436491335756e+00 -1.818788143150033010e-01
3.418052807105695035e+00 -4.163948213435731960e-01
3.430619177720054314e+00 -2.728726471694856714e-01
3.443185548334413593e+00 -4.363880898977204881e-01
3.455751918948772872e+00 -4.659489650230999036e-01
3.468318289563131707e+00 -3.092354583535166790e-01
3.480884660177490986e+00 -4.820240677198106005e-01
3.493451030791850265e+00 -4.100124209322510427e-01
3.506017401406209544e+00 -3.645390361684683889e-01
3.518583772020568823e+00 -3.602592554787190093e-01
3.531150142634927658e+00 -3.747941915014191827e-01
3.543716513249286937e+00 -4.171021352632017787e-01
3.556282883863646216e+00 -4.777037791685436185e-01
3.568849254478005495e+00 -4.021214758130556843e-01
3.581415625092364330e+00 -3.816389678113497608e-01
3.593981995706723609e+00 -4.275506111438165946e-01
3.606548366321082888e+00 -5.448298689501140935e-01
3.619114736935442167e+00 -4.537590716401131985e-01
3.631681107549800558e+00 -5.153617144429514241e-01
3.644247478164159837e+00 -1.945666547695555915e-01
3.656813848778519116e+00 -6.564928097310791522e-01
3.669380219392877951e+00 -4.152958416855303536e-01
3.681946590007237230e+00 -4.818404131543092550e-01
3.694512960621596509e+00 -5.234699962316113897e-01
3.707079331235955788e+00 -4.597262551107430539e-01
3.719645701850315067e+00 -6.235950557245507619e-01
3.732212072464673902e+00 -4.389924883371195685e-01
3.744778443079033181e+00 -4.839178875346231146e-01
3.757344813693392460e+00 -6.763640379565003524e-01
3.769911184307751739e+00 -5.798956603788411046e-01
3.782477554922110574e+00 -5.541686791143000113e-01
3.795043925536469853e+00 -4.439411581921343108e-01
3.807610296150829132e+00 -6.906604418794426437e-01
3.820176666765188411e+00 -6.531735127385051021e-01
3.832743037379547690e+00 -6.537363169499798010e-01
3.845309407993906525e+00 -6.246236264655942172e-01
3.857875778608265804e+00 -6.112412579910264654e-01
3.870442149222625083e+00 -4.362263797344630989e-01
3.883008519836984362e+00 -6.866085957956469255e-01
3.895574890451343641e+00 -6.428291551080436150e-01
3.908141261065702476e+00 -9.337722483566011089e-01
3.920707631680061755e+00 -8.273695046776449180e-01
3.933274002294421035e+00 -7.091910123587171766e-01
3.945840372908780314e+00 -8.117047130613873618e-01
3.958406743523139149e+00 -6.559420657775646424e-01
3.970973114137498428e+00 -6.892830037254117359e-01
3.983539484751857707e+00 -7.926152789839681079e-01
3.996105855366216986e+00 -6.667300842514478632e-01
4.008672225980576265e+00 -8.149354400739972082e-01
4.021238596594935544e+00 -9.523117376879598472e-01
4.033804967209294823e+00 -7.872971385421709822e-01
4.046371337823653214e+00 -7.380949974104435984e-01
4.058937708438012493e+00 -7.096325513549807118e-01
4.071504079052371772e+00 -7.836238225069075414e-01
4.084070449666731051e+00 -7.203493795311119996e-01
4.096636820281090330e+00 -8.260005192375518002e-01
4.109203190895449609e+00 -9.238211352208488547e-01
4.121769561509808888e+00 -8.356397065478966546e-01
4.134335932124168167e+00 -8.525950275345828278e-01
4.146902302738527446e+00 -9.575489130211791711e-01
4.159468673352886725e+00 -9.872667961688171845e-01
4.172035043967245116e+00 -8.995362872298462431e-01
4.184601414581604395e+00 -8.392022723569756426e-01
4.197167785195963674e+00 -8.428362633958799144e-01
4.209734155810322953e+00 -9.452153387497614911e-01
4.222300526424682232e+00 -7.681195309425845608e-01
4.234866897039041511e+00 -9.984365051606586272e-01
4.247433267653400790e+00 -9.734481426143689609e-01
4.259999638267760069e+00 -9.228029831757794677e-01
4.272566008882119348e+00 -8.812390062981328986e-01
4.285132379496477739e+00 -9.710590146242195075e-01
4.297698750110837018e+00 -7.994137220951681444e-01
4.310265120725196297e+00 -9.863080916239819196e-01
4.322831491339555576e+00 -8.643004216040968135e-01
4.335397861953914855e+00 -9.190314389008578111e-01
4.347964232568274134e+00 -8.763528532925692893e-01
4.360530603182633413e+00 -1.029311771856330049e+00
4.373096973796992692e+00 -8.646227171085447694e-01
4.385663344411351972e+00 -8.351243142882420756e-01
4.398229715025710362e+00 -1.032856943847714204e+00
4.410796085640069641e+00 -1.084011151813390805e+00
4.423362456254428032e+00 -1.055300335750942287e+00
4.435928826868787311e+00 -8.482035585274292355e-01
4.448495197483146590e+00 -1.072458438660412572e+00
4.461061568097505869e+00 -9.023922779498697588e-01
4.473627938711865148e+00 -6.813464993573186135e-01
4.486194309326224428e+00 -7.705533898590135600e-01
4.498760679940583707e+00 -1.142081972027026771e+00
4.511327050554942986e+00 -7.158823798931601701e-01
4.523893421169302265e+00 -9.941087894504103684e-01
4.536459791783661544e+00 -9.157541018099369934e-01
4.549026162398019935e+00 -9.261738464502808910e-01
4.561592533012379214e+00 -8.837073401783409610e-01
4.574158903626738493e+00 -1.085513289350387156e+00
4.586725274241097772e+00 -1.002312129536204077e+00
4.599291644855457051e+00 -1.146843186902507084e+00
4.611858015469816330e+00 -9.340671441583536794e-01
4.624424386084175609e+00 -7.933427394197560822e-01
4.636990756698534888e+00 -1.137256087425973616e+00
4.649557127312894167e+00 -9.839872029517372498e-01
4.662123497927252558e+00 -1.093145663892632014e+00
4.674689868541611837e+00 -1.003496079144833519e+00
4.687256239155971116e+00 -1.059405767679087340e+00
4.699822609770330395e+00 -9.979749650289624352e-01
4.712388980384689674e+00 -1.067702557335366897e+00
4.724955350999048953e+00 -9.154304827770706199e-01
4.737521721613408232e+00 -9.748911284464097937e-01
4.750088092227767511e+00 -8.759350982426825638e-01
4.762654462842126790e+00 -1.071180452393805105e+00
4.775220833456485181e+00 -1.048657687439291220e+00
4.787787204070844460e+00 -1.124740482219067417e+00
4.800353574685203739e+00 -1.081473027339899362e+00
4.812919945299563018e+00 -9.502058863568381142e-01
4.825486315913922297e+00 -9.604330917717234239e-01
4.838052686528281576e+00 -1.013077044961018469e+00
4.850619057142640855e+00 -9.100096925796338221e-01
4.863185427757000134e+00 -8.694093442814883055e-01
4.875751798371359413e+00 -8.793849138078835281e-01
4.888318168985717804e+00 -9.917808678143996692e-01
4.900884539600077083e+00 -8.714021228402604180e-01
4.913450910214436362e+00 -1.030452020225401943e+00
4.926017280828795641e+00 -8.718009140728018025e-01
4.938583651443154920e+00 -9.903180899647008317e-01
4.951150022057514200e+00 -9.781858058293073643e-01
4.963716392671873479e+00 -9.317399718429197897e-01
4.976282763286232758e+00 -9.842301650571668725e-01
4.988849133900592037e+00 -1.047580259316288842e+00
5.001415504514951316e+00 -9.461562671790646473e-01
5.013981875129309707e+00 -8.148209116134373931e-01
5.026548245743668986e+00 -1.002285584305727895e+00
5.039114616358028265e+00 -1.034134202864733565e+00
5.051680986972387544e+00 -7.236206355585306227e-01
5.064247357586746823e+00 -1.064206570914450145e+00
5.076813728201106102e+00 -9.914386138627325762e-01
5.089380098815465381e+00 -1.058539607680268890e+00
5.101946469429824660e+00 -8.574884500157451406e-01
5.114512840044183939e+00 -9.805053264847982675e-01
5.127079210658542330e+00 -9.324935386015171801e-01
5.139645581272901609e+00 -8.972834430476249734e-01
5.152211951887260888e+00 -7.715209065990520365e-01
5.164778322501620167e+00 -8.266415290265979321e-01
5.177344693115979446e+00 -9.906145819615987946e-01
5.189911063730338725e+00 -9.341357200742929079e-01
5.202477434344698004e+00 -8.457837401179036929e-01
5.215043804959057283e+00 -9.183514462331429096e-01
5.227610175573416562e+00 -7.420708450373307841e-01
5.240176546187774953e+00 -8.265528474713269569e-01
5.252742916802134232e+00 -8.185786495515902095e-01
5.265309287416492623e+00 -8.707540823415638176e-01
5.277875658030851902e+00 -7.731586605586301397e-01
5.290442028645211181e+00 -7.143902078941013478e-01
5.303008399259570460e+00 -8.824364544783295239e-01
5.315574769873929739e+00 -7.911861592158320189e-01
5.328141140488289018e+00 -7.073164140133001432e-01
5.340707511102648297e+00 -8.032321778223777686e-01
5.353273881717007576e+00 -7.952930841146462759e-01
5.365840252331366855e+00 -7.183672664009431719e-01
5.378406622945726134e+00 -7.341887823494205323e-01
5.390972993560084525e+00 -7.372039805239273269e-01
5.403539364174443804e+00 -7.714744765678627214e-01
5.416105734788803083e+00 -5.395029975174583381e-01
5.428672105403162362e+00 -7.098844953677245773e-01
5.441238476017521641e+00 -6.181818439680542010e-01
5.453804846631880920e+00 -7.454977801938992288e-01
5.466371217246240199e+00 -8.064282419176318495e-01
5.478937587860599479e+00 -8.219061756675961616e-01
5.491503958474958758e+00 -7.279854485821279919e-01
5.504070329089317148e+00 -6.823423338776307689e-01
5.516636699703676427e+00 -6.501318959465516301e-01
5.529203070318035707e+00 -4.853792775193773168e-01
5.541769440932394986e+00 -6.435207276489469663e-01
5.554335811546754265e+00 -5.754878669943666036e-01
5.566902182161113544e+00 -6.203461412887654181e-01
5.579468552775472823e+00 -6.495503736069082601e-01
5.592034923389832102e+00 -5.479610845493365634e-01
5.604601294004191381e+00 -6.658356838129021460e-01
5.617167664618549772e+00 -7.242334995436511269e-01
5.629734035232909051e+00 -7.685859948244628814e-01
5.642300405847268330e+00 -5.978826670070193083e-01
5.654866776461627609e+00 -6.925085460271751536e-01
5.667433147075986888e+00 -6.923552944106671214e-01
5.679999517690346167e+00 -5.227728476658549672e-01
5.692565888304705446e+00 -4.619489090231466144e-01
5.705132258919064725e+00 -4.777718305213271011e-01
5.717698629533424004e+00 -4.816152739263144245e-01
5.730265000147783283e+00 -5.506907883522231817e-01
5.742831370762141674e+00 -4.878146599067378353e-01
5.755397741376500953e+00 -3.921144278219406143e-01
5.767964111990860232e+00 -5.827897732686487808e-01
5.780530482605219511e+00 -5.049769654828274446e-01
5.793096853219578790e+00 -3.945267929218722602e-01
5.805663223833938069e+00 -4.942052251810142294e-01
5.818229594448297348e+00 -3.235924826036064572e-01
5.830795965062656627e+00 -4.900315031127323029e-01
5.843362335677015906e+00 -3.939674613626616972e-01
5.855928706291374297e+00 -3.420811666805450013e-01
5.868495076905733576e+00 -3.812214205325769045e-01
5.881061447520092855e+00 -3.308682135304463756e-01
5.893627818134452134e+00 -2.642955436457045115e-01
5.906194188748811413e+00 -3.669806727100639598e-01
5.918760559363170692e+00 -4.227248821834452275e-01
5.931326929977529971e+00 -2.958522295952191739e-01
5.943893300591889250e+00 -2.298063012640114144e-01
5.956459671206248530e+00 -3.086836093489041533e-01
5.969026041820606920e+00 -3.730016845690816152e-01
5.981592412434966199e+00 -3.823477239521447801e-01
5.994158783049325478e+00 -2.665154414813628581e-01
6.006725153663684758e+00 -5.079034759402913934e-01
6.019291524278044037e+00 -3.354342708288386987e-01
6.031857894892402427e+00 -2.192420717880942393e-01
6.044424265506761706e+00 -2.135947978565785887e-01
6.056990636121120986e+00 -3.015887073360823400e-01
6.069557006735480265e+00 -1.287357268966976553e-01
6.082123377349839544e+00 -2.782293937123168082e-01
6.094689747964198823e+00 -9.856483835059340337e-02
6.107256118578558102e+00 -2.558101846746229091e-01
6.119822489192916493e+00 -1.725744486213725004e-01
6.132388859807275772e+00 -6.636921765087072655e-02
6.144955230421635051e+00 -2.327735581419662636e-01
6.157521601035994330e+00 -6.074085558148252517e-02
6.170087971650353609e+00 -2.409601556483118023e-02
6.182654342264712888e+00 -8.007799644464087818e-02
6.195220712879072167e+00 -1.841044188327367603e-01
6.207787083493431446e+00 -2.689144616058597448e-01
6.220353454107790725e+00 -3.406507129691709046e-02
6.232919824722149116e+00 3.462964657601771967e-02
6.245486195336508395e+00 -1.895278538996439666e-01
6.258052565950867674e+00 1.266362882249291721e-01
6.270618936565226953e+00 1.826594388453069845e-02
