0.000000000000000000e+00 -1.270302483597023080e-01
1.256637061435917323e-02 -1.182423940870403478e-01
2.513274122871834645e-02 3.992914664151994697e-02
3.769911184307751795e-02 -4.192024140077185712e-02
5.026548245743669291e-02 8.204807818428738742e-02
6.283185307179586787e-02 6.008879676755077975e-02
7.539822368615503589e-02 2.953620381045079513e-01
8.796459430051420392e-02 -7.676031374984068623e-02
1.005309649148733858e-01 2.359185197219561547e-01
1.130973355292325677e-01 2.424254524047782522e-01
1.256637061435917357e-01 2.543511817766147542e-01
1.382300767579508760e-01 1.541665682401028581e-01
1.507964473723100718e-01 1.441755455209070280e-01
1.633628179866692676e-01 1.870341559631566730e-01
1.759291886010284078e-01 1.257472582363938773e-01
1.884955592153875759e-01 3.127942959308844806e-01
2.010619298297467716e-01 3.183938670129912163e-01
2.136283004441059397e-01 2.123864728997974238e-01
2.261946710584651354e-01 2.498583400006660349e-01
2.387610416728242757e-01 1.538471095982683057e-01
2.513274122871834715e-01 3.556732935257014283e-01
2.638937829015426395e-01 3.796894167271396281e-01
2.764601535159017520e-01 3.518948220540316640e-01
2.890265241302609756e-01 2.950655797037558536e-01
3.015928947446201436e-01 2.437623115730755963e-01
3.141592653589793116e-01 2.949743859407721325e-01
3.267256359733385351e-01 4.320860447526603254e-01
3.392920065876976476e-01 4.035928864666404881e-01
3.518583772020568157e-01 3.445638339596701072e-01
3.644247478164160392e-01 4.330968356595794599e-01
3.769911184307751517e-01 3.364481299470045705e-01
3.895574890451343197e-01 4.179428294030795854e-01
4.021238596594935433e-01 2.079778759045959879e-01
4.146902302738527113e-01 5.088425564309008164e-01
4.272566008882118793e-01 4.626553995047192336e-01
4.398229715025711029e-01 5.676987811407662177e-01
4.523893421169302709e-01 3.882788368782164601e-01
4.649557127312893834e-01 4.186151375424444487e-01
4.775220833456485514e-01 5.909914841523308260e-01
4.900884539600077194e-01 5.289131622276885825e-01
5.026548245743669430e-01 4.012022723711275995e-01
5.152211951887261110e-01 5.096144521951502249e-01
5.277875658030852790e-01 6.149008735088168365e-01
5.403539364174444470e-01 4.739075785604678903e-01
5.529203070318035040e-01 4.960975778064879993e-01
5.654866776461627831e-01 3.882364907707674950e-01
5.780530482605219511e-01 6.366649543743369000e-01
5.906194188748811191e-01 5.563655905747346697e-01
6.031857894892402872e-01 8.061280310116785142e-01
6.157521601035994552e-01 6.040486618052235412e-01
6.283185307179586232e-01 6.029863103503581012e-01
6.408849013323177912e-01 6.532899911922482872e-01
6.534512719466770703e-01 5.446403055819888372e-01
6.660176425610361273e-01 5.880684978237914473e-01
6.785840131753952953e-01 6.529134621280162643e-01
6.911503837897544633e-01 7.737331930166737592e-01
7.037167544041136313e-01 8.439578773366535058e-01
7.162831250184729104e-01 5.898830363168926505e-01
7.288494956328320784e-01 6.677047114223954027e-01
7.414158662471912464e-01 7.066278812591823000e-01
7.539822368615503034e-01 1.000628534721141216e+00
7.665486074759094715e-01 6.376919711839286187e-01
7.791149780902686395e-01 7.087787485131478160e-01
7.916813487046279185e-01 6.680242319674519758e-01
8.042477193189870865e-01 5.050612801286979980e-01
8.168140899333462546e-01 7.272744887070016206e-01
8.293804605477054226e-01 7.472473123275724660e-01
8.419468311620645906e-01 7.404080427221679805e-01
8.545132017764237586e-01 6.606524881925052162e-01
8.670795723907829267e-01 8.583518169788904029e-01
8.796459430051422057e-01 7.630999518775272161e-01
8.922123136195013737e-01 6.042668622371858422e-01
9.047786842338605418e-01 8.249257002903256364e-01
9.173450548482194877e-01 8.345081770739312121e-01
9.299114254625787668e-01 8.104025342156307987e-01
9.424777960769379348e-01 8.231527576196070450e-01
9.550441666912971028e-01 8.113515849869277208e-01
9.676105373056562708e-01 7.121486007809408880e-01
9.801769079200154389e-01 8.259876983506357906e-01
9.927432785343746069e-01 7.627476675450484134e-01
1.005309649148733886e+00 7.974189437487473331e-01
1.017876019763092943e+00 7.699228434900252660e-01
1.030442390377452222e+00 9.470118683832000617e-01
1.043008760991811279e+00 8.575833259520636576e-01
1.055575131606170558e+00 7.664991926574366010e-01
1.068141502220529837e+00 9.272225123842456895e-01
1.080707872834888894e+00 9.805875708080578068e-01
1.093274243449248173e+00 8.219605940137558742e-01
1.105840614063607008e+00 9.899763658852854809e-01
1.118406984677966287e+00 1.131654273520630971e+00
1.130973355292325566e+00 6.297707048303877730e-01
1.143539725906684623e+00 8.364623834761026888e-01
1.156106096521043902e+00 9.303119420249668092e-01
1.168672467135402959e+00 8.157604622779295322e-01
1.181238837749762238e+00 1.009440307869081455e+00
1.193805208364121295e+00 9.059308555546199404e-01
1.206371578978480574e+00 1.001069123773495884e+00
1.218937949592839853e+00 9.820108963444982297e-01
1.231504320207198910e+00 9.233915606526079678e-01
1.244070690821558189e+00 9.039303108386558261e-01
1.256637061435917246e+00 9.661940160753510476e-01
1.269203432050276525e+00 1.116556632764902801e+00
1.281769802664635582e+00 9.218036276651028205e-01
1.294336173278994861e+00 7.282696057943708334e-01
1.306902543893354141e+00 1.057167326958599496e+00
1.319468914507712975e+00 9.307712059080039957e-01
1.332035285122072255e+00 8.190291262827031904e-01
1.344601655736431534e+00 9.795348601048676773e-01
1.357168026350790591e+00 1.102942778829003379e+00
1.369734396965149870e+00 8.786107126059328198e-01
1.382300767579508927e+00 9.310733587369849351e-01
1.394867138193868206e+00 1.060381689906733538e+00
1.407433508808227263e+00 9.068111825183857722e-01
1.419999879422586542e+00 1.059458980163114905e+00
1.432566250036945821e+00 9.249439673887256408e-01
1.445132620651304878e+00 1.092593660241966136e+00
1.457698991265664157e+00 9.224204828313233850e-01
1.470265361880023214e+00 1.006869799021527401e+00
1.482831732494382493e+00 9.959953351569995617e-01
1.495398103108741550e+00 8.099745845628389951e-01
1.507964473723100607e+00 1.115597844660205507e+00
1.520530844337459886e+00 9.868409251820778882e-01
1.533097214951818943e+00 9.912182368132643751e-01
1.545663585566178222e+00 9.807773287669090401e-01
1.558229956180537279e+00 9.790525376114924683e-01
1.570796326794896558e+00 9.708915952703065511e-01
1.583362697409255837e+00 9.418111671338479374e-01
1.595929068023614894e+00 9.309220446629976609e-01
1.608495438637974173e+00 8.988274517738952252e-01
1.621061809252333230e+00 1.045488410792061673e+00
1.633628179866692509e+00 9.717619905031077421e-01
1.646194550481051566e+00 9.448811773516856416e-01
1.658760921095410845e+00 1.032933928646668109e+00
1.671327291709770124e+00 9.860426827708220765e-01
1.683893662324129181e+00 8.354614100422387279e-01
1.696460032938488460e+00 1.030540362314702918e+00
1.709026403552847517e+00 9.995278874536394076e-01
1.721592774167206796e+00 8.858593341591226578e-01
1.734159144781565853e+00 8.655352567705381084e-01
1.746725515395925132e+00 9.131454772316009993e-01
1.759291886010284411e+00 1.112188879456429857e+00
1.771858256624643468e+00 8.050165107120295094e-01
1.784424627239002747e+00 1.016223755347833713e+00
1.796990997853361804e+00 1.077574784091600568e+00
1.809557368467721084e+00 9.312788734684278591e-01
1.822123739082079918e+00 1.054889073770640451e+00
1.834690109696438975e+00 9.119396047937333716e-01
1.847256480310798255e+00 1.071427694897757021e+00
1.859822850925157534e+00 9.776387490113092049e-01
1.872389221539516591e+00 9.790253753874840204e-01
1.884955592153875870e+00 1.065897539712127973e+00
1.897521962768234927e+00 9.647737358927164220e-01
1.910088333382594206e+00 8.994462070128739217e-01
1.922654703996953263e+00 9.616558051138530683e-01
1.935221074611312542e+00 1.012889923173548423e+00
1.947787445225671821e+00 6.510941983238756059e-01
1.960353815840030878e+00 1.018178960354326090e+00
1.972920186454390157e+00 9.981615065396535202e-01
1.985486557068749214e+00 9.425080937651967306e-01
1.998052927683108493e+00 9.525672538640961307e-01
2.010619298297467772e+00 1.019244697534742228e+00
2.023185668911826607e+00 8.265256794313725619e-01
2.035752039526185886e+00 8.454711773263128283e-01
2.048318410140545165e+00 1.120846533155604119e+00
2.060884780754904444e+00 1.000198186134413358e+00
2.073451151369263723e+00 9.808021989841576582e-01
2.086017521983622558e+00 1.002425391265929999e+00
2.098583892597981837e+00 8.016439404739115204e-01
2.111150263212341116e+00 8.055329743666599374e-01
2.123716633826700395e+00 8.621822858926426747e-01
2.136283004441059674e+00 9.802488148245005473e-01
2.148849375055418509e+00 8.122129873755935536e-01
2.161415745669777788e+00 9.872556797269155249e-01
2.173982116284137067e+00 7.527513321271542823e-01
2.186548486898496346e+00 9.595473052589328367e-01
2.199114857512855181e+00 7.785027350325816053e-01
2.211681228127214016e+00 6.657378481374383039e-01
2.224247598741573295e+00 8.975963013136543101e-01
2.236813969355932574e+00 6.611584104195372680e-01
2.249380339970291853e+00 7.371587663006655688e-01
2.261946710584651132e+00 8.232074526689938665e-01
2.274513081199009967e+00 8.581298974058303441e-01
2.287079451813369246e+00 7.919614240942030037e-01
2.299645822427728525e+00 5.695083754394590914e-01
2.312212193042087804e+00 7.807865788546788366e-01
2.324778563656447083e+00 6.688979745903875784e-01
2.337344934270805918e+00 6.692455257003243618e-01
2.349911304885165197e+00 6.639585637043898814e-01
2.362477675499524477e+00 6.515919716639420045e-01
2.375044046113883756e+00 6.523199915568314022e-01
2.387610416728242591e+00 5.456114028483931566e-01
2.400176787342601870e+00 7.954593868607496843e-01
2.412743157956961149e+00 9.166930727022848391e-01
2.425309528571320428e+00 6.743714999665829657e-01
2.437875899185679707e+00 5.674613325900060845e-01
2.450442269800038542e+00 5.226297806667976609e-01
2.463008640414397821e+00 6.587238934672761115e-01
2.475575011028757100e+00 6.489180351016643478e-01
2.488141381643116379e+00 7.446645153372322135e-01
2.500707752257475658e+00 7.257152148906245159e-01
2.513274122871834493e+00 5.636642792750874431e-01
2.525840493486193772e+00 5.732469881095504372e-01
2.538406864100553051e+00 5.188136230311171104e-01
2.550973234714912330e+00 5.900233027326486912e-01
2.563539605329271165e+00 5.201764941995384861e-01
2.576105975943630444e+00 5.483774583255034418e-01
2.588672346557989723e+00 5.858645798809901661e-01
2.601238717172349002e+00 5.746942785684883148e-01
2.613805087786708281e+00 4.076905303025737393e-01
2.626371458401067116e+00 4.615897166619265524e-01
2.638937829015425951e+00 5.430113693495288718e-01
2.651504199629785230e+00 4.198411692789186245e-01
2.664070570244144509e+00 4.688375567786315368e-01
2.676636940858503788e+00 5.076372316549874197e-01
2.689203311472863067e+00 5.707749732759996864e-01
2.701769682087221902e+00 3.874350899459300113e-01
2.714336052701581181e+00 2.881657078079490342e-01
2.726902423315940460e+00 4.209002248972102955e-01
2.739468793930299739e+00 2.326271137363409569e-01
2.752035164544658574e+00 4.130775427558846524e-01
2.764601535159017853e+00 3.243202784648287484e-01
2.777167905773377132e+00 4.615038874896650323e-01
2.789734276387736411e+00 3.441241279018917854e-01
2.802300647002095690e+00 3.730036403096838038e-01
2.814867017616454525e+00 4.124140513555766829e-01
2.827433388230813804e+00 3.547242000764025960e-01
2.839999758845173083e+00 3.285785382992155723e-01
2.852566129459532362e+00 2.082274850271520483e-01
2.865132500073891642e+00 2.749627416385524437e-01
2.877698870688250476e+00 3.003938224196009976e-01
2.890265241302609756e+00 2.434841906177083459e-01
2.902831611916969035e+00 2.929482081364880863e-01
2.915397982531328314e+00 2.192695591033470837e-01
2.927964353145687149e+00 1.301697527890456341e-01
2.940530723760046428e+00 2.212961545071535086e-01
2.953097094374405707e+00 1.355170305837746225e-01
2.965663464988764986e+00 2.712312658519359654e-01
2.978229835603124265e+00 8.211864988240374919e-02
2.990796206217483100e+00 2.478994416206147244e-01
3.003362576831842379e+00 1.934126897205044326e-01
3.015928947446201214e+00 7.118772963794187114e-02
3.028495318060560493e+00 1.956123435447411629e-01
3.041061688674919772e+00 3.298509066458273076e-02
3.053628059289279051e+00 1.540835376338794416e-01
3.066194429903637886e+00 7.072948464473784169e-02
3.078760800517997165e+00 5.836313925517891410e-02
3.091327171132356444e+00 1.053173507141948739e-01
3.103893541746715723e+00 7.476463176699936486e-02
3.116459912361074558e+00 4.476836505521927800e-02
3.129026282975433837e+00 -7.056619413766861137e-02
3.141592653589793116e+00 -8.698822528695270007e-03
3.154159024204152395e+00 4.580829665878291546e-02
3.166725394818511674e+00 1.122244755737609873e-01
3.179291765432870509e+00 -1.605545133313316386e-01
3.191858136047229788e+00 -1.343077417608992130e-01
3.204424506661589067e+00 -1.495298931860132574e-02
3.216990877275948346e+00 -3.840487411564091208e-02
3.229557247890307181e+00 8.302569667890465077e-02
3.242123618504666460e+00 -8.664408469798029477e-02
3.254689989119025739e+00 -1.965241074072737737e-01
3.267256359733385018e+00 -2.327658898260763221e-01
3.279822730347744297e+00 -1.147222248080430190e-01
3.292389100962103132e+00 -1.838015839606831625e-01
3.304955471576462411e+00 -1.733345379881176263e-01
3.317521842190821690e+00 -1.383386027714046673e-01
3.330088212805180969e+00 -1.802379217028978464e-01
3.342654583419540248e+00 -9.998715212433642585e-02
3.355220954033899083e+00 -2.084619692055436069e-01
3.367787324648258362e+00 -2.481257879702153113e-01
3.380353695262617642e+00 -1.509182257773724611e-01
3.392920065876976921e+00 -1.288207492440469615e-01
3.405486436491335756e+00 -1.043419331091270663e-01
3.418052807105695035e+00 -3.067700339321586256e-01
3.430619177720054314e+00 -1.718432796323796641e-01
3.443185548334413593e+00 -2.759779925183799554e-01
3.455751918948772872e+00 -1.526282973016522271e-01
3.468318289563131707e+00 -3.847249794411296553e-01
3.480884660177490986e+00 -3.212960656686588146e-01
3.493451030791850265e+00 -2.148159148395712148e-01
3.506017401406209544e+00 -4.772312078795083456e-01
3.518583772020568823e+00 -3.582976093544982810e-01
3.531150142634927658e+00 -5.025526551437304867e-01
3.543716513249286937e+00 -2.834288985225189572e-01
3.556282883863646216e+00 -4.765074434244562784e-01
3.568849254478005495e+00 -4.296704776493114331e-01
3.581415625092364330e+00 -4.203952376925454981e-01
3.593981995706723609e+00 -4.660140462247803206e-01
3.606548366321082888e+00 -4.338364151657858048e-01
3.619114736935442167e+00 -4.609054467420480861e-01
3.631681107549800558e+00 -3.419769819004547795e-01
3.644247478164159837e+00 -4.395517079897172663e-01
3.656813848778519116e+00 -4.898039469639665633e-01
3.669380219392877951e+00 -5.347770676123601019e-01
3.681946590007237230e+00 -4.268780395394906058e-01
3.694512960621596509e+00 -5.920381232365752311e-01
3.707079331235955788e+00 -6.373810150352062776e-01
3.719645701850315067e+00 -6.449906226821590094e-01
3.732212072464673902e+00 -6.473250332709707955e-01
3.744778443079033181e+00 -5.362670213248865725e-01
3.757344813693392460e+00 -5.132049844575142794e-01
3.769911184307751739e+00 -5.382613673207348182e-01
3.782477554922110574e+00 -6.220022281404533615e-01
3.795043925536469853e+00 -6.245620114573426918e-01
3.807610296150829132e+00 -8.017351539254852222e-01
3.820176666765188411e+00 -5.572351027332733686e-01
3.832743037379547690e+00 -4.540466507537138652e-01
3.845309407993906525e+00 -5.334899416493675828e-01
3.857875778608265804e+00 -7.939800218613055627e-01
3.870442149222625083e+00 -6.249377358049317266e-01
3.883008519836984362e+00 -6.826408049198497974e-01
3.895574890451343641e+00 -7.607157873270997683e-01
3.908141261065702476e+00 -7.335229331620475302e-01
3.920707631680061755e+00 -6.634181492718773665e-01
3.933274002294421035e+00 -5.970483140436519953e-01
3.945840372908780314e+00 -7.755093039811618016e-01
3.958406743523139149e+00 -9.151236926813843819e-01
3.970973114137498428e+00 -6.387154136153940787e-01
3.983539484751857707e+00 -6.755738868595201341e-01
3.996105855366216986e+00 -8.629253100010070288e-01
4.008672225980576265e+00 -5.002925314746282659e-01
4.021238596594935544e+00 -6.965621303435536316e-01
4.033804967209294823e+00 -7.639618418376421527e-01
4.046371337823653214e+00 -8.190039646753948244e-01
4.058937708438012493e+00 -8.709021929837005294e-01
4.071504079052371772e+00 -9.465980444163719643e-01
4.084070449666731051e+00 -7.007287681425233838e-01
4.096636820281090330e+00 -8.527296527365803014e-01
4.109203190895449609e+00 -8.599067413527623494e-01
4.121769561509808888e+00 -8.718845380856444782e-01
4.134335932124168167e+00 -7.385451416630910426e-01
4.146902302738527446e+00 -7.911321397672664846e-01
4.159468673352886725e+00 -1.051025482351282569e+00
4.172035043967245116e+00 -8.390802257555513011e-01
4.184601414581604395e+00 -8.602928660430196883e-01
4.197167785195963674e+00 -7.245004125646247184e-01
4.209734155810322953e+00 -8.675569709434877153e-01
4.222300526424682232e+00 -9.153724875257621685e-01
4.234866897039041511e+00 -8.950528454767920916e-01
4.247433267653400790e+00 -7.892575919897023562e-01
4.259999638267760069e+00 -8.421578405868700434e-01
4.272566008882119348e+00 -1.031923610397772695e+00
4.285132379496477739e+00 -7.076589681945222310e-01
4.297698750110837018e+00 -8.283315835283391326e-01
4.310265120725196297e+00 -8.884480559107473807e-01
4.322831491339555576e+00 -1.151633617657575659e+00
4.335397861953914855e+00 -1.092203435373518827e+00
4.347964232568274134e+00 -9.476119663138936611e-01
4.360530603182633413e+00 -8.870440802632538757e-01
4.373096973796992692e+00 -8.107486443062794645e-01
4.385663344411351972e+00 -9.202599116845755489e-01
4.398229715025710362e+00 -9.683615658302849871e-01
4.410796085640069641e+00 -8.968985775958757678e-01
4.423362456254428032e+00 -9.962385032774881966e-01
4.435928826868787311e+00 -8.446649106309874755e-01
4.448495197483146590e+00 -8.704153148881037527e-01
4.461061568097505869e+00 -1.011668471905653011e+00
4.473627938711865148e+00 -1.065196824248266116e+00
4.486194309326224428e+00 -1.071346990049332648e+00
4.498760679940583707e+00 -1.020273389619672955e+00
4.511327050554942986e+00 -1.070657283405071603e+00
4.523893421169302265e+00 -8.963162371041526466e-01
4.536459791783661544e+00 -1.011573262792538230e+00
4.549026162398019935e+00 -9.420761722647472691e-01
4.561592533012379214e+00 -1.014410187828378440e+00
4.574158903626738493e+00 -9.888011124935218721e-01
4.586725274241097772e+00 -9.982882130196536474e-01
4.599291644855457051e+00 -9.771840826364147636e-01
4.611858015469816330e+00 -9.927532996726212700e-01
4.624424386084175609e+00 -1.071512020826615341e+00
4.636990756698534888e+00 -9.884701844009846639e-01
4.649557127312894167e+00 -9.460550254919343205e-01
4.662123497927252558e+00 -8.713332479445987655e-01
4.674689868541611837e+00 -1.051612035935020506e+00
4.687256239155971116e+00 -9.347547697525212529e-01
4.699822609770330395e+00 -9.650937344869612300e-01
4.712388980384689674e+00 -1.058440785160893682e+00
4.724955350999048953e+00 -1.189014165429189918e+00
4.737521721613408232e+00 -1.015552424280259158e+00
4.750088092227767511e+00 -1.021231538082950641e+00
4.762654462842126790e+00 -1.081266477206042076e+00
4.775220833456485181e+00 -9.950400725103851762e-01
4.787787204070844460e+00 -1.078358343062928437e+00
4.800353574685203739e+00 -1.023716705063003163e+00
4.812919945299563018e+00 -7.083246469351998087e-01
4.825486315913922297e+00 -8.993629416302564294e-01
4.838052686528281576e+00 -1.109795323665035971e+00
4.850619057142640855e+00 -1.080629114342859021e+00
4.863185427757000134e+00 -1.043906919818281098e+00
4.875751798371359413e+00 -9.747555940164405186e-01
4.888318168985717804e+00 -1.040824859791586565e+00
4.900884539600077083e+00 -9.204750183060533830e-01
4.913450910214436362e+00 -1.031386030018410560e+00
4.926017280828795641e+00 -9.422388837081403512e-01
4.938583651443154920e+00 -9.169775156770836322e-01
4.951150022057514200e+00 -1.007387461381479499e+00
4.963716392671873479e+00 -1.148890534054627377e+00
4.976282763286232758e+00 -1.077864220141581342e+00
4.988849133900592037e+00 -9.606362779085617642e-01
5.001415504514951316e+00 -1.019117111518433871e+00
5.013981875129309707e+00 -1.071114648175216733e+00
5.026548245743668986e+00 -9.269781268213482806e-01
5.039114616358028265e+00 -9.691546179485243107e-01
5.051680986972387544e+00 -1.021277822702023830e+00
5.064247357586746823e+00 -6.593405972652759406e-01
5.076813728201106102e+00 -9.758351689952164953e-01
5.089380098815465381e+00 -8.801784068715963194e-01
5.101946469429824660e+00 -9.380061308898175465e-01
5.114512840044183939e+00 -7.686608659296000345e-01
5.127079210658542330e+00 -9.962776626800301516e-01
5.139645581272901609e+00 -9.672205829626107088e-01
5.152211951887260888e+00 -8.906728439274042008e-01
5.164778322501620167e+00 -7.411776581019585697e-01
5.177344693115979446e+00 -8.638286005636663933e-01
5.189911063730338725e+00 -8.571021965238561080e-01
5.202477434344698004e+00 -8.729516416822169500e-01
5.215043804959057283e+00 -8.071689201777295652e-01
5.227610175573416562e+00 -9.944997895794445153e-01
5.240176546187774953e+00 -7.519211284734360623e-01
5.252742916802134232e+00 -7.478996478022345018e-01
5.265309287416492623e+00 -9.533460203891777063e-01
5.277875658030851902e+00 -7.183558459131793583e-01
5.290442028645211181e+00 -9.029774128541201428e-01
5.303008399259570460e+00 -7.535119835690942125e-01
5.315574769873929739e+00 -1.085887920671259055e+00
5.328141140488289018e+00 -7.902098652041686933e-01
5.340707511102648297e+00 -8.572298396652969776e-01
5.353273881717007576e+00 -7.956621620162266373e-01
5.365840252331366855e+00 -7.098429023430130602e-01
5.378406622945726134e+00 -8.169087516885954470e-01
5.390972993560084525e+00 -7.567121097299196464e-01
5.403539364174443804e+00 -8.010275822845431826e-01
5.416105734788803083e+00 -6.955292966063548743e-01
5.428672105403162362e+00 -8.366609729498729608e-01
5.441238476017521641e+00 -6.490708116473186129e-01
5.453804846631880920e+00 -4.920651292088297213e-01
5.466371217246240199e+00 -7.085989765579711053e-01
5.478937587860599479e+00 -6.875278995876796806e-01
5.491503958474958758e+00 -6.242852450715857815e-01
5.504070329089317148e+00 -7.525669828787688864e-01
5.516636699703676427e+00 -6.730244775547820080e-01
5.529203070318035707e+00 -6.359613125544598677e-01
5.541769440932394986e+00 -6.620732183991363540e-01
5.554335811546754265e+00 -6.255498538669992392e-01
5.566902182161113544e+00 -8.542136701456907177e-01
5.579468552775472823e+00 -4.470662203449842220e-01
5.592034923389832102e+00 -6.243817697191063054e-01
5.604601294004191381e+00 -5.537761867356778556e-01
5.617167664618549772e+00 -6.327226690152011335e-01
5.629734035232909051e+00 -5.670539801838677674e-01
5.642300405847268330e+00 -7.257660195310178253e-01
5.654866776461627609e+00 -5.075451099716103975e-01
5.667433147075986888e+00 -5.030477866532404585e-01
5.679999517690346167e+00 -5.750217988576994399e-01
5.692565888304705446e+00 -4.587574620791927127e-01
5.705132258919064725e+00 -4.325244172391425890e-01
5.717698629533424004e+00 -5.223508050062063424e-01
5.730265000147783283e+00 -5.205100218004580226e-01
5.742831370762141674e+00 -5.470749266618126772e-01
5.755397741376500953e+00 -5.033777635461940125e-01
5.767964111990860232e+00 -6.065532826572181957e-01
5.780530482605219511e+00 -6.490749928952392889e-01
5.793096853219578790e+00 -4.747072973342293389e-01
5.805663223833938069e+00 -4.226667414112125210e-01
5.818229594448297348e+00 -2.653692809604971670e-01
5.830795965062656627e+00 -5.252206276934174856e-01
5.843362335677015906e+00 -2.983495426557241093e-01
5.855928706291374297e+00 -5.815189582877812180e-01
5.868495076905733576e+00 -3.510980341613854638e-01
5.881061447520092855e+00 -9.159063950037049651e-02
5.893627818134452134e+00 -4.472722300910305648e-01
5.906194188748811413e+00 -3.002869601774623143e-01
5.918760559363170692e+00 -2.852624677576537371e-01
5.931326929977529971e+00 -5.328235566215276942e-01
5.943893300591889250e+00 -2.659631277672470651e-01
5.956459671206248530e+00 -2.684839201876054182e-01
5.969026041820606920e+00 -3.209085449890074493e-01
5.981592412434966199e+00 -2.571833970223497690e-01
5.994158783049325478e+00 -2.130260555148617285e-01
6.006725153663684758e+00 -3.008759397406902125e-01
6.019291524278044037e+00 -1.587915554194044843e-01
6.031857894892402427e+00 -4.078085309774391320e-01
6.044424265506761706e+00 -3.178348327737715584e-01
6.056990636121120986e+00 -1.696248213390807724e-01
6.069557006735480265e+00 -2.136892845273871688e-01
6.082123377349839544e+00 1.025758794839565224e-02
6.094689747964198823e+00 -3.245744936056231822e-01
6.107256118578558102e+00 -1.439349436213674116e-01
6.119822489192916493e+00 -1.403633331336997248e-01
6.132388859807275772e+00 -2.295761741568081438e-01
6.144955230421635051e+00 -1.453721484587744972e-01
6.157521601035994330e+00 -2.127215895478076768e-02
6.170087971650353609e+00 -1.134341243728957532e-01
6.182654342264712888e+00 -1.095208111095376385e-01
6.195220712879072167e+00 -7.335524291730563529e-02
6.207787083493431446e+00 -5.954029778613843804e-02
6.220353454107790725e+00 7.142248340493442815e-03
6.232919824722149116e+00 -5.065632103501366973e-02
6.245486195336508395e+00 -9.135583872281047291e-02
6.258052565950867674e+00 -1.464318001001231329e-01
6.270618936565226953e+00 4.508622967112317637e-02
