0.000000000000000000e+00 -6.061210177347621519e-02
1.256637061435917323e-02 -9.342793547845348878e-02
2.513274122871834645e-02 -2.996187186726846294e-02
3.769911184307751795e-02 1.012155544698366966e-02
5.026548245743669291e-02 1.724696908638148063e-01
6.283185307179586787e-02 -2.779537910552062896e-02
7.539822368615503589e-02 8.226202271594308668e-02
8.796459430051420392e-02 3.057167622001588092e-01
1.005309649148733858e-01 1.150934059235162593e-01
1.130973355292325677e-01 1.645820977804205720e-01
1.256637061435917357e-01 -4.064711579224056237e-03
1.382300767579508760e-01 3.230153092900289735e-02
1.507964473723100718e-01 1.967024630980910016e-01
1.633628179866692676e-01 1.860477657401795326e-01
1.759291886010284078e-01 3.529096608180212202e-01
1.884955592153875759e-01 2.737689817583183749e-01
2.010619298297467716e-01 1.972040445908056772e-01
2.136283004441059397e-01 1.962583545223523240e-01
2.261946710584651354e-01 1.544669622371749873e-01
2.387610416728242757e-01 2.193899414504969503e-01
2.513274122871834715e-01 1.822123245890332477e-01
2.638937829015426395e-01 3.186857215448815062e-01
2.764601535159017520e-01 4.846897645996960935e-01
2.890265241302609756e-01 2.403798279482983191e-01
3.015928947446201436e-01 2.303476750877863077e-01
3.141592653589793116e-01 3.570967193062346556e-01
3.267256359733385351e-01 5.194416204639707990e-01
3.392920065876976476e-01 3.720104380755007156e-01
3.518583772020568157e-01 5.844632033997841924e-01
3.644247478164160392e-01 5.981479060390995084e-01
3.769911184307751517e-01 2.067125696277499203e-01
3.895574890451343197e-01 3.581364374140048046e-01
4.021238596594935433e-01 5.577368786771600417e-01
4.146902302738527113e-01 3.907048086358209660e-01
4.272566008882118793e-01 5.542176466986800110e-01
4.398229715025711029e-01 3.619428240270033958e-01
4.523893421169302709e-01 3.571201716338703314e-01
4.649557127312893834e-01 5.463144543437734590e-01
4.775220833456485514e-01 3.618731285240525120e-01
4.900884539600077194e-01 5.229358846452774046e-01
5.026548245743669430e-01 3.605469883350871929e-01
5.152211951887261110e-01 5.951593743829615146e-01
5.277875658030852790e-01 3.355322097717357011e-01
5.403539364174444470e-01 5.212452925412656146e-01
5.529203070318035040e-01 4.110424776822107495e-01
5.654866776461627831e-01 5.458212899205817648e-01
5.780530482605219511e-01 4.871422298763609104e-01
5.906194188748811191e-01 7.886654258802798800e-01
6.031857894892402872e-01 5.530403404546747614e-01
6.157521601035994552e-01 6.227267685895666594e-01
6.283185307179586232e-01 5.509610207638101498e-01
6.408849013323177912e-01 6.768227331560596749e-01
6.534512719466770703e-01 6.497127832384809176e-01
6.660176425610361273e-01 7.037389836733063397e-01
6.785840131753952953e-01 6.257892579186070670e-01
6.911503837897544633e-01 7.253000982322055368e-01
7.037167544041136313e-01 8.647466516840698336e-01
7.162831250184729104e-01 7.247065113655263291e-01
7.288494956328320784e-01 6.004501481505959415e-01
7.414158662471912464e-01 6.198242266005989931e-01
7.539822368615503034e-01 8.119434784472437938e-01
7.665486074759094715e-01 6.818868733610585764e-01
7.791149780902686395e-01 8.251518126861820956e-01
7.916813487046279185e-01 6.700489303656541606e-01
8.042477193189870865e-01 8.805046652989053646e-01
8.168140899333462546e-01 4.976136537539183058e-01
8.293804605477054226e-01 6.101983544803464277e-01
8.419468311620645906e-01 7.999704967804902589e-01
8.545132017764237586e-01 6.988042102319143023e-01
8.670795723907829267e-01 7.669263598481181887e-01
8.796459430051422057e-01 7.316037566725325236e-01
8.922123136195013737e-01 6.830139026927923851e-01
9.047786842338605418e-01 7.677542788422778708e-01
9.173450548482194877e-01 8.353815738533838520e-01
9.299114254625787668e-01 6.751822136957503773e-01
9.424777960769379348e-01 6.936577140963792187e-01
9.550441666912971028e-01 9.371230617119082895e-01
9.676105373056562708e-01 7.392571922127384454e-01
9.801769079200154389e-01 8.114364963457695312e-01
9.927432785343746069e-01 8.627252137109825414e-01
1.005309649148733886e+00 8.203064757600594392e-01
1.017876019763092943e+00 8.025153720051263484e-01
1.030442390377452222e+00 8.885839970565333479e-01
1.043008760991811279e+00 8.960279342869069685e-01
1.055575131606170558e+00 8.456232214941421521e-01
1.068141502220529837e+00 1.024855655856733438e+00
1.080707872834888894e+00 9.476206727317915135e-01
1.093274243449248173e+00 6.683789536381570251e-01
1.105840614063607008e+00 9.012763344970964319e-01
1.118406984677966287e+00 1.015131076463726467e+00
1.130973355292325566e+00 8.484621596544473787e-01
1.143539725906684623e+00 8.602526661237840377e-01
1.156106096521043902e+00 1.147620366642977396e+00
1.168672467135402959e+00 7.965858494180164673e-01
1.181238837749762238e+00 8.685495202518018765e-01
1.193805208364121295e+00 9.778186905785000160e-01
1.206371578978480574e+00 9.342025699479477030e-01
1.218937949592839853e+00 9.728321075237562621e-01
1.231504320207198910e+00 9.448802228036692341e-01
1.244070690821558189e+00 8.781743396840193672e-01
1.256637061435917246e+00 8.832433863625910320e-01
1.269203432050276525e+00 1.157213922261366879e+00
1.281769802664635582e+00 1.032457600275983545e+00
1.294336173278994861e+00 9.174953294136773962e-01
1.306902543893354141e+00 1.002788632169607119e+00
1.319468914507712975e+00 1.063357778736081727e+00
1.332035285122072255e+00 9.090601094711907582e-01
1.344601655736431534e+00 1.030824594512111059e+00
1.357168026350790591e+00 9.509117357406297044e-01
1.369734396965149870e+00 1.100638086172602392e+00
1.382300767579508927e+00 1.016840338213642614e+00
1.394867138193868206e+00 1.023499181483400688e+00
1.407433508808227263e+00 1.007432632894582181e+00
1.419999879422586542e+00 1.151998073716412163e+00
1.432566250036945821e+00 1.058160916351962300e+00
1.445132620651304878e+00 8.986915112470899025e-01
1.457698991265664157e+00 1.092926519325463808e+00
1.470265361880023214e+00 9.229618728845540021e-01
1.482831732494382493e+00 1.057142004948042002e+00
1.495398103108741550e+00 9.399471212992772662e-01
1.507964473723100607e+00 1.004756919219107925e+00
1.520530844337459886e+00 9.930935975005423799e-01
1.533097214951818943e+00 1.035927131767755416e+00
1.545663585566178222e+00 8.823299176526830934e-01
1.558229956180537279e+00 9.074059050586821273e-01
1.570796326794896558e+00 1.103116714662789377e+00
1.583362697409255837e+00 9.995933625445395654e-01
1.595929068023614894e+00 1.103550601463112901e+00
1.608495438637974173e+00 1.030449724393893707e+00
1.621061809252333230e+00 9.460151978480064727e-01
1.633628179866692509e+00 9.623233745420871621e-01
1.646194550481051566e+00 1.041288112072656036e+00
1.658760921095410845e+00 9.080551976497615030e-01
1.671327291709770124e+00 9.523757723484176374e-01
1.683893662324129181e+00 9.193550605025249123e-01
1.696460032938488460e+00 1.052235062179508462e+00
1.709026403552847517e+00 9.233559837031850570e-01
1.721592774167206796e+00 1.034250453970768646e+00
1.734159144781565853e+00 9.828844842184388808e-01
1.746725515395925132e+00 1.004564068032291591e+00
1.759291886010284411e+00 9.892981765001617189e-01
1.771858256624643468e+00 9.718111388852506138e-01
1.784424627239002747e+00 1.019035030499062744e+00
1.796990997853361804e+00 1.018400107222132256e+00
1.809557368467721084e+00 9.061125022345689617e-01
1.822123739082079918e+00 9.369846033166128185e-01
1.834690109696438975e+00 9.807751156859270125e-01
1.847256480310798255e+00 1.058709544470503694e+00
1.859822850925157534e+00 8.593051809813075925e-01
1.872389221539516591e+00 1.000545031262185081e+00
1.884955592153875870e+00 1.019284670339017929e+00
1.897521962768234927e+00 1.127281421589426236e+00
1.910088333382594206e+00 1.048644651711387876e+00
1.922654703996953263e+00 1.102607532543146140e+00
1.935221074611312542e+00 1.160359723762501183e+00
1.947787445225671821e+00 9.874419382600236883e-01
1.960353815840030878e+00 8.522905481342872847e-01
1.972920186454390157e+00 1.008649147959054693e+00
1.985486557068749214e+00 8.887810262036863751e-01
1.998052927683108493e+00 7.537471534351063429e-01
2.010619298297467772e+00 7.840541337411466305e-01
2.023185668911826607e+00 7.497619870062386394e-01
2.035752039526185886e+00 9.014350088941233130e-01
2.048318410140545165e+00 9.010033712414440288e-01
2.060884780754904444e+00 8.531480957264679921e-01
2.073451151369263723e+00 8.262000902879149677e-01
2.086017521983622558e+00 9.975604307397121229e-01
2.098583892597981837e+00 9.415360102499061856e-01
2.111150263212341116e+00 8.417563412137104573e-01
2.123716633826700395e+00 9.412046458891505374e-01
2.136283004441059674e+00 7.324249465884448140e-01
2.148849375055418509e+00 9.045671257640225393e-01
2.161415745669777788e+00 9.349014055700184400e-01
2.173982116284137067e+00 9.144310258246108880e-01
2.186548486898496346e+00 9.408737897261607586e-01
2.199114857512855181e+00 8.943269555065754828e-01
2.211681228127214016e+00 7.215324578287365398e-01
2.224247598741573295e+00 5.959772908657758883e-01
2.236813969355932574e+00 7.864345075234933091e-01
2.249380339970291853e+00 7.572262331305876781e-01
2.261946710584651132e+00 5.678375059057250152e-01
2.274513081199009967e+00 7.598419952740426142e-01
2.287079451813369246e+00 7.901366354562037175e-01
2.299645822427728525e+00 9.108107614567519938e-01
2.312212193042087804e+00 6.890633752211201557e-01
2.324778563656447083e+00 6.345723615946348151e-01
2.337344934270805918e+00 8.316009956759581323e-01
2.349911304885165197e+00 8.075592042522021785e-01
2.362477675499524477e+00 8.816813384678287013e-01
2.375044046113883756e+00 6.547189575149572338e-01
2.387610416728242591e+00 9.106304289406682573e-01
2.400176787342601870e+00 4.913460740108712699e-01
2.412743157956961149e+00 5.721838148706708260e-01
2.425309528571320428e+00 5.999878442213497642e-01
2.437875899185679707e+00 4.603943444967382170e-01
2.450442269800038542e+00 6.478373040614019418e-01
2.463008640414397821e+00 4.885610283997957604e-01
2.475575011028757100e+00 6.975297397783093434e-01
2.488141381643116379e+00 5.607800286371044107e-01
2.500707752257475658e+00 5.927919514194329720e-01
2.513274122871834493e+00 5.981146594496223878e-01
2.525840493486193772e+00 7.245387758000405576e-01
2.538406864100553051e+00 6.461449011291523492e-01
2.550973234714912330e+00 6.234360843518974571e-01
2.563539605329271165e+00 4.728442302313441425e-01
2.576105975943630444e+00 6.405453789997233027e-01
2.588672346557989723e+00 3.450760624461848280e-01
2.601238717172349002e+00 5.134421768564463306e-01
2.613805087786708281e+00 5.253034942768632920e-01
2.626371458401067116e+00 5.415978872524611631e-01
2.638937829015425951e+00 4.271133801706372135e-01
2.651504199629785230e+00 3.216190527763944651e-01
2.664070570244144509e+00 6.313662559408683705e-01
2.676636940858503788e+00 5.516105956392192144e-01
2.689203311472863067e+00 5.174290517906590114e-01
2.701769682087221902e+00 2.637476649130504613e-01
2.714336052701581181e+00 4.516044756602442534e-01
2.726902423315940460e+00 2.644491690493032676e-01
2.739468793930299739e+00 4.209426644357269209e-01
2.752035164544658574e+00 3.892123611885575096e-01
2.764601535159017853e+00 4.481975044692178556e-01
2.777167905773377132e+00 2.962078156643987992e-01
2.789734276387736411e+00 3.317200160784690155e-01
2.802300647002095690e+00 4.000496152559496199e-01
2.814867017616454525e+00 1.818330280753197858e-01
2.827433388230813804e+00 4.379439832731213955e-01
2.839999758845173083e+00 3.436731176998766846e-01
2.852566129459532362e+00 2.196295026639112358e-01
2.865132500073891642e+00 2.000238117919563574e-01
2.877698870688250476e+00 3.283665860808468451e-01
2.890265241302609756e+00 4.121876062149675835e-01
2.902831611916969035e+00 3.413019186828849527e-01
2.915397982531328314e+00 2.385377559164764127e-01
2.927964353145687149e+00 1.483521290866596232e-01
2.940530723760046428e+00 2.744366542893795780e-01
2.953097094374405707e+00 8.216583123666501565e-02
2.965663464988764986e+00 1.416235771293301859e-01
2.978229835603124265e+00 1.704254935545146676e-01
2.990796206217483100e+00 2.523756250285597025e-01
3.003362576831842379e+00 2.272368331988576240e-01
3.015928947446201214e+00 1.495444293972626737e-01
3.028495318060560493e+00 5.359038989784484230e-02
3.041061688674919772e+00 3.480348712849491433e-01
3.053628059289279051e+00 8.128853899453064580e-02
3.066194429903637886e+00 4.443627815360712968e-02
3.078760800517997165e+00 1.144354607656928036e-01
3.091327171132356444e+00 -5.639648309209862459e-02
3.103893541746715723e+00 2.400680369954053331e-02
3.116459912361074558e+00 -6.508003362716462820e-03
3.129026282975433837e+00 2.680832374003970786e-01
3.141592653589793116e+00 1.411361658014851084e-01
3.154159024204152395e+00 -7.908029364757823698e-02
3.166725394818511674e+00 -1.650874150850659139e-02
3.179291765432870509e+00 1.058203450571069959e-01
3.191858136047229788e+00 -1.156128834927423882e-01
3.204424506661589067e+00 -2.640153979512880472e-02
3.216990877275948346e+00 -1.958956494387184555e-01
3.229557247890307181e+00 -1.413006627365397394e-01
3.242123618504666460e+00 -1.455379484009488855e-01
3.254689989119025739e+00 -9.592592180135549318e-02
3.267256359733385018e+00 -1.366336736750666525e-01
3.279822730347744297e+00 1.393885880983275483e-01
3.292389100962103132e+00 -1.143133997070668872e-01
3.304955471576462411e+00 -2.530692518880026665e-01
3.317521842190821690e+00 -1.342005508995742780e-01
3.330088212805180969e+00 -1.676252938282272731e-01
3.342654583419540248e+00 -1.780811900249796020e-01
3.355220954033899083e+00 -3.224289279036641198e-01
3.367787324648258362e+00 -1.521818936964305924e-01
3.380353695262617642e+00 -3.994493598496814402e-01
3.392920065876976921e+00 -2.765952616646771278e-01
3.405486436491335756e+00 -3.320180711285597441e-01
3.418052807105695035e+00 -3.355506548825380464e-01
3.430619177720054314e+00 -4.307753883645977222e-01
3.443185548334413593e+00 -2.961431563076559748e-01
3.455751918948772872e+00 -1.911548113918090097e-01
3.468318289563131707e+00 -1.391648985422511142e-01
3.480884660177490986e+00 -3.231923538602441415e-01
3.493451030791850265e+00 -4.033137587307445426e-01
3.506017401406209544e+00 -3.991455689421657405e-01
3.518583772020568823e+00 -4.879836324100136347e-01
3.531150142634927658e+00 -4.854255100809041212e-01
3.543716513249286937e+00 -3.932520360907037493e-01
3.556282883863646216e+00 -4.308828201684038461e-01
3.568849254478005495e+00 -5.784283284942187686e-01
3.581415625092364330e+00 -4.892461778636068570e-01
3.593981995706723609e+00 -4.179169682074111991e-01
3.606548366321082888e+00 -5.130829212376035731e-01
3.619114736935442167e+00 -5.802512725475530431e-01
3.631681107549800558e+00 -4.818918754319241882e-01
3.644247478164159837e+00 -5.534030970381600412e-01
3.656813848778519116e+00 -6.440845881930143957e-01
3.669380219392877951e+00 -6.311848535180658581e-01
3.681946590007237230e+00 -4.139664947952049201e-01
3.694512960621596509e+00 -3.646081612473374145e-01
3.707079331235955788e+00 -3.740658057628155619e-01
3.719645701850315067e+00 -5.793585483284001691e-01
3.732212072464673902e+00 -4.754217587730222849e-01
3.744778443079033181e+00 -6.397835956453005180e-01
3.757344813693392460e+00 -5.735500901541865648e-01
3.769911184307751739e+00 -5.807552778077976763e-01
3.782477554922110574e+00 -6.263492446013663173e-01
3.795043925536469853e+00 -5.528506683299788671e-01
3.807610296150829132e+00 -6.266534320090567656e-01
3.820176666765188411e+00 -5.901278696834821869e-01
3.832743037379547690e+00 -6.531046943460068199e-01
3.845309407993906525e+00 -7.215329995490175063e-01
3.857875778608265804e+00 -7.887691143222209655e-01
3.870442149222625083e+00 -6.592668303018548448e-01
3.883008519836984362e+00 -7.460594327722521735e-01
3.895574890451343641e+00 -7.295379369438992345e-01
3.908141261065702476e+00 -7.859806796539527962e-01
3.920707631680061755e+00 -5.484754913445175628e-01
3.933274002294421035e+00 -7.516181955777574419e-01
3.945840372908780314e+00 -8.116850566256360588e-01
3.958406743523139149e+00 -6.432908824213349197e-01
3.970973114137498428e+00 -4.648507138634807023e-01
3.983539484751857707e+00 -6.645425243095222090e-01
3.996105855366216986e+00 -7.044913521389604139e-01
4.008672225980576265e+00 -8.144180501866181698e-01
4.021238596594935544e+00 -7.929487525373831724e-01
4.033804967209294823e+00 -6.524343686368743178e-01
4.046371337823653214e+00 -7.581937222874877147e-01
4.058937708438012493e+00 -7.646461979496893546e-01
4.071504079052371772e+00 -8.639715991092766778e-01
4.084070449666731051e+00 -7.855250488698176659e-01
4.096636820281090330e+00 -8.120755808753686855e-01
4.109203190895449609e+00 -8.646524679600471330e-01
4.121769561509808888e+00 -9.583088896079257069e-01
4.134335932124168167e+00 -9.929234197428691289e-01
4.146902302738527446e+00 -1.045515771870834998e+00
4.159468673352886725e+00 -9.646175712502953470e-01
4.172035043967245116e+00 -7.764068031276256665e-01
4.184601414581604395e+00 -8.702161759621506176e-01
4.197167785195963674e+00 -7.935528809946357232e-01
4.209734155810322953e+00 -8.072513442209889867e-01
4.222300526424682232e+00 -8.903724798855527922e-01
4.234866897039041511e+00 -8.738199152416716853e-01
4.247433267653400790e+00 -8.622070083588608824e-01
4.259999638267760069e+00 -9.035607544719621576e-01
4.272566008882119348e+00 -8.967842517092584620e-01
4.285132379496477739e+00 -9.576183143424581434e-01
4.297698750110837018e+00 -9.303708909405254968e-01
4.310265120725196297e+00 -9.966832476830304044e-01
4.322831491339555576e+00 -9.579431734810044397e-01
4.335397861953914855e+00 -7.663619571889928039e-01
4.347964232568274134e+00 -8.308153953645740497e-01
4.360530603182633413e+00 -1.139777671110467017e+00
4.373096973796992692e+00 -1.027621096151444036e+00
4.385663344411351972e+00 -1.016282685664615659e+00
4.398229715025710362e+00 -8.885536633744099966e-01
4.410796085640069641e+00 -9.893169795160042801e-01
4.423362456254428032e+00 -1.065302720002760717e+00
4.435928826868787311e+00 -1.024720672836120894e+00
4.448495197483146590e+00 -9.706713401453708201e-01
4.461061568097505869e+00 -9.436352492835833328e-01
4.473627938711865148e+00 -9.200608811125581266e-01
4.486194309326224428e+00 -1.029097121366729484e+00
4.498760679940583707e+00 -8.467450015444205613e-01
4.511327050554942986e+00 -1.084607090823971998e+00
4.523893421169302265e+00 -9.801979791054120650e-01
4.536459791783661544e+00 -9.941377303623329942e-01
4.549026162398019935e+00 -1.099253014601827783e+00
4.561592533012379214e+00 -1.165013139516564822e+00
4.574158903626738493e+00 -9.150793365023706105e-01
4.586725274241097772e+00 -9.797422801799080538e-01
4.599291644855457051e+00 -9.414641252820408202e-01
4.611858015469816330e+00 -1.038488170282141798e+00
4.624424386084175609e+00 -1.161872471825474262e+00
4.636990756698534888e+00 -9.700314037669265366e-01
4.649557127312894167e+00 -1.131301755604412040e+00
4.662123497927252558e+00 -1.017370721037142989e+00
4.674689868541611837e+00 -1.027332838693958417e+00
4.687256239155971116e+00 -7.332219435398661389e-01
4.699822609770330395e+00 -1.082993138909404518e+00
4.712388980384689674e+00 -9.850026598786012499e-01
4.724955350999048953e+00 -8.083438977488115462e-01
4.737521721613408232e+00 -9.573292288717590859e-01
4.750088092227767511e+00 -1.023696073956298136e+00
4.762654462842126790e+00 -9.110065620753162730e-01
4.775220833456485181e+00 -9.411373287865505421e-01
4.787787204070844460e+00 -8.636932619044094261e-01
4.800353574685203739e+00 -1.036890165498620009e+00
4.812919945299563018e+00 -1.025679198172083861e+00
4.825486315913922297e+00 -1.105979935765967426e+00
4.838052686528281576e+00 -1.010856944034579152e+00
4.850619057142640855e+00 -9.321758557013406499e-01
4.863185427757000134e+00 -9.466248828464151055e-01
4.875751798371359413e+00 -1.156230202878838265e+00
4.888318168985717804e+00 -1.120641412443973639e+00
4.900884539600077083e+00 -1.043033928116294584e+00
4.913450910214436362e+00 -1.074573939210070828e+00
4.926017280828795641e+00 -9.836426472888826211e-01
4.938583651443154920e+00 -8.763302283010578897e-01
4.951150022057514200e+00 -1.095671521689812078e+00
4.963716392671873479e+00 -1.021773114469644250e+00
4.976282763286232758e+00 -9.988950181048699140e-01
4.988849133900592037e+00 -9.115582862422608734e-01
5.001415504514951316e+00 -1.051514931762057570e+00
5.013981875129309707e+00 -1.030051213735174498e+00
5.026548245743668986e+00 -9.016214916733514828e-01
5.039114616358028265e+00 -1.016616596877480738e+00
5.051680986972387544e+00 -8.215009331873287524e-01
5.064247357586746823e+00 -9.547459078993003612e-01
5.076813728201106102e+00 -1.072470566470655751e+00
5.089380098815465381e+00 -1.073103154568733952e+00
5.101946469429824660e+00 -1.019570738691898626e+00
5.114512840044183939e+00 -1.010756190525037290e+00
5.127079210658542330e+00 -9.425880341922339145e-01
5.139645581272901609e+00 -9.580027148655073654e-01
5.152211951887260888e+00 -8.054227463684431321e-01
5.164778322501620167e+00 -1.018280087780704557e+00
5.177344693115979446e+00 -7.604704859469547662e-01
5.189911063730338725e+00 -1.018007135140549524e+00
5.202477434344698004e+00 -8.611558218262131970e-01
5.215043804959057283e+00 -8.730389687422759337e-01
5.227610175573416562e+00 -8.904086783787368287e-01
5.240176546187774953e+00 -7.570978328902995269e-01
5.252742916802134232e+00 -7.317694009325386162e-01
5.265309287416492623e+00 -8.691865525620744437e-01
5.277875658030851902e+00 -7.857345866336850060e-01
5.290442028645211181e+00 -9.543355757864915301e-01
5.303008399259570460e+00 -6.881346428098374934e-01
5.315574769873929739e+00 -8.790000399406745490e-01
5.328141140488289018e+00 -7.847787897380354982e-01
5.340707511102648297e+00 -8.418024651788010848e-01
5.353273881717007576e+00 -7.901772370520073752e-01
5.365840252331366855e+00 -9.026931277104680573e-01
5.378406622945726134e+00 -7.509575073621179708e-01
5.390972993560084525e+00 -7.320430488880571573e-01
5.403539364174443804e+00 -9.463787615454051227e-01
5.416105734788803083e+00 -9.076226027472863445e-01
5.428672105403162362e+00 -6.853223458851619432e-01
5.441238476017521641e+00 -8.004606135948865164e-01
5.453804846631880920e+00 -8.030145424365371376e-01
5.466371217246240199e+00 -6.502101773180718469e-01
5.478937587860599479e+00 -5.220074076567164933e-01
5.491503958474958758e+00 -7.405163105083469866e-01
5.504070329089317148e+00 -5.908006022245999578e-01
5.516636699703676427e+00 -6.923924026086907269e-01
5.529203070318035707e+00 -9.343822090999308605e-01
5.541769440932394986e+00 -6.791796439423171128e-01
5.554335811546754265e+00 -6.873615193065379936e-01
5.566902182161113544e+00 -5.965129705281707606e-01
5.579468552775472823e+00 -5.898755850106114362e-01
5.592034923389832102e+00 -5.884461317217998255e-01
5.604601294004191381e+00 -6.578580417211832287e-01
5.617167664618549772e+00 -6.066454052702462407e-01
5.629734035232909051e+00 -4.392672679096342181e-01
5.642300405847268330e+00 -4.993099790390927994e-01
5.654866776461627609e+00 -5.160685085662310989e-01
5.667433147075986888e+00 -6.321215035604225152e-01
5.679999517690346167e+00 -6.308506945272596145e-01
5.692565888304705446e+00 -6.970704415421343780e-01
5.705132258919064725e+00 -4.667942260607096938e-01
5.717698629533424004e+00 -6.018903709438390148e-01
5.730265000147783283e+00 -4.263569958234922908e-01
5.742831370762141674e+00 -6.130099128659318719e-01
5.755397741376500953e+00 -6.098687905740679538e-01
5.767964111990860232e+00 -4.350441813598233676e-01
5.780530482605219511e+00 -5.190156644868466618e-01
5.793096853219578790e+00 -4.170778652340919601e-01
5.805663223833938069e+00 -4.435627661926470067e-01
5.818229594448297348e+00 -4.569895229344363430e-01
5.830795965062656627e+00 -2.951095199708487216e-01
5.843362335677015906e+00 -5.266340828759843440e-01
5.855928706291374297e+00 -6.347074015751178466e-01
5.868495076905733576e+00 -3.519357511953949968e-01
5.881061447520092855e+00 -3.671965007424687344e-01
5.893627818134452134e+00 -4.138723378685042475e-01
5.906194188748811413e+00 -3.507854604784982344e-01
5.918760559363170692e+00 -2.852526032210149776e-01
5.931326929977529971e+00 -3.825788422783341636e-01
5.943893300591889250e+00 -3.454966576434311265e-01
5.956459671206248530e+00 -3.431718265277464153e-01
5.969026041820606920e+00 -3.395619900348277875e-01
5.981592412434966199e+00 -2.484353817494919237e-01
5.994158783049325478e+00 -2.971579863242236885e-01
6.006725153663684758e+00 -1.588737926842947457e-01
6.019291524278044037e+00 -2.775382235156903521e-01
6.031857894892402427e+00 -7.281842594831738902e-02
6.044424265506761706e+00 -3.025533888140209404e-01
6.056990636121120986e+00 -2.070387279074282216e-01
6.069557006735480265e+00 -2.338330124400706811e-01
6.082123377349839544e+00 -2.366619537928742190e-01
6.094689747964198823e+00 -2.508509656378299923e-01
6.107256118578558102e+00 -1.465368486626319466e-01
6.119822489192916493e+00 -1.928135138321880604e-01
6.132388859807275772e+00 -1.102099710025378348e-01
6.144955230421635051e+00 -1.117931484245841267e-01
6.157521601035994330e+00 1.820064395043871630e-02
6.170087971650353609e+00 -3.301544719148182261e-01
6.182654342264712888e+00 -7.703601511352875519e-02
6.195220712879072167e+00 -1.284592899902861907e-01
6.207787083493431446e+00 -2.363680784710664173e-01
6.220353454107790725e+00 -1.845527551346384104e-02
6.232919824722149116e+00 -7.431449806220624676e-02
6.245486195336508395e+00 2.216983342132950174e-01
6.258052565950867674e+00 -1.030545059071787395e-01
6.270618936565226953e+00 -1.606565565154198794e-01
