0.000000000000000000e+00 -5.292270481015794170e-02
1.256637061435917323e-02 1.011480222752542124e-01
2.513274122871834645e-02 6.155741091461930381e-02
3.769911184307751795e-02 9.362619767220418943e-02
5.026548245743669291e-02 2.309325113215982550e-01
6.283185307179586787e-02 1.725143470589138583e-01
7.539822368615503589e-02 1.264967205738594114e-01
8.796459430051420392e-02 1.463557417436789077e-01
1.005309649148733858e-01 2.142297836369095598e-01
1.130973355292325677e-01 -1.615997313094770516e-02
1.256637061435917357e-01 9.451937347687827673e-02
1.382300767579508760e-01 1.066219305796856365e-01
1.507964473723100718e-01 2.775310897594989168e-01
1.633628179866692676e-01 2.766140318555875277e-01
1.759291886010284078e-01 2.714287548000716699e-01
1.884955592153875759e-01 2.037483931938618154e-01
2.010619298297467716e-01 1.572416755700135615e-01
2.136283004441059397e-01 3.471857165464530270e-01
2.261946710584651354e-01 2.756419748017798765e-01
2.387610416728242757e-01 3.086657539238736869e-01
2.513274122871834715e-01 2.143032911664037587e-01
2.638937829015426395e-01 1.173933802547812988e-01
2.764601535159017520e-01 2.414744735360455641e-01
2.890265241302609756e-01 4.228416195704831626e-01
3.015928947446201436e-01 3.843266242117578391e-01
3.141592653589793116e-01 2.358354555323977086e-01
3.267256359733385351e-01 2.476611362780235526e-01
3.392920065876976476e-01 2.367080952239828950e-01
3.518583772020568157e-01 3.309718522662658535e-01
3.644247478164160392e-01 4.091150214529123419e-01
3.769911184307751517e-01 3.905172066834313171e-01
3.895574890451343197e-01 2.275763789716175045e-01
4.021238596594935433e-01 4.893696088969304858e-01
4.146902302738527113e-01 5.187986218775616498e-01
4.272566008882118793e-01 5.720314274778197650e-01
4.398229715025711029e-01 3.601373812245971529e-01
4.523893421169302709e-01 4.968041415296709506e-01
4.649557127312893834e-01 4.547382318682497981e-01
4.775220833456485514e-01 4.064201347721148605e-01
4.900884539600077194e-01 5.265517230154119765e-01
5.026548245743669430e-01 5.659203164618030746e-01
5.152211951887261110e-01 6.890871721554525653e-01
5.277875658030852790e-01 3.939594544594055558e-01
5.403539364174444470e-01 5.082977740717345982e-01
5.529203070318035040e-01 5.874396472511467238e-01
5.654866776461627831e-01 4.368699776561604797e-01
5.780530482605219511e-01 6.463601437764898705e-01
5.906194188748811191e-01 6.490057747071380501e-01
6.031857894892402872e-01 5.310821879604612494e-01
6.157521601035994552e-01 6.556283273882188567e-01
6.283185307179586232e-01 6.156340315010474518e-01
6.408849013323177912e-01 5.855672502330241391e-01
6.534512719466770703e-01 6.667662879918881957e-01
6.660176425610361273e-01 6.414228504529188024e-01
6.785840131753952953e-01 4.569385717653172696e-01
6.911503837897544633e-01 7.901166024654708853e-01
7.037167544041136313e-01 4.620427527111281574e-01
7.162831250184729104e-01 7.143634905211704300e-01
7.288494956328320784e-01 6.126087375891695608e-01
7.414158662471912464e-01 7.349958498342361590e-01
7.539822368615503034e-01 8.218959457812994307e-01
7.665486074759094715e-01 7.379725295821387698e-01
7.791149780902686395e-01 5.954874540121892768e-01
7.916813487046279185e-01 7.791405729569298444e-01
8.042477193189870865e-01 9.196735965876683405e-01
8.168140899333462546e-01 6.328480684511925691e-01
8.293804605477054226e-01 8.278415594684962464e-01
8.419468311620645906e-01 8.752257987968348196e-01
8.545132017764237586e-01 7.069544938465621708e-01
8.670795723907829267e-01 7.919316682417378850e-01
8.796459430051422057e-01 8.141691959050160188e-01
8.922123136195013737e-01 8.662933366676049962e-01
9.047786842338605418e-01 1.090979697583945418e+00
9.173450548482194877e-01 7.799732200759231793e-01
9.299114254625787668e-01 8.511857959250260786e-01
9.424777960769379348e-01 8.041669683133644275e-01
9.550441666912971028e-01 7.271607030093077961e-01
9.676105373056562708e-01 7.954252422370355902e-01
9.801769079200154389e-01 8.067006950742204863e-01
9.927432785343746069e-01 6.698247989629575461e-01
1.005309649148733886e+00 8.631484593372893421e-01
1.017876019763092943e+00 1.049795586644562295e+00
1.030442390377452222e+00 7.972000917831606470e-01
1.043008760991811279e+00 8.325791618106593850e-01
1.055575131606170558e+00 9.022047623381838077e-01
1.068141502220529837e+00 9.983457725306437158e-01
1.080707872834888894e+00 9.320619660543222329e-01
1.093274243449248173e+00 7.761598507776004130e-01
1.105840614063607008e+00 1.048215845283692049e+00
1.118406984677966287e+00 8.646768818380501376e-01
1.130973355292325566e+00 8.023888895732247395e-01
1.143539725906684623e+00 8.354311631294706331e-01
1.156106096521043902e+00 9.369174729035034677e-01
1.168672467135402959e+00 7.484702955350264197e-01
1.181238837749762238e+00 7.154143903570525653e-01
1.193805208364121295e+00 9.969597433582362278e-01
1.206371578978480574e+00 1.082608532063946472e+00
1.218937949592839853e+00 8.255241430639618239e-01
1.231504320207198910e+00 9.106234389537010143e-01
1.244070690821558189e+00 1.003320694175791061e+00
1.256637061435917246e+00 9.298289096005197818e-01
1.269203432050276525e+00 1.039632749900265107e+00
1.281769802664635582e+00 9.259327327185467027e-01
1.294336173278994861e+00 8.761499066944391512e-01
1.306902543893354141e+00 1.034874026592011553e+00
1.319468914507712975e+00 1.116058761483706752e+00
1.332035285122072255e+00 9.639329866923455059e-01
1.344601655736431534e+00 1.059713608123957762e+00
1.357168026350790591e+00 9.912420515090293316e-01
1.369734396965149870e+00 1.052800473336646281e+00
1.382300767579508927e+00 7.930119614656035987e-01
1.394867138193868206e+00 1.141195648738987156e+00
1.407433508808227263e+00 9.999403453835223887e-01
1.419999879422586542e+00 9.683606844708660955e-01
1.432566250036945821e+00 1.030798326254259933e+00
1.445132620651304878e+00 1.101077402341852585e+00
1.457698991265664157e+00 1.122309746856715362e+00
1.470265361880023214e+00 1.042771307715862461e+00
1.482831732494382493e+00 9.249362030304378868e-01
1.495398103108741550e+00 1.022129784026875265e+00
1.507964473723100607e+00 1.065778990496895950e+00
1.520530844337459886e+00 1.041278560123470198e+00
1.533097214951818943e+00 1.006148772827223370e+00
1.545663585566178222e+00 9.817728660348173930e-01
1.558229956180537279e+00 1.225732067705328499e+00
1.570796326794896558e+00 1.005633053559962908e+00
1.583362697409255837e+00 9.603751138850453728e-01
1.595929068023614894e+00 9.053226506502625170e-01
1.608495438637974173e+00 1.021470802581666337e+00
1.621061809252333230e+00 1.063617865676638408e+00
1.633628179866692509e+00 9.208353772672065451e-01
1.646194550481051566e+00 1.093240155932184710e+00
1.658760921095410845e+00 9.478635773020152033e-01
1.671327291709770124e+00 9.794437871904464465e-01
1.683893662324129181e+00 9.876094248045979018e-01
1.696460032938488460e+00 1.124415420182368841e+00
1.709026403552847517e+00 1.042963963189444065e+00
1.721592774167206796e+00 8.309160204939058936e-01
1.734159144781565853e+00 1.167140374329446395e+00
1.746725515395925132e+00 1.059298979628983783e+00
1.759291886010284411e+00 9.690087342619519983e-01
1.771858256624643468e+00 8.728964099590857950e-01
1.784424627239002747e+00 9.787831482019535567e-01
1.796990997853361804e+00 8.119766150373936009e-01
1.809557368467721084e+00 1.068258998580287056e+00
1.822123739082079918e+00 1.005811508525131570e+00
1.834690109696438975e+00 9.179158382554083451e-01
1.847256480310798255e+00 9.803903146175392269e-01
1.859822850925157534e+00 9.250917517496370923e-01
1.872389221539516591e+00 1.004843674120569075e+00
1.884955592153875870e+00 9.603589271677079875e-01
1.897521962768234927e+00 9.163096792336510310e-01
1.910088333382594206e+00 1.001583761309501996e+00
1.922654703996953263e+00 9.269306670929917669e-01
1.935221074611312542e+00 8.406326969479336331e-01
1.947787445225671821e+00 1.034483705817270449e+00
1.960353815840030878e+00 8.145168223361762827e-01
1.972920186454390157e+00 7.899525912316701648e-01
1.985486557068749214e+00 9.931376379033571844e-01
1.998052927683108493e+00 8.238437669133011898e-01
2.010619298297467772e+00 8.663975160364374428e-01
2.023185668911826607e+00 9.296076357430161918e-01
2.035752039526185886e+00 9.984730882896755144e-01
2.048318410140545165e+00 6.942526415537793039e-01
2.060884780754904444e+00 7.949544951118816538e-01
2.073451151369263723e+00 1.074231223390682111e+00
2.086017521983622558e+00 1.027492816057734126e+00
2.098583892597981837e+00 8.082550142014236494e-01
2.111150263212341116e+00 9.448707217774636735e-01
2.123716633826700395e+00 9.202233463919132772e-01
2.136283004441059674e+00 7.237458166498910161e-01
2.148849375055418509e+00 7.698381970070822256e-01
2.161415745669777788e+00 8.510113577867374213e-01
2.173982116284137067e+00 7.782427894931576162e-01
2.186548486898496346e+00 7.742795978803577173e-01
2.199114857512855181e+00 1.002947776207168351e+00
2.211681228127214016e+00 7.636151382522342601e-01
2.224247598741573295e+00 7.578808376969462524e-01
2.236813969355932574e+00 6.144582072876154655e-01
2.249380339970291853e+00 8.159094065366302440e-01
2.261946710584651132e+00 7.739751862304389274e-01
2.274513081199009967e+00 6.256140679388301207e-01
2.287079451813369246e+00 6.882295917544309916e-01
2.299645822427728525e+00 7.817819165644097623e-01
2.312212193042087804e+00 8.826157179271504338e-01
2.324778563656447083e+00 6.902677055160533204e-01
2.337344934270805918e+00 7.147017901228504000e-01
2.349911304885165197e+00 7.150217425692354523e-01
2.362477675499524477e+00 7.432332558578252923e-01
2.375044046113883756e+00 6.540997874562524128e-01
2.387610416728242591e+00 7.199855518123648990e-01
2.400176787342601870e+00 6.732523373715215698e-01
2.412743157956961149e+00 5.187243189368234697e-01
2.425309528571320428e+00 7.566499454500823507e-01
2.437875899185679707e+00 5.846886209638842979e-01
2.450442269800038542e+00 6.627426386855643781e-01
2.463008640414397821e+00 5.648776305354561433e-01
2.475575011028757100e+00 6.727940848227550452e-01
2.488141381643116379e+00 4.409288811067372249e-01
2.500707752257475658e+00 5.479145432677052785e-01
2.513274122871834493e+00 3.460202128650542441e-01
2.525840493486193772e+00 5.493465948967115597e-01
2.538406864100553051e+00 6.888559183427356292e-01
2.550973234714912330e+00 5.901860737210576913e-01
2.563539605329271165e+00 5.294728810288045207e-01
2.576105975943630444e+00 5.646103419851545846e-01
2.588672346557989723e+00 5.833664530478163135e-01
2.601238717172349002e+00 4.766079029661844935e-01
2.613805087786708281e+00 3.841050927304149876e-01
2.626371458401067116e+00 5.542374583799671850e-01
2.638937829015425951e+00 4.348535912859374242e-01
2.651504199629785230e+00 5.693414975483769291e-01
2.664070570244144509e+00 3.442953150960693098e-01
2.676636940858503788e+00 4.582835558525442110e-01
2.689203311472863067e+00 4.275341541048414684e-01
2.701769682087221902e+00 5.581180192821810770e-01
2.714336052701581181e+00 4.127941590305043151e-01
2.726902423315940460e+00 4.484409594810531696e-01
2.739468793930299739e+00 5.092510593563832622e-01
2.752035164544658574e+00 1.995190610437393430e-01
2.764601535159017853e+00 1.935243518482702429e-01
2.777167905773377132e+00 2.236060912030425896e-01
2.789734276387736411e+00 3.389375349564899276e-01
2.802300647002095690e+00 2.193267720292207956e-01
2.814867017616454525e+00 2.793882501912346439e-01
2.827433388230813804e+00 2.593568076614151674e-01
2.839999758845173083e+00 1.580878225144878857e-01
2.852566129459532362e+00 1.666177956724004816e-01
2.865132500073891642e+00 2.669733516239115034e-01
2.877698870688250476e+00 3.204470538454001760e-01
2.890265241302609756e+00 2.398862198687797820e-01
2.902831611916969035e+00 3.138599074801445288e-01
2.915397982531328314e+00 2.482416825657804693e-01
2.927964353145687149e+00 1.290405392150457131e-01
2.940530723760046428e+00 2.024327719084530464e-01
2.953097094374405707e+00 2.037828231777475407e-01
2.965663464988764986e+00 1.541631931149954615e-01
2.978229835603124265e+00 6.490685860646912275e-02
2.990796206217483100e+00 2.263000671275222364e-01
3.003362576831842379e+00 8.733896024760491594e-02
3.015928947446201214e+00 1.556354965850428040e-01
3.028495318060560493e+00 -5.224383572050031455e-03
3.041061688674919772e+00 1.949981394504533283e-01
3.053628059289279051e+00 2.772010110207815403e-01
3.066194429903637886e+00 1.717998365249848447e-01
3.078760800517997165e+00 8.093242101818821921e-02
3.091327171132356444e+00 1.128006908503896566e-01
3.103893541746715723e+00 6.674073736561644821e-02
3.116459912361074558e+00 1.080374040634413807e-01
3.129026282975433837e+00 2.417393208701660440e-02
3.141592653589793116e+00 -4.326531825503051112e-03
3.154159024204152395e+00 -1.700491728474391034e-02
3.166725394818511674e+00 5.531618279148162176e-02
3.179291765432870509e+00 1.227144324267617492e-01
3.191858136047229788e+00 -1.140945139538043079e-01
3.204424506661589067e+00 4.273948229105106744e-02
3.216990877275948346e+00 7.956994381793659754e-02
3.229557247890307181e+00 -1.168202060399625430e-01
3.242123618504666460e+00 -3.605446832520463607e-01
3.254689989119025739e+00 -4.098664749610970992e-02
3.267256359733385018e+00 -3.172117681617513119e-02
3.279822730347744297e+00 -2.232390884211417903e-01
3.292389100962103132e+00 -2.931389297318445775e-02
3.304955471576462411e+00 -1.600679200464351082e-01
3.317521842190821690e+00 -1.362419391141113656e-01
3.330088212805180969e+00 -3.409564220255295597e-01
3.342654583419540248e+00 -1.461358011648670741e-01
3.355220954033899083e+00 -4.067193258878209483e-01
3.367787324648258362e+00 -1.398622800657978171e-02
3.380353695262617642e+00 -3.479349154324710702e-01
3.392920065876976921e+00 -1.713296554376594338e-01
3.405486436491335756e+00 -2.806700587368856081e-01
3.418052807105695035e+00 -3.226101876370589538e-01
3.430619177720054314e+00 -3.970045642108717132e-01
3.443185548334413593e+00 -2.617386883018443799e-01
3.455751918948772872e+00 -3.661524227879804361e-01
3.468318289563131707e+00 -3.389786012655418568e-01
3.480884660177490986e+00 -1.604404620757300393e-01
3.493451030791850265e+00 -3.144185219930760722e-01
3.506017401406209544e+00 -1.651175966640929249e-01
3.518583772020568823e+00 -2.950269375998061383e-01
3.531150142634927658e+00 -4.536001413031686136e-01
3.543716513249286937e+00 -3.697568301815513103e-01
3.556282883863646216e+00 -3.418605103424793290e-01
3.568849254478005495e+00 -4.067458964668841936e-01
3.581415625092364330e+00 -4.794900972178535725e-01
3.593981995706723609e+00 -4.505139171085851268e-01
3.606548366321082888e+00 -5.740954633940953400e-01
3.619114736935442167e+00 -5.092457477945494526e-01
3.631681107549800558e+00 -5.406502031915324524e-01
3.644247478164159837e+00 -2.459532330503835240e-01
3.656813848778519116e+00 -6.294467998150004018e-01
3.669380219392877951e+00 -5.391805846374635447e-01
3.681946590007237230e+00 -5.135604489143295037e-01
3.694512960621596509e+00 -5.913297344772584507e-01
3.707079331235955788e+00 -3.970675835148980148e-01
3.719645701850315067e+00 -7.014112517355518550e-01
3.732212072464673902e+00 -7.075258529430157317e-01
3.744778443079033181e+00 -4.822855780464895270e-01
3.757344813693392460e+00 -6.050201231424707782e-01
3.769911184307751739e+00 -6.221646470950463748e-01
3.782477554922110574e+00 -6.021239496204795483e-01
3.795043925536469853e+00 -5.105418663462176765e-01
3.807610296150829132e+00 -7.242202191896364161e-01
3.820176666765188411e+00 -6.621700598137773008e-01
3.832743037379547690e+00 -5.534263021727927612e-01
3.845309407993906525e+00 -7.972462336416299422e-01
3.857875778608265804e+00 -5.263752096741627362e-01
3.870442149222625083e+00 -6.863630576972888919e-01
3.883008519836984362e+00 -7.066751808623115139e-01
3.895574890451343641e+00 -7.497543083713199552e-01
3.908141261065702476e+00 -6.646304376906790878e-01
3.920707631680061755e+00 -7.122607394500037881e-01
3.933274002294421035e+00 -7.938923470705634422e-01
3.945840372908780314e+00 -6.749806091825585330e-01
3.958406743523139149e+00 -6.868425449086866807e-01
3.970973114137498428e+00 -8.249785288324398280e-01
3.983539484751857707e+00 -7.186641520642444991e-01
3.996105855366216986e+00 -6.793605257812593834e-01
4.008672225980576265e+00 -8.135547039391080038e-01
4.021238596594935544e+00 -7.979518111394087176e-01
4.033804967209294823e+00 -8.516593811005434000e-01
4.046371337823653214e+00 -7.577944169542868424e-01
4.058937708438012493e+00 -8.523650968589561172e-01
4.071504079052371772e+00 -7.469735615301295040e-01
4.084070449666731051e+00 -8.102406981157792565e-01
4.096636820281090330e+00 -1.017533031088108553e+00
4.109203190895449609e+00 -7.919649965711730299e-01
4.121769561509808888e+00 -7.314502283530515125e-01
4.134335932124168167e+00 -9.134366995590068594e-01
4.146902302738527446e+00 -8.100240533159582812e-01
4.159468673352886725e+00 -7.957742674771116631e-01
4.172035043967245116e+00 -7.318862907631917825e-01
4.184601414581604395e+00 -8.678243126122593409e-01
4.197167785195963674e+00 -8.657225127415933974e-01
4.209734155810322953e+00 -8.383942196237773592e-01
4.222300526424682232e+00 -6.729156511128282503e-01
4.234866897039041511e+00 -7.433832762317870158e-01
4.247433267653400790e+00 -9.719236181565825694e-01
4.259999638267760069e+00 -8.614926309790763570e-01
4.272566008882119348e+00 -9.372905388669092730e-01
4.285132379496477739e+00 -8.417179661599236695e-01
4.297698750110837018e+00 -8.784392417378256157e-01
4.310265120725196297e+00 -1.027876672381421219e+00
4.322831491339555576e+00 -1.004275636003594041e+00
4.335397861953914855e+00 -8.204255701776854703e-01
4.347964232568274134e+00 -1.093946221352771531e+00
4.360530603182633413e+00 -1.066419009971016463e+00
4.373096973796992692e+00 -8.257147992096864897e-01
4.385663344411351972e+00 -9.412525988132552923e-01
4.398229715025710362e+00 -1.086460340026025539e+00
4.410796085640069641e+00 -8.672103004766699152e-01
4.423362456254428032e+00 -1.169433611264283801e+00
4.435928826868787311e+00 -8.536503155565544620e-01
4.448495197483146590e+00 -9.958791536540392286e-01
4.461061568097505869e+00 -9.795642943414485382e-01
4.473627938711865148e+00 -9.181130839352342754e-01
4.486194309326224428e+00 -9.500924647685647928e-01
4.498760679940583707e+00 -1.042394388620606849e+00
4.511327050554942986e+00 -9.267215522833274211e-01
4.523893421169302265e+00 -8.154802833626322300e-01
4.536459791783661544e+00 -9.148765164792180826e-01
4.549026162398019935e+00 -8.283252693649770793e-01
4.561592533012379214e+00 -1.023041022503937469e+00
4.574158903626738493e+00 -8.465188584495925150e-01
4.586725274241097772e+00 -9.173743767489423995e-01
4.599291644855457051e+00 -1.020198680058857832e+00
4.611858015469816330e+00 -9.364251606237101733e-01
4.624424386084175609e+00 -9.863349256280738997e-01
4.636990756698534888e+00 -9.047150818192951638e-01
4.649557127312894167e+00 -1.002740852671228700e+00
4.662123497927252558e+00 -9.108657231199334126e-01
4.674689868541611837e+00 -1.047072102010521366e+00
4.687256239155971116e+00 -1.153853293894113063e+00
4.699822609770330395e+00 -1.015723768245331726e+00
4.712388980384689674e+00 -1.113923519531755391e+00
4.724955350999048953e+00 -1.117480342106221380e+00
4.737521721613408232e+00 -8.498906179698871854e-01
4.750088092227767511e+00 -9.165120095194970729e-01
4.762654462842126790e+00 -1.061578654660036980e+00
4.775220833456485181e+00 -1.115639214492441855e+00
4.787787204070844460e+00 -9.521092296234550112e-01
4.800353574685203739e+00 -9.131338458447714190e-01
4.812919945299563018e+00 -1.093404733930257500e+00
4.825486315913922297e+00 -1.067008288319690301e+00
4.838052686528281576e+00 -1.173116897149151239e+00
4.850619057142640855e+00 -8.826623387461789427e-01
4.863185427757000134e+00 -9.592871105124425313e-01
4.875751798371359413e+00 -1.070173308598921791e+00
4.888318168985717804e+00 -8.591116653343426890e-01
4.900884539600077083e+00 -8.957160674172167658e-01
4.913450910214436362e+00 -9.667662002806947097e-01
4.926017280828795641e+00 -1.051857548655448005e+00
4.938583651443154920e+00 -9.231853140610484232e-01
4.951150022057514200e+00 -1.063840312235364571e+00
4.963716392671873479e+00 -7.969777785367327949e-01
4.976282763286232758e+00 -8.968412508896344004e-01
4.988849133900592037e+00 -1.171666744274052707e+00
5.001415504514951316e+00 -1.041421376061730353e+00
5.013981875129309707e+00 -1.030993526290776563e+00
5.026548245743668986e+00 -9.647850809646983938e-01
5.039114616358028265e+00 -9.666760726680340143e-01
5.051680986972387544e+00 -1.087448867075234471e+00
5.064247357586746823e+00 -1.045186312655108196e+00
5.076813728201106102e+00 -7.612295056905666879e-01
5.089380098815465381e+00 -1.068940558577975874e+00
5.101946469429824660e+00 -7.661359304730113173e-01
5.114512840044183939e+00 -8.008732919990596555e-01
5.127079210658542330e+00 -8.523324420168316706e-01
5.139645581272901609e+00 -1.005797176611890498e+00
5.152211951887260888e+00 -1.021023700137801304e+00
5.164778322501620167e+00 -9.056347790768947137e-01
5.177344693115979446e+00 -6.608417430008950433e-01
5.189911063730338725e+00 -1.008903460184818135e+00
5.202477434344698004e+00 -7.801274553059095451e-01
5.215043804959057283e+00 -8.224448901471821394e-01
5.227610175573416562e+00 -9.098885083590172451e-01
5.240176546187774953e+00 -9.853371414596749922e-01
5.252742916802134232e+00 -8.143725105316631518e-01
5.265309287416492623e+00 -8.703616809080498840e-01
5.277875658030851902e+00 -6.739166283535811264e-01
5.290442028645211181e+00 -8.479910088680088220e-01
5.303008399259570460e+00 -7.210873872064836876e-01
5.315574769873929739e+00 -8.830144020141347250e-01
5.328141140488289018e+00 -7.625971101924898798e-01
5.340707511102648297e+00 -6.605941268623189977e-01
5.353273881717007576e+00 -7.787278701349652499e-01
5.365840252331366855e+00 -9.681811431660921619e-01
5.378406622945726134e+00 -9.466535647402947173e-01
5.390972993560084525e+00 -7.289930789428845648e-01
5.403539364174443804e+00 -9.467667850341811020e-01
5.416105734788803083e+00 -7.407490088057551159e-01
5.428672105403162362e+00 -5.926224469348548851e-01
5.441238476017521641e+00 -8.414587519585752240e-01
5.453804846631880920e+00 -7.007587590051559401e-01
5.466371217246240199e+00 -6.917976470460689420e-01
5.478937587860599479e+00 -7.908670533552506487e-01
5.491503958474958758e+00 -6.849400679872937880e-01
5.504070329089317148e+00 -7.552500079681312428e-01
5.516636699703676427e+00 -7.996330796874727698e-01
5.529203070318035707e+00 -7.356900684451924688e-01
5.541769440932394986e+00 -6.012879249796569958e-01
5.554335811546754265e+00 -7.319037720900817279e-01
5.566902182161113544e+00 -7.266978215441987077e-01
5.579468552775472823e+00 -5.049321815438264638e-01
5.592034923389832102e+00 -4.250411854277588164e-01
5.604601294004191381e+00 -5.324129569960817099e-01
5.617167664618549772e+00 -7.014232193613590960e-01
5.629734035232909051e+00 -6.169363789437225520e-01
5.642300405847268330e+00 -6.660726441953931376e-01
5.654866776461627609e+00 -7.823183043446588769e-01
5.667433147075986888e+00 -5.141687237555432333e-01
5.679999517690346167e+00 -5.336806204767345907e-01
5.692565888304705446e+00 -3.762162247297989870e-01
5.705132258919064725e+00 -6.581092199960405509e-01
5.717698629533424004e+00 -4.768297084433685828e-01
5.730265000147783283e+00 -5.104333096937860859e-01
5.742831370762141674e+00 -4.953500664700701273e-01
5.755397741376500953e+00 -4.286596218865418306e-01
5.767964111990860232e+00 -7.510784312042433353e-01
5.780530482605219511e+00 -5.989561653530328655e-01
5.793096853219578790e+00 -5.831015328548770915e-01
5.805663223833938069e+00 -5.490403150655159825e-01
5.818229594448297348e+00 -4.051594021045946126e-01
5.830795965062656627e+00 -3.419692730808476799e-01
5.843362335677015906e+00 -4.095340768625758132e-01
5.855928706291374297e+00 -4.304452420017143011e-01
5.868495076905733576e+00 -5.139619570238398438e-01
5.881061447520092855e+00 -3.268830713608316119e-01
5.893627818134452134e+00 -3.534910399001193748e-01
5.906194188748811413e+00 -2.422680264985418996e-01
5.918760559363170692e+00 -3.818899800488142482e-01
5.931326929977529971e+00 -5.274667267191999187e-01
5.943893300591889250e+00 -2.289207083891194594e-01
5.956459671206248530e+00 -3.315569094119534266e-01
5.969026041820606920e+00 -3.663814344236575038e-01
5.981592412434966199e+00 -5.344429410460066476e-01
5.994158783049325478e+00 -3.110127845102289013e-01
6.006725153663684758e+00 -3.680311830280574847e-01
6.019291524278044037e+00 -3.640765656250552484e-01
6.031857894892402427e+00 -2.976453930152823113e-01
6.044424265506761706e+00 -3.275347194147063545e-01
6.056990636121120986e+00 -2.449002968952809223e-01
6.069557006735480265e+00 -2.302132565597298230e-01
6.082123377349839544e+00 -1.627787933289529532e-01
6.094689747964198823e+00 -2.026250508547854656e-01
6.107256118578558102e+00 -7.879470848258439408e-02
6.119822489192916493e+00 -2.763295449188645225e-01
6.132388859807275772e+00 -1.048816604411803854e-01
6.144955230421635051e+00 -2.494171976820286352e-01
6.157521601035994330e+00 -2.088015863131533478e-01
6.170087971650353609e+00 -2.033046724905387403e-01
6.182654342264712888e+00 -2.761530466255644745e-02
6.195220712879072167e+00 -5.842113036666590070e-02
6.207787083493431446e+00 -1.837083204665665159e-01
6.220353454107790725e+00 -1.004809582369252802e-01
6.232919824722149116e+00 -1.831959655078524429e-01
6.245486195336508395e+00 -1.312681998602685529e-01
6.258052565950867674e+00 -2.890761958894050299e-02
6.270618936565226953e+00 -7.037898060301685244e-02
