0.000000000000000000e+00 -6.696345774443178411e-02
1.256637061435917323e-02 -1.583831582168584162e-01
2.513274122871834645e-02 8.052395693409356014e-02
3.769911184307751795e-02 4.072321314232484751e-02
5.026548245743669291e-02 -7.988873393960717328e-02
6.283185307179586787e-02 2.713648160478105975e-01
7.539822368615503589e-02 3.103606917010907906e-02
8.796459430051420392e-02 1.290172461779051927e-01
1.005309649148733858e-01 -3.551277258485269206e-02
1.130973355292325677e-01 2.224352162570706892e-01
1.256637061435917357e-01 8.726778517655331413e-02
1.382300767579508760e-01 8.382743421554575414e-02
1.507964473723100718e-01 6.196695116196852815e-02
1.633628179866692676e-01 2.498687520322648292e-02
1.759291886010284078e-01 2.497078545790830106e-01
1.884955592153875759e-01 2.351448244887560102e-01
2.010619298297467716e-01 2.273356788808631179e-01
2.136283004441059397e-01 2.874867088373514457e-02
2.261946710584651354e-01 4.021170593747832589e-01
2.387610416728242757e-01 2.160094792682040188e-01
2.513274122871834715e-01 1.515115324535632468e-01
2.638937829015426395e-01 3.385006994256132273e-01
2.764601535159017520e-01 1.927024256793253287e-01
2.890265241302609756e-01 2.193164301645002534e-01
3.015928947446201436e-01 1.604156084818474104e-01
3.141592653589793116e-01 2.787955781944354561e-01
3.267256359733385351e-01 3.469241700716358956e-01
3.392920065876976476e-01 3.928006988997294058e-01
3.518583772020568157e-01 3.696681521309635454e-01
3.644247478164160392e-01 1.427815970981540505e-01
3.769911184307751517e-01 2.420785233416861970e-01
3.895574890451343197e-01 2.773743936658216724e-01
4.021238596594935433e-01 3.814573037579558901e-01
4.146902302738527113e-01 3.914557722064212486e-01
4.272566008882118793e-01 3.879793683058895826e-01
4.398229715025711029e-01 2.271710323981578905e-01
4.523893421169302709e-01 6.155769273311235690e-01
4.649557127312893834e-01 4.619209199049515990e-01
4.775220833456485514e-01 4.896369315410385448e-01
4.900884539600077194e-01 3.947383165998183951e-01
5.026548245743669430e-01 3.484975766999554025e-01
5.152211951887261110e-01 4.694748283532747535e-01
5.277875658030852790e-01 6.021557329471505238e-01
5.403539364174444470e-01 5.350040630319842228e-01
5.529203070318035040e-01 4.489148822172721598e-01
5.654866776461627831e-01 5.226580089426500209e-01
5.780530482605219511e-01 6.134961899680986264e-01
5.906194188748811191e-01 6.057519568051010772e-01
6.031857894892402872e-01 5.450465392093817307e-01
6.157521601035994552e-01 5.578196082558055657e-01
6.283185307179586232e-01 5.491344275483718285e-01
6.408849013323177912e-01 5.811962862649031614e-01
6.534512719466770703e-01 4.632427855283399176e-01
6.660176425610361273e-01 7.808146534361366520e-01
6.785840131753952953e-01 6.350504932362776023e-01
6.911503837897544633e-01 6.996779024337308472e-01
7.037167544041136313e-01 7.241946864778828763e-01
7.162831250184729104e-01 6.970744049526700348e-01
7.288494956328320784e-01 7.831323357536233987e-01
7.414158662471912464e-01 6.823724474500597603e-01
7.539822368615503034e-01 7.837969209683280924e-01
7.665486074759094715e-01 7.227356390350130333e-01
7.791149780902686395e-01 6.294898039498894038e-01
7.916813487046279185e-01 8.499555575249853057e-01
8.042477193189870865e-01 8.346002935031784364e-01
8.168140899333462546e-01 6.873306402503942536e-01
8.293804605477054226e-01 7.207243349400761501e-01
8.419468311620645906e-01 6.635396180476201833e-01
8.545132017764237586e-01 6.716520645815553525e-01
8.670795723907829267e-01 7.113306276349032897e-01
8.796459430051422057e-01 9.076332934958379894e-01
8.922123136195013737e-01 7.617887458751343432e-01
9.047786842338605418e-01 7.644142599421352990e-01
9.173450548482194877e-01 1.050000341180720387e+00
9.299114254625787668e-01 7.999583408515719141e-01
9.424777960769379348e-01 7.452846246018179910e-01
9.550441666912971028e-01 9.457221139483907857e-01
9.676105373056562708e-01 7.389069004585342437e-01
9.801769079200154389e-01 8.593627332797585394e-01
9.927432785343746069e-01 6.913069803505713651e-01
1.005309649148733886e+00 8.637754075784012109e-01
1.017876019763092943e+00 6.144688970759598634e-01
1.030442390377452222e+00 1.064666550751025342e+00
1.043008760991811279e+00 7.763191606674334500e-01
1.055575131606170558e+00 9.604690305027760999e-01
1.068141502220529837e+00 8.391275322487582455e-01
1.080707872834888894e+00 7.128664411279685975e-01
1.093274243449248173e+00 8.990682700477011791e-01
1.105840614063607008e+00 9.008835407350133107e-01
1.118406984677966287e+00 9.230720120050150967e-01
1.130973355292325566e+00 9.490452642254190163e-01
1.143539725906684623e+00 9.513705613053921040e-01
1.156106096521043902e+00 9.206948415760424220e-01
1.168672467135402959e+00 1.058696647721651063e+00
1.181238837749762238e+00 9.743044322882218333e-01
1.193805208364121295e+00 9.714964145073725632e-01
1.206371578978480574e+00 9.042239519918419122e-01
1.218937949592839853e+00 1.081037657340125024e+00
1.231504320207198910e+00 1.033561534303852447e+00
1.244070690821558189e+00 9.533415887235986430e-01
1.256637061435917246e+00 1.013580143454317239e+00
1.269203432050276525e+00 9.873667065221383154e-01
1.281769802664635582e+00 9.351875151336059844e-01
1.294336173278994861e+00 9.416435484000954537e-01
1.306902543893354141e+00 9.221391086368977419e-01
1.319468914507712975e+00 8.994501351761277075e-01
1.332035285122072255e+00 1.021174472550083756e+00
1.344601655736431534e+00 9.222670849405187887e-01
1.357168026350790591e+00 8.012402680610062333e-01
1.369734396965149870e+00 9.352678894292382195e-01
1.382300767579508927e+00 9.060108757385403333e-01
1.394867138193868206e+00 8.849972737183525728e-01
1.407433508808227263e+00 9.542871725074399958e-01
1.419999879422586542e+00 9.324988836398323544e-01
1.432566250036945821e+00 1.136217818687447201e+00
1.445132620651304878e+00 9.560875673580775391e-01
1.457698991265664157e+00 1.040563933685874964e+00
1.470265361880023214e+00 1.134950703866809629e+00
1.482831732494382493e+00 1.130662994394798782e+00
1.495398103108741550e+00 1.148034489861448071e+00
1.507964473723100607e+00 9.047993734218492401e-01
1.520530844337459886e+00 9.534549103250136159e-01
1.533097214951818943e+00 1.037632983145323262e+00
1.545663585566178222e+00 9.724024154005417309e-01
1.558229956180537279e+00 1.084703636199937593e+00
1.570796326794896558e+00 9.677566493377991463e-01
1.583362697409255837e+00 1.023399667566362581e+00
1.595929068023614894e+00 1.151882956587951146e+00
1.608495438637974173e+00 8.817307900507269647e-01
1.621061809252333230e+00 9.940894660624299828e-01
1.633628179866692509e+00 1.017097120873946769e+00
1.646194550481051566e+00 8.996650329753838049e-01
1.658760921095410845e+00 1.080498089946105189e+00
1.671327291709770124e+00 9.538367185644384127e-01
1.683893662324129181e+00 7.210883463731926346e-01
1.696460032938488460e+00 9.746887933013561600e-01
1.709026403552847517e+00 9.746258818906753385e-01
1.721592774167206796e+00 1.042296009100416088e+00
1.734159144781565853e+00 8.301693311784484886e-01
1.746725515395925132e+00 9.865706717909781265e-01
1.759291886010284411e+00 1.088846673167611190e+00
1.771858256624643468e+00 9.742139351579084394e-01
1.784424627239002747e+00 9.273364617281543154e-01
1.796990997853361804e+00 9.933615459538928105e-01
1.809557368467721084e+00 9.290580770047964787e-01
1.822123739082079918e+00 1.135207237234685751e+00
1.834690109696438975e+00 9.820108044326267827e-01
1.847256480310798255e+00 9.192011777638907644e-01
1.859822850925157534e+00 9.291770179938912966e-01
1.872389221539516591e+00 1.122417656993943247e+00
1.884955592153875870e+00 9.192894579095167717e-01
1.897521962768234927e+00 1.050611373156625561e+00
1.910088333382594206e+00 9.426026601457604404e-01
1.922654703996953263e+00 8.763791671166941688e-01
1.935221074611312542e+00 8.120128727762051524e-01
1.947787445225671821e+00 1.043518380954582714e+00
1.960353815840030878e+00 7.736722149935781889e-01
1.972920186454390157e+00 9.406059923788231414e-01
1.985486557068749214e+00 8.497952362804223059e-01
1.998052927683108493e+00 8.646592633549123885e-01
2.010619298297467772e+00 9.732018664122950025e-01
2.023185668911826607e+00 1.000022600684099983e+00
2.035752039526185886e+00 8.270135179574026330e-01
2.048318410140545165e+00 9.178304166667304864e-01
2.060884780754904444e+00 8.252833991593699903e-01
2.073451151369263723e+00 8.239478449248862635e-01
2.086017521983622558e+00 8.948640683418562780e-01
2.098583892597981837e+00 9.304851340329610698e-01
2.111150263212341116e+00 8.730058331610163203e-01
2.123716633826700395e+00 8.873435369844588916e-01
2.136283004441059674e+00 8.763642561368085726e-01
2.148849375055418509e+00 9.105832178415684819e-01
2.161415745669777788e+00 6.640096936672655881e-01
2.173982116284137067e+00 9.941680743337020232e-01
2.186548486898496346e+00 7.925065714227349511e-01
2.199114857512855181e+00 6.520545211781151318e-01
2.211681228127214016e+00 7.969482273620225321e-01
2.224247598741573295e+00 6.902635444247788854e-01
2.236813969355932574e+00 8.224073767085661180e-01
2.249380339970291853e+00 6.944951971673811730e-01
2.261946710584651132e+00 7.319908516075189775e-01
2.274513081199009967e+00 9.403496508317412683e-01
2.287079451813369246e+00 6.738298953445971406e-01
2.299645822427728525e+00 6.452639793495784648e-01
2.312212193042087804e+00 7.001509403012844412e-01
2.324778563656447083e+00 8.110929321444406703e-01
2.337344934270805918e+00 7.604230018817995651e-01
2.349911304885165197e+00 6.097705784360240022e-01
2.362477675499524477e+00 6.727722268255775795e-01
2.375044046113883756e+00 6.266557000738045557e-01
2.387610416728242591e+00 6.646614684011259433e-01
2.400176787342601870e+00 1.035568902996888196e+00
2.412743157956961149e+00 5.273141220458736900e-01
2.425309528571320428e+00 6.597317806967237797e-01
2.437875899185679707e+00 6.419282149027034645e-01
2.450442269800038542e+00 7.200354023990923613e-01
2.463008640414397821e+00 6.062986530925738027e-01
2.475575011028757100e+00 6.108597625889823357e-01
2.488141381643116379e+00 5.409924095996908600e-01
2.500707752257475658e+00 5.601648731246403612e-01
2.513274122871834493e+00 7.439585416584040267e-01
2.525840493486193772e+00 8.309869187961851367e-01
2.538406864100553051e+00 7.864701259569439884e-01
2.550973234714912330e+00 5.417766497061058395e-01
2.563539605329271165e+00 5.023678783588156893e-01
2.576105975943630444e+00 4.379547177749828490e-01
2.588672346557989723e+00 4.866717215977650612e-01
2.601238717172349002e+00 5.866867513948615942e-01
2.613805087786708281e+00 4.597021262185017609e-01
2.626371458401067116e+00 4.839160489220965533e-01
2.638937829015425951e+00 4.435936798716316187e-01
2.651504199629785230e+00 5.060106449787659111e-01
2.664070570244144509e+00 4.094179010320279644e-01
2.676636940858503788e+00 5.069375602235616229e-01
2.689203311472863067e+00 4.446392475810629907e-01
2.701769682087221902e+00 5.441802072430922399e-01
2.714336052701581181e+00 3.059446564988391737e-01
2.726902423315940460e+00 2.126112633771748972e-01
2.739468793930299739e+00 3.450844234193999327e-01
2.752035164544658574e+00 2.229959481813643674e-01
2.764601535159017853e+00 2.254019799288083381e-01
2.777167905773377132e+00 3.068675596865749755e-01
2.789734276387736411e+00 4.405896322634662021e-01
2.802300647002095690e+00 3.460590795917262152e-01
2.814867017616454525e+00 2.078928804293893040e-01
2.827433388230813804e+00 1.851115267253632679e-01
2.839999758845173083e+00 2.843492924970716929e-01
2.852566129459532362e+00 2.743121242028965234e-01
2.865132500073891642e+00 1.724414125924784158e-01
2.877698870688250476e+00 3.447221194502769759e-01
2.890265241302609756e+00 1.653629012689507294e-01
2.902831611916969035e+00 2.505508187588382785e-01
2.915397982531328314e+00 2.255527659051666522e-01
2.927964353145687149e+00 2.806910199814332540e-01
2.940530723760046428e+00 4.183184403692047360e-01
2.953097094374405707e+00 3.134928470985368087e-01
2.965663464988764986e+00 1.466315297661016925e-01
2.978229835603124265e+00 -2.497297501886713844e-02
2.990796206217483100e+00 2.108045530829445180e-01
3.003362576831842379e+00 -4.751123965543233019e-02
3.015928947446201214e+00 1.116329832397651434e-02
3.028495318060560493e+00 4.073578071193513506e-02
3.041061688674919772e+00 1.126125927648369968e-01
3.053628059289279051e+00 2.002148822643784465e-01
3.066194429903637886e+00 3.309577148622594445e-03
3.078760800517997165e+00 5.150038097198206960e-02
3.091327171132356444e+00 1.674113952829171525e-01
3.103893541746715723e+00 2.026500588767238611e-02
3.116459912361074558e+00 -2.928979807350452075e-03
3.129026282975433837e+00 1.288546851586661601e-01
3.141592653589793116e+00 -3.051380662577310530e-03
3.154159024204152395e+00 -1.700047155993746617e-01
3.166725394818511674e+00 -1.018965380728656389e-01
3.179291765432870509e+00 -9.559519771651708853e-02
3.191858136047229788e+00 -1.525784003601846073e-01
3.204424506661589067e+00 4.146396426941413582e-02
3.216990877275948346e+00 -1.334823768479012907e-01
3.229557247890307181e+00 -1.247320727599157686e-01
3.242123618504666460e+00 -8.103690571635013828e-02
3.254689989119025739e+00 -1.024579612598209288e-01
3.267256359733385018e+00 2.942542396054756426e-02
3.279822730347744297e+00 -2.474608607980622321e-01
3.292389100962103132e+00 -1.151591637530954004e-01
3.304955471576462411e+00 -1.313487374763023241e-01
3.317521842190821690e+00 -6.715323887062259189e-02
3.330088212805180969e+00 -6.105420540374351113e-02
3.342654583419540248e+00 -1.120228119475040612e-01
3.355220954033899083e+00 -2.841273423769676842e-01
3.367787324648258362e+00 -2.414314345796130801e-01
3.380353695262617642e+00 -3.080748469036328485e-01
3.392920065876976921e+00 -3.757826939793714738e-01
3.405486436491335756e+00 -2.517854447162304887e-01
3.418052807105695035e+00 -3.277377851621813831e-01
3.430619177720054314e+00 -2.211000816110692546e-01
3.443185548334413593e+00 -3.925492760102658463e-01
3.455751918948772872e+00 -3.767109521368701142e-01
3.468318289563131707e+00 -3.022657278749103504e-01
3.480884660177490986e+00 -2.234568968579034309e-01
3.493451030791850265e+00 -4.230883447518600793e-01
3.506017401406209544e+00 -2.113876356165543813e-01
3.518583772020568823e+00 -5.668547087405827467e-01
3.531150142634927658e+00 -4.596402565659754025e-01
3.543716513249286937e+00 -4.442253960440900595e-01
3.556282883863646216e+00 -4.159880537682604795e-01
3.568849254478005495e+00 -2.404987021667094882e-01
3.581415625092364330e+00 -4.469148593664158953e-01
3.593981995706723609e+00 -3.638948897495407619e-01
3.606548366321082888e+00 -5.957089819129588459e-01
3.619114736935442167e+00 -3.045620259014326092e-01
3.631681107549800558e+00 -4.870307779951658644e-01
3.644247478164159837e+00 -3.576786088944023945e-01
3.656813848778519116e+00 -5.153297508724060672e-01
3.669380219392877951e+00 -5.685422436840380511e-01
3.681946590007237230e+00 -5.168922029275798691e-01
3.694512960621596509e+00 -5.062445649588565022e-01
3.707079331235955788e+00 -4.589207623360713195e-01
3.719645701850315067e+00 -6.444910234346770128e-01
3.732212072464673902e+00 -7.170855084111840139e-01
3.744778443079033181e+00 -6.558442752122138897e-01
3.757344813693392460e+00 -5.925305552008416354e-01
3.769911184307751739e+00 -5.168977132266083796e-01
3.782477554922110574e+00 -7.356609789838490787e-01
3.795043925536469853e+00 -5.786461408042966603e-01
3.807610296150829132e+00 -5.506478619532672036e-01
3.820176666765188411e+00 -5.327335700503875726e-01
3.832743037379547690e+00 -6.305601186126722490e-01
3.845309407993906525e+00 -4.982655991864227696e-01
3.857875778608265804e+00 -6.209560057660808985e-01
3.870442149222625083e+00 -7.041482503518813330e-01
3.883008519836984362e+00 -5.766494872799767801e-01
3.895574890451343641e+00 -8.493557919696237413e-01
3.908141261065702476e+00 -7.664884270926752841e-01
3.920707631680061755e+00 -6.500287160657023389e-01
3.933274002294421035e+00 -6.952352450025552910e-01
3.945840372908780314e+00 -7.438624207817799983e-01
3.958406743523139149e+00 -8.334134969496845846e-01
3.970973114137498428e+00 -7.353907474024065083e-01
3.983539484751857707e+00 -8.165039911410946205e-01
3.996105855366216986e+00 -7.535850153387338990e-01
4.008672225980576265e+00 -7.690414985323236197e-01
4.021238596594935544e+00 -6.973589078331695612e-01
4.033804967209294823e+00 -7.589673088271116086e-01
4.046371337823653214e+00 -7.535641304238832605e-01
4.058937708438012493e+00 -8.806143028419434193e-01
4.071504079052371772e+00 -8.050337316896396533e-01
4.084070449666731051e+00 -6.919349329393089665e-01
4.096636820281090330e+00 -8.380539953225055738e-01
4.109203190895449609e+00 -8.736792086651820055e-01
4.121769561509808888e+00 -8.355298243287589965e-01
4.134335932124168167e+00 -7.557130747070910370e-01
4.146902302738527446e+00 -8.238356995256400639e-01
4.159468673352886725e+00 -1.091676157045387896e+00
4.172035043967245116e+00 -1.000976304111412141e+00
4.184601414581604395e+00 -9.484361999662638265e-01
4.197167785195963674e+00 -8.450787897889294742e-01
4.209734155810322953e+00 -9.238984183561166352e-01
4.222300526424682232e+00 -1.034877327914881073e+00
4.234866897039041511e+00 -8.569860398979779470e-01
4.247433267653400790e+00 -9.818330107167454468e-01
4.259999638267760069e+00 -8.667872309525042063e-01
4.272566008882119348e+00 -1.119274697888570813e+00
4.285132379496477739e+00 -8.339722715698723032e-01
4.297698750110837018e+00 -7.861473554315694390e-01
4.310265120725196297e+00 -7.513324773883668373e-01
4.322831491339555576e+00 -8.965430666067991661e-01
4.335397861953914855e+00 -1.078153870445133000e+00
4.347964232568274134e+00 -9.932242504142103634e-01
4.360530603182633413e+00 -8.565258829093922444e-01
4.373096973796992692e+00 -1.179199001890435694e+00
4.385663344411351972e+00 -9.515738109901584751e-01
4.398229715025710362e+00 -1.008226202688400797e+00
4.410796085640069641e+00 -9.747797819451934354e-01
4.423362456254428032e+00 -1.052923787222128205e+00
4.435928826868787311e+00 -1.017315846489005748e+00
4.448495197483146590e+00 -1.011550945619282382e+00
4.461061568097505869e+00 -8.490266849451243436e-01
4.473627938711865148e+00 -9.767871782734843800e-01
4.486194309326224428e+00 -8.720048316935629096e-01
4.498760679940583707e+00 -1.146639921378596938e+00
4.511327050554942986e+00 -9.628075618879106123e-01
4.523893421169302265e+00 -9.794142475657999780e-01
4.536459791783661544e+00 -8.876619591904958417e-01
4.549026162398019935e+00 -9.631054520269813901e-01
4.561592533012379214e+00 -1.011813349933312844e+00
4.574158903626738493e+00 -1.105335037842331003e+00
4.586725274241097772e+00 -1.104445569636691271e+00
4.599291644855457051e+00 -1.043516625022730793e+00
4.611858015469816330e+00 -1.074590569514807692e+00
4.624424386084175609e+00 -1.007856631037537865e+00
4.636990756698534888e+00 -9.405286756078246047e-01
4.649557127312894167e+00 -1.128245088222197712e+00
4.662123497927252558e+00 -1.156134267971450580e+00
4.674689868541611837e+00 -1.019284605539336530e+00
4.687256239155971116e+00 -9.184548960036501564e-01
4.699822609770330395e+00 -9.166672498709264039e-01
4.712388980384689674e+00 -1.178953577687759768e+00
4.724955350999048953e+00 -9.553858022066155087e-01
4.737521721613408232e+00 -9.561899227023220593e-01
4.750088092227767511e+00 -8.146114905948528273e-01
4.762654462842126790e+00 -9.668089941284323530e-01
4.775220833456485181e+00 -9.621389723025360885e-01
4.787787204070844460e+00 -9.482967549868434043e-01
4.800353574685203739e+00 -8.351262236453740329e-01
4.812919945299563018e+00 -1.132692570485478667e+00
4.825486315913922297e+00 -1.019175799983453423e+00
4.838052686528281576e+00 -9.129147144420728388e-01
4.850619057142640855e+00 -1.076093916354949220e+00
4.863185427757000134e+00 -9.387020355145047068e-01
4.875751798371359413e+00 -9.969559313434165349e-01
4.888318168985717804e+00 -1.192490750183723858e+00
4.900884539600077083e+00 -1.193325909003994267e+00
4.913450910214436362e+00 -8.752405785004027106e-01
4.926017280828795641e+00 -1.026306964662409005e+00
4.938583651443154920e+00 -1.102469309594389824e+00
4.951150022057514200e+00 -7.090978300090999831e-01
4.963716392671873479e+00 -1.068250350002169391e+00
4.976282763286232758e+00 -1.177428784488305569e+00
4.988849133900592037e+00 -9.583597584080013609e-01
5.001415504514951316e+00 -9.588496778818662580e-01
5.013981875129309707e+00 -1.062370622603803882e+00
5.026548245743668986e+00 -1.002373713225128249e+00
5.039114616358028265e+00 -9.389213860230648523e-01
5.051680986972387544e+00 -1.054691988202084652e+00
5.064247357586746823e+00 -8.251693326043521015e-01
5.076813728201106102e+00 -8.842679001304396547e-01
5.089380098815465381e+00 -1.147113643987256681e+00
5.101946469429824660e+00 -1.035098507110353561e+00
5.114512840044183939e+00 -1.089177362588524378e+00
5.127079210658542330e+00 -9.068319641378184137e-01
5.139645581272901609e+00 -7.843199997952220448e-01
5.152211951887260888e+00 -8.816542822943003177e-01
5.164778322501620167e+00 -8.564013944892282515e-01
5.177344693115979446e+00 -9.644495677917839238e-01
5.189911063730338725e+00 -8.074630717160621307e-01
5.202477434344698004e+00 -9.397353380780890664e-01
5.215043804959057283e+00 -7.501058777213454043e-01
5.227610175573416562e+00 -9.954723936604433776e-01
5.240176546187774953e+00 -1.018245437571279277e+00
5.252742916802134232e+00 -7.043500210542772422e-01
5.265309287416492623e+00 -9.716110018686230365e-01
5.277875658030851902e+00 -8.854652983975804803e-01
5.290442028645211181e+00 -9.495607713192655286e-01
5.303008399259570460e+00 -8.904648400654600060e-01
5.315574769873929739e+00 -9.889210928617688801e-01
5.328141140488289018e+00 -7.445192710999243291e-01
5.340707511102648297e+00 -7.877732438443370011e-01
5.353273881717007576e+00 -9.490367576058061916e-01
5.365840252331366855e+00 -6.035372897531641190e-01
5.378406622945726134e+00 -8.684133899964182612e-01
5.390972993560084525e+00 -7.332718492328065274e-01
5.403539364174443804e+00 -8.074808245941338392e-01
5.416105734788803083e+00 -9.299150236999512709e-01
5.428672105403162362e+00 -7.403481292065980934e-01
5.441238476017521641e+00 -8.378610848084213636e-01
5.453804846631880920e+00 -7.672324840141044877e-01
5.466371217246240199e+00 -7.534203358149793583e-01
5.478937587860599479e+00 -7.696194420193717134e-01
5.491503958474958758e+00 -6.317017308018167965e-01
5.504070329089317148e+00 -7.735818229262502177e-01
5.516636699703676427e+00 -5.795658474069329547e-01
5.529203070318035707e+00 -5.410646416224955679e-01
5.541769440932394986e+00 -7.764255316148852559e-01
5.554335811546754265e+00 -6.149472713397687862e-01
5.566902182161113544e+00 -4.229106802436479740e-01
5.579468552775472823e+00 -5.648541949042007460e-01
5.592034923389832102e+00 -7.134139752196864137e-01
5.604601294004191381e+00 -8.064343805211577898e-01
5.617167664618549772e+00 -5.474227697708363705e-01
5.629734035232909051e+00 -7.398033339852352341e-01
5.642300405847268330e+00 -6.179316385430968506e-01
5.654866776461627609e+00 -6.179572153599824924e-01
5.667433147075986888e+00 -6.957940737114081120e-01
5.679999517690346167e+00 -5.172843151424650898e-01
5.692565888304705446e+00 -5.056106522741010689e-01
5.705132258919064725e+00 -4.979340354914275624e-01
5.717698629533424004e+00 -5.618893268952676046e-01
5.730265000147783283e+00 -5.000532187518117455e-01
5.742831370762141674e+00 -3.880754592130449820e-01
5.755397741376500953e+00 -2.229980870553923133e-01
5.767964111990860232e+00 -6.438653293984580861e-01
5.780530482605219511e+00 -3.825982550883665345e-01
5.793096853219578790e+00 -4.580735460560200201e-01
5.805663223833938069e+00 -5.268839026159942707e-01
5.818229594448297348e+00 -3.395631114380815441e-01
5.830795965062656627e+00 -3.474883500285105842e-01
5.843362335677015906e+00 -6.259144877034350518e-01
5.855928706291374297e+00 -4.342945568939938217e-01
5.868495076905733576e+00 -3.900882218536816937e-01
5.881061447520092855e+00 -4.352398006544913045e-01
5.893627818134452134e+00 -5.441725413597666705e-01
5.906194188748811413e+00 -3.025185056987943488e-01
5.918760559363170692e+00 -4.834663472762752434e-01
5.931326929977529971e+00 -4.010213041279164226e-01
5.943893300591889250e+00 -4.128239034033983623e-01
5.956459671206248530e+00 -4.374175694609187537e-01
5.969026041820606920e+00 -3.868466259871214952e-01
5.981592412434966199e+00 -2.293651666221483421e-01
5.994158783049325478e+00 -1.824519327074813901e-01
6.006725153663684758e+00 -2.634595763827969339e-01
6.019291524278044037e+00 -2.061152077137117233e-01
6.031857894892402427e+00 -4.002950959038652501e-01
6.044424265506761706e+00 -1.736684227742530395e-01
6.056990636121120986e+00 -2.659309615875987687e-01
6.069557006735480265e+00 -3.638619554557828706e-01
6.082123377349839544e+00 -3.254333411719788627e-01
6.094689747964198823e+00 -2.751950165303642115e-01
6.107256118578558102e+00 -1.987648017454248794e-01
6.119822489192916493e+00 -1.359201432899402040e-01
6.132388859807275772e+00 -2.578567954275018392e-01
6.144955230421635051e+00 -1.238142553967482434e-01
6.157521601035994330e+00 -6.688425214411639064e-02
6.170087971650353609e+00 3.698946409095453525e-02
6.182654342264712888e+00 2.699270011093621302e-02
6.195220712879072167e+00 -5.242672022989980363e-02
6.207787083493431446e+00 -1.670039587778922585e-01
6.220353454107790725e+00 3.962705133217793441e-02
6.232919824722149116e+00 -4.247843302814765382e-02
6.245486195336508395e+00 -1.837271731310353984e-01
6.258052565950867674e+00 -2.057788210706466836e-02
6.270618936565226953e+00 -2.592622844828301049e-02
