0.000000000000000000e+00 -7.358737419555907988e-02
1.256637061435917323e-02 -7.344927626649669361e-02
2.513274122871834645e-02 -6.719814545978865239e-02
3.769911184307751795e-02 6.153549518977290134e-02
5.026548245743669291e-02 -8.077307044592772767e-03
6.283185307179586787e-02 1.302230723570648729e-01
7.539822368615503589e-02 7.769684947320983082e-02
8.796459430051420392e-02 1.099630688986831528e-01
1.005309649148733858e-01 1.636277878962424936e-02
1.130973355292325677e-01 1.004028411857976477e-01
1.256637061435917357e-01 2.297397966497324306e-01
1.382300767579508760e-01 1.205302053143199464e-01
1.507964473723100718e-01 3.026215787841054494e-01
1.633628179866692676e-01 1.070215648329261027e-01
1.759291886010284078e-01 2.173631317111950345e-01
1.884955592153875759e-01 1.552488793175755555e-01
2.010619298297467716e-01 6.379506266413745297e-02
2.136283004441059397e-01 2.353536000838205855e-01
2.261946710584651354e-01 3.789278270373641622e-01
2.387610416728242757e-01 1.950322724458619372e-01
2.513274122871834715e-01 6.966896937671565593e-02
2.638937829015426395e-01 2.316258053327810429e-01
2.764601535159017520e-01 2.398480165805116360e-01
2.890265241302609756e-01 3.660149696643894002e-01
3.015928947446201436e-01 1.840067021826520266e-01
3.141592653589793116e-01 2.703151869907520211e-01
3.267256359733385351e-01 3.136342419682613403e-01
3.392920065876976476e-01 3.136706540381041242e-01
3.518583772020568157e-01 3.516278321097133230e-01
3.644247478164160392e-01 2.622216761508233684e-01
3.769911184307751517e-01 2.951961250535990455e-01
3.895574890451343197e-01 3.642157635360391277e-01
4.021238596594935433e-01 6.077314446511146162e-01
4.146902302738527113e-01 3.973447841053984186e-01
4.272566008882118793e-01 2.968255812812798378e-01
4.398229715025711029e-01 3.701359726065408529e-01
4.523893421169302709e-01 4.988312311804046217e-01
4.649557127312893834e-01 5.591604632909780159e-01
4.775220833456485514e-01 4.707913042736000531e-01
4.900884539600077194e-01 5.598737282586411235e-01
5.026548245743669430e-01 3.924741423249854533e-01
5.152211951887261110e-01 3.662950652021000342e-01
5.277875658030852790e-01 5.676660800714586896e-01
5.403539364174444470e-01 4.764335692525208943e-01
5.529203070318035040e-01 5.005067249992676270e-01
5.654866776461627831e-01 5.239699929491659081e-01
5.780530482605219511e-01 4.922041431109810405e-01
5.906194188748811191e-01 4.664856836520209771e-01
6.031857894892402872e-01 5.467071148611059028e-01
6.157521601035994552e-01 6.065341149527070375e-01
6.283185307179586232e-01 5.766469787205471542e-01
6.408849013323177912e-01 4.756279424609177742e-01
6.534512719466770703e-01 6.366328970350707550e-01
6.660176425610361273e-01 6.616650795544609664e-01
6.785840131753952953e-01 6.880566483352524854e-01
6.911503837897544633e-01 7.001442588646050735e-01
7.037167544041136313e-01 8.532350617253148251e-01
7.162831250184729104e-01 5.493610399714976555e-01
7.288494956328320784e-01 6.370742520471062154e-01
7.414158662471912464e-01 7.874112955343370857e-01
7.539822368615503034e-01 6.756063226399242616e-01
7.665486074759094715e-01 5.609241424842256185e-01
7.791149780902686395e-01 7.484810476873114959e-01
7.916813487046279185e-01 8.459692667056217807e-01
8.042477193189870865e-01 5.815169688129280257e-01
8.168140899333462546e-01 6.550607508987339456e-01
8.293804605477054226e-01 6.700759360894860128e-01
8.419468311620645906e-01 5.771183651744385967e-01
8.545132017764237586e-01 7.373910674311617841e-01
8.670795723907829267e-01 8.678174010321870746e-01
8.796459430051422057e-01 7.658884228195736998e-01
8.922123136195013737e-01 8.984598377316783679e-01
9.047786842338605418e-01 7.958590555143409961e-01
9.173450548482194877e-01 7.883214185159154175e-01
9.299114254625787668e-01 8.579891655124779470e-01
9.424777960769379348e-01 7.741104083566828775e-01
9.550441666912971028e-01 5.848327887161884897e-01
9.676105373056562708e-01 9.184249582687171731e-01
9.801769079200154389e-01 1.045354246215741911e+00
9.927432785343746069e-01 1.061944536621445279e+00
1.005309649148733886e+00 1.186871297291479666e+00
1.017876019763092943e+00 8.209565380871289841e-01
1.030442390377452222e+00 9.369401257672937966e-01
1.043008760991811279e+00 7.673399400274912852e-01
1.055575131606170558e+00 8.127773419725083937e-01
1.068141502220529837e+00 8.112115381193770736e-01
1.080707872834888894e+00 9.794789851672308645e-01
1.093274243449248173e+00 8.730667669643554785e-01
1.105840614063607008e+00 7.702605765500305512e-01
1.118406984677966287e+00 8.246087332655943625e-01
1.130973355292325566e+00 7.293667732332754783e-01
1.143539725906684623e+00 7.635040151627370264e-01
1.156106096521043902e+00 1.032910307707425090e+00
1.168672467135402959e+00 8.622853988004285375e-01
1.181238837749762238e+00 8.733003816789306484e-01
1.193805208364121295e+00 1.057534817696513807e+00
1.206371578978480574e+00 9.775183275604721889e-01
1.218937949592839853e+00 8.911685973080387679e-01
1.231504320207198910e+00 7.281620760942121295e-01
1.244070690821558189e+00 9.063074832948392334e-01
1.256637061435917246e+00 8.167545551865551534e-01
1.269203432050276525e+00 9.805486896031198052e-01
1.281769802664635582e+00 8.970278161455157440e-01
1.294336173278994861e+00 9.802063146259919479e-01
1.306902543893354141e+00 8.803139140308008370e-01
1.319468914507712975e+00 8.579660877095204308e-01
1.332035285122072255e+00 9.689611740590288180e-01
1.344601655736431534e+00 9.231364025033573784e-01
1.357168026350790591e+00 8.575637716038658764e-01
1.369734396965149870e+00 1.064920204583917229e+00
1.382300767579508927e+00 1.079951875518303961e+00
1.394867138193868206e+00 9.810186685592074962e-01
1.407433508808227263e+00 9.351098031605648009e-01
1.419999879422586542e+00 8.887322058588684737e-01
1.432566250036945821e+00 9.937659745849038995e-01
1.445132620651304878e+00 9.758212660804584937e-01
1.457698991265664157e+00 1.154792895114434392e+00
1.470265361880023214e+00 1.071619462322229710e+00
1.482831732494382493e+00 8.366035566021738923e-01
1.495398103108741550e+00 9.037591328115421874e-01
1.507964473723100607e+00 1.050326645756094246e+00
1.520530844337459886e+00 8.655146066919068293e-01
1.533097214951818943e+00 1.131928157344553210e+00
1.545663585566178222e+00 8.988679863703440409e-01
1.558229956180537279e+00 8.140627090852512460e-01
1.570796326794896558e+00 1.082642728604449767e+00
1.583362697409255837e+00 1.030035343493285627e+00
1.595929068023614894e+00 1.123484769190887134e+00
1.608495438637974173e+00 1.022711844039732032e+00
1.621061809252333230e+00 8.795956822108823570e-01
1.633628179866692509e+00 9.372626513396942194e-01
1.646194550481051566e+00 9.769295804549116280e-01
1.658760921095410845e+00 1.029655187905938130e+00
1.671327291709770124e+00 9.752756375287813251e-01
1.683893662324129181e+00 1.009394348681644571e+00
1.696460032938488460e+00 1.134891560562167445e+00
1.709026403552847517e+00 1.164523078478338469e+00
1.721592774167206796e+00 8.543262460473834974e-01
1.734159144781565853e+00 1.073640782223652668e+00
1.746725515395925132e+00 9.183037057304805906e-01
1.759291886010284411e+00 1.163840461044651553e+00
1.771858256624643468e+00 9.575274350208605734e-01
1.784424627239002747e+00 8.627059759203054012e-01
1.796990997853361804e+00 1.021690846507341988e+00
1.809557368467721084e+00 1.003627446013087843e+00
1.822123739082079918e+00 1.049666010667190896e+00
1.834690109696438975e+00 9.949648632098434531e-01
1.847256480310798255e+00 1.009347140357729655e+00
1.859822850925157534e+00 9.233375376118760913e-01
1.872389221539516591e+00 9.993136451244994944e-01
1.884955592153875870e+00 8.789531991836495584e-01
1.897521962768234927e+00 8.138122713111327622e-01
1.910088333382594206e+00 8.642033716493588980e-01
1.922654703996953263e+00 7.797354982733986084e-01
1.935221074611312542e+00 9.659999351726674677e-01
1.947787445225671821e+00 8.639329151013190877e-01
1.960353815840030878e+00 8.919848094172585506e-01
1.972920186454390157e+00 8.833721538442752541e-01
1.985486557068749214e+00 1.003338984440508730e+00
1.998052927683108493e+00 7.720484679101310421e-01
2.010619298297467772e+00 9.461566208608568340e-01
2.023185668911826607e+00 9.286414351893942376e-01
2.035752039526185886e+00 8.490027469577063890e-01
2.048318410140545165e+00 9.723067598448235094e-01
2.060884780754904444e+00 7.806249482141343066e-01
2.073451151369263723e+00 8.843202352829417912e-01
2.086017521983622558e+00 9.610440522624270621e-01
2.098583892597981837e+00 7.429359490205194039e-01
2.111150263212341116e+00 7.349358436547395179e-01
2.123716633826700395e+00 7.680785986545931587e-01
2.136283004441059674e+00 7.915441806240601785e-01
2.148849375055418509e+00 7.861769978580250839e-01
2.161415745669777788e+00 8.100247078194413586e-01
2.173982116284137067e+00 7.397252392275074362e-01
2.186548486898496346e+00 7.349545469932423636e-01
2.199114857512855181e+00 6.930361234186401820e-01
2.211681228127214016e+00 7.555440172928110654e-01
2.224247598741573295e+00 7.298936931666347716e-01
2.236813969355932574e+00 8.770927213599488681e-01
2.249380339970291853e+00 8.511943058888392644e-01
2.261946710584651132e+00 6.148642868357484526e-01
2.274513081199009967e+00 7.342716537577305136e-01
2.287079451813369246e+00 7.515464470248496287e-01
2.299645822427728525e+00 8.515416394039372339e-01
2.312212193042087804e+00 8.606952835737833318e-01
2.324778563656447083e+00 8.411306397187364725e-01
2.337344934270805918e+00 6.299451652716434591e-01
2.349911304885165197e+00 5.633207239755783080e-01
2.362477675499524477e+00 6.122896685686101126e-01
2.375044046113883756e+00 5.570007973342110397e-01
2.387610416728242591e+00 7.328182056255027055e-01
2.400176787342601870e+00 7.271974018264312223e-01
2.412743157956961149e+00 5.628331925925800228e-01
2.425309528571320428e+00 5.444321311331707935e-01
2.437875899185679707e+00 5.623450321231233673e-01
2.450442269800038542e+00 7.207358239913985720e-01
2.463008640414397821e+00 4.187815088180201206e-01
2.475575011028757100e+00 6.764481987136119479e-01
2.488141381643116379e+00 6.786012506578941172e-01
2.500707752257475658e+00 6.698792978636227691e-01
2.513274122871834493e+00 6.501099338282199103e-01
2.525840493486193772e+00 6.502668247765607257e-01
2.538406864100553051e+00 5.211550999170193599e-01
2.550973234714912330e+00 4.745307400977291090e-01
2.563539605329271165e+00 3.589440495686053723e-01
2.576105975943630444e+00 4.730680138922046529e-01
2.588672346557989723e+00 5.366840844761664453e-01
2.601238717172349002e+00 5.243565992856655811e-01
2.613805087786708281e+00 5.853047105856306054e-01
2.626371458401067116e+00 4.696033591074900704e-01
2.638937829015425951e+00 5.259755208591359033e-01
2.651504199629785230e+00 5.675592480088416103e-01
2.664070570244144509e+00 4.653606324485105028e-01
2.676636940858503788e+00 4.185479858975958978e-01
2.689203311472863067e+00 2.902829377022446700e-01
2.701769682087221902e+00 3.253971388412389421e-01
2.714336052701581181e+00 5.145436842752256767e-01
2.726902423315940460e+00 4.214493448727578140e-01
2.739468793930299739e+00 2.174117916106062809e-01
2.752035164544658574e+00 3.977890119182586615e-01
2.764601535159017853e+00 2.956609492691609220e-01
2.777167905773377132e+00 4.414846812380865404e-01
2.789734276387736411e+00 2.850862078565041258e-01
2.802300647002095690e+00 3.260994082606419875e-01
2.814867017616454525e+00 4.607177091193678797e-01
2.827433388230813804e+00 3.877964636718755354e-01
2.839999758845173083e+00 3.294479791182042261e-01
2.852566129459532362e+00 4.420078269646307012e-01
2.865132500073891642e+00 3.958345429768198032e-01
2.877698870688250476e+00 1.800939424590190518e-01
2.890265241302609756e+00 2.411442277457741534e-01
2.902831611916969035e+00 2.719490608596618619e-01
2.915397982531328314e+00 3.451621369734947931e-01
2.927964353145687149e+00 1.882411142401206605e-01
2.940530723760046428e+00 4.712762518047416971e-02
2.953097094374405707e+00 2.461260786299407088e-01
2.965663464988764986e+00 1.509557623686881567e-01
2.978229835603124265e+00 3.117070976832911899e-01
2.990796206217483100e+00 -7.893926030112763392e-02
3.003362576831842379e+00 3.489626887026702207e-01
3.015928947446201214e+00 5.728826643965324872e-02
3.028495318060560493e+00 -9.297492018524441959e-02
3.041061688674919772e+00 1.093585973674995881e-01
3.053628059289279051e+00 1.859081237385391550e-01
3.066194429903637886e+00 5.073676741228293208e-02
3.078760800517997165e+00 1.622471081938508530e-01
3.091327171132356444e+00 -1.511568379288223685e-03
3.103893541746715723e+00 1.616866453840863638e-01
3.116459912361074558e+00 -5.366474015291451682e-03
3.129026282975433837e+00 5.343588529429266210e-02
3.141592653589793116e+00 1.704154954858195792e-01
3.154159024204152395e+00 3.551025892967364650e-02
3.166725394818511674e+00 -6.712426491818251906e-02
3.179291765432870509e+00 -1.035836283007326303e-01
3.191858136047229788e+00 -3.277097749697990836e-03
3.204424506661589067e+00 -1.702499974889607470e-01
3.216990877275948346e+00 -9.421395047056969896e-02
3.229557247890307181e+00 -1.359390853090025608e-01
3.242123618504666460e+00 -2.736877798022341324e-01
3.254689989119025739e+00 -7.760131308437859254e-02
3.267256359733385018e+00 -1.957986481618853580e-02
3.279822730347744297e+00 -1.677229352483780578e-01
3.292389100962103132e+00 -2.981578583820719830e-01
3.304955471576462411e+00 -1.168662886441896864e-01
3.317521842190821690e+00 -3.736395948593998484e-01
3.330088212805180969e+00 -2.507030856362416071e-01
3.342654583419540248e+00 -2.062511449002876474e-01
3.355220954033899083e+00 -2.663844974111631014e-01
3.367787324648258362e+00 -3.864412324201310645e-01
3.380353695262617642e+00 -1.943637192603754893e-01
3.392920065876976921e+00 -2.403349388871049708e-01
3.405486436491335756e+00 -2.806430322496510366e-01
3.418052807105695035e+00 -1.513262153436368551e-01
3.430619177720054314e+00 -3.214220624231406975e-01
3.443185548334413593e+00 -2.443897242392548685e-01
3.455751918948772872e+00 -5.114252252371711549e-01
3.468318289563131707e+00 -2.701714400786838777e-01
3.480884660177490986e+00 -4.228944238434791947e-01
3.493451030791850265e+00 -2.681697066692352305e-01
3.506017401406209544e+00 -4.639761847939442019e-01
3.518583772020568823e+00 -2.780931340222825843e-01
3.531150142634927658e+00 -3.898938793968292349e-01
3.543716513249286937e+00 -2.960358069764855715e-01
3.556282883863646216e+00 -2.608307833906029494e-01
3.568849254478005495e+00 -3.745122675194676454e-01
3.581415625092364330e+00 -5.274211174061473884e-01
3.593981995706723609e+00 -3.926669095118935915e-01
3.606548366321082888e+00 -5.368759669954654701e-01
3.619114736935442167e+00 -4.272076277828269486e-01
3.631681107549800558e+00 -5.507917969354075849e-01
3.644247478164159837e+00 -5.882764677017806587e-01
3.656813848778519116e+00 -5.783409787611535346e-01
3.669380219392877951e+00 -4.647583710319908579e-01
3.681946590007237230e+00 -5.247914446024180002e-01
3.694512960621596509e+00 -4.671963883788524119e-01
3.707079331235955788e+00 -5.876019863427112133e-01
3.719645701850315067e+00 -4.105094128888872596e-01
3.732212072464673902e+00 -7.049477434768141038e-01
3.744778443079033181e+00 -5.770364851241538418e-01
3.757344813693392460e+00 -6.891101830059517264e-01
3.769911184307751739e+00 -5.615899866099256510e-01
3.782477554922110574e+00 -4.561619460626550882e-01
3.795043925536469853e+00 -5.911391907494418785e-01
3.807610296150829132e+00 -5.217116266575070327e-01
3.820176666765188411e+00 -5.767854482096304025e-01
3.832743037379547690e+00 -6.229533642961737616e-01
3.845309407993906525e+00 -5.525769387122114740e-01
3.857875778608265804e+00 -6.404534077556671701e-01
3.870442149222625083e+00 -6.646736230480188024e-01
3.883008519836984362e+00 -7.018256901048044449e-01
3.895574890451343641e+00 -6.270403404684130599e-01
3.908141261065702476e+00 -8.287537143864526223e-01
3.920707631680061755e+00 -5.992505210282055295e-01
3.933274002294421035e+00 -9.275383756281967429e-01
3.945840372908780314e+00 -7.310384402713003826e-01
3.958406743523139149e+00 -6.684906772575653910e-01
3.970973114137498428e+00 -8.061174624168383485e-01
3.983539484751857707e+00 -7.172731834951029395e-01
3.996105855366216986e+00 -8.234258103310047039e-01
4.008672225980576265e+00 -8.148851386074709158e-01
4.021238596594935544e+00 -6.563605881406200382e-01
4.033804967209294823e+00 -7.176614846719194807e-01
4.046371337823653214e+00 -8.480786353230400643e-01
4.058937708438012493e+00 -8.803890973624752814e-01
4.071504079052371772e+00 -7.364035105323011310e-01
4.084070449666731051e+00 -8.924088885770391499e-01
4.096636820281090330e+00 -7.765494279421615298e-01
4.109203190895449609e+00 -8.164358837297047700e-01
4.121769561509808888e+00 -8.930520910126683587e-01
4.134335932124168167e+00 -7.689008351716239975e-01
4.146902302738527446e+00 -6.297042133343775383e-01
4.159468673352886725e+00 -1.056899545362433690e+00
4.172035043967245116e+00 -9.383467941764265241e-01
4.184601414581604395e+00 -9.086538071651615311e-01
4.197167785195963674e+00 -9.377321925042494399e-01
4.209734155810322953e+00 -7.463452849532168365e-01
4.222300526424682232e+00 -8.991376078425554752e-01
4.234866897039041511e+00 -8.444797309400985386e-01
4.247433267653400790e+00 -8.529007400813279904e-01
4.259999638267760069e+00 -7.701229365030497487e-01
4.272566008882119348e+00 -1.030279209066105928e+00
4.285132379496477739e+00 -9.450438135477061685e-01
4.297698750110837018e+00 -1.034093764570029883e+00
4.310265120725196297e+00 -1.146067622225747762e+00
4.322831491339555576e+00 -1.124935109231426811e+00
4.335397861953914855e+00 -1.014161475914058030e+00
4.347964232568274134e+00 -9.960095023138869630e-01
4.360530603182633413e+00 -7.912691670064984084e-01
4.373096973796992692e+00 -9.239780031894707646e-01
4.385663344411351972e+00 -9.652742087140722127e-01
4.398229715025710362e+00 -1.067372304855921161e+00
4.410796085640069641e+00 -1.076631176602840023e+00
4.423362456254428032e+00 -9.047432734344674765e-01
4.435928826868787311e+00 -7.925816589500320752e-01
4.448495197483146590e+00 -1.063057007362360862e+00
4.461061568097505869e+00 -9.704800963723982932e-01
4.473627938711865148e+00 -9.649405111357997056e-01
4.486194309326224428e+00 -1.042047180003930817e+00
4.498760679940583707e+00 -8.222569427469056391e-01
4.511327050554942986e+00 -7.748770083306881773e-01
4.523893421169302265e+00 -8.470785261001352318e-01
4.536459791783661544e+00 -8.213587414437635292e-01
4.549026162398019935e+00 -9.133544304786032075e-01
4.561592533012379214e+00 -1.143165919857243473e+00
4.574158903626738493e+00 -1.032260654397336719e+00
4.586725274241097772e+00 -1.014596444920522700e+00
4.599291644855457051e+00 -9.885376956695286488e-01
4.611858015469816330e+00 -8.697974177388949624e-01
4.624424386084175609e+00 -1.046124721192362550e+00
4.636990756698534888e+00 -7.364116452096601817e-01
4.649557127312894167e+00 -1.002580174911350097e+00
4.662123497927252558e+00 -9.534286889681404809e-01
4.674689868541611837e+00 -8.131415253677541921e-01
4.687256239155971116e+00 -9.081517519805066829e-01
4.699822609770330395e+00 -1.067675721751253359e+00
4.712388980384689674e+00 -1.017899564372587218e+00
4.724955350999048953e+00 -9.968868606336767080e-01
4.737521721613408232e+00 -1.219275487145131898e+00
4.750088092227767511e+00 -1.006032738444475383e+00
4.762654462842126790e+00 -1.044063079213990441e+00
4.775220833456485181e+00 -1.014520250662583667e+00
4.787787204070844460e+00 -9.612918740724826216e-01
4.800353574685203739e+00 -8.261179187471516805e-01
4.812919945299563018e+00 -8.280042458873742017e-01
4.825486315913922297e+00 -9.377773900522012873e-01
4.838052686528281576e+00 -1.071821683820826543e+00
4.850619057142640855e+00 -1.043161624114100849e+00
4.863185427757000134e+00 -9.023905808249552685e-01
4.875751798371359413e+00 -1.046830553972939004e+00
4.888318168985717804e+00 -1.022753056458659326e+00
4.900884539600077083e+00 -1.135495277588349117e+00
4.913450910214436362e+00 -8.694816487833463281e-01
4.926017280828795641e+00 -9.546543130131101007e-01
4.938583651443154920e+00 -8.708528340369832144e-01
4.951150022057514200e+00 -8.886812845593731192e-01
4.963716392671873479e+00 -9.166370184797875131e-01
4.976282763286232758e+00 -9.093814629104002289e-01
4.988849133900592037e+00 -8.570439585675609928e-01
5.001415504514951316e+00 -1.114019006105599896e+00
5.013981875129309707e+00 -1.039213510316615130e+00
5.026548245743668986e+00 -9.198268524118868861e-01
5.039114616358028265e+00 -6.505842577509974856e-01
5.051680986972387544e+00 -9.752523733831871544e-01
5.064247357586746823e+00 -9.131295035277317007e-01
5.076813728201106102e+00 -1.019122229645477384e+00
5.089380098815465381e+00 -8.882587570843170077e-01
5.101946469429824660e+00 -9.268206526035558390e-01
5.114512840044183939e+00 -9.277701613632821642e-01
5.127079210658542330e+00 -7.969613204861927258e-01
5.139645581272901609e+00 -7.839477335431872529e-01
5.152211951887260888e+00 -8.879080325038574140e-01
5.164778322501620167e+00 -1.090347492258383344e+00
5.177344693115979446e+00 -7.413823713428724371e-01
5.189911063730338725e+00 -7.763158724285750267e-01
5.202477434344698004e+00 -9.189734210880959875e-01
5.215043804959057283e+00 -8.329210719771438232e-01
5.227610175573416562e+00 -7.321836042995992777e-01
5.240176546187774953e+00 -9.890638568975752554e-01
5.252742916802134232e+00 -9.450260845812257227e-01
5.265309287416492623e+00 -1.117822557495542490e+00
5.277875658030851902e+00 -8.279328501620863978e-01
5.290442028645211181e+00 -9.518225123666442800e-01
5.303008399259570460e+00 -1.006767160885236434e+00
5.315574769873929739e+00 -9.487639530891784911e-01
5.328141140488289018e+00 -7.406323446948720468e-01
5.340707511102648297e+00 -6.451615221290861735e-01
5.353273881717007576e+00 -8.003334406780369115e-01
5.365840252331366855e+00 -6.956701762021594293e-01
5.378406622945726134e+00 -7.190981947436880795e-01
5.390972993560084525e+00 -8.567258391869769785e-01
5.403539364174443804e+00 -6.150654133508151045e-01
5.416105734788803083e+00 -7.138209754878670488e-01
5.428672105403162362e+00 -5.889409074877677286e-01
5.441238476017521641e+00 -7.539341924876616918e-01
5.453804846631880920e+00 -6.457095608725494928e-01
5.466371217246240199e+00 -8.765967921360329207e-01
5.478937587860599479e+00 -6.994065724569908937e-01
5.491503958474958758e+00 -7.261420901868246291e-01
5.504070329089317148e+00 -5.884665250836471628e-01
5.516636699703676427e+00 -5.296333166370756906e-01
5.529203070318035707e+00 -5.168770051441069491e-01
5.541769440932394986e+00 -6.290559118008911543e-01
5.554335811546754265e+00 -6.088929942075678170e-01
5.566902182161113544e+00 -6.959258534038446076e-01
5.579468552775472823e+00 -6.405198853021299987e-01
5.592034923389832102e+00 -6.512882061383451493e-01
5.604601294004191381e+00 -6.724202717724374612e-01
5.617167664618549772e+00 -5.629362178825271235e-01
5.629734035232909051e+00 -6.229364678610432859e-01
5.642300405847268330e+00 -4.353130376860011586e-01
5.654866776461627609e+00 -6.169959021305845281e-01
5.667433147075986888e+00 -5.722094517063515129e-01
5.679999517690346167e+00 -5.430551568140474794e-01
5.692565888304705446e+00 -3.728438985273736517e-01
5.705132258919064725e+00 -5.569980260395372973e-01
5.717698629533424004e+00 -5.539890631929859088e-01
5.730265000147783283e+00 -6.934862505787837694e-01
5.742831370762141674e+00 -5.168187903040392106e-01
5.755397741376500953e+00 -4.352485750726330371e-01
5.767964111990860232e+00 -5.024407110734385729e-01
5.780530482605219511e+00 -4.502972982051708373e-01
5.793096853219578790e+00 -4.456496389048666407e-01
5.805663223833938069e+00 -5.662857636276953377e-01
5.818229594448297348e+00 -4.637250198811690982e-01
5.830795965062656627e+00 -3.036338416391494155e-01
5.843362335677015906e+00 -4.436242379662371782e-01
5.855928706291374297e+00 -4.160109622068067781e-01
5.868495076905733576e+00 -5.496802203421056188e-01
5.881061447520092855e+00 -6.164060242781321808e-01
5.893627818134452134e+00 -2.547928823336612636e-01
5.906194188748811413e+00 -4.612228401722275328e-01
5.918760559363170692e+00 -4.012558759262262464e-01
5.931326929977529971e+00 -2.422267735412889089e-01
5.943893300591889250e+00 -2.314008787336264417e-01
5.956459671206248530e+00 -1.308547564462977653e-01
5.969026041820606920e+00 -2.441987030605818898e-01
5.981592412434966199e+00 -2.436386269238479674e-01
5.994158783049325478e+00 -2.039466862254565860e-01
6.006725153663684758e+00 -2.003028960364305888e-01
6.019291524278044037e+00 -3.909832286230436882e-01
6.031857894892402427e+00 -4.856499878239155521e-01
6.044424265506761706e+00 -2.401860820721871681e-01
6.056990636121120986e+00 -1.561058906040792560e-01
6.069557006735480265e+00 -2.681133182435889717e-01
6.082123377349839544e+00 -1.989919050876979012e-01
6.094689747964198823e+00 -1.952089646759900543e-01
6.107256118578558102e+00 -3.398019290200002818e-01
6.119822489192916493e+00 -7.635756032866995724e-02
6.132388859807275772e+00 -3.821304467578945374e-02
6.144955230421635051e+00 -1.505817824002176619e-01
6.157521601035994330e+00 2.404860821430024331e-02
6.170087971650353609e+00 -2.174130916226666987e-01
6.182654342264712888e+00 1.961465387776159530e-02
6.195220712879072167e+00 7.401728442203298064e-04
6.207787083493431446e+00 1.025902449870159938e-01
6.220353454107790725e+00 -1.321853095629518249e-01
6.232919824722149116e+00 -9.245475898623518873e-02
6.245486195336508395e+00 -3.391554309230242897e-02
6.258052565950867674e+00 6.133746807531816059e-02
6.270618936565226953e+00 7.386079507045038850e-02
