0.000000000000000000e+00 -4.716374091027320664e-02
1.256637061435917323e-02 -1.173689360562505529e-02
2.513274122871834645e-02 1.716460305582759582e-01
3.769911184307751795e-02 5.827100214871190620e-02
5.026548245743669291e-02 7.903651026127246626e-02
6.283185307179586787e-02 2.740682953973580527e-02
7.539822368615503589e-02 -3.211151587732556656e-02
8.796459430051420392e-02 7.866532897545934488e-02
1.005309649148733858e-01 1.818629709976074260e-01
1.130973355292325677e-01 2.713060707316216624e-01
1.256637061435917357e-01 6.643827345036977527e-02
1.382300767579508760e-01 5.884447115341719103e-02
1.507964473723100718e-01 -2.871897245188576031e-02
1.633628179866692676e-01 2.286968864971648530e-01
1.759291886010284078e-01 1.955357508902816621e-01
1.884955592153875759e-01 3.343119516771804189e-01
2.010619298297467716e-01 1.461907069985437513e-01
2.136283004441059397e-01 1.782852510804336654e-01
2.261946710584651354e-01 2.722551581442957391e-01
2.387610416728242757e-01 1.141087057849276831e-01
2.513274122871834715e-01 3.629359355100807427e-01
2.638937829015426395e-01 3.094254098510116346e-01
2.764601535159017520e-01 2.633726596474214587e-01
2.890265241302609756e-01 2.375011935930003704e-01
3.015928947446201436e-01 2.821195800140263166e-01
3.141592653589793116e-01 1.877891259060988083e-01
3.267256359733385351e-01 2.525220385269004164e-01
3.392920065876976476e-01 1.944009464991706126e-01
3.518583772020568157e-01 4.104731696279634856e-01
3.644247478164160392e-01 1.429620144042965668e-01
3.769911184307751517e-01 3.103686469303625906e-01
3.895574890451343197e-01 4.783096383138331076e-01
4.021238596594935433e-01 4.259262004338251195e-01
4.146902302738527113e-01 4.527092783671682330e-01
4.272566008882118793e-01 3.254697700387274018e-01
4.398229715025711029e-01 4.951372016855316582e-01
4.523893421169302709e-01 4.233401744999710781e-01
4.649557127312893834e-01 4.265882007900606565e-01
4.775220833456485514e-01 4.419018424105312093e-01
4.900884539600077194e-01 4.672021157446327178e-01
5.026548245743669430e-01 4.494916988168154437e-01
5.152211951887261110e-01 5.999891905121281788e-01
5.277875658030852790e-01 4.568908040320388553e-01
5.403539364174444470e-01 2.338052307068496649e-01
5.529203070318035040e-01 4.922372936571158819e-01
5.654866776461627831e-01 5.156067361490873635e-01
5.780530482605219511e-01 5.439811283018024524e-01
5.906194188748811191e-01 7.336596904269544472e-01
6.031857894892402872e-01 6.001999667235894398e-01
6.157521601035994552e-01 5.177476876063246136e-01
6.283185307179586232e-01 5.185980527584966859e-01
6.408849013323177912e-01 6.588855375557833849e-01
6.534512719466770703e-01 6.632210671163948357e-01
6.660176425610361273e-01 7.412577575716375877e-01
6.785840131753952953e-01 5.650513008249399283e-01
6.911503837897544633e-01 6.793104808399573757e-01
7.037167544041136313e-01 7.673329436973755913e-01
7.162831250184729104e-01 6.005757098327175747e-01
7.288494956328320784e-01 5.935711884307744990e-01
7.414158662471912464e-01 7.482157355240590668e-01
7.539822368615503034e-01 7.752587581833252361e-01
7.665486074759094715e-01 5.487247749874358815e-01
7.791149780902686395e-01 6.671455982162866061e-01
7.916813487046279185e-01 6.886899841160207814e-01
8.042477193189870865e-01 6.465117312942315619e-01
8.168140899333462546e-01 6.553101896537236737e-01
8.293804605477054226e-01 8.105610825347592252e-01
8.419468311620645906e-01 5.807757449676189676e-01
8.545132017764237586e-01 8.640568868822161575e-01
8.670795723907829267e-01 9.207007866730342327e-01
8.796459430051422057e-01 8.380951309933911686e-01
8.922123136195013737e-01 8.645680748549102734e-01
9.047786842338605418e-01 9.007769845834536770e-01
9.173450548482194877e-01 9.018226052319422426e-01
9.299114254625787668e-01 7.352658747515292692e-01
9.424777960769379348e-01 7.264868029451084785e-01
9.550441666912971028e-01 7.585498856580655813e-01
9.676105373056562708e-01 7.811452644883951635e-01
9.801769079200154389e-01 7.936871741004426495e-01
9.927432785343746069e-01 6.908300253670607294e-01
1.005309649148733886e+00 8.361504583181825767e-01
1.017876019763092943e+00 6.186920319412840819e-01
1.030442390377452222e+00 7.000595171861337951e-01
1.043008760991811279e+00 7.477365967779454614e-01
1.055575131606170558e+00 9.906457798230186018e-01
1.068141502220529837e+00 8.365421719504071429e-01
1.080707872834888894e+00 9.745676033511471159e-01
1.093274243449248173e+00 1.003342047629597555e+00
1.105840614063607008e+00 1.030788467570357358e+00
1.118406984677966287e+00 8.114585454658168606e-01
1.130973355292325566e+00 6.879122450248343901e-01
1.143539725906684623e+00 7.446773059154956353e-01
1.156106096521043902e+00 8.880902020915151240e-01
1.168672467135402959e+00 9.116785217335541258e-01
1.181238837749762238e+00 8.553433262820931970e-01
1.193805208364121295e+00 1.007609566629904752e+00
1.206371578978480574e+00 1.032454263243090642e+00
1.218937949592839853e+00 8.697982346723945879e-01
1.231504320207198910e+00 9.438462705646407658e-01
1.244070690821558189e+00 1.089052908974508460e+00
1.256637061435917246e+00 1.135941506687802249e+00
1.269203432050276525e+00 8.711590248157953242e-01
1.281769802664635582e+00 7.887758556644561825e-01
1.294336173278994861e+00 1.148528420175786380e+00
1.306902543893354141e+00 1.151671651637442784e+00
1.319468914507712975e+00 9.850859058197413143e-01
1.332035285122072255e+00 8.907788748074680907e-01
1.344601655736431534e+00 1.090376688551505380e+00
1.357168026350790591e+00 1.038281658921665462e+00
1.369734396965149870e+00 1.066141437549581683e+00
1.382300767579508927e+00 1.206048540659439894e+00
1.394867138193868206e+00 9.768380638150259143e-01
1.407433508808227263e+00 9.453695843611409355e-01
1.419999879422586542e+00 1.103291033165143098e+00
1.432566250036945821e+00 1.006104578223263157e+00
1.445132620651304878e+00 1.070319488065836655e+00
1.457698991265664157e+00 1.073762609672741730e+00
1.470265361880023214e+00 9.633434064928824148e-01
1.482831732494382493e+00 1.042987514645886460e+00
1.495398103108741550e+00 8.556011553251423596e-01
1.507964473723100607e+00 1.057564659255327832e+00
1.520530844337459886e+00 9.788118367915745743e-01
1.533097214951818943e+00 8.298900115292267010e-01
1.545663585566178222e+00 1.029257795716639778e+00
1.558229956180537279e+00 1.060499231730966496e+00
1.570796326794896558e+00 1.135040575174103061e+00
1.583362697409255837e+00 9.240421945363308520e-01
1.595929068023614894e+00 8.875968248762428070e-01
1.608495438637974173e+00 9.162294485805113631e-01
1.621061809252333230e+00 9.497544163414515239e-01
1.633628179866692509e+00 1.042552663005431812e+00
1.646194550481051566e+00 7.464253454531410981e-01
1.658760921095410845e+00 7.971314152046287127e-01
1.671327291709770124e+00 8.959490345772970210e-01
1.683893662324129181e+00 9.073120555985256797e-01
1.696460032938488460e+00 9.425127573327252151e-01
1.709026403552847517e+00 1.054185318364881496e+00
1.721592774167206796e+00 1.008160856451136844e+00
1.734159144781565853e+00 1.054848004502812353e+00
1.746725515395925132e+00 1.086743701676372797e+00
1.759291886010284411e+00 1.045817456805471668e+00
1.771858256624643468e+00 1.105069615544661543e+00
1.784424627239002747e+00 8.764699343807976772e-01
1.796990997853361804e+00 9.832778492631062406e-01
1.809557368467721084e+00 1.060650854758933725e+00
1.822123739082079918e+00 1.108756867723499351e+00
1.834690109696438975e+00 1.039125107198209941e+00
1.847256480310798255e+00 9.044169045979200128e-01
1.859822850925157534e+00 8.895074338548094595e-01
1.872389221539516591e+00 1.035608790436549187e+00
1.884955592153875870e+00 7.651984181767530480e-01
1.897521962768234927e+00 1.089067702098575063e+00
1.910088333382594206e+00 9.141793756752931710e-01
1.922654703996953263e+00 1.167381186987851649e+00
1.935221074611312542e+00 1.034209585393000896e+00
1.947787445225671821e+00 1.016846799457681527e+00
1.960353815840030878e+00 1.024750834858039417e+00
1.972920186454390157e+00 8.912686136881513566e-01
1.985486557068749214e+00 1.078676252412775316e+00
1.998052927683108493e+00 6.081570297339351505e-01
2.010619298297467772e+00 9.367404908025913635e-01
2.023185668911826607e+00 8.305555388965103480e-01
2.035752039526185886e+00 1.135944927568139917e+00
2.048318410140545165e+00 9.256478621549981689e-01
2.060884780754904444e+00 6.884906878388294960e-01
2.073451151369263723e+00 1.000992053146299687e+00
2.086017521983622558e+00 9.007937273514294851e-01
2.098583892597981837e+00 7.608201239004783734e-01
2.111150263212341116e+00 9.064663629369464903e-01
2.123716633826700395e+00 9.533199751489389584e-01
2.136283004441059674e+00 8.938622964789528780e-01
2.148849375055418509e+00 8.422168917012982092e-01
2.161415745669777788e+00 7.985637413316073463e-01
2.173982116284137067e+00 1.002534140621732961e+00
2.186548486898496346e+00 7.908282064829244007e-01
2.199114857512855181e+00 7.429991803756956781e-01
2.211681228127214016e+00 8.003210775731081084e-01
2.224247598741573295e+00 8.390323155506052011e-01
2.236813969355932574e+00 6.904514427689580902e-01
2.249380339970291853e+00 6.047643931218015245e-01
2.261946710584651132e+00 7.969937533466098234e-01
2.274513081199009967e+00 8.228616978447799157e-01
2.287079451813369246e+00 7.963662311413598482e-01
2.299645822427728525e+00 6.611663510871658156e-01
2.312212193042087804e+00 6.516448903060957365e-01
2.324778563656447083e+00 6.347757812454288828e-01
2.337344934270805918e+00 5.267991593416514462e-01
2.349911304885165197e+00 7.254207446074627530e-01
2.362477675499524477e+00 6.411899730730319380e-01
2.375044046113883756e+00 7.760550977340558987e-01
2.387610416728242591e+00 6.638435571083686204e-01
2.400176787342601870e+00 6.383409908881534367e-01
2.412743157956961149e+00 5.859765745038669760e-01
2.425309528571320428e+00 6.355511318659978759e-01
2.437875899185679707e+00 8.700381319380591227e-01
2.450442269800038542e+00 7.204290176304863902e-01
2.463008640414397821e+00 8.614157953290206837e-01
2.475575011028757100e+00 7.210462079933603885e-01
2.488141381643116379e+00 4.736104996687904301e-01
2.500707752257475658e+00 8.072181948765827508e-01
2.513274122871834493e+00 5.366051082384203363e-01
2.525840493486193772e+00 7.520501612243368772e-01
2.538406864100553051e+00 6.413167164171543755e-01
2.550973234714912330e+00 5.952162165183561005e-01
2.563539605329271165e+00 3.864646004525849055e-01
2.576105975943630444e+00 4.687025596184917764e-01
2.588672346557989723e+00 4.088057020456809521e-01
2.601238717172349002e+00 3.891984466319634572e-01
2.613805087786708281e+00 6.608343798523215185e-01
2.626371458401067116e+00 3.753741428072864261e-01
2.638937829015425951e+00 4.488084769409138031e-01
2.651504199629785230e+00 5.703556725028929852e-01
2.664070570244144509e+00 2.500211936609728625e-01
2.676636940858503788e+00 2.964672821268888869e-01
2.689203311472863067e+00 4.223037295487724885e-01
2.701769682087221902e+00 5.144203606328112688e-01
2.714336052701581181e+00 3.094445039888566451e-01
2.726902423315940460e+00 4.652856315242601126e-01
2.739468793930299739e+00 3.300170705260669357e-01
2.752035164544658574e+00 4.417101392011738570e-01
2.764601535159017853e+00 3.863752662806663740e-01
2.777167905773377132e+00 4.425444580041586473e-01
2.789734276387736411e+00 4.047506468001890179e-01
2.802300647002095690e+00 2.355981865366805206e-01
2.814867017616454525e+00 4.388389614339520683e-01
2.827433388230813804e+00 3.420633756863932784e-01
2.839999758845173083e+00 3.430342558633881489e-01
2.852566129459532362e+00 2.942490426035780926e-01
2.865132500073891642e+00 2.187073640829665377e-01
2.877698870688250476e+00 3.203289972675034680e-01
2.890265241302609756e+00 1.796247305505600522e-01
2.902831611916969035e+00 2.769232334039908872e-01
2.915397982531328314e+00 3.095974034603673486e-01
2.927964353145687149e+00 3.529341445500903118e-01
2.940530723760046428e+00 1.287872977475207625e-01
2.953097094374405707e+00 -2.343915932520851397e-02
2.965663464988764986e+00 2.546197284849485709e-01
2.978229835603124265e+00 3.805716310535789959e-01
2.990796206217483100e+00 2.435280691688659904e-02
3.003362576831842379e+00 2.038909348576815328e-01
3.015928947446201214e+00 1.433117652807832931e-01
3.028495318060560493e+00 1.397461191515883272e-01
3.041061688674919772e+00 2.802661960017892306e-02
3.053628059289279051e+00 1.503112078086871195e-03
3.066194429903637886e+00 5.457801864049167950e-02
3.078760800517997165e+00 9.939136139326743002e-02
3.091327171132356444e+00 1.033949244118901045e-01
3.103893541746715723e+00 4.010551334519829592e-04
3.116459912361074558e+00 9.742773367075699409e-02
3.129026282975433837e+00 -6.929904055870235446e-02
3.141592653589793116e+00 -2.096680570960493230e-05
3.154159024204152395e+00 6.511063427409773466e-03
3.166725394818511674e+00 1.517574347379107569e-01
3.179291765432870509e+00 -1.079790803293584761e-01
3.191858136047229788e+00 6.752272269307704744e-02
3.204424506661589067e+00 -1.441251131067800562e-01
3.216990877275948346e+00 -1.452780647181857732e-01
3.229557247890307181e+00 -2.020660756815298442e-02
3.242123618504666460e+00 -1.899807929493169678e-01
3.254689989119025739e+00 -5.003390935461554667e-02
3.267256359733385018e+00 -2.075871373851649049e-01
3.279822730347744297e+00 -3.430002591838565706e-01
3.292389100962103132e+00 6.010068652318811822e-02
3.304955471576462411e+00 -4.181559022291291006e-02
3.317521842190821690e+00 -1.050678081165721950e-01
3.330088212805180969e+00 -1.280408897835487725e-01
3.342654583419540248e+00 -3.425047584966987024e-01
3.355220954033899083e+00 -2.815254176759807159e-01
3.367787324648258362e+00 -2.158951756573276870e-01
3.380353695262617642e+00 -1.124792469930419453e-01
3.392920065876976921e+00 -1.899795697285922014e-01
3.405486436491335756e+00 -3.234207386136558338e-01
3.418052807105695035e+00 -2.094230295852454460e-01
3.430619177720054314e+00 -2.291318476785237923e-01
3.443185548334413593e+00 -5.321160716221428055e-01
3.455751918948772872e+00 -2.049108342198940336e-01
3.468318289563131707e+00 -4.056623407150278249e-01
3.480884660177490986e+00 -2.941327390106582840e-01
3.493451030791850265e+00 -3.175769378195875126e-01
3.506017401406209544e+00 -4.495415822623218816e-01
3.518583772020568823e+00 -3.662775178916343743e-01
3.531150142634927658e+00 -2.620886562988395951e-01
3.543716513249286937e+00 -3.827596048304298115e-01
3.556282883863646216e+00 -2.798149866724612411e-01
3.568849254478005495e+00 -5.651374566451650150e-01
3.581415625092364330e+00 -2.621382384557043865e-01
3.593981995706723609e+00 -4.900003678197627499e-01
3.606548366321082888e+00 -4.129362151865746400e-01
3.619114736935442167e+00 -4.205983199894374192e-01
3.631681107549800558e+00 -3.406316222976771835e-01
3.644247478164159837e+00 -5.592288056253059692e-01
3.656813848778519116e+00 -4.748352595602819970e-01
3.669380219392877951e+00 -4.979415048291879753e-01
3.681946590007237230e+00 -5.635223810981419001e-01
3.694512960621596509e+00 -3.794276272624232949e-01
3.707079331235955788e+00 -6.384814865924104410e-01
3.719645701850315067e+00 -3.889027670285770677e-01
3.732212072464673902e+00 -4.234774863002498391e-01
3.744778443079033181e+00 -6.062627431538710754e-01
3.757344813693392460e+00 -6.588364585270379825e-01
3.769911184307751739e+00 -6.176755305820510467e-01
3.782477554922110574e+00 -6.733028729845104143e-01
3.795043925536469853e+00 -6.037029371548267020e-01
3.807610296150829132e+00 -6.061181838982374614e-01
3.820176666765188411e+00 -7.086260921985589878e-01
3.832743037379547690e+00 -4.200709914869631412e-01
3.845309407993906525e+00 -7.904591230695978687e-01
3.857875778608265804e+00 -8.415327802360359488e-01
3.870442149222625083e+00 -6.651532693448604094e-01
3.883008519836984362e+00 -8.906650149045189924e-01
3.895574890451343641e+00 -6.200631953337282232e-01
3.908141261065702476e+00 -5.942346158262964417e-01
3.920707631680061755e+00 -7.215768543606950747e-01
3.933274002294421035e+00 -7.151179689222633140e-01
3.945840372908780314e+00 -4.886754100841483872e-01
3.958406743523139149e+00 -5.123838622783609686e-01
3.970973114137498428e+00 -6.891112490208414210e-01
3.983539484751857707e+00 -6.987393056812530867e-01
3.996105855366216986e+00 -7.106513559335090324e-01
4.008672225980576265e+00 -8.507493727622538193e-01
4.021238596594935544e+00 -7.692126647621230218e-01
4.033804967209294823e+00 -7.536723222250643062e-01
4.046371337823653214e+00 -8.090764727526232880e-01
4.058937708438012493e+00 -7.229675413299900821e-01
4.071504079052371772e+00 -7.596624309823469812e-01
4.084070449666731051e+00 -8.250079935969661937e-01
4.096636820281090330e+00 -8.719660502054094042e-01
4.109203190895449609e+00 -6.638714886678935834e-01
4.121769561509808888e+00 -8.019103962924172269e-01
4.134335932124168167e+00 -9.753324239460685607e-01
4.146902302738527446e+00 -7.549320309484183200e-01
4.159468673352886725e+00 -8.891740895108769527e-01
4.172035043967245116e+00 -9.196036253055167586e-01
4.184601414581604395e+00 -7.946407320970231281e-01
4.197167785195963674e+00 -8.210806749560846107e-01
4.209734155810322953e+00 -9.493505800624576496e-01
4.222300526424682232e+00 -9.865578869160168685e-01
4.234866897039041511e+00 -9.203242484755396191e-01
4.247433267653400790e+00 -9.154198293930729813e-01
4.259999638267760069e+00 -7.942104084227168403e-01
4.272566008882119348e+00 -9.965976535296924288e-01
4.285132379496477739e+00 -1.143587962541869896e+00
4.297698750110837018e+00 -1.018837132611070784e+00
4.310265120725196297e+00 -1.009662258978982097e+00
4.322831491339555576e+00 -9.299591397229983736e-01
4.335397861953914855e+00 -8.577099715688725201e-01
4.347964232568274134e+00 -9.153221814605604356e-01
4.360530603182633413e+00 -1.084841710216232435e+00
4.373096973796992692e+00 -9.848181159926738815e-01
4.385663344411351972e+00 -1.011482738957472094e+00
4.398229715025710362e+00 -1.006623586782837254e+00
4.410796085640069641e+00 -9.166458535009978092e-01
4.423362456254428032e+00 -9.631753983326958313e-01
4.435928826868787311e+00 -9.847377059805639821e-01
4.448495197483146590e+00 -9.071952055115118929e-01
4.461061568097505869e+00 -9.017327745642120806e-01
4.473627938711865148e+00 -9.640585982175110535e-01
4.486194309326224428e+00 -1.013514291384041810e+00
4.498760679940583707e+00 -1.000624720868175332e+00
4.511327050554942986e+00 -8.910788766956473372e-01
4.523893421169302265e+00 -9.195030208449286313e-01
4.536459791783661544e+00 -8.397871115593728009e-01
4.549026162398019935e+00 -9.967436858112281861e-01
4.561592533012379214e+00 -9.875601721167742708e-01
4.574158903626738493e+00 -8.269916441468311286e-01
4.586725274241097772e+00 -8.632997945307627763e-01
4.599291644855457051e+00 -1.209383813874607139e+00
4.611858015469816330e+00 -9.687367589956749070e-01
4.624424386084175609e+00 -1.045579358699713968e+00
4.636990756698534888e+00 -1.020334688073101903e+00
4.649557127312894167e+00 -1.052457206222592090e+00
4.662123497927252558e+00 -1.090909149094157593e+00
4.674689868541611837e+00 -8.378596727126622623e-01
4.687256239155971116e+00 -7.724947153953000134e-01
4.699822609770330395e+00 -7.575437540790431745e-01
4.712388980384689674e+00 -1.079677404077776792e+00
4.724955350999048953e+00 -1.053285048307275984e+00
4.737521721613408232e+00 -1.040772603933199481e+00
4.750088092227767511e+00 -1.070440372220348157e+00
4.762654462842126790e+00 -1.060861562522617207e+00
4.775220833456485181e+00 -9.882813198670175048e-01
4.787787204070844460e+00 -1.149614101932069810e+00
4.800353574685203739e+00 -9.615836471098315741e-01
4.812919945299563018e+00 -1.001723563972539033e+00
4.825486315913922297e+00 -9.316475348548418633e-01
4.838052686528281576e+00 -7.628192174965906514e-01
4.850619057142640855e+00 -1.014949401334791279e+00
4.863185427757000134e+00 -1.041886673331132496e+00
4.875751798371359413e+00 -1.171793934807625615e+00
4.888318168985717804e+00 -8.564653799838609638e-01
4.900884539600077083e+00 -1.023126137727539575e+00
4.913450910214436362e+00 -1.035643782996278128e+00
4.926017280828795641e+00 -1.065959197940127723e+00
4.938583651443154920e+00 -9.185622674297194701e-01
4.951150022057514200e+00 -8.962862568785885387e-01
4.963716392671873479e+00 -1.000008109254029387e+00
4.976282763286232758e+00 -9.809054085679942414e-01
4.988849133900592037e+00 -8.660460230143661731e-01
5.001415504514951316e+00 -9.530618851016552373e-01
5.013981875129309707e+00 -8.183823690590972255e-01
5.026548245743668986e+00 -1.015347910345870686e+00
5.039114616358028265e+00 -1.093647796922909698e+00
5.051680986972387544e+00 -9.536575169581201772e-01
5.064247357586746823e+00 -1.030822591819384737e+00
5.076813728201106102e+00 -8.456159398650441306e-01
5.089380098815465381e+00 -1.025087890484179587e+00
5.101946469429824660e+00 -9.558203897937944671e-01
5.114512840044183939e+00 -8.924432177727804616e-01
5.127079210658542330e+00 -9.563676335614413881e-01
5.139645581272901609e+00 -9.903806441514425574e-01
5.152211951887260888e+00 -9.069980835442088551e-01
5.164778322501620167e+00 -8.941635933986553653e-01
5.177344693115979446e+00 -1.014946268746394820e+00
5.189911063730338725e+00 -6.994475697087042532e-01
5.202477434344698004e+00 -9.554038828541870920e-01
5.215043804959057283e+00 -7.609308026909830103e-01
5.227610175573416562e+00 -8.054118114738443301e-01
5.240176546187774953e+00 -1.035105293599376752e+00
5.252742916802134232e+00 -7.979378487545613075e-01
5.265309287416492623e+00 -7.144536465333153341e-01
5.277875658030851902e+00 -7.879275285536744278e-01
5.290442028645211181e+00 -8.566010747846470874e-01
5.303008399259570460e+00 -1.018726926543783939e+00
5.315574769873929739e+00 -8.070668597929637755e-01
5.328141140488289018e+00 -7.556899983487753714e-01
5.340707511102648297e+00 -8.383167472682270249e-01
5.353273881717007576e+00 -9.141453955814313748e-01
5.365840252331366855e+00 -8.115412234279143489e-01
5.378406622945726134e+00 -7.698603440818119203e-01
5.390972993560084525e+00 -7.246968266314872675e-01
5.403539364174443804e+00 -9.684242126101951786e-01
5.416105734788803083e+00 -8.617813311195627879e-01
5.428672105403162362e+00 -6.683128820118512392e-01
5.441238476017521641e+00 -7.517048036896956109e-01
5.453804846631880920e+00 -7.551468387301332186e-01
5.466371217246240199e+00 -7.503293224703153630e-01
5.478937587860599479e+00 -6.804461679921539607e-01
5.491503958474958758e+00 -7.312801915263340558e-01
5.504070329089317148e+00 -7.957163132096222169e-01
5.516636699703676427e+00 -6.588370526014436512e-01
5.529203070318035707e+00 -6.778936633058967320e-01
5.541769440932394986e+00 -4.954833552306937561e-01
5.554335811546754265e+00 -7.124833975781100781e-01
5.566902182161113544e+00 -6.078729933159596754e-01
5.579468552775472823e+00 -7.429410315607113402e-01
5.592034923389832102e+00 -6.710913791055262978e-01
5.604601294004191381e+00 -5.277490109217433112e-01
5.617167664618549772e+00 -6.175230485155176474e-01
5.629734035232909051e+00 -7.073676609965426909e-01
5.642300405847268330e+00 -3.807985792443389084e-01
5.654866776461627609e+00 -5.209570354747030674e-01
5.667433147075986888e+00 -6.346049863999967400e-01
5.679999517690346167e+00 -5.209105800707942713e-01
5.692565888304705446e+00 -4.825524949574021560e-01
5.705132258919064725e+00 -6.743011051483577267e-01
5.717698629533424004e+00 -4.713458221712121254e-01
5.730265000147783283e+00 -4.219615231997012605e-01
5.742831370762141674e+00 -5.615715997250578795e-01
5.755397741376500953e+00 -5.326352025372999011e-01
5.767964111990860232e+00 -5.970661145665923097e-01
5.780530482605219511e+00 -4.457679804426919468e-01
5.793096853219578790e+00 -4.252629950931488545e-01
5.805663223833938069e+00 -4.999049242837432794e-01
5.818229594448297348e+00 -5.822077523253013087e-01
5.830795965062656627e+00 -3.559238104619375509e-01
5.843362335677015906e+00 -4.925370230508208103e-01
5.855928706291374297e+00 -4.818979353287887735e-01
5.868495076905733576e+00 -4.975533070644616584e-01
5.881061447520092855e+00 -3.166011278049601363e-01
5.893627818134452134e+00 -2.695380874262121029e-01
5.906194188748811413e+00 -4.438483152901897544e-01
5.918760559363170692e+00 -8.269648147727282073e-02
5.931326929977529971e+00 -1.499679959139904872e-01
5.943893300591889250e+00 -3.660324767994883599e-01
5.956459671206248530e+00 -4.245243835655148068e-01
5.969026041820606920e+00 -3.572779566011357599e-01
5.981592412434966199e+00 -3.068365152811013408e-01
5.994158783049325478e+00 -2.490211015224742253e-01
6.006725153663684758e+00 -2.433493831649158334e-01
6.019291524278044037e+00 -3.235983568038672264e-01
6.031857894892402427e+00 -3.571400725952239008e-01
6.044424265506761706e+00 -1.250750600773270216e-01
6.056990636121120986e+00 -3.047401818214575675e-01
6.069557006735480265e+00 -2.250854058005119229e-01
6.082123377349839544e+00 -2.079834572917006741e-01
6.094689747964198823e+00 -2.107520069623984582e-01
6.107256118578558102e+00 -2.063293028793030115e-01
6.119822489192916493e+00 -1.972498272356774940e-01
6.132388859807275772e+00 -1.596485523268694751e-01
6.144955230421635051e+00 -1.098604110261231503e-01
6.157521601035994330e+00 -1.005912324761715215e-03
6.170087971650353609e+00 -2.193482348512942326e-01
6.182654342264712888e+00 -8.638157716373379147e-02
6.195220712879072167e+00 -7.281458976106638947e-02
6.207787083493431446e+00 -1.153827853474160420e-01
6.220353454107790725e+00 -2.453243844563779419e-02
6.232919824722149116e+00 -1.129321334943510502e-01
6.245486195336508395e+00 -6.733470361522853054e-02
6.258052565950867674e+00 8.962539227434537792e-02
6.270618936565226953e+00 8.471433056075629298e-02
