0.000000000000000000e+00 -6.135634816563434978e-03
1.256637061435917323e-02 1.928502254719141606e-02
2.513274122871834645e-02 1.108626623493016300e-02
3.769911184307751795e-02 1.019740786691552964e-01
5.026548245743669291e-02 -5.822470601049532790e-02
6.283185307179586787e-02 -1.140839523600227640e-01
7.539822368615503589e-02 -5.258322413110852467e-02
8.796459430051420392e-02 1.700800927781193905e-01
1.005309649148733858e-01 3.470073075872906476e-01
1.130973355292325677e-01 1.205385313302995837e-01
1.256637061435917357e-01 1.706436313498824187e-01
1.382300767579508760e-01 2.740646398367130310e-01
1.507964473723100718e-01 2.941418917720948212e-01
1.633628179866692676e-01 1.485186338326635325e-01
1.759291886010284078e-01 2.222421134897338280e-01
1.884955592153875759e-01 3.579790879135145709e-01
2.010619298297467716e-01 2.482750575109030911e-01
2.136283004441059397e-01 2.826783941652351029e-01
2.261946710584651354e-01 3.233665510922279496e-01
2.387610416728242757e-01 1.947964440528542895e-01
2.513274122871834715e-01 1.499248975074638224e-01
2.638937829015426395e-01 3.913707901875328465e-01
2.764601535159017520e-01 3.697116323746187927e-01
2.890265241302609756e-01 2.728556979701540208e-01
3.015928947446201436e-01 3.611456234296305801e-01
3.141592653589793116e-01 1.902378477866816242e-01
3.267256359733385351e-01 3.006568962290446789e-01
3.392920065876976476e-01 4.136659103318909292e-01
3.518583772020568157e-01 4.865577221032247879e-01
3.644247478164160392e-01 2.275580687007655312e-01
3.769911184307751517e-01 4.558040312997571064e-01
3.895574890451343197e-01 4.687105689913948492e-01
4.021238596594935433e-01 3.590785906062681221e-01
4.146902302738527113e-01 4.937625312698443736e-01
4.272566008882118793e-01 2.608329659594634253e-01
4.398229715025711029e-01 6.067108710726948351e-01
4.523893421169302709e-01 3.991887621024043376e-01
4.649557127312893834e-01 5.561728050973813176e-01
4.775220833456485514e-01 4.498171012838566019e-01
4.900884539600077194e-01 5.036981279435810421e-01
5.026548245743669430e-01 5.098758544842032503e-01
5.152211951887261110e-01 4.869917178304899452e-01
5.277875658030852790e-01 3.651012192250894794e-01
5.403539364174444470e-01 2.263901127521844581e-01
5.529203070318035040e-01 6.492695269557897664e-01
5.654866776461627831e-01 6.525601837568512087e-01
5.780530482605219511e-01 5.925990959766772592e-01
5.906194188748811191e-01 5.902933324941772586e-01
6.031857894892402872e-01 5.314276603751236783e-01
6.157521601035994552e-01 5.245997325806450728e-01
6.283185307179586232e-01 6.588540169351263520e-01
6.408849013323177912e-01 5.497649986142889578e-01
6.534512719466770703e-01 5.662887888278034243e-01
6.660176425610361273e-01 6.282111325711142724e-01
6.785840131753952953e-01 6.409628938953202404e-01
6.911503837897544633e-01 6.251707783736819568e-01
7.037167544041136313e-01 7.588939297744295986e-01
7.162831250184729104e-01 6.579194546589042236e-01
7.288494956328320784e-01 5.056802637150453750e-01
7.414158662471912464e-01 6.967219945169218498e-01
7.539822368615503034e-01 7.022091234934968451e-01
7.665486074759094715e-01 7.457447074730964021e-01
7.791149780902686395e-01 6.145326123173633359e-01
7.916813487046279185e-01 8.298125391736468348e-01
8.042477193189870865e-01 6.385060142814769080e-01
8.168140899333462546e-01 6.113699533109265838e-01
8.293804605477054226e-01 7.094270678874949887e-01
8.419468311620645906e-01 5.476879684192169639e-01
8.545132017764237586e-01 7.473622043141557869e-01
8.670795723907829267e-01 8.002810417490320294e-01
8.796459430051422057e-01 7.775283704052449174e-01
8.922123136195013737e-01 7.995806881417468759e-01
9.047786842338605418e-01 5.913820474684556849e-01
9.173450548482194877e-01 8.309689581535975034e-01
9.299114254625787668e-01 8.668711052358445412e-01
9.424777960769379348e-01 6.778185017347172492e-01
9.550441666912971028e-01 8.504682398603100602e-01
9.676105373056562708e-01 7.286715768960556616e-01
9.801769079200154389e-01 7.278507656377968260e-01
9.927432785343746069e-01 7.569764146301979357e-01
1.005309649148733886e+00 6.533990423023458005e-01
1.017876019763092943e+00 6.454331904960157740e-01
1.030442390377452222e+00 8.536709372766727588e-01
1.043008760991811279e+00 9.181567084420272362e-01
1.055575131606170558e+00 7.088580315458488101e-01
1.068141502220529837e+00 7.947264612149606000e-01
1.080707872834888894e+00 7.722460503268387955e-01
1.093274243449248173e+00 9.720672434111657934e-01
1.105840614063607008e+00 6.692176921960570901e-01
1.118406984677966287e+00 8.554649859932547118e-01
1.130973355292325566e+00 8.815384805323162043e-01
1.143539725906684623e+00 9.710695805032978356e-01
1.156106096521043902e+00 1.141797892287590654e+00
1.168672467135402959e+00 1.073114132847455604e+00
1.181238837749762238e+00 8.597907431789005850e-01
1.193805208364121295e+00 9.481682999321719985e-01
1.206371578978480574e+00 8.913143838020529675e-01
1.218937949592839853e+00 1.090944026726235805e+00
1.231504320207198910e+00 9.412276506474586135e-01
1.244070690821558189e+00 8.082952306080888327e-01
1.256637061435917246e+00 9.789632711736110382e-01
1.269203432050276525e+00 1.157289754543403104e+00
1.281769802664635582e+00 1.075183377999017198e+00
1.294336173278994861e+00 9.109066937708093503e-01
1.306902543893354141e+00 9.781158769433152544e-01
1.319468914507712975e+00 9.587549109857831375e-01
1.332035285122072255e+00 8.472129626987140449e-01
1.344601655736431534e+00 8.855982900612295872e-01
1.357168026350790591e+00 1.155776032563048172e+00
1.369734396965149870e+00 9.358070764148760379e-01
1.382300767579508927e+00 1.025208395192806599e+00
1.394867138193868206e+00 1.055387404836117815e+00
1.407433508808227263e+00 1.151723647421027508e+00
1.419999879422586542e+00 9.495171358529697070e-01
1.432566250036945821e+00 1.215327405128951987e+00
1.445132620651304878e+00 9.077897460220764048e-01
1.457698991265664157e+00 8.945481936029537895e-01
1.470265361880023214e+00 9.955679291379567752e-01
1.482831732494382493e+00 1.004382786297490560e+00
1.495398103108741550e+00 1.083352797354266484e+00
1.507964473723100607e+00 8.111657785512700336e-01
1.520530844337459886e+00 1.076551930529214607e+00
1.533097214951818943e+00 1.083420391872013333e+00
1.545663585566178222e+00 1.062490233091687886e+00
1.558229956180537279e+00 1.099810304997331567e+00
1.570796326794896558e+00 1.059404110187796233e+00
1.583362697409255837e+00 1.042410865237909823e+00
1.595929068023614894e+00 1.192843312747692508e+00
1.608495438637974173e+00 9.731054648090540216e-01
1.621061809252333230e+00 1.090434963062260953e+00
1.633628179866692509e+00 1.139920079411727460e+00
1.646194550481051566e+00 9.873977667099503863e-01
1.658760921095410845e+00 9.552473046780988186e-01
1.671327291709770124e+00 1.054882810517547398e+00
1.683893662324129181e+00 9.451333913757988814e-01
1.696460032938488460e+00 1.043798740808075998e+00
1.709026403552847517e+00 9.685225069544844967e-01
1.721592774167206796e+00 1.022126703311252438e+00
1.734159144781565853e+00 1.036368073825564284e+00
1.746725515395925132e+00 1.058173305703130618e+00
1.759291886010284411e+00 9.192458238987294417e-01
1.771858256624643468e+00 9.627719940814010169e-01
1.784424627239002747e+00 9.239775843854403092e-01
1.796990997853361804e+00 1.062766760638320429e+00
1.809557368467721084e+00 9.784133949989936019e-01
1.822123739082079918e+00 9.006076900101954719e-01
1.834690109696438975e+00 9.030805470988541028e-01
1.847256480310798255e+00 1.153385503913571863e+00
1.859822850925157534e+00 1.014958404626828070e+00
1.872389221539516591e+00 8.698170841403585207e-01
1.884955592153875870e+00 9.322262398503164960e-01
1.897521962768234927e+00 9.651058643438533702e-01
1.910088333382594206e+00 8.989664845179006214e-01
1.922654703996953263e+00 9.919730852150979716e-01
1.935221074611312542e+00 1.127802450939127565e+00
1.947787445225671821e+00 9.255885296451107358e-01
1.960353815840030878e+00 8.200416906247404158e-01
1.972920186454390157e+00 8.197805206348315332e-01
1.985486557068749214e+00 9.094745575375139390e-01
1.998052927683108493e+00 9.012275604801230910e-01
2.010619298297467772e+00 1.276080585042042248e+00
2.023185668911826607e+00 9.399543385702742171e-01
2.035752039526185886e+00 6.666371928273145953e-01
2.048318410140545165e+00 7.381948990850701886e-01
2.060884780754904444e+00 9.092729831639936311e-01
2.073451151369263723e+00 8.415539439200876437e-01
2.086017521983622558e+00 8.961785499746239836e-01
2.098583892597981837e+00 9.293712978148493953e-01
2.111150263212341116e+00 7.631776609083817942e-01
2.123716633826700395e+00 8.188224066143636737e-01
2.136283004441059674e+00 7.925175304133653675e-01
2.148849375055418509e+00 6.197735959773867931e-01
2.161415745669777788e+00 8.186224454278592244e-01
2.173982116284137067e+00 9.034952113820635677e-01
2.186548486898496346e+00 8.015970519607690248e-01
2.199114857512855181e+00 9.444291765172914133e-01
2.211681228127214016e+00 8.300962567860959984e-01
2.224247598741573295e+00 6.901570839902582133e-01
2.236813969355932574e+00 7.062155952918441892e-01
2.249380339970291853e+00 8.919595106842777010e-01
2.261946710584651132e+00 7.445454410672496248e-01
2.274513081199009967e+00 8.229596636696906442e-01
2.287079451813369246e+00 6.577231422741249833e-01
2.299645822427728525e+00 7.169201994891244434e-01
2.312212193042087804e+00 7.955409817127810923e-01
2.324778563656447083e+00 6.395235584839186194e-01
2.337344934270805918e+00 7.401758302028937919e-01
2.349911304885165197e+00 7.632206481400826137e-01
2.362477675499524477e+00 7.396448720359681817e-01
2.375044046113883756e+00 6.864292235078434112e-01
2.387610416728242591e+00 5.966696532826448740e-01
2.400176787342601870e+00 7.527296917531991483e-01
2.412743157956961149e+00 6.416450632719891134e-01
2.425309528571320428e+00 4.448569035121374138e-01
2.437875899185679707e+00 6.594310417950948189e-01
2.450442269800038542e+00 6.785997463899733351e-01
2.463008640414397821e+00 6.736029902563775984e-01
2.475575011028757100e+00 5.570871577663151220e-01
2.488141381643116379e+00 7.392702250856720836e-01
2.500707752257475658e+00 6.409975600222082015e-01
2.513274122871834493e+00 6.496261871797451848e-01
2.525840493486193772e+00 5.070606328989297751e-01
2.538406864100553051e+00 4.707221853439544357e-01
2.550973234714912330e+00 5.310627518990440610e-01
2.563539605329271165e+00 6.845809003121448022e-01
2.576105975943630444e+00 4.697798949001748547e-01
2.588672346557989723e+00 5.897782066618998398e-01
2.601238717172349002e+00 5.924514748843515699e-01
2.613805087786708281e+00 4.625991658287795238e-01
2.626371458401067116e+00 3.377496578844348951e-01
2.638937829015425951e+00 6.288327677597046472e-01
2.651504199629785230e+00 4.000280516274726805e-01
2.664070570244144509e+00 4.832248136999388044e-01
2.676636940858503788e+00 4.265281979523005695e-01
2.689203311472863067e+00 4.255454361863748036e-01
2.701769682087221902e+00 2.814246345563898855e-01
2.714336052701581181e+00 3.822858361973584529e-01
2.726902423315940460e+00 2.675365218950616075e-01
2.739468793930299739e+00 3.345665827007635595e-01
2.752035164544658574e+00 2.618936653450151253e-01
2.764601535159017853e+00 3.243118800393504642e-01
2.777167905773377132e+00 5.881478370710491177e-01
2.789734276387736411e+00 3.814541401741176618e-01
2.802300647002095690e+00 4.696025430391107536e-01
2.814867017616454525e+00 3.636139808583151445e-01
2.827433388230813804e+00 4.344981582143064847e-01
2.839999758845173083e+00 3.203633711575282761e-01
2.852566129459532362e+00 2.627668250986864296e-01
2.865132500073891642e+00 3.701036959104501145e-01
2.877698870688250476e+00 1.967365007353150119e-01
2.890265241302609756e+00 1.814337781707017760e-01
2.902831611916969035e+00 2.227981058073140175e-01
2.915397982531328314e+00 2.915883343454664933e-01
2.927964353145687149e+00 2.128251845228743000e-01
2.940530723760046428e+00 2.585303774219169237e-01
2.953097094374405707e+00 2.168080389357529558e-01
2.965663464988764986e+00 3.012212665646970544e-01
2.978229835603124265e+00 1.709038276125731393e-01
2.990796206217483100e+00 3.238295649711253610e-01
3.003362576831842379e+00 1.694227822592012100e-01
3.015928947446201214e+00 2.132358829461003247e-01
3.028495318060560493e+00 1.317306226054627549e-01
3.041061688674919772e+00 2.128674747814200408e-01
3.053628059289279051e+00 7.352609879236104984e-02
3.066194429903637886e+00 1.525198570548751964e-01
3.078760800517997165e+00 7.810080880253444935e-02
3.091327171132356444e+00 -6.686745513443689837e-02
3.103893541746715723e+00 7.495684910810079815e-02
3.116459912361074558e+00 6.652793481944836718e-02
3.129026282975433837e+00 -3.157794819760465638e-02
3.141592653589793116e+00 -4.178316609447452201e-02
3.154159024204152395e+00 3.675225512882536461e-02
3.166725394818511674e+00 -1.736316329189741825e-01
3.179291765432870509e+00 -2.950506316613044078e-02
3.191858136047229788e+00 -7.000051469494589229e-02
3.204424506661589067e+00 -1.222164572428143386e-01
3.216990877275948346e+00 -8.108248116027405583e-02
3.229557247890307181e+00 -7.882599511153193239e-02
3.242123618504666460e+00 -4.876536556492819946e-02
3.254689989119025739e+00 3.625326699761675930e-02
3.267256359733385018e+00 -2.225199441929006094e-01
3.279822730347744297e+00 -1.934555116310816558e-01
3.292389100962103132e+00 -1.877366408620812499e-01
3.304955471576462411e+00 -1.173612386440300026e-01
3.317521842190821690e+00 -1.468009237397675248e-01
3.330088212805180969e+00 -1.000578105060847128e-01
3.342654583419540248e+00 -3.751361426128606569e-01
3.355220954033899083e+00 -2.930639186291454368e-01
3.367787324648258362e+00 -1.053753307633487069e-01
3.380353695262617642e+00 -1.258840069107502457e-01
3.392920065876976921e+00 -3.773891054778921728e-01
3.405486436491335756e+00 -4.189220390330672394e-01
3.418052807105695035e+00 -2.088431950630317835e-01
3.430619177720054314e+00 -3.160599552906324106e-01
3.443185548334413593e+00 -2.442791001173975907e-01
3.455751918948772872e+00 -3.942265842543706822e-01
3.468318289563131707e+00 -4.027844371625797781e-01
3.480884660177490986e+00 -4.600753436466995527e-01
3.493451030791850265e+00 -5.843762067929763049e-01
3.506017401406209544e+00 -4.725253627525056177e-01
3.518583772020568823e+00 -2.982697074629359624e-01
3.531150142634927658e+00 -4.026724485795675212e-01
3.543716513249286937e+00 -5.947721111934538563e-01
3.556282883863646216e+00 -2.301354302796402296e-01
3.568849254478005495e+00 -5.490253878681142785e-01
3.581415625092364330e+00 -3.827837188157856008e-01
3.593981995706723609e+00 -5.043958099311858234e-01
3.606548366321082888e+00 -6.076961404423213420e-01
3.619114736935442167e+00 -4.974418288605291782e-01
3.631681107549800558e+00 -4.841753929462265238e-01
3.644247478164159837e+00 -4.959269769654606197e-01
3.656813848778519116e+00 -6.286764517385089457e-01
3.669380219392877951e+00 -4.478820884524357115e-01
3.681946590007237230e+00 -3.252717948150489202e-01
3.694512960621596509e+00 -5.036809643989337282e-01
3.707079331235955788e+00 -4.710930388419820591e-01
3.719645701850315067e+00 -3.855369148455148887e-01
3.732212072464673902e+00 -4.526557154320933751e-01
3.744778443079033181e+00 -6.068187686016585092e-01
3.757344813693392460e+00 -6.787441646394942740e-01
3.769911184307751739e+00 -5.289644774354458345e-01
3.782477554922110574e+00 -6.839330295386742975e-01
3.795043925536469853e+00 -5.037219325688848670e-01
3.807610296150829132e+00 -8.920462014348906621e-01
3.820176666765188411e+00 -6.436594372238794159e-01
3.832743037379547690e+00 -7.815214445712870273e-01
3.845309407993906525e+00 -7.118413372705533204e-01
3.857875778608265804e+00 -6.151642289181814549e-01
3.870442149222625083e+00 -7.706482963457286228e-01
3.883008519836984362e+00 -7.306478137075145263e-01
3.895574890451343641e+00 -6.320698791015679774e-01
3.908141261065702476e+00 -6.857492668102891376e-01
3.920707631680061755e+00 -7.215022905226050609e-01
3.933274002294421035e+00 -7.327203985094322691e-01
3.945840372908780314e+00 -8.450785721725613264e-01
3.958406743523139149e+00 -6.370488723843494849e-01
3.970973114137498428e+00 -8.492240642353384716e-01
3.983539484751857707e+00 -7.251620427216013409e-01
3.996105855366216986e+00 -5.912274198057722030e-01
4.008672225980576265e+00 -9.045565420583802085e-01
4.021238596594935544e+00 -5.429806367667053824e-01
4.033804967209294823e+00 -7.707963296679507526e-01
4.046371337823653214e+00 -8.858707946341087824e-01
4.058937708438012493e+00 -7.239868718380493284e-01
4.071504079052371772e+00 -9.322589786494509534e-01
4.084070449666731051e+00 -9.143364991425103616e-01
4.096636820281090330e+00 -8.838483371677408051e-01
4.109203190895449609e+00 -7.803007122015983565e-01
4.121769561509808888e+00 -9.350043094011558642e-01
4.134335932124168167e+00 -8.406701301328818321e-01
4.146902302738527446e+00 -7.919277973920446634e-01
4.159468673352886725e+00 -9.249684451568713772e-01
4.172035043967245116e+00 -8.631785500499244979e-01
4.184601414581604395e+00 -7.198200735096684788e-01
4.197167785195963674e+00 -8.936963673407932740e-01
4.209734155810322953e+00 -1.043814643158229805e+00
4.222300526424682232e+00 -1.061943573924374551e+00
4.234866897039041511e+00 -9.665686325800934009e-01
4.247433267653400790e+00 -9.038735145724559050e-01
4.259999638267760069e+00 -9.613359336501918762e-01
4.272566008882119348e+00 -9.654422796273471885e-01
4.285132379496477739e+00 -9.924900421205474776e-01
4.297698750110837018e+00 -8.906743765818199154e-01
4.310265120725196297e+00 -8.941445160206641374e-01
4.322831491339555576e+00 -9.134412473668162002e-01
4.335397861953914855e+00 -8.825859093144536871e-01
4.347964232568274134e+00 -8.899953543666818678e-01
4.360530603182633413e+00 -9.097334306876134757e-01
4.373096973796992692e+00 -8.373261521893687886e-01
4.385663344411351972e+00 -7.812552283358888960e-01
4.398229715025710362e+00 -1.144623013946267420e+00
4.410796085640069641e+00 -9.471838939800922841e-01
4.423362456254428032e+00 -9.703297022779979741e-01
4.435928826868787311e+00 -1.029297038575192058e+00
4.448495197483146590e+00 -1.187386064369967409e+00
4.461061568097505869e+00 -7.986586364992798170e-01
4.473627938711865148e+00 -9.476338206854976187e-01
4.486194309326224428e+00 -9.403744714654304060e-01
4.498760679940583707e+00 -8.925130403137271351e-01
4.511327050554942986e+00 -9.972622047837103043e-01
4.523893421169302265e+00 -9.297332267114289950e-01
4.536459791783661544e+00 -8.594251023821600777e-01
4.549026162398019935e+00 -7.437347777797796988e-01
4.561592533012379214e+00 -1.067736347741481850e+00
4.574158903626738493e+00 -1.126107408352265082e+00
4.586725274241097772e+00 -9.259912497788782559e-01
4.599291644855457051e+00 -9.584222408940739069e-01
4.611858015469816330e+00 -1.124167645159616091e+00
4.624424386084175609e+00 -1.011498809472483273e+00
4.636990756698534888e+00 -1.148351354276267333e+00
4.649557127312894167e+00 -1.058120465348336481e+00
4.662123497927252558e+00 -1.059076663727462009e+00
4.674689868541611837e+00 -1.048052016598618907e+00
4.687256239155971116e+00 -8.555830565274976651e-01
4.699822609770330395e+00 -1.026644423097910819e+00
4.712388980384689674e+00 -9.584099399514530715e-01
4.724955350999048953e+00 -8.125379754589319159e-01
4.737521721613408232e+00 -9.030026928518588569e-01
4.750088092227767511e+00 -9.698452608884979842e-01
4.762654462842126790e+00 -1.036235558001205037e+00
4.775220833456485181e+00 -9.062478219606275864e-01
4.787787204070844460e+00 -1.025192599672761551e+00
4.800353574685203739e+00 -9.657655172233670093e-01
4.812919945299563018e+00 -9.540414916283749269e-01
4.825486315913922297e+00 -9.232164834327798442e-01
4.838052686528281576e+00 -1.022401862379757942e+00
4.850619057142640855e+00 -9.071742316491643310e-01
4.863185427757000134e+00 -1.010605217153966118e+00
4.875751798371359413e+00 -1.046233795646980047e+00
4.888318168985717804e+00 -1.013550617696463041e+00
4.900884539600077083e+00 -9.809616323856823472e-01
4.913450910214436362e+00 -1.059495082902796037e+00
4.926017280828795641e+00 -1.051333854485554609e+00
4.938583651443154920e+00 -1.069731241157110269e+00
4.951150022057514200e+00 -9.366417826438125926e-01
4.963716392671873479e+00 -9.703581183352819606e-01
4.976282763286232758e+00 -9.826295958569184474e-01
4.988849133900592037e+00 -8.057024270122774556e-01
5.001415504514951316e+00 -1.046141652888723961e+00
5.013981875129309707e+00 -1.060022389983821256e+00
5.026548245743668986e+00 -9.693932153711828370e-01
5.039114616358028265e+00 -1.024546574558881540e+00
5.051680986972387544e+00 -9.535033104121993786e-01
5.064247357586746823e+00 -8.332885802071747783e-01
5.076813728201106102e+00 -9.289721236524205450e-01
5.089380098815465381e+00 -1.000916395033864870e+00
5.101946469429824660e+00 -7.984724054765801604e-01
5.114512840044183939e+00 -8.349452839818511940e-01
5.127079210658542330e+00 -9.277881640169455268e-01
5.139645581272901609e+00 -9.142182618695636753e-01
5.152211951887260888e+00 -8.808622681826772105e-01
5.164778322501620167e+00 -7.913625801679128324e-01
5.177344693115979446e+00 -9.987168395716308211e-01
5.189911063730338725e+00 -9.412229778777295719e-01
5.202477434344698004e+00 -7.967789576993870027e-01
5.215043804959057283e+00 -9.292047233320180899e-01
5.227610175573416562e+00 -9.237450102065143387e-01
5.240176546187774953e+00 -8.769417562412117340e-01
5.252742916802134232e+00 -7.644418929542338148e-01
5.265309287416492623e+00 -8.394913838898585556e-01
5.277875658030851902e+00 -8.801993140578466823e-01
5.290442028645211181e+00 -7.272866177004719823e-01
5.303008399259570460e+00 -7.593012905523297551e-01
5.315574769873929739e+00 -7.981976507802631682e-01
5.328141140488289018e+00 -7.673302593025657092e-01
5.340707511102648297e+00 -7.026341398420068440e-01
5.353273881717007576e+00 -8.318909986709396298e-01
5.365840252331366855e+00 -5.368850246561034378e-01
5.378406622945726134e+00 -5.418955586518681145e-01
5.390972993560084525e+00 -7.245988760834565223e-01
5.403539364174443804e+00 -7.976719022134990400e-01
5.416105734788803083e+00 -8.150543481569109128e-01
5.428672105403162362e+00 -7.708184510627986707e-01
5.441238476017521641e+00 -7.875508741153648407e-01
5.453804846631880920e+00 -7.705175504081123172e-01
5.466371217246240199e+00 -6.788349854491254609e-01
5.478937587860599479e+00 -5.408599972306750159e-01
5.491503958474958758e+00 -7.784830472352262110e-01
5.504070329089317148e+00 -7.838365519260876990e-01
5.516636699703676427e+00 -7.273830737640273325e-01
5.529203070318035707e+00 -6.442136602108322618e-01
5.541769440932394986e+00 -4.868538118263524561e-01
5.554335811546754265e+00 -6.796148895487229558e-01
5.566902182161113544e+00 -7.061574516449149463e-01
5.579468552775472823e+00 -7.569717421936975610e-01
5.592034923389832102e+00 -6.838598000152344980e-01
5.604601294004191381e+00 -7.460690271825514142e-01
5.617167664618549772e+00 -5.374580413223032371e-01
5.629734035232909051e+00 -5.591508440063945873e-01
5.642300405847268330e+00 -6.483707381250899404e-01
5.654866776461627609e+00 -6.330421190746760018e-01
5.667433147075986888e+00 -5.511359470204056921e-01
5.679999517690346167e+00 -7.127538539739394219e-01
5.692565888304705446e+00 -5.152272772301291770e-01
5.705132258919064725e+00 -5.424357057183275543e-01
5.717698629533424004e+00 -5.666679425614917776e-01
5.730265000147783283e+00 -4.389061188860368667e-01
5.742831370762141674e+00 -4.420297783201339592e-01
5.755397741376500953e+00 -3.678279804082745796e-01
5.767964111990860232e+00 -4.886727678772489480e-01
5.780530482605219511e+00 -4.776695634152461345e-01
5.793096853219578790e+00 -5.338345573480148820e-01
5.805663223833938069e+00 -3.262287998963134816e-01
5.818229594448297348e+00 -5.313852133489667118e-01
5.830795965062656627e+00 -5.313105824696461310e-01
5.843362335677015906e+00 -3.585020711817687999e-01
5.855928706291374297e+00 -4.005111504482354312e-01
5.868495076905733576e+00 -2.913054934384062267e-01
5.881061447520092855e+00 -2.873246864079415097e-01
5.893627818134452134e+00 -3.673701215339650883e-01
5.906194188748811413e+00 -8.707766055969434760e-02
5.918760559363170692e+00 -3.770365692713975037e-01
5.931326929977529971e+00 -4.070942267855847674e-01
5.943893300591889250e+00 -3.228223099735496593e-01
5.956459671206248530e+00 -3.426512212891461573e-01
5.969026041820606920e+00 -3.625516153442204237e-01
5.981592412434966199e+00 -3.568052437398732124e-01
5.994158783049325478e+00 -1.759625501965373928e-01
6.006725153663684758e+00 -5.460714102151646987e-01
6.019291524278044037e+00 -2.569488090459418617e-01
6.031857894892402427e+00 -3.413156930523847943e-01
6.044424265506761706e+00 -2.607806815723907601e-01
6.056990636121120986e+00 -1.852449043448054222e-01
6.069557006735480265e+00 -1.758910385875966931e-01
6.082123377349839544e+00 -1.135215665981037098e-01
6.094689747964198823e+00 -4.779158333925789814e-02
6.107256118578558102e+00 -1.377750364730441213e-01
6.119822489192916493e+00 -1.884992225873808880e-01
6.132388859807275772e+00 -1.953698789864255769e-01
6.144955230421635051e+00 -1.367623844647107567e-01
6.157521601035994330e+00 -1.057506776427565853e-01
6.170087971650353609e+00 -1.513190538722766487e-01
6.182654342264712888e+00 -1.825981242778616509e-01
6.195220712879072167e+00 -1.384645545714272563e-01
6.207787083493431446e+00 -1.248947992012433561e-02
6.220353454107790725e+00 -1.504964696669356949e-01
6.232919824722149116e+00 -5.592103556611366377e-02
6.245486195336508395e+00 -8.941886209906671490e-02
6.258052565950867674e+00 4.741093889575534459e-02
6.270618936565226953e+00 4.276302113106043856e-02
