0.000000000000000000e+00 1.337834188737703316e-02
1.256637061435917323e-02 5.428573819246140103e-02
2.513274122871834645e-02 1.546752517555106121e-01
3.769911184307751795e-02 -1.472461357010419053e-02
5.026548245743669291e-02 -5.179978063959926604e-02
6.283185307179586787e-02 9.542435289475489912e-02
7.539822368615503589e-02 2.032112938666356394e-01
8.796459430051420392e-02 1.699116498318733737e-01
1.005309649148733858e-01 1.037457849359918055e-01
1.130973355292325677e-01 -1.018586431298126871e-02
1.256637061435917357e-01 -7.625258423698277888e-02
1.382300767579508760e-01 1.415583980489969473e-01
1.507964473723100718e-01 2.926094654744609835e-03
1.633628179866692676e-01 8.163591176927803561e-03
1.759291886010284078e-01 3.318913410952649135e-01
1.884955592153875759e-01 1.871167786946816292e-01
2.010619298297467716e-01 2.311312550787102960e-01
2.136283004441059397e-01 2.916429247543526615e-01
2.261946710584651354e-01 2.079274826659229525e-01
2.387610416728242757e-01 3.138113261727021874e-01
2.513274122871834715e-01 3.274400360921175257e-01
2.638937829015426395e-01 3.972981433102292792e-01
2.764601535159017520e-01 1.753587485672246371e-01
2.890265241302609756e-01 2.723183299303885696e-01
3.015928947446201436e-01 4.030333184807854408e-01
3.141592653589793116e-01 3.214215302099762139e-01
3.267256359733385351e-01 3.669908935340197020e-01
3.392920065876976476e-01 3.486651699833749340e-01
3.518583772020568157e-01 1.534516133994326959e-01
3.644247478164160392e-01 3.094317688833517765e-01
3.769911184307751517e-01 3.782975281614565088e-01
3.895574890451343197e-01 4.542954964055177514e-01
4.021238596594935433e-01 3.575635813136422425e-01
4.146902302738527113e-01 3.119415174319509765e-01
4.272566008882118793e-01 2.806112847090227458e-01
4.398229715025711029e-01 5.951727239048401064e-01
4.523893421169302709e-01 5.220356216703830876e-01
4.649557127312893834e-01 5.594364808992640103e-01
4.775220833456485514e-01 5.044166970345494994e-01
4.900884539600077194e-01 4.726081105052698517e-01
5.026548245743669430e-01 6.180926069644219201e-01
5.152211951887261110e-01 4.189829901881110819e-01
5.277875658030852790e-01 6.266168328831280832e-01
5.403539364174444470e-01 5.084190720059589275e-01
5.529203070318035040e-01 4.657416044905535735e-01
5.654866776461627831e-01 4.171995043321066188e-01
5.780530482605219511e-01 6.343513252106509626e-01
5.906194188748811191e-01 6.205012353087240307e-01
6.031857894892402872e-01 5.569225404603868057e-01
6.157521601035994552e-01 4.857056598254033131e-01
6.283185307179586232e-01 5.706291832535109743e-01
6.408849013323177912e-01 6.653138011177626154e-01
6.534512719466770703e-01 6.172373861569497855e-01
6.660176425610361273e-01 7.504542060074436138e-01
6.785840131753952953e-01 4.575372762424458895e-01
6.911503837897544633e-01 6.316871588501583590e-01
7.037167544041136313e-01 7.527877767609280069e-01
7.162831250184729104e-01 5.783799128884207219e-01
7.288494956328320784e-01 5.190174288283359028e-01
7.414158662471912464e-01 7.684890006050789646e-01
7.539822368615503034e-01 8.013742975652078382e-01
7.665486074759094715e-01 6.622236405473664878e-01
7.791149780902686395e-01 7.356069449097677460e-01
7.916813487046279185e-01 7.935015968463958735e-01
8.042477193189870865e-01 8.535834981521948084e-01
8.168140899333462546e-01 6.474333035914223711e-01
8.293804605477054226e-01 5.769455431264609580e-01
8.419468311620645906e-01 8.352794818526531051e-01
8.545132017764237586e-01 7.268028638257497676e-01
8.670795723907829267e-01 8.073632422268957054e-01
8.796459430051422057e-01 7.519252209034923418e-01
8.922123136195013737e-01 6.316289919121921281e-01
9.047786842338605418e-01 8.504027662227844342e-01
9.173450548482194877e-01 7.269540345634569745e-01
9.299114254625787668e-01 5.208910551834826652e-01
9.424777960769379348e-01 7.919456091501662076e-01
9.550441666912971028e-01 6.947694665859028840e-01
9.676105373056562708e-01 7.732686626380754769e-01
9.801769079200154389e-01 9.015151921175253991e-01
9.927432785343746069e-01 8.591452459895149163e-01
1.005309649148733886e+00 7.830921278941701535e-01
1.017876019763092943e+00 8.395602065702232331e-01
1.030442390377452222e+00 9.730949136827042878e-01
1.043008760991811279e+00 9.854891871097086753e-01
1.055575131606170558e+00 9.103989629632829317e-01
1.068141502220529837e+00 8.625238294261532435e-01
1.080707872834888894e+00 9.815614915565149534e-01
1.093274243449248173e+00 8.920154600741334594e-01
1.105840614063607008e+00 9.630009943323557531e-01
1.118406984677966287e+00 8.373753612594664331e-01
1.130973355292325566e+00 8.177580899731936581e-01
1.143539725906684623e+00 8.461244835891948979e-01
1.156106096521043902e+00 9.483201075137652758e-01
1.168672467135402959e+00 8.159004958394785456e-01
1.181238837749762238e+00 9.088057588627709293e-01
1.193805208364121295e+00 1.007317546384632889e+00
1.206371578978480574e+00 7.166007235321628643e-01
1.218937949592839853e+00 9.242135825582838971e-01
1.231504320207198910e+00 9.114321871610946424e-01
1.244070690821558189e+00 9.379347869269347715e-01
1.256637061435917246e+00 8.337154286864419950e-01
1.269203432050276525e+00 1.064713542545751457e+00
1.281769802664635582e+00 8.277310539315405613e-01
1.294336173278994861e+00 1.013782180885813400e+00
1.306902543893354141e+00 1.106498147051517389e+00
1.319468914507712975e+00 8.210200156163657281e-01
1.332035285122072255e+00 1.059481861812434866e+00
1.344601655736431534e+00 1.170340266691993536e+00
1.357168026350790591e+00 9.443238633403323590e-01
1.369734396965149870e+00 9.758060240601518220e-01
1.382300767579508927e+00 1.109268236974259469e+00
1.394867138193868206e+00 9.549883095408814304e-01
1.407433508808227263e+00 1.024325597623067852e+00
1.419999879422586542e+00 1.010524257156030670e+00
1.432566250036945821e+00 1.190965975173287061e+00
1.445132620651304878e+00 9.197255875462351238e-01
1.457698991265664157e+00 1.109049453192531010e+00
1.470265361880023214e+00 1.107110567691932612e+00
1.482831732494382493e+00 1.025101378594030610e+00
1.495398103108741550e+00 9.566248307439380039e-01
1.507964473723100607e+00 1.086487012225351156e+00
1.520530844337459886e+00 9.383690357976653962e-01
1.533097214951818943e+00 8.928327163761614615e-01
1.545663585566178222e+00 1.033611462604550724e+00
1.558229956180537279e+00 9.283630079374645128e-01
1.570796326794896558e+00 8.921715435400745520e-01
1.583362697409255837e+00 1.102724087521649077e+00
1.595929068023614894e+00 9.999299320252131862e-01
1.608495438637974173e+00 1.036244702081110969e+00
1.621061809252333230e+00 1.006431861079639001e+00
1.633628179866692509e+00 8.304018618294437548e-01
1.646194550481051566e+00 1.036339696058271587e+00
1.658760921095410845e+00 9.281457796459167131e-01
1.671327291709770124e+00 1.104461836194490898e+00
1.683893662324129181e+00 9.194103168135844273e-01
1.696460032938488460e+00 1.111494988609610157e+00
1.709026403552847517e+00 1.222362763572869326e+00
1.721592774167206796e+00 9.770460550730254434e-01
1.734159144781565853e+00 1.187672879075510668e+00
1.746725515395925132e+00 9.408710387756832327e-01
1.759291886010284411e+00 1.002448914149717263e+00
1.771858256624643468e+00 1.031436192820726294e+00
1.784424627239002747e+00 9.603417909547038445e-01
1.796990997853361804e+00 9.851441787936663363e-01
1.809557368467721084e+00 9.366325605260477083e-01
1.822123739082079918e+00 9.915798552429097024e-01
1.834690109696438975e+00 1.044174916804763598e+00
1.847256480310798255e+00 9.292624528818014262e-01
1.859822850925157534e+00 9.965970358057625322e-01
1.872389221539516591e+00 8.116325786730254066e-01
1.884955592153875870e+00 1.055570857361010972e+00
1.897521962768234927e+00 8.921638491551989736e-01
1.910088333382594206e+00 1.063867662439507367e+00
1.922654703996953263e+00 9.178087244090290531e-01
1.935221074611312542e+00 1.021370849733555630e+00
1.947787445225671821e+00 9.477436184278785758e-01
1.960353815840030878e+00 9.213831014274974640e-01
1.972920186454390157e+00 1.103075661039867539e+00
1.985486557068749214e+00 8.247204022480898455e-01
1.998052927683108493e+00 7.930781811654696867e-01
2.010619298297467772e+00 8.342316540689185267e-01
2.023185668911826607e+00 9.314472691476274324e-01
2.035752039526185886e+00 8.978800660879202589e-01
2.048318410140545165e+00 1.013542631013346851e+00
2.060884780754904444e+00 9.380682351200029245e-01
2.073451151369263723e+00 9.455953667930193651e-01
2.086017521983622558e+00 9.602513150426261745e-01
2.098583892597981837e+00 8.537526192679151249e-01
2.111150263212341116e+00 7.832090710229016040e-01
2.123716633826700395e+00 9.905276428169889069e-01
2.136283004441059674e+00 9.681509490460233902e-01
2.148849375055418509e+00 8.068545496671061246e-01
2.161415745669777788e+00 8.187016990008251227e-01
2.173982116284137067e+00 9.238616070638778766e-01
2.186548486898496346e+00 9.143373658700507667e-01
2.199114857512855181e+00 7.979919824781654958e-01
2.211681228127214016e+00 8.005369023787327620e-01
2.224247598741573295e+00 7.945756572622824088e-01
2.236813969355932574e+00 7.091745435449176016e-01
2.249380339970291853e+00 6.512612655467538980e-01
2.261946710584651132e+00 6.651076474133049699e-01
2.274513081199009967e+00 9.049998041559906836e-01
2.287079451813369246e+00 7.735876478031423753e-01
2.299645822427728525e+00 7.907294652773685373e-01
2.312212193042087804e+00 5.985658439867106440e-01
2.324778563656447083e+00 6.492147083881166791e-01
2.337344934270805918e+00 7.334502296854289449e-01
2.349911304885165197e+00 5.668824357698534211e-01
2.362477675499524477e+00 7.213957413352531933e-01
2.375044046113883756e+00 6.557881923734366625e-01
2.387610416728242591e+00 7.055862544886100096e-01
2.400176787342601870e+00 4.930826664904046086e-01
2.412743157956961149e+00 6.845075416916019950e-01
2.425309528571320428e+00 7.493271327124813030e-01
2.437875899185679707e+00 7.857792876323282938e-01
2.450442269800038542e+00 7.254662252692527513e-01
2.463008640414397821e+00 7.087736013128639323e-01
2.475575011028757100e+00 4.503451267218441245e-01
2.488141381643116379e+00 5.814706326185957730e-01
2.500707752257475658e+00 4.563430176763977886e-01
2.513274122871834493e+00 6.230291395050756575e-01
2.525840493486193772e+00 6.854396066015718825e-01
2.538406864100553051e+00 6.738798913492901610e-01
2.550973234714912330e+00 6.149238857237742106e-01
2.563539605329271165e+00 5.448642475847007560e-01
2.576105975943630444e+00 5.163512337994192736e-01
2.588672346557989723e+00 6.290839924054367760e-01
2.601238717172349002e+00 4.679861611227957852e-01
2.613805087786708281e+00 3.062567543190138353e-01
2.626371458401067116e+00 4.185567610865542632e-01
2.638937829015425951e+00 3.197097860702515226e-01
2.651504199629785230e+00 6.585301252051937171e-01
2.664070570244144509e+00 5.090111393104295168e-01
2.676636940858503788e+00 4.246352586934367124e-01
2.689203311472863067e+00 3.779849155062601773e-01
2.701769682087221902e+00 2.782457998767615681e-01
2.714336052701581181e+00 4.656327204479473458e-01
2.726902423315940460e+00 4.060765159340645192e-01
2.739468793930299739e+00 3.372141014439613560e-01
2.752035164544658574e+00 3.220193079574268924e-01
2.764601535159017853e+00 3.208520524464292256e-01
2.777167905773377132e+00 2.699079601965909680e-01
2.789734276387736411e+00 4.373939190868019744e-01
2.802300647002095690e+00 4.572929570688891165e-01
2.814867017616454525e+00 3.943591388193094516e-01
2.827433388230813804e+00 2.911485735701352384e-01
2.839999758845173083e+00 2.338050077533734838e-01
2.852566129459532362e+00 3.023892381021728859e-01
2.865132500073891642e+00 5.342339454095639262e-01
2.877698870688250476e+00 1.619175107556210524e-01
2.890265241302609756e+00 1.363605843507612880e-01
2.902831611916969035e+00 3.459550345088598933e-01
2.915397982531328314e+00 2.004010946044141317e-01
2.927964353145687149e+00 5.040625552571870172e-02
2.940530723760046428e+00 2.309664951558695334e-01
2.953097094374405707e+00 2.913539075984031834e-01
2.965663464988764986e+00 2.288614808200361006e-01
2.978229835603124265e+00 2.217362208345906860e-01
2.990796206217483100e+00 1.583921050089369398e-01
3.003362576831842379e+00 2.002973521846810878e-01
3.015928947446201214e+00 2.406677327724082716e-02
3.028495318060560493e+00 1.193763262394890029e-01
3.041061688674919772e+00 1.036932133229766656e-01
3.053628059289279051e+00 9.751932087281811601e-03
3.066194429903637886e+00 4.936507225720741798e-02
3.078760800517997165e+00 -8.505864426815973323e-03
3.091327171132356444e+00 1.494056755854901164e-01
3.103893541746715723e+00 -9.676969550091174543e-04
3.116459912361074558e+00 1.233148650255369433e-01
3.129026282975433837e+00 -5.887020255962446824e-02
3.141592653589793116e+00 3.364214255730381409e-02
3.154159024204152395e+00 3.583814319584124192e-02
3.166725394818511674e+00 9.121845968762985757e-02
3.179291765432870509e+00 7.015900037257057076e-03
3.191858136047229788e+00 -6.256901426479964667e-02
3.204424506661589067e+00 3.038533324306622041e-02
3.216990877275948346e+00 -2.021662574593167117e-01
3.229557247890307181e+00 -1.479447559047912808e-01
3.242123618504666460e+00 -2.246017582126022816e-01
3.254689989119025739e+00 -3.536255963565428373e-01
3.267256359733385018e+00 -1.661561568854418580e-01
3.279822730347744297e+00 -1.490338559926814022e-01
3.292389100962103132e+00 -1.200430627310049431e-01
3.304955471576462411e+00 -1.107500832369896909e-01
3.317521842190821690e+00 -2.747683667265897745e-01
3.330088212805180969e+00 -2.606955776379149547e-01
3.342654583419540248e+00 -6.237864960894459743e-02
3.355220954033899083e+00 4.765598821296532228e-02
3.367787324648258362e+00 -2.340676147413756070e-01
3.380353695262617642e+00 -2.502752520450174933e-01
3.392920065876976921e+00 -4.074723970668296391e-01
3.405486436491335756e+00 -1.548332064322418544e-01
3.418052807105695035e+00 -3.159134042039410950e-01
3.430619177720054314e+00 -8.148986025329635341e-02
3.443185548334413593e+00 -2.526833438933776543e-01
3.455751918948772872e+00 -3.761492657233622694e-01
3.468318289563131707e+00 -2.780608060241419599e-01
3.480884660177490986e+00 -3.517215385041506659e-01
3.493451030791850265e+00 -2.803124114056414484e-01
3.506017401406209544e+00 -3.302185938937697851e-01
3.518583772020568823e+00 -4.498485671531574082e-01
3.531150142634927658e+00 -3.124826696002956927e-01
3.543716513249286937e+00 -4.452787036727899883e-01
3.556282883863646216e+00 -5.144249994777331247e-01
3.568849254478005495e+00 -1.384365832768692517e-01
3.581415625092364330e+00 -4.413733770826675507e-01
3.593981995706723609e+00 -5.910024902766769506e-01
3.606548366321082888e+00 -3.778741639900057292e-01
3.619114736935442167e+00 -4.794215368307511715e-01
3.631681107549800558e+00 -4.943965575012811420e-01
3.644247478164159837e+00 -2.094799271954220221e-01
3.656813848778519116e+00 -2.417816133448550397e-01
3.669380219392877951e+00 -5.273204622760708782e-01
3.681946590007237230e+00 -5.494345078018876283e-01
3.694512960621596509e+00 -6.394640371331825612e-01
3.707079331235955788e+00 -6.002468891102957782e-01
3.719645701850315067e+00 -4.867828978183364463e-01
3.732212072464673902e+00 -4.026501384374207015e-01
3.744778443079033181e+00 -6.311798912134980455e-01
3.757344813693392460e+00 -5.108852999199907652e-01
3.769911184307751739e+00 -6.104934278348370658e-01
3.782477554922110574e+00 -4.622498597556213840e-01
3.795043925536469853e+00 -7.162316602006977284e-01
3.807610296150829132e+00 -6.472725222277845303e-01
3.820176666765188411e+00 -6.457171834161239410e-01
3.832743037379547690e+00 -5.390989621387987096e-01
3.845309407993906525e+00 -8.193434707310294218e-01
3.857875778608265804e+00 -6.257684528289815251e-01
3.870442149222625083e+00 -6.399694356732388290e-01
3.883008519836984362e+00 -5.354347017728853242e-01
3.895574890451343641e+00 -8.945403503168716242e-01
3.908141261065702476e+00 -5.436619932199253658e-01
3.920707631680061755e+00 -5.784042643145289597e-01
3.933274002294421035e+00 -8.172657031811842998e-01
3.945840372908780314e+00 -8.565113354124916922e-01
3.958406743523139149e+00 -7.195591444447273499e-01
3.970973114137498428e+00 -7.544869118161333654e-01
3.983539484751857707e+00 -8.266045083957961337e-01
3.996105855366216986e+00 -7.574096206526355068e-01
4.008672225980576265e+00 -6.424795989690306186e-01
4.021238596594935544e+00 -9.876155168180534849e-01
4.033804967209294823e+00 -7.443642302015468504e-01
4.046371337823653214e+00 -8.546957491563318410e-01
4.058937708438012493e+00 -8.913913030941299498e-01
4.071504079052371772e+00 -7.706838631709338472e-01
4.084070449666731051e+00 -9.730859824519311196e-01
4.096636820281090330e+00 -8.531800277716921066e-01
4.109203190895449609e+00 -9.458425898596196646e-01
4.121769561509808888e+00 -8.136926160165900423e-01
4.134335932124168167e+00 -7.559918834447236780e-01
4.146902302738527446e+00 -7.994257642240973905e-01
4.159468673352886725e+00 -8.399219462226087396e-01
4.172035043967245116e+00 -7.852851397334232875e-01
4.184601414581604395e+00 -9.429953754445418168e-01
4.197167785195963674e+00 -8.872880238812560494e-01
4.209734155810322953e+00 -6.405539720515425195e-01
4.222300526424682232e+00 -9.140233770024720483e-01
4.234866897039041511e+00 -9.423881665294848720e-01
4.247433267653400790e+00 -7.669100258946336401e-01
4.259999638267760069e+00 -8.762525389311495161e-01
4.272566008882119348e+00 -1.024023821354380415e+00
4.285132379496477739e+00 -1.018455501528067852e+00
4.297698750110837018e+00 -8.801936381711409352e-01
4.310265120725196297e+00 -8.571867379206062898e-01
4.322831491339555576e+00 -9.631577907984899545e-01
4.335397861953914855e+00 -9.101785098002111996e-01
4.347964232568274134e+00 -1.065733713861195753e+00
4.360530603182633413e+00 -1.018144658151284077e+00
4.373096973796992692e+00 -8.842707556965602178e-01
4.385663344411351972e+00 -9.592822905766179575e-01
4.398229715025710362e+00 -1.004817891970239740e+00
4.410796085640069641e+00 -8.090265370595166594e-01
4.423362456254428032e+00 -1.077508475175461333e+00
4.435928826868787311e+00 -8.793071395700102766e-01
4.448495197483146590e+00 -9.519645323297708517e-01
4.461061568097505869e+00 -1.029991293701109090e+00
4.473627938711865148e+00 -1.434664496446400150e+00
4.486194309326224428e+00 -9.453006527311880181e-01
4.498760679940583707e+00 -8.469802070606805566e-01
4.511327050554942986e+00 -8.789918838037071858e-01
4.523893421169302265e+00 -9.144169831967258188e-01
4.536459791783661544e+00 -9.778753121852102881e-01
4.549026162398019935e+00 -9.834862498523223584e-01
4.561592533012379214e+00 -8.736320754249061737e-01
4.574158903626738493e+00 -9.452412482233671920e-01
4.586725274241097772e+00 -1.131743489172827744e+00
4.599291644855457051e+00 -9.281953505228988099e-01
4.611858015469816330e+00 -8.870102430188939735e-01
4.624424386084175609e+00 -8.624076031289937827e-01
4.636990756698534888e+00 -9.143000869736411795e-01
4.649557127312894167e+00 -8.801980853088676726e-01
4.662123497927252558e+00 -9.644609190742116089e-01
4.674689868541611837e+00 -1.132683904593165591e+00
4.687256239155971116e+00 -9.070238735820200793e-01
4.699822609770330395e+00 -1.125912630116085777e+00
4.712388980384689674e+00 -1.003030115168032310e+00
4.724955350999048953e+00 -1.101337130771381290e+00
4.737521721613408232e+00 -8.790471676825921676e-01
4.750088092227767511e+00 -8.579598582884132574e-01
4.762654462842126790e+00 -9.964370138982677760e-01
4.775220833456485181e+00 -9.169318749395417578e-01
4.787787204070844460e+00 -1.175663927481759741e+00
4.800353574685203739e+00 -1.072873344982981259e+00
4.812919945299563018e+00 -1.040271118644747306e+00
4.825486315913922297e+00 -9.833521887580106702e-01
4.838052686528281576e+00 -9.175253181667242242e-01
4.850619057142640855e+00 -9.933738123218514016e-01
4.863185427757000134e+00 -8.728568619467469425e-01
4.875751798371359413e+00 -9.655440065418354756e-01
4.888318168985717804e+00 -9.088594415580411034e-01
4.900884539600077083e+00 -6.089925071101625065e-01
4.913450910214436362e+00 -9.672367417927023592e-01
4.926017280828795641e+00 -1.114250927725010332e+00
4.938583651443154920e+00 -1.030657015377226315e+00
4.951150022057514200e+00 -9.882371132161152927e-01
4.963716392671873479e+00 -8.826030136445549568e-01
4.976282763286232758e+00 -8.395133147608346835e-01
4.988849133900592037e+00 -9.860379561132630588e-01
5.001415504514951316e+00 -9.978354491662343451e-01
5.013981875129309707e+00 -8.729515742616925644e-01
5.026548245743668986e+00 -1.141854699514039062e+00
5.039114616358028265e+00 -8.757048089407173386e-01
5.051680986972387544e+00 -1.100771012479607958e+00
5.064247357586746823e+00 -9.535854011881566006e-01
5.076813728201106102e+00 -9.406234617837953005e-01
5.089380098815465381e+00 -8.307503609454538473e-01
5.101946469429824660e+00 -8.535806689364717759e-01
5.114512840044183939e+00 -8.588496569569412653e-01
5.127079210658542330e+00 -9.314218469076872564e-01
5.139645581272901609e+00 -9.650102285896609011e-01
5.152211951887260888e+00 -8.352668066985021733e-01
5.164778322501620167e+00 -9.303360656520646144e-01
5.177344693115979446e+00 -8.293640054629293212e-01
5.189911063730338725e+00 -1.037603385553780067e+00
5.202477434344698004e+00 -8.096351639799364008e-01
5.215043804959057283e+00 -1.066424230632595282e+00
5.227610175573416562e+00 -7.778786749240025333e-01
5.240176546187774953e+00 -8.314162648406512313e-01
5.252742916802134232e+00 -8.177908912002802566e-01
5.265309287416492623e+00 -9.421601427297198184e-01
5.277875658030851902e+00 -9.184227261310418111e-01
5.290442028645211181e+00 -9.776871818719683471e-01
5.303008399259570460e+00 -7.996104718266200395e-01
5.315574769873929739e+00 -7.650287016039517551e-01
5.328141140488289018e+00 -8.250563323760484735e-01
5.340707511102648297e+00 -9.741648791450302491e-01
5.353273881717007576e+00 -8.505451860808521669e-01
5.365840252331366855e+00 -7.851009801143752354e-01
5.378406622945726134e+00 -6.559467862323222764e-01
5.390972993560084525e+00 -9.066280262785146871e-01
5.403539364174443804e+00 -8.002404655824381097e-01
5.416105734788803083e+00 -8.340450005954687107e-01
5.428672105403162362e+00 -8.086430702019934413e-01
5.441238476017521641e+00 -8.136740806248239366e-01
5.453804846631880920e+00 -7.390340706368093704e-01
5.466371217246240199e+00 -7.176958665733774723e-01
5.478937587860599479e+00 -6.972173580430173212e-01
5.491503958474958758e+00 -7.842074035892050432e-01
5.504070329089317148e+00 -7.095114821764251234e-01
5.516636699703676427e+00 -7.942216652987985626e-01
5.529203070318035707e+00 -6.867992294150860877e-01
5.541769440932394986e+00 -8.236674539431148023e-01
5.554335811546754265e+00 -6.040022189318435819e-01
5.566902182161113544e+00 -6.752454023904684854e-01
5.579468552775472823e+00 -7.227981163386606456e-01
5.592034923389832102e+00 -7.283171681187834423e-01
5.604601294004191381e+00 -4.858244630855738655e-01
5.617167664618549772e+00 -6.854518771658075771e-01
5.629734035232909051e+00 -6.999911893860802925e-01
5.642300405847268330e+00 -6.732251862728757530e-01
5.654866776461627609e+00 -7.894314953837154869e-01
5.667433147075986888e+00 -5.538492239470614864e-01
5.679999517690346167e+00 -6.093441438454642034e-01
5.692565888304705446e+00 -5.477609877918876435e-01
5.705132258919064725e+00 -5.235961667081395765e-01
5.717698629533424004e+00 -3.443162859337650650e-01
5.730265000147783283e+00 -6.150977416454772584e-01
5.742831370762141674e+00 -5.599162544692989352e-01
5.755397741376500953e+00 -4.852613925354498647e-01
5.767964111990860232e+00 -3.169444575576386702e-01
5.780530482605219511e+00 -4.820682922191542596e-01
5.793096853219578790e+00 -4.422645752207929326e-01
5.805663223833938069e+00 -3.096681075485934187e-01
5.818229594448297348e+00 -3.249020241302519874e-01
5.830795965062656627e+00 -6.144469604791400474e-01
5.843362335677015906e+00 -4.586443425244758343e-01
5.855928706291374297e+00 -4.717327070927299637e-01
5.868495076905733576e+00 -3.585201191477370153e-01
5.881061447520092855e+00 -5.157404521365417382e-01
5.893627818134452134e+00 -6.472163669628107074e-01
5.906194188748811413e+00 -3.812182413620524568e-01
5.918760559363170692e+00 -3.387446670697246698e-01
5.931326929977529971e+00 -4.621514649218641524e-01
5.943893300591889250e+00 -1.964356131943367778e-01
5.956459671206248530e+00 -3.378154267181970316e-01
5.969026041820606920e+00 -1.736585300734251325e-01
5.981592412434966199e+00 -2.784897432007447660e-01
5.994158783049325478e+00 -3.029878007484619884e-01
6.006725153663684758e+00 -3.677096529295549865e-01
6.019291524278044037e+00 -2.505837082761265822e-01
6.031857894892402427e+00 -9.363951982283957864e-02
6.044424265506761706e+00 -1.622534806023483434e-01
6.056990636121120986e+00 -2.548055635960848053e-01
6.069557006735480265e+00 -3.829720447167142550e-01
6.082123377349839544e+00 -3.480319727757832937e-01
6.094689747964198823e+00 -1.282096143028703117e-01
6.107256118578558102e+00 -3.174267546640633375e-01
6.119822489192916493e+00 -1.306633961379454201e-01
6.132388859807275772e+00 -1.075661163919182650e-01
6.144955230421635051e+00 -2.287995195644911273e-01
6.157521601035994330e+00 -9.065944050800575638e-02
6.170087971650353609e+00 -1.677166572763358343e-01
6.182654342264712888e+00 -5.679075276495595959e-02
6.195220712879072167e+00 -2.839092304338557970e-01
6.207787083493431446e+00 -1.075276545715781878e-01
6.220353454107790725e+00 -6.646995851184857307e-02
6.232919824722149116e+00 -8.019916751101845154e-02
6.245486195336508395e+00 -1.818979229829618127e-01
6.258052565950867674e+00 -2.001092510769178490e-01
6.270618936565226953e+00 1.841760566740781313e-01
