0.000000000000000000e+00 -2.819226418221478792e-01
1.256637061435917323e-02 6.761429959312997839e-02
2.513274122871834645e-02 1.082030275020830629e-01
3.769911184307751795e-02 1.039277418489458205e-01
5.026548245743669291e-02 8.431532882314227151e-03
6.283185307179586787e-02 -1.201691632413653954e-03
7.539822368615503589e-02 -9.514127927083934622e-03
8.796459430051420392e-02 2.022319189087743718e-01
1.005309649148733858e-01 2.721353711842501577e-02
1.130973355292325677e-01 1.075356173394695913e-01
1.256637061435917357e-01 2.127055415909605007e-01
1.382300767579508760e-01 4.434139426203151380e-02
1.507964473723100718e-01 8.250444951435767504e-02
1.633628179866692676e-01 2.633419534753765889e-01
1.759291886010284078e-01 1.371503440387019379e-01
1.884955592153875759e-01 1.696671159242156002e-01
2.010619298297467716e-01 4.359313781091483930e-02
2.136283004441059397e-01 1.518491466646231247e-01
2.261946710584651354e-01 9.155901637219607259e-02
2.387610416728242757e-01 2.571077982906050385e-01
2.513274122871834715e-01 2.526339176939409459e-01
2.638937829015426395e-01 1.699444267841595524e-01
2.764601535159017520e-01 2.784264089963571775e-01
2.890265241302609756e-01 3.267216615656982071e-01
3.015928947446201436e-01 6.078844962202117896e-02
3.141592653589793116e-01 3.988991335215431033e-01
3.267256359733385351e-01 4.933183330425492397e-01
3.392920065876976476e-01 1.527255837762294954e-01
3.518583772020568157e-01 3.643433795969946987e-01
3.644247478164160392e-01 2.924173824317305437e-01
3.769911184307751517e-01 2.431860589316542920e-01
3.895574890451343197e-01 2.344946657503321208e-01
4.021238596594935433e-01 4.092378945285060077e-01
4.146902302738527113e-01 3.888074797699833662e-01
4.272566008882118793e-01 4.083764489457754054e-01
4.398229715025711029e-01 3.764971311505725948e-01
4.523893421169302709e-01 4.241779966920753431e-01
4.649557127312893834e-01 2.947819262560218978e-01
4.775220833456485514e-01 3.941095368994891324e-01
4.900884539600077194e-01 5.534745543194415918e-01
5.026548245743669430e-01 4.356827502573782374e-01
5.152211951887261110e-01 6.268749114519336363e-01
5.277875658030852790e-01 3.788350999175907341e-01
5.403539364174444470e-01 6.353801406540655616e-01
5.529203070318035040e-01 5.477647622277095341e-01
5.654866776461627831e-01 4.626984317702363958e-01
5.780530482605219511e-01 5.517508433504597631e-01
5.906194188748811191e-01 6.616675885481446695e-01
6.031857894892402872e-01 5.629719033425104602e-01
6.157521601035994552e-01 4.793682378688882695e-01
6.283185307179586232e-01 5.351435271477991140e-01
6.408849013323177912e-01 5.751526979517667115e-01
6.534512719466770703e-01 7.077559254210602502e-01
6.660176425610361273e-01 4.384031988824415027e-01
6.785840131753952953e-01 6.044227771236512226e-01
6.911503837897544633e-01 6.797808331945911497e-01
7.037167544041136313e-01 6.551183890232883389e-01
7.162831250184729104e-01 6.598664629457967612e-01
7.288494956328320784e-01 8.348192765385170633e-01
7.414158662471912464e-01 5.859601522059688650e-01
7.539822368615503034e-01 5.958404466291892243e-01
7.665486074759094715e-01 5.662579867654563559e-01
7.791149780902686395e-01 5.829995155389404715e-01
7.916813487046279185e-01 5.466395231989995551e-01
8.042477193189870865e-01 7.532191049607264155e-01
8.168140899333462546e-01 8.027069737401494320e-01
8.293804605477054226e-01 7.559382975205518607e-01
8.419468311620645906e-01 8.073726733849705406e-01
8.545132017764237586e-01 7.141642432609281999e-01
8.670795723907829267e-01 7.933270549088942136e-01
8.796459430051422057e-01 6.862316585678758241e-01
8.922123136195013737e-01 6.608197810140941098e-01
9.047786842338605418e-01 7.734232342541736971e-01
9.173450548482194877e-01 8.371505391304242538e-01
9.299114254625787668e-01 8.411237121200686451e-01
9.424777960769379348e-01 8.773195500318290430e-01
9.550441666912971028e-01 1.036545370522452325e+00
9.676105373056562708e-01 9.897358157076630025e-01
9.801769079200154389e-01 8.571740042204236687e-01
9.927432785343746069e-01 8.866934499782592738e-01
1.005309649148733886e+00 6.304306629174886156e-01
1.017876019763092943e+00 1.083882474410156949e+00
1.030442390377452222e+00 9.117501194625468042e-01
1.043008760991811279e+00 7.608723935726724452e-01
1.055575131606170558e+00 7.774872167262806277e-01
1.068141502220529837e+00 9.855744059933503332e-01
1.080707872834888894e+00 1.020510317797022282e+00
1.093274243449248173e+00 7.790493005970445806e-01
1.105840614063607008e+00 9.581900143798028902e-01
1.118406984677966287e+00 8.467099309189392020e-01
1.130973355292325566e+00 7.762637451035608871e-01
1.143539725906684623e+00 8.758425553127641150e-01
1.156106096521043902e+00 7.632156209028060356e-01
1.168672467135402959e+00 9.848105411685115218e-01
1.181238837749762238e+00 7.855131620449076202e-01
1.193805208364121295e+00 9.830811656248267250e-01
1.206371578978480574e+00 9.270256644984774530e-01
1.218937949592839853e+00 1.068964447152165542e+00
1.231504320207198910e+00 9.669104849303494786e-01
1.244070690821558189e+00 7.900095141006142629e-01
1.256637061435917246e+00 1.142767227322125878e+00
1.269203432050276525e+00 9.430100156570401237e-01
1.281769802664635582e+00 9.486635656508062286e-01
1.294336173278994861e+00 1.043632328333367054e+00
1.306902543893354141e+00 1.061262553770261796e+00
1.319468914507712975e+00 1.119869965861183925e+00
1.332035285122072255e+00 9.886605611723805476e-01
1.344601655736431534e+00 8.284616807796305604e-01
1.357168026350790591e+00 9.667171934433553826e-01
1.369734396965149870e+00 9.832419548553907873e-01
1.382300767579508927e+00 1.013979944401548261e+00
1.394867138193868206e+00 1.008170985103288952e+00
1.407433508808227263e+00 1.054496485674099926e+00
1.419999879422586542e+00 1.074547415366470249e+00
1.432566250036945821e+00 9.150669771007090558e-01
1.445132620651304878e+00 1.023805772247190493e+00
1.457698991265664157e+00 1.036344857665236097e+00
1.470265361880023214e+00 1.111112819258956330e+00
1.482831732494382493e+00 8.220489501862275894e-01
1.495398103108741550e+00 1.120380709301477928e+00
1.507964473723100607e+00 9.586008746952037196e-01
1.520530844337459886e+00 1.104854420922380065e+00
1.533097214951818943e+00 9.189751647990964667e-01
1.545663585566178222e+00 9.198274421326473327e-01
1.558229956180537279e+00 8.964958948264085681e-01
1.570796326794896558e+00 1.090823931122284929e+00
1.583362697409255837e+00 1.026495631476176840e+00
1.595929068023614894e+00 1.024592561769433141e+00
1.608495438637974173e+00 1.021927297375079480e+00
1.621061809252333230e+00 1.039012743569613262e+00
1.633628179866692509e+00 1.073302976915432749e+00
1.646194550481051566e+00 9.347868496277446093e-01
1.658760921095410845e+00 8.088046915070026266e-01
1.671327291709770124e+00 9.423026514405442589e-01
1.683893662324129181e+00 1.098115829843607116e+00
1.696460032938488460e+00 1.087137313811141981e+00
1.709026403552847517e+00 9.454153010018223613e-01
1.721592774167206796e+00 1.007239646196153249e+00
1.734159144781565853e+00 9.357993646879081417e-01
1.746725515395925132e+00 1.029482583074384339e+00
1.759291886010284411e+00 1.024416127565758172e+00
1.771858256624643468e+00 8.300528510052274100e-01
1.784424627239002747e+00 8.886207006203238334e-01
1.796990997853361804e+00 1.171976818490886973e+00
1.809557368467721084e+00 1.074797359596830315e+00
1.822123739082079918e+00 8.711300565874294799e-01
1.834690109696438975e+00 9.986705103190680610e-01
1.847256480310798255e+00 9.431439822112627214e-01
1.859822850925157534e+00 1.036282102929193538e+00
1.872389221539516591e+00 7.492131349152197917e-01
1.884955592153875870e+00 7.883111825237624215e-01
1.897521962768234927e+00 1.030946746150545046e+00
1.910088333382594206e+00 9.699257400707955723e-01
1.922654703996953263e+00 9.811173533987018747e-01
1.935221074611312542e+00 8.291085308809243992e-01
1.947787445225671821e+00 1.062206454958104507e+00
1.960353815840030878e+00 1.026873067726031152e+00
1.972920186454390157e+00 9.083234789443134227e-01
1.985486557068749214e+00 9.782505312871520031e-01
1.998052927683108493e+00 8.982286603166936834e-01
2.010619298297467772e+00 9.122119754610711340e-01
2.023185668911826607e+00 7.371928371978866412e-01
2.035752039526185886e+00 8.627113016540879364e-01
2.048318410140545165e+00 1.005302014583366876e+00
2.060884780754904444e+00 9.596892133397020297e-01
2.073451151369263723e+00 7.134373189923424174e-01
2.086017521983622558e+00 9.607968670487708751e-01
2.098583892597981837e+00 8.846117986900963182e-01
2.111150263212341116e+00 8.363667716980158762e-01
2.123716633826700395e+00 9.274041462840917349e-01
2.136283004441059674e+00 9.821298334357966286e-01
2.148849375055418509e+00 9.767598110716368964e-01
2.161415745669777788e+00 6.406015874428958590e-01
2.173982116284137067e+00 8.186715967358522139e-01
2.186548486898496346e+00 8.512969873336012627e-01
2.199114857512855181e+00 8.602542712520129253e-01
2.211681228127214016e+00 9.048004451094917577e-01
2.224247598741573295e+00 8.430068816851524760e-01
2.236813969355932574e+00 7.891509237785468978e-01
2.249380339970291853e+00 9.249948318216358878e-01
2.261946710584651132e+00 7.035680734899871780e-01
2.274513081199009967e+00 8.068494240414023633e-01
2.287079451813369246e+00 6.550527419377872862e-01
2.299645822427728525e+00 7.730535548845658411e-01
2.312212193042087804e+00 7.561979386567426742e-01
2.324778563656447083e+00 7.613937567517408134e-01
2.337344934270805918e+00 5.129821631242705848e-01
2.349911304885165197e+00 6.640999385196659777e-01
2.362477675499524477e+00 6.190827624176089561e-01
2.375044046113883756e+00 6.669418606897170587e-01
2.387610416728242591e+00 7.925767455344427947e-01
2.400176787342601870e+00 6.105044020392512705e-01
2.412743157956961149e+00 8.089725966635856746e-01
2.425309528571320428e+00 4.931787713277600016e-01
2.437875899185679707e+00 7.706261093290729391e-01
2.450442269800038542e+00 7.206453014728677609e-01
2.463008640414397821e+00 6.030644152028618032e-01
2.475575011028757100e+00 4.805684926060064810e-01
2.488141381643116379e+00 6.896308296980320218e-01
2.500707752257475658e+00 6.539181439038692645e-01
2.513274122871834493e+00 7.418203214406127177e-01
2.525840493486193772e+00 4.860964624172052773e-01
2.538406864100553051e+00 5.952272663763843452e-01
2.550973234714912330e+00 6.339161527464651780e-01
2.563539605329271165e+00 6.811162488496954603e-01
2.576105975943630444e+00 5.726057399633757150e-01
2.588672346557989723e+00 4.952528423723239759e-01
2.601238717172349002e+00 5.426003604462845686e-01
2.613805087786708281e+00 3.955409630435857693e-01
2.626371458401067116e+00 5.596232976294790440e-01
2.638937829015425951e+00 4.093630390807577735e-01
2.651504199629785230e+00 5.624909930837225236e-01
2.664070570244144509e+00 4.645871169720539595e-01
2.676636940858503788e+00 6.182334479207839406e-01
2.689203311472863067e+00 4.137519241530832059e-01
2.701769682087221902e+00 4.783376782718367082e-01
2.714336052701581181e+00 4.396822860562996094e-01
2.726902423315940460e+00 2.824138857502086486e-01
2.739468793930299739e+00 4.580860154958885655e-01
2.752035164544658574e+00 4.302369214743201331e-01
2.764601535159017853e+00 1.905036938649885825e-01
2.777167905773377132e+00 4.252228258891679324e-01
2.789734276387736411e+00 3.549788050461806233e-01
2.802300647002095690e+00 2.947379710113154916e-01
2.814867017616454525e+00 3.533235837676040325e-01
2.827433388230813804e+00 3.376826869128564113e-01
2.839999758845173083e+00 3.317286221667544721e-01
2.852566129459532362e+00 3.400794483606167651e-01
2.865132500073891642e+00 2.918116995429932969e-01
2.877698870688250476e+00 3.286553223765850684e-01
2.890265241302609756e+00 1.752718965603238810e-01
2.902831611916969035e+00 2.847339024472176350e-01
2.915397982531328314e+00 1.986001644050927606e-01
2.927964353145687149e+00 6.328516259070868233e-02
2.940530723760046428e+00 1.581188455194330600e-01
2.953097094374405707e+00 2.588054083184817000e-01
2.965663464988764986e+00 2.804413654622941454e-01
2.978229835603124265e+00 3.988779230508790463e-02
2.990796206217483100e+00 4.357438565340573944e-02
3.003362576831842379e+00 8.456787611244423464e-02
3.015928947446201214e+00 1.494011945885743708e-01
3.028495318060560493e+00 1.621965977574308104e-01
3.041061688674919772e+00 1.931139365768249350e-01
3.053628059289279051e+00 -2.355483073683113937e-01
3.066194429903637886e+00 3.020994628397759979e-02
3.078760800517997165e+00 7.066399558298008809e-02
3.091327171132356444e+00 -1.417150457084858928e-01
3.103893541746715723e+00 1.266701786331196622e-01
3.116459912361074558e+00 -3.333625011879115529e-02
3.129026282975433837e+00 -3.131308272489571887e-02
3.141592653589793116e+00 4.181203952377531008e-02
3.154159024204152395e+00 1.511021811981767271e-01
3.166725394818511674e+00 6.971429114158293749e-02
3.179291765432870509e+00 -1.419179719084978086e-01
3.191858136047229788e+00 -5.330083603355564165e-02
3.204424506661589067e+00 -1.192896330164167212e-01
3.216990877275948346e+00 -2.072846194155527066e-01
3.229557247890307181e+00 -1.285728978572466541e-01
3.242123618504666460e+00 9.014964795444460610e-03
3.254689989119025739e+00 -1.837281348730762098e-01
3.267256359733385018e+00 -6.160643232251468426e-02
3.279822730347744297e+00 -1.219544139187328513e-02
3.292389100962103132e+00 -1.380250448711188294e-01
3.304955471576462411e+00 -1.951443119485830324e-01
3.317521842190821690e+00 -2.649067153700137567e-01
3.330088212805180969e+00 -1.394997463080775990e-01
3.342654583419540248e+00 -2.905106352557663696e-01
3.355220954033899083e+00 -2.582235454297959754e-01
3.367787324648258362e+00 -2.218381280828441993e-01
3.380353695262617642e+00 -1.547492521904159091e-01
3.392920065876976921e+00 -4.142917584546965126e-02
3.405486436491335756e+00 -8.541598770211519809e-02
3.418052807105695035e+00 -2.251497893043175880e-01
3.430619177720054314e+00 -2.568573315157299253e-01
3.443185548334413593e+00 -4.194085343860396997e-01
3.455751918948772872e+00 -2.001169461855207832e-01
3.468318289563131707e+00 -3.268396830293486821e-01
3.480884660177490986e+00 -2.124548290892203373e-01
3.493451030791850265e+00 -3.886031246310654996e-01
3.506017401406209544e+00 -3.116371010454432877e-01
3.518583772020568823e+00 -3.888272196943159953e-01
3.531150142634927658e+00 -4.396892323858538343e-01
3.543716513249286937e+00 -2.947301768956152035e-01
3.556282883863646216e+00 -4.017695745018138864e-01
3.568849254478005495e+00 -5.234420209117184308e-01
3.581415625092364330e+00 -5.023112646760580224e-01
3.593981995706723609e+00 -3.892168834389986842e-01
3.606548366321082888e+00 -5.998435551031398028e-01
3.619114736935442167e+00 -5.277960467157424285e-01
3.631681107549800558e+00 -5.190755602696009996e-01
3.644247478164159837e+00 -4.818284284653339689e-01
3.656813848778519116e+00 -4.805174472510038153e-01
3.669380219392877951e+00 -4.421696012157866340e-01
3.681946590007237230e+00 -4.834357005311129551e-01
3.694512960621596509e+00 -5.481860137825275148e-01
3.707079331235955788e+00 -5.496064948612792156e-01
3.719645701850315067e+00 -6.970271426784208080e-01
3.732212072464673902e+00 -5.497927209371619162e-01
3.744778443079033181e+00 -6.481950249157509836e-01
3.757344813693392460e+00 -4.992340973453213149e-01
3.769911184307751739e+00 -7.382510855120608673e-01
3.782477554922110574e+00 -5.345013633995329139e-01
3.795043925536469853e+00 -6.500727811555153668e-01
3.807610296150829132e+00 -5.493324863612053521e-01
3.820176666765188411e+00 -6.459910639927535225e-01
3.832743037379547690e+00 -4.578143882924704533e-01
3.845309407993906525e+00 -4.958083197170161105e-01
3.857875778608265804e+00 -6.476648847115805685e-01
3.870442149222625083e+00 -6.421962923640303078e-01
3.883008519836984362e+00 -6.061417376532028944e-01
3.895574890451343641e+00 -6.178077390695067006e-01
3.908141261065702476e+00 -6.557824187961763807e-01
3.920707631680061755e+00 -7.195146298754524494e-01
3.933274002294421035e+00 -5.894849305440997833e-01
3.945840372908780314e+00 -6.106089441409576768e-01
3.958406743523139149e+00 -6.227832305753044917e-01
3.970973114137498428e+00 -6.088610151230053891e-01
3.983539484751857707e+00 -4.430386144683539640e-01
3.996105855366216986e+00 -6.859854506435123511e-01
4.008672225980576265e+00 -1.002593540384090209e+00
4.021238596594935544e+00 -9.208766788870965669e-01
4.033804967209294823e+00 -8.445329884765466755e-01
4.046371337823653214e+00 -7.200655019169940330e-01
4.058937708438012493e+00 -7.220773759921746970e-01
4.071504079052371772e+00 -6.858556397782121783e-01
4.084070449666731051e+00 -8.205023846361985118e-01
4.096636820281090330e+00 -7.372644702181085918e-01
4.109203190895449609e+00 -7.603763804663379311e-01
4.121769561509808888e+00 -7.321923732960711195e-01
4.134335932124168167e+00 -8.893312475926872240e-01
4.146902302738527446e+00 -9.599440073284878361e-01
4.159468673352886725e+00 -7.970778762952324126e-01
4.172035043967245116e+00 -8.813659555708748261e-01
4.184601414581604395e+00 -1.120630414494127702e+00
4.197167785195963674e+00 -8.158698264058683591e-01
4.209734155810322953e+00 -7.873000470889914837e-01
4.222300526424682232e+00 -9.399156357883277080e-01
4.234866897039041511e+00 -8.663724851819164519e-01
4.247433267653400790e+00 -1.039848197960074883e+00
4.259999638267760069e+00 -1.018988379276692502e+00
4.272566008882119348e+00 -8.512060820893376789e-01
4.285132379496477739e+00 -1.100549207139370544e+00
4.297698750110837018e+00 -9.952930231288305007e-01
4.310265120725196297e+00 -9.565262502186551163e-01
4.322831491339555576e+00 -9.236714535067053200e-01
4.335397861953914855e+00 -9.235500735259630778e-01
4.347964232568274134e+00 -1.067899705621973894e+00
4.360530603182633413e+00 -9.833136381198308573e-01
4.373096973796992692e+00 -1.125279787864951864e+00
4.385663344411351972e+00 -1.062864360587200796e+00
4.398229715025710362e+00 -9.732430398629011714e-01
4.410796085640069641e+00 -9.773117461365186109e-01
4.423362456254428032e+00 -9.094033807344124032e-01
4.435928826868787311e+00 -8.825214610114386904e-01
4.448495197483146590e+00 -8.749057496469314632e-01
4.461061568097505869e+00 -9.253819991895215757e-01
4.473627938711865148e+00 -1.058133337618295311e+00
4.486194309326224428e+00 -1.060297920050696341e+00
4.498760679940583707e+00 -8.910432589674726067e-01
4.511327050554942986e+00 -8.918044879671243041e-01
4.523893421169302265e+00 -9.549958115898831146e-01
4.536459791783661544e+00 -9.250110883789035565e-01
4.549026162398019935e+00 -9.143474474184553058e-01
4.561592533012379214e+00 -9.304667027309991845e-01
4.574158903626738493e+00 -7.841997598597743035e-01
4.586725274241097772e+00 -8.437584472247267042e-01
4.599291644855457051e+00 -1.281746677306983884e+00
4.611858015469816330e+00 -1.064590187246959641e+00
4.624424386084175609e+00 -9.847681972936465078e-01
4.636990756698534888e+00 -1.226044756790921397e+00
4.649557127312894167e+00 -9.887458894846629098e-01
4.662123497927252558e+00 -9.195505014370500829e-01
4.674689868541611837e+00 -8.415185649704037818e-01
4.687256239155971116e+00 -9.155299810887831402e-01
4.699822609770330395e+00 -1.074696878213847961e+00
4.712388980384689674e+00 -1.061509677431857535e+00
4.724955350999048953e+00 -1.088016518497515239e+00
4.737521721613408232e+00 -1.001907822079464827e+00
4.750088092227767511e+00 -1.043402408658465452e+00
4.762654462842126790e+00 -8.740731458562441825e-01
4.775220833456485181e+00 -9.303890030997550298e-01
4.787787204070844460e+00 -9.988667789256890917e-01
4.800353574685203739e+00 -1.054367352955564607e+00
4.812919945299563018e+00 -9.532218186706562513e-01
4.825486315913922297e+00 -8.607192127377077950e-01
4.838052686528281576e+00 -8.519175601894890537e-01
4.850619057142640855e+00 -9.976708862149660240e-01
4.863185427757000134e+00 -9.464687504283012531e-01
4.875751798371359413e+00 -9.303753119008758565e-01
4.888318168985717804e+00 -1.135540253290281187e+00
4.900884539600077083e+00 -9.357881631535248657e-01
4.913450910214436362e+00 -9.301966284526010931e-01
4.926017280828795641e+00 -8.438254578508458392e-01
4.938583651443154920e+00 -1.065138727470858360e+00
4.951150022057514200e+00 -1.001247864323866033e+00
4.963716392671873479e+00 -8.083729786939092277e-01
4.976282763286232758e+00 -1.018770949981291363e+00
4.988849133900592037e+00 -9.579750991093534118e-01
5.001415504514951316e+00 -1.012200986834173477e+00
5.013981875129309707e+00 -1.081872279585893271e+00
5.026548245743668986e+00 -8.539620549069183442e-01
5.039114616358028265e+00 -1.059126617468977294e+00
5.051680986972387544e+00 -9.521483228850474712e-01
5.064247357586746823e+00 -8.190251404102882882e-01
5.076813728201106102e+00 -1.030510097129117231e+00
5.089380098815465381e+00 -1.028614857883521472e+00
5.101946469429824660e+00 -9.318517942133403009e-01
5.114512840044183939e+00 -9.961241058215554167e-01
5.127079210658542330e+00 -9.220396389874158105e-01
5.139645581272901609e+00 -8.887935601068870373e-01
5.152211951887260888e+00 -8.498919867486609547e-01
5.164778322501620167e+00 -8.747238235085019742e-01
5.177344693115979446e+00 -1.032242117246686908e+00
5.189911063730338725e+00 -9.621379670781717852e-01
5.202477434344698004e+00 -8.071944556909752544e-01
5.215043804959057283e+00 -9.695748121439335954e-01
5.227610175573416562e+00 -8.594630963323207640e-01
5.240176546187774953e+00 -8.346721424773694276e-01
5.252742916802134232e+00 -8.231365870735780632e-01
5.265309287416492623e+00 -8.879161317952048993e-01
5.277875658030851902e+00 -8.480318077597610582e-01
5.290442028645211181e+00 -6.874623910743551392e-01
5.303008399259570460e+00 -9.543781542777936000e-01
5.315574769873929739e+00 -9.097279292695439334e-01
5.328141140488289018e+00 -8.927321207085739951e-01
5.340707511102648297e+00 -8.169049967605097606e-01
5.353273881717007576e+00 -6.955459399826517952e-01
5.365840252331366855e+00 -8.768938641181379667e-01
5.378406622945726134e+00 -7.255436801490351417e-01
5.390972993560084525e+00 -6.446574683092678448e-01
5.403539364174443804e+00 -8.130872453206742234e-01
5.416105734788803083e+00 -6.502040895038917467e-01
5.428672105403162362e+00 -7.500533333232307642e-01
5.441238476017521641e+00 -7.142918426903719364e-01
5.453804846631880920e+00 -7.893435888641219256e-01
5.466371217246240199e+00 -6.683927838276881861e-01
5.478937587860599479e+00 -7.314239578571610778e-01
5.491503958474958758e+00 -6.856800540983102321e-01
5.504070329089317148e+00 -6.299324814183305810e-01
5.516636699703676427e+00 -5.616460088525212502e-01
5.529203070318035707e+00 -7.293544394639834838e-01
5.541769440932394986e+00 -8.196251137258292463e-01
5.554335811546754265e+00 -4.087513529445244154e-01
5.566902182161113544e+00 -6.914014662208340933e-01
5.579468552775472823e+00 -4.214268915048840491e-01
5.592034923389832102e+00 -6.000386487432960436e-01
5.604601294004191381e+00 -5.815491327307069636e-01
5.617167664618549772e+00 -6.683170796777380129e-01
5.629734035232909051e+00 -6.840187920495941487e-01
5.642300405847268330e+00 -6.196039258877670264e-01
5.654866776461627609e+00 -4.816749718996083396e-01
5.667433147075986888e+00 -5.371806245876388219e-01
5.679999517690346167e+00 -7.009100931440842563e-01
5.692565888304705446e+00 -5.794615519129411307e-01
5.705132258919064725e+00 -3.958007403678645009e-01
5.717698629533424004e+00 -6.232737880215135640e-01
5.730265000147783283e+00 -5.233681001953397471e-01
5.742831370762141674e+00 -5.206706862020512583e-01
5.755397741376500953e+00 -6.747132002674951501e-01
5.767964111990860232e+00 -4.216134252086005674e-01
5.780530482605219511e+00 -3.555778221047938281e-01
5.793096853219578790e+00 -4.452810582226796043e-01
5.805663223833938069e+00 -5.155627348689242329e-01
5.818229594448297348e+00 -4.316777223039471312e-01
5.830795965062656627e+00 -3.697185429066404683e-01
5.843362335677015906e+00 -4.997120662157355508e-01
5.855928706291374297e+00 -3.989206250268498288e-01
5.868495076905733576e+00 -3.868294841725022915e-01
5.881061447520092855e+00 -5.294428023242239156e-01
5.893627818134452134e+00 -3.395757470033785030e-01
5.906194188748811413e+00 -4.928662806858231660e-01
5.918760559363170692e+00 -3.938345747177943723e-01
5.931326929977529971e+00 -3.289703665262156407e-01
5.943893300591889250e+00 -3.267890588827437326e-01
5.956459671206248530e+00 -2.991194868392562656e-01
5.969026041820606920e+00 -3.891044078844775878e-01
5.981592412434966199e+00 -3.292478712231495797e-01
5.994158783049325478e+00 -2.789488384169790391e-01
6.006725153663684758e+00 -2.154603354629395784e-01
6.019291524278044037e+00 -5.093405867590330427e-01
6.031857894892402427e+00 -4.300639977955758586e-01
6.044424265506761706e+00 -1.788570771964096418e-01
6.056990636121120986e+00 -1.199449261437601222e-01
6.069557006735480265e+00 -2.517103805263485872e-01
6.082123377349839544e+00 -2.759676483135975467e-01
6.094689747964198823e+00 -1.418781089409573981e-01
6.107256118578558102e+00 -2.684098150199333288e-01
6.119822489192916493e+00 -2.308297957793630784e-01
6.132388859807275772e+00 -2.020817694385679542e-01
6.144955230421635051e+00 -2.979918340029081292e-01
6.157521601035994330e+00 -1.003205260545485950e-01
6.170087971650353609e+00 -8.882459356646739412e-02
6.182654342264712888e+00 -5.106694213645873726e-02
6.195220712879072167e+00 -9.022140753951236880e-02
6.207787083493431446e+00 -9.054524791042727061e-02
6.220353454107790725e+00 1.793183073510601355e-01
6.232919824722149116e+00 3.099521944465756518e-03
6.245486195336508395e+00 -1.361066076247238743e-01
6.258052565950867674e+00 3.251214124665476046e-02
6.270618936565226953e+00 -1.940738592512015470e-01
