0.000000000000000000e+00 -4.478726790505643124e-02
1.256637061435917323e-02 1.075403223982409895e-01
2.513274122871834645e-02 7.050410221813102618e-02
3.769911184307751795e-02 1.517562698346331673e-01
5.026548245743669291e-02 1.823034607496128445e-01
6.283185307179586787e-02 -3.266331724609101983e-02
7.539822368615503589e-02 2.304885768135558899e-02
8.796459430051420392e-02 6.144805657684507261e-02
1.005309649148733858e-01 5.967435752308004188e-02
1.130973355292325677e-01 2.134902137754295937e-01
1.256637061435917357e-01 2.005875447827449587e-01
1.382300767579508760e-01 1.246600241230886169e-01
1.507964473723100718e-01 1.755741941990156540e-01
1.633628179866692676e-01 8.918976092413323509e-02
1.759291886010284078e-01 3.075632484170531256e-01
1.884955592153875759e-01 1.135975784546253142e-01
2.010619298297467716e-01 2.991908348415208696e-01
2.136283004441059397e-01 1.494401976510143504e-01
2.261946710584651354e-01 1.499812838875135834e-01
2.387610416728242757e-01 3.289730893625761321e-01
2.513274122871834715e-01 2.667127987142399181e-01
2.638937829015426395e-01 2.359496287417219562e-01
2.764601535159017520e-01 3.152534469797511618e-01
2.890265241302609756e-01 2.502958986107373662e-01
3.015928947446201436e-01 1.951117470654400443e-01
3.141592653589793116e-01 4.839089131417892986e-01
3.267256359733385351e-01 3.455334506230884339e-01
3.392920065876976476e-01 1.518225216520485699e-01
3.518583772020568157e-01 2.444927469173839296e-01
3.644247478164160392e-01 3.352677824466843703e-01
3.769911184307751517e-01 4.534301961188881291e-01
3.895574890451343197e-01 4.143062662958556519e-01
4.021238596594935433e-01 5.569812694456738322e-01
4.146902302738527113e-01 5.879834096237903651e-01
4.272566008882118793e-01 3.499476743496088837e-01
4.398229715025711029e-01 5.759637099693013518e-01
4.523893421169302709e-01 4.923902886807077217e-01
4.649557127312893834e-01 5.609563268194370789e-01
4.775220833456485514e-01 5.483391389771938851e-01
4.900884539600077194e-01 4.738867605177312092e-01
5.026548245743669430e-01 4.694959017340770702e-01
5.152211951887261110e-01 6.093870339311254769e-01
5.277875658030852790e-01 4.819155361370329183e-01
5.403539364174444470e-01 5.414060753090071954e-01
5.529203070318035040e-01 5.565937764670130239e-01
5.654866776461627831e-01 6.072851500782838752e-01
5.780530482605219511e-01 5.633834470548672035e-01
5.906194188748811191e-01 4.265988691257374121e-01
6.031857894892402872e-01 4.883373175085559681e-01
6.157521601035994552e-01 6.973956320737506598e-01
6.283185307179586232e-01 4.813642490619791658e-01
6.408849013323177912e-01 6.635995170064719062e-01
6.534512719466770703e-01 3.848495874884143575e-01
6.660176425610361273e-01 7.734110424772011605e-01
6.785840131753952953e-01 5.898756523661334850e-01
6.911503837897544633e-01 4.285991313422374827e-01
7.037167544041136313e-01 5.260156620368756641e-01
7.162831250184729104e-01 6.644796615503962833e-01
7.288494956328320784e-01 7.592222781093387329e-01
7.414158662471912464e-01 6.580313801251800321e-01
7.539822368615503034e-01 7.052495608641180525e-01
7.665486074759094715e-01 5.681302953133798850e-01
7.791149780902686395e-01 6.943317653266697365e-01
7.916813487046279185e-01 8.562407788711468015e-01
8.042477193189870865e-01 8.263459909675382464e-01
8.168140899333462546e-01 8.286948271041976177e-01
8.293804605477054226e-01 5.183400747001957187e-01
8.419468311620645906e-01 8.925424597669143756e-01
8.545132017764237586e-01 7.053199971959662751e-01
8.670795723907829267e-01 7.989478592120899947e-01
8.796459430051422057e-01 6.974338661348554735e-01
8.922123136195013737e-01 8.043989054657302296e-01
9.047786842338605418e-01 8.634401375655899047e-01
9.173450548482194877e-01 7.023662178919316545e-01
9.299114254625787668e-01 1.089755179256376882e+00
9.424777960769379348e-01 9.203257190095819329e-01
9.550441666912971028e-01 6.417804437952383534e-01
9.676105373056562708e-01 7.194179466390885347e-01
9.801769079200154389e-01 6.121081882449929124e-01
9.927432785343746069e-01 8.449991425514471466e-01
1.005309649148733886e+00 7.696436514573439247e-01
1.017876019763092943e+00 7.342701586674529324e-01
1.030442390377452222e+00 9.711713704295984462e-01
1.043008760991811279e+00 8.846337420106565874e-01
1.055575131606170558e+00 7.850738569596436012e-01
1.068141502220529837e+00 9.563485890164119541e-01
1.080707872834888894e+00 9.365128405331467620e-01
1.093274243449248173e+00 8.661218510865015263e-01
1.105840614063607008e+00 1.124118090890640076e+00
1.118406984677966287e+00 9.172021282329662073e-01
1.130973355292325566e+00 9.103145814991758789e-01
1.143539725906684623e+00 8.516541220525072342e-01
1.156106096521043902e+00 7.401415921128604580e-01
1.168672467135402959e+00 1.116816087177515682e+00
1.181238837749762238e+00 1.021902198036990672e+00
1.193805208364121295e+00 9.384565371633786235e-01
1.206371578978480574e+00 1.050247832804468651e+00
1.218937949592839853e+00 9.656545609580615697e-01
1.231504320207198910e+00 8.670476442037229337e-01
1.244070690821558189e+00 9.519991527871546344e-01
1.256637061435917246e+00 9.966935473171171234e-01
1.269203432050276525e+00 9.339171284830427577e-01
1.281769802664635582e+00 9.742660379877875476e-01
1.294336173278994861e+00 9.882846818493389307e-01
1.306902543893354141e+00 1.052836244449193881e+00
1.319468914507712975e+00 7.891897532802383264e-01
1.332035285122072255e+00 9.240832257738695876e-01
1.344601655736431534e+00 9.150852793000743279e-01
1.357168026350790591e+00 1.024620606721052152e+00
1.369734396965149870e+00 8.879728684961840646e-01
1.382300767579508927e+00 1.054486702108986540e+00
1.394867138193868206e+00 1.134660691716774528e+00
1.407433508808227263e+00 9.836930719493125475e-01
1.419999879422586542e+00 8.835127738544310549e-01
1.432566250036945821e+00 8.853769789346305208e-01
1.445132620651304878e+00 1.005269992690736469e+00
1.457698991265664157e+00 1.218161634878565547e+00
1.470265361880023214e+00 1.083241259974533799e+00
1.482831732494382493e+00 1.118643632708919533e+00
1.495398103108741550e+00 1.050449209695352382e+00
1.507964473723100607e+00 1.024724271493966832e+00
1.520530844337459886e+00 1.108377307481066110e+00
1.533097214951818943e+00 1.170013502828285201e+00
1.545663585566178222e+00 8.203338188874413905e-01
1.558229956180537279e+00 1.065596756212535468e+00
1.570796326794896558e+00 9.880946900232533414e-01
1.583362697409255837e+00 1.057377185107944539e+00
1.595929068023614894e+00 9.999605972852693148e-01
1.608495438637974173e+00 8.961128746129856104e-01
1.621061809252333230e+00 1.047847848424175554e+00
1.633628179866692509e+00 9.065483972617793818e-01
1.646194550481051566e+00 1.070203653331628368e+00
1.658760921095410845e+00 8.437237481850572429e-01
1.671327291709770124e+00 9.326464938624366985e-01
1.683893662324129181e+00 9.679339542327328738e-01
1.696460032938488460e+00 1.149131002992991757e+00
1.709026403552847517e+00 1.018415786753604113e+00
1.721592774167206796e+00 1.154659063430750088e+00
1.734159144781565853e+00 8.747568543209108816e-01
1.746725515395925132e+00 9.804500137710806529e-01
1.759291886010284411e+00 1.170462198713282165e+00
1.771858256624643468e+00 1.045125398698174335e+00
1.784424627239002747e+00 9.504615462939410842e-01
1.796990997853361804e+00 1.015783969036101686e+00
1.809557368467721084e+00 1.049912234841333891e+00
1.822123739082079918e+00 9.552102280495544662e-01
1.834690109696438975e+00 9.738452372414929670e-01
1.847256480310798255e+00 1.041494883214525435e+00
1.859822850925157534e+00 7.820329468533614437e-01
1.872389221539516591e+00 9.740962441742009315e-01
1.884955592153875870e+00 9.874331723746055944e-01
1.897521962768234927e+00 8.095332311833877137e-01
1.910088333382594206e+00 8.621117853456191638e-01
1.922654703996953263e+00 9.963681204825168836e-01
1.935221074611312542e+00 9.978193646623776392e-01
1.947787445225671821e+00 8.031041567879355636e-01
1.960353815840030878e+00 1.088451761887484714e+00
1.972920186454390157e+00 9.074862363362425910e-01
1.985486557068749214e+00 8.089652583323589941e-01
1.998052927683108493e+00 1.030543085011357496e+00
2.010619298297467772e+00 8.947832277982629146e-01
2.023185668911826607e+00 7.218168774409905453e-01
2.035752039526185886e+00 9.094639558170337645e-01
2.048318410140545165e+00 9.218762893165104444e-01
2.060884780754904444e+00 9.431001183349860817e-01
2.073451151369263723e+00 6.970245569333040070e-01
2.086017521983622558e+00 1.033660612292186531e+00
2.098583892597981837e+00 6.625731200224911355e-01
2.111150263212341116e+00 1.035165671213235772e+00
2.123716633826700395e+00 8.312527604592337971e-01
2.136283004441059674e+00 7.103617396573640441e-01
2.148849375055418509e+00 8.378274945596837497e-01
2.161415745669777788e+00 9.512115660548277063e-01
2.173982116284137067e+00 9.042398322486995266e-01
2.186548486898496346e+00 6.270548731139193865e-01
2.199114857512855181e+00 8.419268368913352951e-01
2.211681228127214016e+00 7.420495741215002994e-01
2.224247598741573295e+00 8.296608854401134048e-01
2.236813969355932574e+00 8.018624474402858970e-01
2.249380339970291853e+00 8.585855767304039210e-01
2.261946710584651132e+00 8.443819093043651858e-01
2.274513081199009967e+00 8.760430328973923819e-01
2.287079451813369246e+00 1.051388624413964301e+00
2.299645822427728525e+00 8.329329070125492951e-01
2.312212193042087804e+00 7.451037950433040402e-01
2.324778563656447083e+00 8.082114879991477707e-01
2.337344934270805918e+00 8.598494664659541709e-01
2.349911304885165197e+00 6.937172887448005421e-01
2.362477675499524477e+00 7.349484820350047354e-01
2.375044046113883756e+00 7.261142740863915090e-01
2.387610416728242591e+00 5.693138740843992629e-01
2.400176787342601870e+00 6.245889002788891364e-01
2.412743157956961149e+00 7.362262058556577893e-01
2.425309528571320428e+00 6.054163346718899330e-01
2.437875899185679707e+00 5.861411818031860843e-01
2.450442269800038542e+00 5.607737073679240902e-01
2.463008640414397821e+00 5.963787103621053243e-01
2.475575011028757100e+00 5.622647451488960169e-01
2.488141381643116379e+00 6.925679993391309353e-01
2.500707752257475658e+00 5.801141899942822144e-01
2.513274122871834493e+00 5.929568200706610837e-01
2.525840493486193772e+00 6.637106652962656561e-01
2.538406864100553051e+00 4.862726497184549079e-01
2.550973234714912330e+00 5.277570583941112448e-01
2.563539605329271165e+00 6.442781020528851599e-01
2.576105975943630444e+00 5.154420021007845021e-01
2.588672346557989723e+00 4.713059057450408873e-01
2.601238717172349002e+00 4.575869045963512627e-01
2.613805087786708281e+00 4.681028929633464508e-01
2.626371458401067116e+00 5.567161279661364537e-01
2.638937829015425951e+00 4.742549503512238918e-01
2.651504199629785230e+00 4.085543449591563792e-01
2.664070570244144509e+00 3.022144694023094491e-01
2.676636940858503788e+00 3.616921456891608599e-01
2.689203311472863067e+00 3.608486626528553121e-01
2.701769682087221902e+00 4.384719683156125813e-01
2.714336052701581181e+00 5.529592935664910947e-01
2.726902423315940460e+00 4.624232606147665736e-01
2.739468793930299739e+00 4.982625616166934113e-01
2.752035164544658574e+00 2.210840337847903569e-01
2.764601535159017853e+00 3.954125740717855386e-01
2.777167905773377132e+00 2.444851509057657801e-01
2.789734276387736411e+00 3.198547749301330900e-01
2.802300647002095690e+00 4.631426008155595797e-01
2.814867017616454525e+00 4.753076308463446420e-01
2.827433388230813804e+00 3.443652989199285086e-01
2.839999758845173083e+00 3.443007042173222843e-01
2.852566129459532362e+00 1.207229790274890191e-01
2.865132500073891642e+00 2.482339274100669735e-01
2.877698870688250476e+00 1.678546188723217814e-01
2.890265241302609756e+00 5.673349241734298998e-02
2.902831611916969035e+00 1.181402411971061162e-01
2.915397982531328314e+00 1.470782563306946289e-01
2.927964353145687149e+00 1.539927119455355153e-01
2.940530723760046428e+00 3.237251397480411796e-01
2.953097094374405707e+00 2.217633217675105128e-01
2.965663464988764986e+00 1.269852981122074065e-01
2.978229835603124265e+00 2.467410321144911378e-01
2.990796206217483100e+00 1.420118555616586009e-01
3.003362576831842379e+00 2.973165407383564218e-02
3.015928947446201214e+00 1.276654979542041768e-01
3.028495318060560493e+00 1.730807056962644086e-01
3.041061688674919772e+00 7.983715965690632577e-02
3.053628059289279051e+00 1.888864630926281873e-02
3.066194429903637886e+00 1.631782034916886281e-01
3.078760800517997165e+00 5.450686141670186419e-02
3.091327171132356444e+00 1.119883369934351613e-01
3.103893541746715723e+00 -5.253175972704748203e-02
3.116459912361074558e+00 -6.433460191800005612e-02
3.129026282975433837e+00 1.217419363840592239e-01
3.141592653589793116e+00 -1.618718279554068676e-02
3.154159024204152395e+00 -8.289890597184146337e-02
3.166725394818511674e+00 -1.067706650306382010e-01
3.179291765432870509e+00 -1.690871361230958936e-01
3.191858136047229788e+00 -1.743406103223249515e-02
3.204424506661589067e+00 -9.984521211261809803e-02
3.216990877275948346e+00 -1.530785001038025839e-01
3.229557247890307181e+00 -5.465127656861565320e-03
3.242123618504666460e+00 -9.643705564728313750e-02
3.254689989119025739e+00 -2.097436000571843151e-01
3.267256359733385018e+00 -9.505259752753453251e-02
3.279822730347744297e+00 -2.791321754039040037e-01
3.292389100962103132e+00 -1.433321314151679848e-01
3.304955471576462411e+00 -3.214559337167257613e-01
3.317521842190821690e+00 -2.349588923515660843e-02
3.330088212805180969e+00 -3.265006605134888051e-01
3.342654583419540248e+00 -1.276688583107419006e-01
3.355220954033899083e+00 -2.858455315421575826e-01
3.367787324648258362e+00 -4.097435148547975414e-01
3.380353695262617642e+00 -2.560642470720689845e-01
3.392920065876976921e+00 -4.284402078155574167e-01
3.405486436491335756e+00 -2.363602858075408431e-01
3.418052807105695035e+00 -3.164880741909120165e-01
3.430619177720054314e+00 -2.307440992500877364e-01
3.443185548334413593e+00 -5.406956938340129470e-01
3.455751918948772872e+00 -4.308885618927089101e-01
3.468318289563131707e+00 -3.196602226089719778e-01
3.480884660177490986e+00 -2.383669497508592028e-01
3.493451030791850265e+00 -3.291035763938924275e-01
3.506017401406209544e+00 -3.412885027145116101e-01
3.518583772020568823e+00 -2.455390512666248415e-01
3.531150142634927658e+00 -3.585440522516316619e-01
3.543716513249286937e+00 -3.578240588028719915e-01
3.556282883863646216e+00 -3.950910281466594176e-01
3.568849254478005495e+00 -2.985864038203874249e-01
3.581415625092364330e+00 -3.601101456603405526e-01
3.593981995706723609e+00 -2.612885249794501541e-01
3.606548366321082888e+00 -4.701419317908703821e-01
3.619114736935442167e+00 -4.710333769774975310e-01
3.631681107549800558e+00 -5.813746069702740993e-01
3.644247478164159837e+00 -4.330538538207272525e-01
3.656813848778519116e+00 -6.014912193843069410e-01
3.669380219392877951e+00 -4.999383738410661526e-01
3.681946590007237230e+00 -5.769377733957929966e-01
3.694512960621596509e+00 -6.685447182130421773e-01
3.707079331235955788e+00 -4.115678505131199483e-01
3.719645701850315067e+00 -5.546487816169375362e-01
3.732212072464673902e+00 -6.574760157151597895e-01
3.744778443079033181e+00 -7.184321573982381803e-01
3.757344813693392460e+00 -6.737611145526887224e-01
3.769911184307751739e+00 -6.593517814312730430e-01
3.782477554922110574e+00 -7.265666584099397252e-01
3.795043925536469853e+00 -4.598849152640385185e-01
3.807610296150829132e+00 -6.248577994267757729e-01
3.820176666765188411e+00 -7.135869894543820369e-01
3.832743037379547690e+00 -6.554665629237949043e-01
3.845309407993906525e+00 -6.604955264764228451e-01
3.857875778608265804e+00 -6.794604542129398794e-01
3.870442149222625083e+00 -5.750579210455746271e-01
3.883008519836984362e+00 -8.533455807351496558e-01
3.895574890451343641e+00 -5.854269325296839188e-01
3.908141261065702476e+00 -8.180509641823632272e-01
3.920707631680061755e+00 -8.284606185281480073e-01
3.933274002294421035e+00 -7.252341995714721712e-01
3.945840372908780314e+00 -6.366885717101330444e-01
3.958406743523139149e+00 -6.117153300413297190e-01
3.970973114137498428e+00 -6.488967673785972501e-01
3.983539484751857707e+00 -7.061504862601879484e-01
3.996105855366216986e+00 -7.236231944989344189e-01
4.008672225980576265e+00 -8.089106233671037316e-01
4.021238596594935544e+00 -7.407319915661532139e-01
4.033804967209294823e+00 -8.167114718064376611e-01
4.046371337823653214e+00 -7.004052598469749924e-01
4.058937708438012493e+00 -8.224419598045253910e-01
4.071504079052371772e+00 -6.738863780012394056e-01
4.084070449666731051e+00 -8.868627989713460114e-01
4.096636820281090330e+00 -8.188579366458261788e-01
4.109203190895449609e+00 -8.852410466173197268e-01
4.121769561509808888e+00 -6.372963230837775939e-01
4.134335932124168167e+00 -7.225913549715283768e-01
4.146902302738527446e+00 -6.318081811111722068e-01
4.159468673352886725e+00 -9.760158643959253588e-01
4.172035043967245116e+00 -1.033937091072382408e+00
4.184601414581604395e+00 -7.618479760863310357e-01
4.197167785195963674e+00 -9.338707299094972658e-01
4.209734155810322953e+00 -9.931549919086841705e-01
4.222300526424682232e+00 -9.650251200407508057e-01
4.234866897039041511e+00 -8.221864224579401581e-01
4.247433267653400790e+00 -8.614948090458460772e-01
4.259999638267760069e+00 -9.899411471242365312e-01
4.272566008882119348e+00 -1.030550709989048075e+00
4.285132379496477739e+00 -9.756888074614663564e-01
4.297698750110837018e+00 -8.693214438654515153e-01
4.310265120725196297e+00 -7.026046939754511111e-01
4.322831491339555576e+00 -8.276565512795449608e-01
4.335397861953914855e+00 -8.268848509720445605e-01
4.347964232568274134e+00 -7.624702269708094615e-01
4.360530603182633413e+00 -8.379447127547516860e-01
4.373096973796992692e+00 -1.057473980318054840e+00
4.385663344411351972e+00 -8.961115084473312287e-01
4.398229715025710362e+00 -7.280889970499569985e-01
4.410796085640069641e+00 -9.353809761524770616e-01
4.423362456254428032e+00 -1.062697390450409118e+00
4.435928826868787311e+00 -9.754162012912500623e-01
4.448495197483146590e+00 -9.176395602750387903e-01
4.461061568097505869e+00 -1.018802205383937620e+00
4.473627938711865148e+00 -1.007825533587182631e+00
4.486194309326224428e+00 -9.067922961323278130e-01
4.498760679940583707e+00 -9.147273123562608133e-01
4.511327050554942986e+00 -8.143939965279661797e-01
4.523893421169302265e+00 -1.012274283171268552e+00
4.536459791783661544e+00 -9.413891640661449234e-01
4.549026162398019935e+00 -1.024566663250829901e+00
4.561592533012379214e+00 -8.648211462940661454e-01
4.574158903626738493e+00 -1.033351140597589701e+00
4.586725274241097772e+00 -9.985954570312384204e-01
4.599291644855457051e+00 -9.479668408483731268e-01
4.611858015469816330e+00 -1.147070503156113030e+00
4.624424386084175609e+00 -9.160883589698437524e-01
4.636990756698534888e+00 -1.005235322679923327e+00
4.649557127312894167e+00 -8.793676584217029468e-01
4.662123497927252558e+00 -8.636564633099902411e-01
4.674689868541611837e+00 -8.249745000145485285e-01
4.687256239155971116e+00 -9.632606802864125406e-01
4.699822609770330395e+00 -8.589707908293900962e-01
4.712388980384689674e+00 -9.883367518695085341e-01
4.724955350999048953e+00 -8.525475522354073465e-01
4.737521721613408232e+00 -1.071812475590614877e+00
4.750088092227767511e+00 -9.727139617570523811e-01
4.762654462842126790e+00 -1.246949229684078730e+00
4.775220833456485181e+00 -8.915713524869125495e-01
4.787787204070844460e+00 -9.216742261779482526e-01
4.800353574685203739e+00 -1.085751202156636896e+00
4.812919945299563018e+00 -1.056030041667902708e+00
4.825486315913922297e+00 -1.039906802732257995e+00
4.838052686528281576e+00 -8.352559586611548736e-01
4.850619057142640855e+00 -1.033807017611004131e+00
4.863185427757000134e+00 -1.008152665555220207e+00
4.875751798371359413e+00 -9.840483761953665587e-01
4.888318168985717804e+00 -8.638775775925839895e-01
4.900884539600077083e+00 -8.662362261687197584e-01
4.913450910214436362e+00 -9.034764231146195090e-01
4.926017280828795641e+00 -9.837175135573779094e-01
4.938583651443154920e+00 -1.057982639875415964e+00
4.951150022057514200e+00 -9.591400273621387695e-01
4.963716392671873479e+00 -9.528038443390647316e-01
4.976282763286232758e+00 -1.097963649540947717e+00
4.988849133900592037e+00 -1.017490172780162627e+00
5.001415504514951316e+00 -9.673477189401905596e-01
5.013981875129309707e+00 -8.490665056329054217e-01
5.026548245743668986e+00 -1.130643993433030126e+00
5.039114616358028265e+00 -9.350751016472917954e-01
5.051680986972387544e+00 -8.619324640978951457e-01
5.064247357586746823e+00 -1.039181862870299566e+00
5.076813728201106102e+00 -9.065707080003568841e-01
5.089380098815465381e+00 -1.035118739416213796e+00
5.101946469429824660e+00 -9.529390367327073008e-01
5.114512840044183939e+00 -8.370107125106728274e-01
5.127079210658542330e+00 -9.839308548831662282e-01
5.139645581272901609e+00 -7.958122603940653850e-01
5.152211951887260888e+00 -8.056721792311913877e-01
5.164778322501620167e+00 -1.041561298526263668e+00
5.177344693115979446e+00 -1.036977315383487808e+00
5.189911063730338725e+00 -9.248387290145262396e-01
5.202477434344698004e+00 -1.106152063341516945e+00
5.215043804959057283e+00 -9.581225598628733131e-01
5.227610175573416562e+00 -9.246180452548861117e-01
5.240176546187774953e+00 -7.170510033897063984e-01
5.252742916802134232e+00 -8.130897984156023606e-01
5.265309287416492623e+00 -8.373200644479522614e-01
5.277875658030851902e+00 -8.737194373791363766e-01
5.290442028645211181e+00 -8.434926236501752994e-01
5.303008399259570460e+00 -8.114488376313637730e-01
5.315574769873929739e+00 -8.590012008307111868e-01
5.328141140488289018e+00 -8.155204735972937380e-01
5.340707511102648297e+00 -7.576492182027902977e-01
5.353273881717007576e+00 -6.247632285296346177e-01
5.365840252331366855e+00 -7.815516165070104382e-01
5.378406622945726134e+00 -6.265044436793532068e-01
5.390972993560084525e+00 -7.749845590587149946e-01
5.403539364174443804e+00 -5.117105645020283422e-01
5.416105734788803083e+00 -5.718022417130874668e-01
5.428672105403162362e+00 -6.502810310335912503e-01
5.441238476017521641e+00 -6.530193151272720709e-01
5.453804846631880920e+00 -8.824649529881324339e-01
5.466371217246240199e+00 -6.287866950435847535e-01
5.478937587860599479e+00 -6.778346644960996370e-01
5.491503958474958758e+00 -8.052786333498881399e-01
5.504070329089317148e+00 -6.262103239564585921e-01
5.516636699703676427e+00 -5.824452767421264276e-01
5.529203070318035707e+00 -7.223249057504139703e-01
5.541769440932394986e+00 -7.599218961373307435e-01
5.554335811546754265e+00 -6.346007925723982090e-01
5.566902182161113544e+00 -8.425665995157631816e-01
5.579468552775472823e+00 -6.848618992156365604e-01
5.592034923389832102e+00 -7.547137775478683919e-01
5.604601294004191381e+00 -6.951586987851694488e-01
5.617167664618549772e+00 -4.679918249487821647e-01
5.629734035232909051e+00 -6.454611615478081932e-01
5.642300405847268330e+00 -5.588381358950768041e-01
5.654866776461627609e+00 -4.182490439746040511e-01
5.667433147075986888e+00 -5.753818844116358466e-01
5.679999517690346167e+00 -5.863172008265814528e-01
5.692565888304705446e+00 -3.480771765022201980e-01
5.705132258919064725e+00 -4.802161517035480331e-01
5.717698629533424004e+00 -6.030288606965538145e-01
5.730265000147783283e+00 -4.210742253753228526e-01
5.742831370762141674e+00 -6.381377272536630230e-01
5.755397741376500953e+00 -5.385466495961842570e-01
5.767964111990860232e+00 -7.304819916942928426e-01
5.780530482605219511e+00 -4.726149826263115195e-01
5.793096853219578790e+00 -3.401903640679553309e-01
5.805663223833938069e+00 -7.635630563976782970e-01
5.818229594448297348e+00 -4.722125676020116347e-01
5.830795965062656627e+00 -3.079904372980289406e-01
5.843362335677015906e+00 -3.657339575051498648e-01
5.855928706291374297e+00 -3.875229676550126512e-01
5.868495076905733576e+00 -2.621288780274093622e-01
5.881061447520092855e+00 -3.055162489488070232e-01
5.893627818134452134e+00 -4.379238340102858396e-01
5.906194188748811413e+00 -4.383347812126541232e-01
5.918760559363170692e+00 -5.068750826518795272e-01
5.931326929977529971e+00 -4.506635568658846069e-01
5.943893300591889250e+00 -3.484535196010544733e-01
5.956459671206248530e+00 -2.815147645194558956e-01
5.969026041820606920e+00 -3.380844275612435168e-01
5.981592412434966199e+00 -3.760300801067374965e-01
5.994158783049325478e+00 -1.441212627358140208e-01
6.006725153663684758e+00 -1.433133356152321292e-01
6.019291524278044037e+00 -2.885303645381959159e-01
6.031857894892402427e+00 -2.733698304202071827e-01
6.044424265506761706e+00 -2.116008212107595987e-01
6.056990636121120986e+00 -3.317242907578170086e-01
6.069557006735480265e+00 -1.404319583441481223e-01
6.082123377349839544e+00 -9.308286501988788375e-02
6.094689747964198823e+00 -1.254096991126758820e-01
6.107256118578558102e+00 -1.012144386919253125e-02
6.119822489192916493e+00 -1.146161111220876383e-01
6.132388859807275772e+00 -1.593303402550036718e-01
6.144955230421635051e+00 -2.660446180439829389e-01
6.157521601035994330e+00 1.017069110463056369e-02
6.170087971650353609e+00 -1.065650635365074927e-01
6.182654342264712888e+00 -8.191755660051786014e-02
6.195220712879072167e+00 -1.312923615427687707e-01
6.207787083493431446e+00 1.764127564406451076e-01
6.220353454107790725e+00 6.302497189064891481e-02
6.232919824722149116e+00 -7.751969635810700143e-02
6.245486195336508395e+00 -2.363856396640181060e-02
6.258052565950867674e+00 -5.151707200337937720e-02
6.270618936565226953e+00 -1.681676551012423193e-01
