0.000000000000000000e+00 2.365141952328091157e-01
1.256637061435917323e-02 7.221685838324534701e-02
2.513274122871834645e-02 1.361421572000250102e-01
3.769911184307751795e-02 8.773815857679623242e-02
5.026548245743669291e-02 -5.681761724548164971e-02
6.283185307179586787e-02 2.003664852998016110e-01
7.539822368615503589e-02 1.785913899522071913e-01
8.796459430051420392e-02 1.433864050982149307e-01
1.005309649148733858e-01 8.410580918462773337e-02
1.130973355292325677e-01 1.267989325861426653e-01
1.256637061435917357e-01 1.827061285757694831e-01
1.382300767579508760e-01 3.737830471384139819e-01
1.507964473723100718e-01 2.715971704424774424e-01
1.633628179866692676e-01 3.877162131618396845e-01
1.759291886010284078e-01 2.998629657496376666e-01
1.884955592153875759e-01 -3.962574128586249245e-02
2.010619298297467716e-01 1.951179213384377220e-01
2.136283004441059397e-01 3.677566463144645859e-01
2.261946710584651354e-01 2.817377225634858928e-01
2.387610416728242757e-01 4.235884111591368129e-01
2.513274122871834715e-01 3.240578509210611524e-01
2.638937829015426395e-01 2.455114429591164771e-01
2.764601535159017520e-01 3.244689647666509913e-01
2.890265241302609756e-01 1.643722141237896617e-01
3.015928947446201436e-01 1.930850167618556879e-01
3.141592653589793116e-01 2.575652667563127496e-01
3.267256359733385351e-01 2.550954607740033575e-01
3.392920065876976476e-01 1.709268644911927648e-01
3.518583772020568157e-01 1.178649348701283628e-01
3.644247478164160392e-01 4.979864585403846466e-01
3.769911184307751517e-01 3.448538132921448729e-01
3.895574890451343197e-01 3.073893983569874755e-01
4.021238596594935433e-01 3.542906755642069028e-01
4.146902302738527113e-01 3.872271454948565950e-01
4.272566008882118793e-01 4.369531353456692635e-01
4.398229715025711029e-01 5.109843990222964205e-01
4.523893421169302709e-01 2.040364977969406635e-01
4.649557127312893834e-01 6.272038694415292825e-01
4.775220833456485514e-01 3.924302650346896959e-01
4.900884539600077194e-01 4.605522581858043085e-01
5.026548245743669430e-01 3.283820325358572378e-01
5.152211951887261110e-01 5.037786625955250619e-01
5.277875658030852790e-01 5.503623955321281791e-01
5.403539364174444470e-01 5.637432058849715100e-01
5.529203070318035040e-01 5.106329603714754306e-01
5.654866776461627831e-01 8.327937578974768940e-01
5.780530482605219511e-01 4.849404293947500721e-01
5.906194188748811191e-01 4.660683772547800641e-01
6.031857894892402872e-01 5.194238206315289208e-01
6.157521601035994552e-01 3.625868470376316655e-01
6.283185307179586232e-01 6.747387455209296059e-01
6.408849013323177912e-01 4.261247446279915474e-01
6.534512719466770703e-01 5.256156189578427007e-01
6.660176425610361273e-01 4.637609609515640496e-01
6.785840131753952953e-01 6.081579031018530257e-01
6.911503837897544633e-01 6.372514880541434446e-01
7.037167544041136313e-01 5.400235411851421752e-01
7.162831250184729104e-01 5.979873873394719874e-01
7.288494956328320784e-01 7.049624479468622473e-01
7.414158662471912464e-01 7.771857250303733089e-01
7.539822368615503034e-01 6.807469460095958436e-01
7.665486074759094715e-01 7.138074383614312346e-01
7.791149780902686395e-01 6.573134755136452734e-01
7.916813487046279185e-01 6.640573111915216709e-01
8.042477193189870865e-01 4.647192690325709918e-01
8.168140899333462546e-01 6.820865985731191516e-01
8.293804605477054226e-01 7.310636203356386531e-01
8.419468311620645906e-01 8.235371086896884352e-01
8.545132017764237586e-01 9.216054255205139434e-01
8.670795723907829267e-01 7.843250187262013062e-01
8.796459430051422057e-01 7.315125079932269792e-01
8.922123136195013737e-01 7.453340811167716851e-01
9.047786842338605418e-01 7.526687208552814701e-01
9.173450548482194877e-01 7.398272722353209652e-01
9.299114254625787668e-01 7.253412909412274567e-01
9.424777960769379348e-01 8.286084872423291614e-01
9.550441666912971028e-01 7.200660054441475610e-01
9.676105373056562708e-01 8.764147631789616089e-01
9.801769079200154389e-01 5.484891986625328730e-01
9.927432785343746069e-01 9.278711305630833461e-01
1.005309649148733886e+00 8.042495328539168709e-01
1.017876019763092943e+00 9.491486194706885149e-01
1.030442390377452222e+00 9.237462123637906197e-01
1.043008760991811279e+00 8.943249563918630463e-01
1.055575131606170558e+00 9.803945819575505816e-01
1.068141502220529837e+00 8.302521315803211843e-01
1.080707872834888894e+00 9.226761217959004169e-01
1.093274243449248173e+00 1.040672219792484698e+00
1.105840614063607008e+00 8.398101182624347905e-01
1.118406984677966287e+00 9.102166145696010124e-01
1.130973355292325566e+00 7.911640560125465793e-01
1.143539725906684623e+00 7.420878782752724501e-01
1.156106096521043902e+00 9.253817588212729373e-01
1.168672467135402959e+00 1.046871631202143105e+00
1.181238837749762238e+00 8.807756641991595359e-01
1.193805208364121295e+00 1.264276207035832433e+00
1.206371578978480574e+00 8.047620705714830791e-01
1.218937949592839853e+00 9.783600370163835214e-01
1.231504320207198910e+00 9.377765675440512538e-01
1.244070690821558189e+00 9.220807540842539396e-01
1.256637061435917246e+00 8.015772800549691990e-01
1.269203432050276525e+00 8.932131105655659598e-01
1.281769802664635582e+00 1.004487262047829566e+00
1.294336173278994861e+00 9.678704464717005074e-01
1.306902543893354141e+00 9.570208726249745945e-01
1.319468914507712975e+00 9.193315507319705926e-01
1.332035285122072255e+00 9.622034892491556635e-01
1.344601655736431534e+00 8.025737507058392506e-01
1.357168026350790591e+00 1.173763224466283006e+00
1.369734396965149870e+00 1.024715259591021832e+00
1.382300767579508927e+00 1.049896262932134006e+00
1.394867138193868206e+00 1.167671188663379045e+00
1.407433508808227263e+00 9.441725728152262631e-01
1.419999879422586542e+00 1.006794160061943000e+00
1.432566250036945821e+00 9.417801153169266248e-01
1.445132620651304878e+00 1.162926657854090218e+00
1.457698991265664157e+00 9.622256628439419535e-01
1.470265361880023214e+00 9.820270872218074265e-01
1.482831732494382493e+00 9.384105640058616471e-01
1.495398103108741550e+00 1.103881365562094263e+00
1.507964473723100607e+00 8.723965058908074166e-01
1.520530844337459886e+00 1.107969481043453719e+00
1.533097214951818943e+00 9.745768207584061260e-01
1.545663585566178222e+00 1.016762604500206724e+00
1.558229956180537279e+00 8.932183584124754328e-01
1.570796326794896558e+00 7.424156163767789973e-01
1.583362697409255837e+00 8.972365291629227357e-01
1.595929068023614894e+00 1.107152764600505490e+00
1.608495438637974173e+00 1.137260796497454818e+00
1.621061809252333230e+00 9.166087060124963326e-01
1.633628179866692509e+00 9.600815720297767308e-01
1.646194550481051566e+00 8.239780571376011942e-01
1.658760921095410845e+00 1.055935249184445812e+00
1.671327291709770124e+00 1.040594587330045284e+00
1.683893662324129181e+00 1.018264706203611647e+00
1.696460032938488460e+00 1.165362604324165385e+00
1.709026403552847517e+00 1.051857562973993021e+00
1.721592774167206796e+00 1.084531395370826434e+00
1.734159144781565853e+00 8.781722929989814741e-01
1.746725515395925132e+00 9.996805752205175644e-01
1.759291886010284411e+00 1.316478948579475006e+00
1.771858256624643468e+00 8.769137981512602487e-01
1.784424627239002747e+00 9.794525559147309046e-01
1.796990997853361804e+00 1.037590547458293377e+00
1.809557368467721084e+00 1.025447246505157839e+00
1.822123739082079918e+00 9.718335328164465770e-01
1.834690109696438975e+00 9.999230763811529643e-01
1.847256480310798255e+00 8.859877237572196806e-01
1.859822850925157534e+00 1.116377782855803913e+00
1.872389221539516591e+00 9.743817862970309829e-01
1.884955592153875870e+00 8.246620884554752839e-01
1.897521962768234927e+00 8.090948138104027132e-01
1.910088333382594206e+00 1.083827570538251406e+00
1.922654703996953263e+00 8.553108328285204953e-01
1.935221074611312542e+00 7.073562224582675695e-01
1.947787445225671821e+00 1.108603169444721148e+00
1.960353815840030878e+00 9.208562113176734787e-01
1.972920186454390157e+00 1.023800933862350160e+00
1.985486557068749214e+00 9.580501511737578024e-01
1.998052927683108493e+00 9.216286175382163437e-01
2.010619298297467772e+00 1.056608869374783710e+00
2.023185668911826607e+00 1.081747481266358779e+00
2.035752039526185886e+00 8.186647457641047509e-01
2.048318410140545165e+00 7.261726091827928053e-01
2.060884780754904444e+00 8.500629438241039670e-01
2.073451151369263723e+00 8.917180470649980206e-01
2.086017521983622558e+00 9.366686788224175553e-01
2.098583892597981837e+00 9.791673991415141831e-01
2.111150263212341116e+00 8.153762241239327357e-01
2.123716633826700395e+00 8.798008308496475527e-01
2.136283004441059674e+00 8.062174517759498338e-01
2.148849375055418509e+00 8.867967694545880741e-01
2.161415745669777788e+00 8.612975215169932364e-01
2.173982116284137067e+00 7.949767155934758245e-01
2.186548486898496346e+00 7.436468125002275720e-01
2.199114857512855181e+00 8.043202084089461357e-01
2.211681228127214016e+00 8.251856870816969280e-01
2.224247598741573295e+00 8.775379393753459656e-01
2.236813969355932574e+00 7.148922193320839114e-01
2.249380339970291853e+00 7.449036286862619205e-01
2.261946710584651132e+00 7.348173108422376698e-01
2.274513081199009967e+00 7.573126984686449070e-01
2.287079451813369246e+00 6.397024520604924769e-01
2.299645822427728525e+00 8.493208425095535308e-01
2.312212193042087804e+00 7.104504154737059096e-01
2.324778563656447083e+00 7.542199486974275890e-01
2.337344934270805918e+00 6.597087299014118278e-01
2.349911304885165197e+00 8.931190280338747733e-01
2.362477675499524477e+00 6.316896609529915052e-01
2.375044046113883756e+00 6.127740443683415972e-01
2.387610416728242591e+00 5.700965626336910175e-01
2.400176787342601870e+00 5.404334257827042576e-01
2.412743157956961149e+00 6.737315802523133890e-01
2.425309528571320428e+00 4.873314001435642417e-01
2.437875899185679707e+00 5.661476359829606952e-01
2.450442269800038542e+00 6.660126557158577709e-01
2.463008640414397821e+00 5.175533953859470238e-01
2.475575011028757100e+00 5.404842494127013452e-01
2.488141381643116379e+00 6.000434645493109009e-01
2.500707752257475658e+00 5.430104222734650765e-01
2.513274122871834493e+00 5.941462868588858193e-01
2.525840493486193772e+00 5.667762099618446348e-01
2.538406864100553051e+00 7.236281927961071281e-01
2.550973234714912330e+00 4.364216356471358749e-01
2.563539605329271165e+00 5.239265169771485375e-01
2.576105975943630444e+00 4.863094993338339389e-01
2.588672346557989723e+00 5.753059745479454090e-01
2.601238717172349002e+00 5.431507683567731171e-01
2.613805087786708281e+00 3.778266638951588430e-01
2.626371458401067116e+00 5.080435734647892332e-01
2.638937829015425951e+00 4.914851430247029196e-01
2.651504199629785230e+00 4.056429391053286704e-01
2.664070570244144509e+00 4.248639464633992002e-01
2.676636940858503788e+00 4.341066460792485371e-01
2.689203311472863067e+00 3.499731860055226296e-01
2.701769682087221902e+00 2.811648218150689660e-01
2.714336052701581181e+00 5.795716103622533533e-01
2.726902423315940460e+00 4.714051311554720014e-01
2.739468793930299739e+00 3.838662884602426217e-01
2.752035164544658574e+00 5.001877323765133720e-01
2.764601535159017853e+00 3.479643064006358588e-01
2.777167905773377132e+00 2.884166598216620914e-01
2.789734276387736411e+00 2.864599537200319679e-01
2.802300647002095690e+00 3.729699179187533353e-01
2.814867017616454525e+00 3.402726523602056519e-01
2.827433388230813804e+00 4.211013199209574509e-01
2.839999758845173083e+00 3.231794010442222143e-01
2.852566129459532362e+00 2.764187187222688080e-01
2.865132500073891642e+00 2.136870638826525726e-01
2.877698870688250476e+00 2.243950100336630782e-01
2.890265241302609756e+00 3.254346962809150368e-01
2.902831611916969035e+00 1.464051421480103699e-01
2.915397982531328314e+00 2.333139843299062155e-01
2.927964353145687149e+00 2.136786790865456143e-01
2.940530723760046428e+00 2.326915715519848882e-01
2.953097094374405707e+00 2.755497794100619235e-01
2.965663464988764986e+00 2.277250405573307268e-01
2.978229835603124265e+00 3.220290378232379958e-01
2.990796206217483100e+00 2.021381550422211293e-01
3.003362576831842379e+00 9.698907708812655459e-02
3.015928947446201214e+00 6.962757650925185948e-02
3.028495318060560493e+00 1.284519010125215466e-01
3.041061688674919772e+00 -4.984157650318496446e-03
3.053628059289279051e+00 9.074898497650799034e-02
3.066194429903637886e+00 2.805282708940482622e-02
3.078760800517997165e+00 7.911465379185927960e-02
3.091327171132356444e+00 5.542489169300501839e-02
3.103893541746715723e+00 5.629601623319126225e-02
3.116459912361074558e+00 -4.878543182057699934e-02
3.129026282975433837e+00 1.229597071381890727e-01
3.141592653589793116e+00 9.485817075059939374e-02
3.154159024204152395e+00 -6.050201864034201321e-02
3.166725394818511674e+00 -5.681436242617053656e-02
3.179291765432870509e+00 9.717218600211460777e-02
3.191858136047229788e+00 -8.314322269943327792e-02
3.204424506661589067e+00 -5.100385990570702188e-02
3.216990877275948346e+00 -4.284952084978640302e-02
3.229557247890307181e+00 -7.334964547654194977e-02
3.242123618504666460e+00 -1.261524870945124333e-02
3.254689989119025739e+00 -8.368685822463324542e-02
3.267256359733385018e+00 -2.324200858330160713e-01
3.279822730347744297e+00 -1.883976375502123823e-01
3.292389100962103132e+00 -2.606861254615797097e-01
3.304955471576462411e+00 -3.317283935130932448e-01
3.317521842190821690e+00 -2.641817958617151962e-01
3.330088212805180969e+00 -3.153465077252819437e-01
3.342654583419540248e+00 -5.289255372758164264e-02
3.355220954033899083e+00 -1.350957931181877569e-01
3.367787324648258362e+00 -2.056323847351543554e-01
3.380353695262617642e+00 -4.886969225275650253e-01
3.392920065876976921e+00 -3.314125098431797700e-01
3.405486436491335756e+00 -1.694270014252805823e-01
3.418052807105695035e+00 -1.925773945534983433e-01
3.430619177720054314e+00 -2.177428652895356254e-01
3.443185548334413593e+00 -4.268145926310858984e-01
3.455751918948772872e+00 -2.744845778142410708e-01
3.468318289563131707e+00 -3.123943391065676645e-01
3.480884660177490986e+00 -3.463283858616229005e-01
3.493451030791850265e+00 -4.211128737068444150e-01
3.506017401406209544e+00 -3.835361288627945342e-01
3.518583772020568823e+00 -5.189478550987243199e-01
3.531150142634927658e+00 -4.426977499165568597e-01
3.543716513249286937e+00 -5.347137575005597165e-01
3.556282883863646216e+00 -5.420278550813323326e-01
3.568849254478005495e+00 -3.930065996499045866e-01
3.581415625092364330e+00 -2.245594053550357128e-01
3.593981995706723609e+00 -4.570370869854182283e-01
3.606548366321082888e+00 -3.981319732873634387e-01
3.619114736935442167e+00 -1.931598423614783733e-01
3.631681107549800558e+00 -7.220512451905052309e-01
3.644247478164159837e+00 -5.105066824030185524e-01
3.656813848778519116e+00 -4.516585191874393779e-01
3.669380219392877951e+00 -4.234659755376505297e-01
3.681946590007237230e+00 -4.018955398595765449e-01
3.694512960621596509e+00 -7.033458705053354798e-01
3.707079331235955788e+00 -5.504490771717505115e-01
3.719645701850315067e+00 -6.652083070664869258e-01
3.732212072464673902e+00 -5.571282652297084859e-01
3.744778443079033181e+00 -7.429677953766848919e-01
3.757344813693392460e+00 -6.120712952890329239e-01
3.769911184307751739e+00 -5.015147005812499170e-01
3.782477554922110574e+00 -5.520380165543312678e-01
3.795043925536469853e+00 -6.685566097109933992e-01
3.807610296150829132e+00 -7.683726023264739746e-01
3.820176666765188411e+00 -7.142636039258101199e-01
3.832743037379547690e+00 -6.487461281699259397e-01
3.845309407993906525e+00 -6.023863840999296171e-01
3.857875778608265804e+00 -6.213515712982595751e-01
3.870442149222625083e+00 -8.080744823803547305e-01
3.883008519836984362e+00 -5.225086674060952507e-01
3.895574890451343641e+00 -6.560037489178230929e-01
3.908141261065702476e+00 -7.146909900437552476e-01
3.920707631680061755e+00 -7.567702866186002408e-01
3.933274002294421035e+00 -7.128543793484476421e-01
3.945840372908780314e+00 -7.371689584526815997e-01
3.958406743523139149e+00 -8.990828977271126954e-01
3.970973114137498428e+00 -7.503577211150895820e-01
3.983539484751857707e+00 -6.924762720757452472e-01
3.996105855366216986e+00 -8.346340924849781073e-01
4.008672225980576265e+00 -7.496087475186669069e-01
4.021238596594935544e+00 -7.149078184661742386e-01
4.033804967209294823e+00 -7.917319522608227134e-01
4.046371337823653214e+00 -8.408251720065116341e-01
4.058937708438012493e+00 -9.116694141869826629e-01
4.071504079052371772e+00 -8.346553054843930397e-01
4.084070449666731051e+00 -8.548615189232795508e-01
4.096636820281090330e+00 -7.484654088789320925e-01
4.109203190895449609e+00 -8.763964291114537675e-01
4.121769561509808888e+00 -8.871559422741938095e-01
4.134335932124168167e+00 -6.787430863117343005e-01
4.146902302738527446e+00 -6.751860724111157230e-01
4.159468673352886725e+00 -7.692896544528617930e-01
4.172035043967245116e+00 -7.833159947200768469e-01
4.184601414581604395e+00 -8.585588814949368652e-01
4.197167785195963674e+00 -9.099904465642419948e-01
4.209734155810322953e+00 -9.652222271879252746e-01
4.222300526424682232e+00 -7.336852296360946157e-01
4.234866897039041511e+00 -7.490298747872963236e-01
4.247433267653400790e+00 -7.544493525404001311e-01
4.259999638267760069e+00 -8.354573186289174780e-01
4.272566008882119348e+00 -1.172229136355203982e+00
4.285132379496477739e+00 -1.014837043697904173e+00
4.297698750110837018e+00 -1.017447444199204298e+00
4.310265120725196297e+00 -1.043402386482275901e+00
4.322831491339555576e+00 -8.424497741507041004e-01
4.335397861953914855e+00 -9.756225070992019521e-01
4.347964232568274134e+00 -8.771570055499700036e-01
4.360530603182633413e+00 -1.000745957266782726e+00
4.373096973796992692e+00 -9.487050957881512092e-01
4.385663344411351972e+00 -1.144224233843288863e+00
4.398229715025710362e+00 -9.814318632145533350e-01
4.410796085640069641e+00 -9.583217592364686732e-01
4.423362456254428032e+00 -8.011062549005250055e-01
4.435928826868787311e+00 -1.242101048856799839e+00
4.448495197483146590e+00 -8.743435453706001059e-01
4.461061568097505869e+00 -1.066097385416316268e+00
4.473627938711865148e+00 -8.204881676675237490e-01
4.486194309326224428e+00 -9.729565085464224605e-01
4.498760679940583707e+00 -9.397229715562183117e-01
4.511327050554942986e+00 -1.037516773502660694e+00
4.523893421169302265e+00 -9.926304307572743069e-01
4.536459791783661544e+00 -1.067040323054816886e+00
4.549026162398019935e+00 -9.661926794870664414e-01
4.561592533012379214e+00 -9.699747213405907065e-01
4.574158903626738493e+00 -9.640859589628240078e-01
4.586725274241097772e+00 -1.086267984955778587e+00
4.599291644855457051e+00 -1.091481583613429951e+00
4.611858015469816330e+00 -1.043230328201771195e+00
4.624424386084175609e+00 -9.392989342293714961e-01
4.636990756698534888e+00 -9.830104951498217503e-01
4.649557127312894167e+00 -9.932843096105935521e-01
4.662123497927252558e+00 -1.172901520250961616e+00
4.674689868541611837e+00 -1.045852135953455608e+00
4.687256239155971116e+00 -8.665376275568412723e-01
4.699822609770330395e+00 -9.545862507514433215e-01
4.712388980384689674e+00 -1.196421367954882742e+00
4.724955350999048953e+00 -8.837617693170480848e-01
4.737521721613408232e+00 -9.298599673260611320e-01
4.750088092227767511e+00 -9.444618784693449287e-01
4.762654462842126790e+00 -9.277074780139457078e-01
4.775220833456485181e+00 -7.856961078315107816e-01
4.787787204070844460e+00 -9.737541674864154118e-01
4.800353574685203739e+00 -8.769465084095937613e-01
4.812919945299563018e+00 -1.157046876546487635e+00
4.825486315913922297e+00 -1.078287219950286202e+00
4.838052686528281576e+00 -1.041188989211866422e+00
4.850619057142640855e+00 -9.155022379029857937e-01
4.863185427757000134e+00 -1.061848218609286576e+00
4.875751798371359413e+00 -1.061284211192362825e+00
4.888318168985717804e+00 -9.429853094228161092e-01
4.900884539600077083e+00 -9.410519966292809624e-01
4.913450910214436362e+00 -9.074218998532409541e-01
4.926017280828795641e+00 -9.288962807415487299e-01
4.938583651443154920e+00 -9.680944299080858073e-01
4.951150022057514200e+00 -1.012712739700251108e+00
4.963716392671873479e+00 -9.506071211645320540e-01
4.976282763286232758e+00 -9.382778854422672010e-01
4.988849133900592037e+00 -1.085921725673755223e+00
5.001415504514951316e+00 -9.634846062749300444e-01
5.013981875129309707e+00 -9.811385362127998944e-01
5.026548245743668986e+00 -8.400099585665564694e-01
5.039114616358028265e+00 -9.204830571813507056e-01
5.051680986972387544e+00 -9.745638864966230663e-01
5.064247357586746823e+00 -9.341834664662737042e-01
5.076813728201106102e+00 -9.262421748164637592e-01
5.089380098815465381e+00 -9.838698301391706202e-01
5.101946469429824660e+00 -9.554485541794024428e-01
5.114512840044183939e+00 -7.492326243503978356e-01
5.127079210658542330e+00 -9.424658936411540733e-01
5.139645581272901609e+00 -8.397709847243335357e-01
5.152211951887260888e+00 -8.982647494804653077e-01
5.164778322501620167e+00 -1.080683851055489031e+00
5.177344693115979446e+00 -9.114606766628685630e-01
5.189911063730338725e+00 -7.975892367519012982e-01
5.202477434344698004e+00 -7.856631131407810775e-01
5.215043804959057283e+00 -7.787386889539184009e-01
5.227610175573416562e+00 -9.422294043328798274e-01
5.240176546187774953e+00 -8.940373836928365847e-01
5.252742916802134232e+00 -6.652033094373792643e-01
5.265309287416492623e+00 -8.390917256715085815e-01
5.277875658030851902e+00 -8.615514866603157795e-01
5.290442028645211181e+00 -7.715518644904090229e-01
5.303008399259570460e+00 -8.579010689850655735e-01
5.315574769873929739e+00 -8.236200436744043341e-01
5.328141140488289018e+00 -7.073397892183379554e-01
5.340707511102648297e+00 -9.284029392223875909e-01
5.353273881717007576e+00 -8.003107319392607222e-01
5.365840252331366855e+00 -8.021194819101750140e-01
5.378406622945726134e+00 -7.766805472038995628e-01
5.390972993560084525e+00 -9.441712779909310349e-01
5.403539364174443804e+00 -9.340253424977231766e-01
5.416105734788803083e+00 -9.992130521297517554e-01
5.428672105403162362e+00 -7.258565139789066034e-01
5.441238476017521641e+00 -7.187202684181233092e-01
5.453804846631880920e+00 -6.490358862110687799e-01
5.466371217246240199e+00 -7.384810949719979867e-01
5.478937587860599479e+00 -7.746097491647635502e-01
5.491503958474958758e+00 -7.018356841550766889e-01
5.504070329089317148e+00 -7.705628164712770012e-01
5.516636699703676427e+00 -8.211730653236370969e-01
5.529203070318035707e+00 -6.671269042499411439e-01
5.541769440932394986e+00 -6.520679707752476961e-01
5.554335811546754265e+00 -8.578090939249415348e-01
5.566902182161113544e+00 -5.930222610830364616e-01
5.579468552775472823e+00 -7.485833039065139527e-01
5.592034923389832102e+00 -5.443772418739784014e-01
5.604601294004191381e+00 -6.324449178743200006e-01
5.617167664618549772e+00 -5.793486034624462100e-01
5.629734035232909051e+00 -5.406710482012669905e-01
5.642300405847268330e+00 -5.739040843530812674e-01
5.654866776461627609e+00 -6.273895239620412845e-01
5.667433147075986888e+00 -7.773199217801495253e-01
5.679999517690346167e+00 -4.571337165615211307e-01
5.692565888304705446e+00 -4.371877646216835167e-01
5.705132258919064725e+00 -6.087536240858559822e-01
5.717698629533424004e+00 -6.153125325810351320e-01
5.730265000147783283e+00 -5.221653820042476690e-01
5.742831370762141674e+00 -4.095716066780171749e-01
5.755397741376500953e+00 -4.269622293514596656e-01
5.767964111990860232e+00 -4.545101146878461340e-01
5.780530482605219511e+00 -3.616107839564450810e-01
5.793096853219578790e+00 -3.884594422476396192e-01
5.805663223833938069e+00 -4.058275530363070760e-01
5.818229594448297348e+00 -4.972717930915461215e-01
5.830795965062656627e+00 -4.277728061838878548e-01
5.843362335677015906e+00 -1.910185501710661704e-01
5.855928706291374297e+00 -4.893938377090586989e-01
5.868495076905733576e+00 -5.267829133158029586e-01
5.881061447520092855e+00 -3.442723790306629894e-01
5.893627818134452134e+00 -3.869851996174340503e-01
5.906194188748811413e+00 -5.658521543825970612e-01
5.918760559363170692e+00 -4.852979548123061981e-01
5.931326929977529971e+00 -3.552457184698606940e-01
5.943893300591889250e+00 -4.029665835046174482e-01
5.956459671206248530e+00 -1.964652393217285742e-01
5.969026041820606920e+00 -3.543210275999146841e-01
5.981592412434966199e+00 -2.116993603722655826e-01
5.994158783049325478e+00 -2.949827508302488299e-01
6.006725153663684758e+00 -2.550232440363381370e-01
6.019291524278044037e+00 -9.704655926359612161e-02
6.031857894892402427e+00 -3.343535802686542491e-01
6.044424265506761706e+00 -2.007458387281307322e-01
6.056990636121120986e+00 -2.690009341303288837e-01
6.069557006735480265e+00 -3.207246797125448690e-02
6.082123377349839544e+00 -1.474955896456986715e-01
6.094689747964198823e+00 -2.691458022030743802e-01
6.107256118578558102e+00 -7.416392164776469675e-02
6.119822489192916493e+00 -1.652421632413302588e-01
6.132388859807275772e+00 -2.981869065204931779e-01
6.144955230421635051e+00 -2.720083395451067254e-01
6.157521601035994330e+00 -4.344114017903423497e-02
6.170087971650353609e+00 -1.529873100356309856e-01
6.182654342264712888e+00 -1.656663237158305935e-01
6.195220712879072167e+00 -9.115711707397396169e-02
6.207787083493431446e+00 -5.427883756706490537e-02
6.220353454107790725e+00 -2.617151967670405116e-02
6.232919824722149116e+00 -1.288568152026595415e-01
6.245486195336508395e+00 1.954253913839348322e-01
6.258052565950867674e+00 -1.693122452215562457e-01
6.270618936565226953e+00 -5.403130559752990919e-02
