0.000000000000000000e+00 2.058648668506278534e-02
1.256637061435917323e-02 1.292422108011612447e-01
2.513274122871834645e-02 -1.821338824140981139e-01
3.769911184307751795e-02 -2.557853463769850511e-02
5.026548245743669291e-02 1.499569631015749138e-01
6.283185307179586787e-02 3.022458990389703670e-01
7.539822368615503589e-02 2.120343826045006236e-02
8.796459430051420392e-02 1.631217386010716808e-01
1.005309649148733858e-01 -1.146734645552145992e-01
1.130973355292325677e-01 8.231233125349932123e-02
1.256637061435917357e-01 8.514363464155987049e-02
1.382300767579508760e-01 7.658702655532638459e-02
1.507964473723100718e-01 1.378847090920015117e-01
1.633628179866692676e-01 1.098251254630951690e-01
1.759291886010284078e-01 2.661381114926452129e-01
1.884955592153875759e-01 -1.880755640522885352e-02
2.010619298297467716e-01 3.731192272004733024e-01
2.136283004441059397e-01 1.063890449449505365e-01
2.261946710584651354e-01 4.048731818213982536e-01
2.387610416728242757e-01 4.204415453688810089e-01
2.513274122871834715e-01 4.884978190318085001e-01
2.638937829015426395e-01 3.151317530678758860e-01
2.764601535159017520e-01 2.501881485053249476e-01
2.890265241302609756e-01 2.577787100683880395e-01
3.015928947446201436e-01 4.069286579614537214e-01
3.141592653589793116e-01 2.911658568339848263e-01
3.267256359733385351e-01 2.985695888301412859e-01
3.392920065876976476e-01 3.655864681390175175e-01
3.518583772020568157e-01 1.403081329596293780e-01
3.644247478164160392e-01 1.223660475492883704e-01
3.769911184307751517e-01 4.120924946659861865e-01
3.895574890451343197e-01 3.728316690052355664e-01
4.021238596594935433e-01 4.458089202035732668e-01
4.146902302738527113e-01 4.894798086320548691e-01
4.272566008882118793e-01 3.326979320975683718e-01
4.398229715025711029e-01 3.802211912001857708e-01
4.523893421169302709e-01 5.193165537639949925e-01
4.649557127312893834e-01 3.493578917162897257e-01
4.775220833456485514e-01 5.230988799879621176e-01
4.900884539600077194e-01 4.304623051468627892e-01
5.026548245743669430e-01 4.084142998964183091e-01
5.152211951887261110e-01 4.225271692064740403e-01
5.277875658030852790e-01 5.032017511487356654e-01
5.403539364174444470e-01 4.661327114088505974e-01
5.529203070318035040e-01 4.382945447288448815e-01
5.654866776461627831e-01 6.656353245505826077e-01
5.780530482605219511e-01 6.197879690836425315e-01
5.906194188748811191e-01 5.001529751422890691e-01
6.031857894892402872e-01 6.119226192982424317e-01
6.157521601035994552e-01 6.575319532161753022e-01
6.283185307179586232e-01 5.729478553265469065e-01
6.408849013323177912e-01 5.362038953762003901e-01
6.534512719466770703e-01 4.850584991663034473e-01
6.660176425610361273e-01 6.303247647459486735e-01
6.785840131753952953e-01 5.653765869588520676e-01
6.911503837897544633e-01 6.763761494168675226e-01
7.037167544041136313e-01 6.064900267567528980e-01
7.162831250184729104e-01 6.442247290241582824e-01
7.288494956328320784e-01 8.038995084285402992e-01
7.414158662471912464e-01 7.562632762403943554e-01
7.539822368615503034e-01 7.728660961923450312e-01
7.665486074759094715e-01 7.440155285458888157e-01
7.791149780902686395e-01 7.430798800590043829e-01
7.916813487046279185e-01 8.917365599579191171e-01
8.042477193189870865e-01 8.005551667289141360e-01
8.168140899333462546e-01 7.561811418818595865e-01
8.293804605477054226e-01 7.707525834616953953e-01
8.419468311620645906e-01 8.364577560848847071e-01
8.545132017764237586e-01 7.713474831281819100e-01
8.670795723907829267e-01 7.218381841866574611e-01
8.796459430051422057e-01 9.546847512917899792e-01
8.922123136195013737e-01 7.589584853640648499e-01
9.047786842338605418e-01 8.541143510328216282e-01
9.173450548482194877e-01 6.967734349516808701e-01
9.299114254625787668e-01 8.319105180384620546e-01
9.424777960769379348e-01 8.762763944357011558e-01
9.550441666912971028e-01 8.345354050595732431e-01
9.676105373056562708e-01 6.862801852155346882e-01
9.801769079200154389e-01 8.515059557678544833e-01
9.927432785343746069e-01 9.388046506960033843e-01
1.005309649148733886e+00 9.088644450411822451e-01
1.017876019763092943e+00 6.595592792179373332e-01
1.030442390377452222e+00 9.098525280323993547e-01
1.043008760991811279e+00 7.649501705046168887e-01
1.055575131606170558e+00 8.642969723853076713e-01
1.068141502220529837e+00 9.864919792101024543e-01
1.080707872834888894e+00 9.295276745848366495e-01
1.093274243449248173e+00 8.733855656293084690e-01
1.105840614063607008e+00 7.969242699662665297e-01
1.118406984677966287e+00 1.006638426218410487e+00
1.130973355292325566e+00 9.667043892089487445e-01
1.143539725906684623e+00 7.560051808249458327e-01
1.156106096521043902e+00 9.654970783488503461e-01
1.168672467135402959e+00 7.614080046409212876e-01
1.181238837749762238e+00 7.047742115764510373e-01
1.193805208364121295e+00 9.944350386179774404e-01
1.206371578978480574e+00 9.761451744491737026e-01
1.218937949592839853e+00 9.144493317869162308e-01
1.231504320207198910e+00 8.327905086655544853e-01
1.244070690821558189e+00 8.905745478181802399e-01
1.256637061435917246e+00 9.533187868467496440e-01
1.269203432050276525e+00 9.796291946858760591e-01
1.281769802664635582e+00 1.139995113015424000e+00
1.294336173278994861e+00 1.103432727700918825e+00
1.306902543893354141e+00 9.244105217099581884e-01
1.319468914507712975e+00 9.831944037671260794e-01
1.332035285122072255e+00 1.027336971199797500e+00
1.344601655736431534e+00 1.130385823764307629e+00
1.357168026350790591e+00 8.988862264497758936e-01
1.369734396965149870e+00 9.968415366499057129e-01
1.382300767579508927e+00 1.109734588802954391e+00
1.394867138193868206e+00 1.009830209166267423e+00
1.407433508808227263e+00 7.782870308436996565e-01
1.419999879422586542e+00 9.201687267089754263e-01
1.432566250036945821e+00 1.204859401137626129e+00
1.445132620651304878e+00 8.666084974691344867e-01
1.457698991265664157e+00 1.055780767188059910e+00
1.470265361880023214e+00 1.015933795545595819e+00
1.482831732494382493e+00 1.041202314571854748e+00
1.495398103108741550e+00 1.142421836542000468e+00
1.507964473723100607e+00 1.151909059432682403e+00
1.520530844337459886e+00 1.101469951603748942e+00
1.533097214951818943e+00 1.221368981152392230e+00
1.545663585566178222e+00 1.025788087551267491e+00
1.558229956180537279e+00 1.068534566539082187e+00
1.570796326794896558e+00 1.043328994246939700e+00
1.583362697409255837e+00 8.275895533704966667e-01
1.595929068023614894e+00 1.194651392647585464e+00
1.608495438637974173e+00 7.555316965219927017e-01
1.621061809252333230e+00 9.817704120871458828e-01
1.633628179866692509e+00 8.989114243376290503e-01
1.646194550481051566e+00 1.118670780177563495e+00
1.658760921095410845e+00 1.010791686240102072e+00
1.671327291709770124e+00 1.064458322943584667e+00
1.683893662324129181e+00 9.696974525479021834e-01
1.696460032938488460e+00 8.016098598216303550e-01
1.709026403552847517e+00 1.073025156840954564e+00
1.721592774167206796e+00 8.581718169127923179e-01
1.734159144781565853e+00 8.252909892428930139e-01
1.746725515395925132e+00 9.738695991556387543e-01
1.759291886010284411e+00 1.160028274254057079e+00
1.771858256624643468e+00 9.684462639715987198e-01
1.784424627239002747e+00 9.487871832223722102e-01
1.796990997853361804e+00 9.294719574017135111e-01
1.809557368467721084e+00 1.011600453735764349e+00
1.822123739082079918e+00 8.338697387804315797e-01
1.834690109696438975e+00 9.914955171546910861e-01
1.847256480310798255e+00 8.744918269517597542e-01
1.859822850925157534e+00 8.901409260202624019e-01
1.872389221539516591e+00 9.829268727012824280e-01
1.884955592153875870e+00 1.045046663393750741e+00
1.897521962768234927e+00 9.864408573692499127e-01
1.910088333382594206e+00 8.559972581032093686e-01
1.922654703996953263e+00 9.442271822142419557e-01
1.935221074611312542e+00 8.117476486142856107e-01
1.947787445225671821e+00 8.462402226836402974e-01
1.960353815840030878e+00 1.021469493593223810e+00
1.972920186454390157e+00 9.041579280247801220e-01
1.985486557068749214e+00 7.688152010590318941e-01
1.998052927683108493e+00 1.020273313375799518e+00
2.010619298297467772e+00 9.543310844854357988e-01
2.023185668911826607e+00 8.916225021773194204e-01
2.035752039526185886e+00 8.430941578700441585e-01
2.048318410140545165e+00 9.134103772878983118e-01
2.060884780754904444e+00 9.158362714214745015e-01
2.073451151369263723e+00 8.646260570235426712e-01
2.086017521983622558e+00 9.193423805099394386e-01
2.098583892597981837e+00 8.952968928512021751e-01
2.111150263212341116e+00 1.011023049697639564e+00
2.123716633826700395e+00 7.661070422881002262e-01
2.136283004441059674e+00 1.003846763291293964e+00
2.148849375055418509e+00 6.399108776857123093e-01
2.161415745669777788e+00 9.813720804870262882e-01
2.173982116284137067e+00 7.481724443138734193e-01
2.186548486898496346e+00 8.386209416290363317e-01
2.199114857512855181e+00 8.280680487213720742e-01
2.211681228127214016e+00 9.786716327537293703e-01
2.224247598741573295e+00 8.503175095964086161e-01
2.236813969355932574e+00 7.796803080880316816e-01
2.249380339970291853e+00 7.772733233637870720e-01
2.261946710584651132e+00 8.190905815665714407e-01
2.274513081199009967e+00 7.821859732156762890e-01
2.287079451813369246e+00 8.073944895736895333e-01
2.299645822427728525e+00 7.787023256318159614e-01
2.312212193042087804e+00 6.631354701096574544e-01
2.324778563656447083e+00 5.572972151283184239e-01
2.337344934270805918e+00 7.750597426766097087e-01
2.349911304885165197e+00 6.330862679196475051e-01
2.362477675499524477e+00 7.201273892995397885e-01
2.375044046113883756e+00 6.562838172329530373e-01
2.387610416728242591e+00 7.797077921288189106e-01
2.400176787342601870e+00 5.386999503597685868e-01
2.412743157956961149e+00 5.475448000050026076e-01
2.425309528571320428e+00 5.598351652848686522e-01
2.437875899185679707e+00 6.577483540104278603e-01
2.450442269800038542e+00 5.702732987711394141e-01
2.463008640414397821e+00 6.710720331028497965e-01
2.475575011028757100e+00 6.870649290300208101e-01
2.488141381643116379e+00 4.232893630115548422e-01
2.500707752257475658e+00 3.789820983454625924e-01
2.513274122871834493e+00 5.060220333689268157e-01
2.525840493486193772e+00 5.506589132332377901e-01
2.538406864100553051e+00 6.105773847091028328e-01
2.550973234714912330e+00 6.850689267407669147e-01
2.563539605329271165e+00 5.797720097540877138e-01
2.576105975943630444e+00 5.944457359928845275e-01
2.588672346557989723e+00 5.718992549268446801e-01
2.601238717172349002e+00 6.567354389124718805e-01
2.613805087786708281e+00 4.613734737588476298e-01
2.626371458401067116e+00 5.921587143175814916e-01
2.638937829015425951e+00 6.980139175241263372e-01
2.651504199629785230e+00 5.488776605437343248e-01
2.664070570244144509e+00 5.601633220902271226e-01
2.676636940858503788e+00 2.427479169330365172e-01
2.689203311472863067e+00 4.342242980577684097e-01
2.701769682087221902e+00 3.705181360729011830e-01
2.714336052701581181e+00 2.786049782408970277e-01
2.726902423315940460e+00 4.251640938039092377e-01
2.739468793930299739e+00 3.679998376185626419e-01
2.752035164544658574e+00 3.313728120072644279e-01
2.764601535159017853e+00 2.358837977004763220e-01
2.777167905773377132e+00 3.587775501298275382e-01
2.789734276387736411e+00 3.842664915172788742e-01
2.802300647002095690e+00 3.462228524887564496e-01
2.814867017616454525e+00 4.745961868301178388e-01
2.827433388230813804e+00 3.079632715733284232e-01
2.839999758845173083e+00 2.819834990622892001e-01
2.852566129459532362e+00 2.102533824175064625e-01
2.865132500073891642e+00 2.030390157360014713e-01
2.877698870688250476e+00 9.026427360210706463e-02
2.890265241302609756e+00 2.056031556750588796e-01
2.902831611916969035e+00 1.304504112517970715e-01
2.915397982531328314e+00 2.010124808746939773e-01
2.927964353145687149e+00 2.747408133996018242e-02
2.940530723760046428e+00 8.528280475625323043e-02
2.953097094374405707e+00 2.255675371696879983e-01
2.965663464988764986e+00 1.688724632957092076e-01
2.978229835603124265e+00 2.077363820580188924e-01
2.990796206217483100e+00 2.298583761190525765e-02
3.003362576831842379e+00 -4.648885530619331630e-02
3.015928947446201214e+00 3.590417534324097382e-02
3.028495318060560493e+00 1.097983742893167969e-01
3.041061688674919772e+00 1.440270669484422505e-01
3.053628059289279051e+00 1.685743615984073296e-01
3.066194429903637886e+00 2.466149822146025405e-01
3.078760800517997165e+00 1.766529029234797932e-01
3.091327171132356444e+00 -3.218448675420636923e-02
3.103893541746715723e+00 -1.789216456373386721e-03
3.116459912361074558e+00 -3.853825087319862064e-02
3.129026282975433837e+00 6.332861337786255262e-02
3.141592653589793116e+00 6.007808383653419348e-02
3.154159024204152395e+00 -1.086574728025662129e-01
3.166725394818511674e+00 9.255301118219702583e-02
3.179291765432870509e+00 -2.531069405755279750e-02
3.191858136047229788e+00 -9.930601378993705874e-02
3.204424506661589067e+00 -1.556066292764939352e-01
3.216990877275948346e+00 1.170474820155191498e-02
3.229557247890307181e+00 -3.261096319158260926e-01
3.242123618504666460e+00 -2.034085269244889638e-01
3.254689989119025739e+00 -2.723260224372319738e-01
3.267256359733385018e+00 -1.228640729650525842e-01
3.279822730347744297e+00 -1.357209154475432777e-01
3.292389100962103132e+00 -1.804698564033560548e-01
3.304955471576462411e+00 -2.164964151084649568e-01
3.317521842190821690e+00 -2.217343947335674581e-01
3.330088212805180969e+00 -7.364306787921776065e-02
3.342654583419540248e+00 -4.176832785030051287e-01
3.355220954033899083e+00 -9.441498534492828720e-02
3.367787324648258362e+00 -3.060736777671582143e-01
3.380353695262617642e+00 -3.500556262569456956e-01
3.392920065876976921e+00 -3.998235545303264749e-01
3.405486436491335756e+00 -3.444364784727532158e-01
3.418052807105695035e+00 -2.721702010388480919e-01
3.430619177720054314e+00 -1.915447408771307480e-01
3.443185548334413593e+00 -4.563798383249669799e-01
3.455751918948772872e+00 -3.969022644710247238e-01
3.468318289563131707e+00 -2.998321396535847949e-01
3.480884660177490986e+00 -3.016090323678972673e-01
3.493451030791850265e+00 -3.978676995169976305e-01
3.506017401406209544e+00 -4.106902593110889343e-01
3.518583772020568823e+00 -2.069717839775404578e-01
3.531150142634927658e+00 -4.327392297151632095e-01
3.543716513249286937e+00 -3.027718396370222553e-01
3.556282883863646216e+00 -2.471192839450815082e-01
3.568849254478005495e+00 -1.650253628806621908e-01
3.581415625092364330e+00 -2.988675775597672835e-01
3.593981995706723609e+00 -2.884555389380757395e-01
3.606548366321082888e+00 -1.982110447147938936e-01
3.619114736935442167e+00 -4.369332958392739275e-01
3.631681107549800558e+00 -5.674038257895155368e-01
3.644247478164159837e+00 -3.965930624770362956e-01
3.656813848778519116e+00 -4.829441289180685382e-01
3.669380219392877951e+00 -6.175538537788936022e-01
3.681946590007237230e+00 -4.905796122351379074e-01
3.694512960621596509e+00 -5.530112070790912382e-01
3.707079331235955788e+00 -5.273517205787315865e-01
3.719645701850315067e+00 -4.466946661927019280e-01
3.732212072464673902e+00 -4.363580004535913548e-01
3.744778443079033181e+00 -4.614031331941024772e-01
3.757344813693392460e+00 -4.328713268619851506e-01
3.769911184307751739e+00 -6.158852192132870940e-01
3.782477554922110574e+00 -6.574837912505622217e-01
3.795043925536469853e+00 -5.930440272033690174e-01
3.807610296150829132e+00 -5.864333974038773434e-01
3.820176666765188411e+00 -7.481868105481673803e-01
3.832743037379547690e+00 -6.217658122609822646e-01
3.845309407993906525e+00 -7.314494099845859632e-01
3.857875778608265804e+00 -7.260411587438192482e-01
3.870442149222625083e+00 -6.214865591628071506e-01
3.883008519836984362e+00 -6.356157369703306914e-01
3.895574890451343641e+00 -6.585117279249544930e-01
3.908141261065702476e+00 -7.221889573206037305e-01
3.920707631680061755e+00 -7.473901501041321227e-01
3.933274002294421035e+00 -5.663286338483376481e-01
3.945840372908780314e+00 -7.586670112549322997e-01
3.958406743523139149e+00 -7.462931835520629775e-01
3.970973114137498428e+00 -8.586714123411957056e-01
3.983539484751857707e+00 -9.432781115713194664e-01
3.996105855366216986e+00 -5.120060090509110928e-01
4.008672225980576265e+00 -8.077339965360508245e-01
4.021238596594935544e+00 -8.018578127606889039e-01
4.033804967209294823e+00 -8.417896404912402764e-01
4.046371337823653214e+00 -7.385562612153049322e-01
4.058937708438012493e+00 -8.524675163133049738e-01
4.071504079052371772e+00 -6.665574483287391994e-01
4.084070449666731051e+00 -9.442809861150531781e-01
4.096636820281090330e+00 -9.009969254172238706e-01
4.109203190895449609e+00 -9.167249645189214924e-01
4.121769561509808888e+00 -9.034871554707368801e-01
4.134335932124168167e+00 -8.509568944003761404e-01
4.146902302738527446e+00 -1.011653154132632126e+00
4.159468673352886725e+00 -6.835875564339037869e-01
4.172035043967245116e+00 -8.582744044115261373e-01
4.184601414581604395e+00 -6.998413559345681989e-01
4.197167785195963674e+00 -5.546069579099230928e-01
4.209734155810322953e+00 -8.005850141501658079e-01
4.222300526424682232e+00 -7.453537678504396080e-01
4.234866897039041511e+00 -7.425459411502122187e-01
4.247433267653400790e+00 -1.007028232588140781e+00
4.259999638267760069e+00 -7.797597438733038233e-01
4.272566008882119348e+00 -1.108989714123854942e+00
4.285132379496477739e+00 -9.312218308458698468e-01
4.297698750110837018e+00 -1.084802458877394793e+00
4.310265120725196297e+00 -9.957067395591621128e-01
4.322831491339555576e+00 -9.930534232804202333e-01
4.335397861953914855e+00 -9.428418459540919283e-01
4.347964232568274134e+00 -9.802567954183382115e-01
4.360530603182633413e+00 -8.453821105889611776e-01
4.373096973796992692e+00 -8.564471571208793765e-01
4.385663344411351972e+00 -9.751079136799747360e-01
4.398229715025710362e+00 -8.849574697019642056e-01
4.410796085640069641e+00 -8.780951396655192198e-01
4.423362456254428032e+00 -8.374906322551258775e-01
4.435928826868787311e+00 -1.112176250015282308e+00
4.448495197483146590e+00 -1.017746218012778536e+00
4.461061568097505869e+00 -1.031208072489849803e+00
4.473627938711865148e+00 -1.123120703539985721e+00
4.486194309326224428e+00 -9.297382348195307733e-01
4.498760679940583707e+00 -1.026309594086525001e+00
4.511327050554942986e+00 -1.059020113944226349e+00
4.523893421169302265e+00 -9.185744607237149584e-01
4.536459791783661544e+00 -1.093649430461287153e+00
4.549026162398019935e+00 -9.795890228881418693e-01
4.561592533012379214e+00 -9.190103479563450639e-01
4.574158903626738493e+00 -1.078952342370709916e+00
4.586725274241097772e+00 -9.584263033062656589e-01
4.599291644855457051e+00 -8.897661919156524268e-01
4.611858015469816330e+00 -1.047811639619343094e+00
4.624424386084175609e+00 -1.040333964483809881e+00
4.636990756698534888e+00 -9.534226279571046403e-01
4.649557127312894167e+00 -9.117908139634223197e-01
4.662123497927252558e+00 -1.121424112555489572e+00
4.674689868541611837e+00 -1.008615826274807725e+00
4.687256239155971116e+00 -1.041555470070225198e+00
4.699822609770330395e+00 -9.190033066138306728e-01
4.712388980384689674e+00 -1.096217432541959136e+00
4.724955350999048953e+00 -9.092011714561892832e-01
4.737521721613408232e+00 -1.006014591767800948e+00
4.750088092227767511e+00 -8.543860096484019451e-01
4.762654462842126790e+00 -9.787305501620867654e-01
4.775220833456485181e+00 -9.409768132486661107e-01
4.787787204070844460e+00 -1.011574382413238604e+00
4.800353574685203739e+00 -1.038970201254637571e+00
4.812919945299563018e+00 -9.868162325615486008e-01
4.825486315913922297e+00 -1.084187684511426664e+00
4.838052686528281576e+00 -9.534774101465428586e-01
4.850619057142640855e+00 -1.033617103055157305e+00
4.863185427757000134e+00 -9.084875390829278974e-01
4.875751798371359413e+00 -1.152178000374166178e+00
4.888318168985717804e+00 -1.001090073636988098e+00
4.900884539600077083e+00 -1.158105987612358279e+00
4.913450910214436362e+00 -9.036091311587111097e-01
4.926017280828795641e+00 -8.901769970123600828e-01
4.938583651443154920e+00 -8.728602989466347495e-01
4.951150022057514200e+00 -9.767672629295122144e-01
4.963716392671873479e+00 -9.889992483707985560e-01
4.976282763286232758e+00 -7.844506837339995098e-01
4.988849133900592037e+00 -1.149216802957286454e+00
5.001415504514951316e+00 -1.125713685589089019e+00
5.013981875129309707e+00 -9.699899415055369678e-01
5.026548245743668986e+00 -8.934971412036345484e-01
5.039114616358028265e+00 -8.151414135440386843e-01
5.051680986972387544e+00 -9.173376047063318550e-01
5.064247357586746823e+00 -9.755574020861064177e-01
5.076813728201106102e+00 -9.397544290677661838e-01
5.089380098815465381e+00 -9.620492406630681836e-01
5.101946469429824660e+00 -7.524403491161583135e-01
5.114512840044183939e+00 -1.070015384259981772e+00
5.127079210658542330e+00 -9.606664227462207162e-01
5.139645581272901609e+00 -9.141819357015329439e-01
5.152211951887260888e+00 -9.322956784575391342e-01
5.164778322501620167e+00 -9.181017773737966126e-01
5.177344693115979446e+00 -8.814905022769136123e-01
5.189911063730338725e+00 -1.016747172169645497e+00
5.202477434344698004e+00 -9.869994689655923192e-01
5.215043804959057283e+00 -8.265393341224056556e-01
5.227610175573416562e+00 -1.024277649522392863e+00
5.240176546187774953e+00 -8.030480429401426479e-01
5.252742916802134232e+00 -7.000848008069071593e-01
5.265309287416492623e+00 -7.635413945885682896e-01
5.277875658030851902e+00 -8.137154795611843960e-01
5.290442028645211181e+00 -9.805999986269392510e-01
5.303008399259570460e+00 -7.875065822719824471e-01
5.315574769873929739e+00 -9.773180312407283576e-01
5.328141140488289018e+00 -7.436069888303373787e-01
5.340707511102648297e+00 -9.768997857077754698e-01
5.353273881717007576e+00 -5.943383787303559984e-01
5.365840252331366855e+00 -6.404191704695672005e-01
5.378406622945726134e+00 -9.184004033201014217e-01
5.390972993560084525e+00 -8.993149322554812031e-01
5.403539364174443804e+00 -6.143889307467592653e-01
5.416105734788803083e+00 -7.780392602589407680e-01
5.428672105403162362e+00 -8.772711511754996971e-01
5.441238476017521641e+00 -8.439453201388350534e-01
5.453804846631880920e+00 -7.603872645850572320e-01
5.466371217246240199e+00 -7.021211540860358147e-01
5.478937587860599479e+00 -6.746584198535363619e-01
5.491503958474958758e+00 -6.276902325884403666e-01
5.504070329089317148e+00 -8.538269358618385541e-01
5.516636699703676427e+00 -6.515891223912430030e-01
5.529203070318035707e+00 -6.616750324692429741e-01
5.541769440932394986e+00 -5.242669720900349217e-01
5.554335811546754265e+00 -7.225237158412127769e-01
5.566902182161113544e+00 -6.443312560459415472e-01
5.579468552775472823e+00 -4.163891703241673348e-01
5.592034923389832102e+00 -6.617749735422696622e-01
5.604601294004191381e+00 -5.208072103286800481e-01
5.617167664618549772e+00 -6.565430334041977289e-01
5.629734035232909051e+00 -4.341280249731434560e-01
5.642300405847268330e+00 -7.616013160572577823e-01
5.654866776461627609e+00 -7.593079991100163406e-01
5.667433147075986888e+00 -3.617216167211196876e-01
5.679999517690346167e+00 -7.386361041000163441e-01
5.692565888304705446e+00 -6.643597087223178654e-01
5.705132258919064725e+00 -5.087172184023251997e-01
5.717698629533424004e+00 -6.606231792443862938e-01
5.730265000147783283e+00 -5.753105356413682481e-01
5.742831370762141674e+00 -6.764466059972351619e-01
5.755397741376500953e+00 -5.114885989234472241e-01
5.767964111990860232e+00 -2.316843802330093016e-01
5.780530482605219511e+00 -4.889459363751150200e-01
5.793096853219578790e+00 -5.665148458841819945e-01
5.805663223833938069e+00 -6.147017146195011827e-01
5.818229594448297348e+00 -4.670072335091172699e-01
5.830795965062656627e+00 -2.302009444355437862e-01
5.843362335677015906e+00 -6.481290005130765364e-01
5.855928706291374297e+00 -3.986285621311718708e-01
5.868495076905733576e+00 -4.941861736670417615e-01
5.881061447520092855e+00 -4.458200147245288680e-01
5.893627818134452134e+00 -2.412740707567543885e-01
5.906194188748811413e+00 -4.944002788825615502e-01
5.918760559363170692e+00 -3.971629511843909888e-01
5.931326929977529971e+00 -3.955146878895174911e-01
5.943893300591889250e+00 -2.682667098321439569e-01
5.956459671206248530e+00 -2.545800846169581355e-01
5.969026041820606920e+00 -3.482256592723729782e-01
5.981592412434966199e+00 -3.048906478026734423e-01
5.994158783049325478e+00 -2.682701608004980365e-01
6.006725153663684758e+00 -3.781792465883500043e-01
6.019291524278044037e+00 2.862917862432368121e-03
6.031857894892402427e+00 -4.147742184182401926e-01
6.044424265506761706e+00 -2.344581409543667339e-01
6.056990636121120986e+00 -1.882973514558486661e-01
6.069557006735480265e+00 -7.246771269834806350e-02
6.082123377349839544e+00 -2.420048622208264555e-01
6.094689747964198823e+00 -3.798785737715946187e-01
6.107256118578558102e+00 -1.463428104545693720e-01
6.119822489192916493e+00 -2.994638971084615520e-01
6.132388859807275772e+00 -1.026831537982722531e-01
6.144955230421635051e+00 2.001359121369779281e-01
6.157521601035994330e+00 -1.457415781650633346e-01
6.170087971650353609e+00 -8.284577647810222045e-02
6.182654342264712888e+00 1.097699117862807050e-01
6.195220712879072167e+00 -2.523580199594903650e-01
6.207787083493431446e+00 1.511869191824125047e-02
6.220353454107790725e+00 -3.740540532565365117e-01
6.232919824722149116e+00 -6.796837454773486942e-02
6.245486195336508395e+00 -1.514405646572054009e-01
6.258052565950867674e+00 -6.379363055754394551e-02
6.270618936565226953e+00 -2.210870069917371741e-02
