0.000000000000000000e+00 6.991817752874432412e-02
1.256637061435917323e-02 1.145878179086920745e-01
2.513274122871834645e-02 1.547362025216898057e-02
3.769911184307751795e-02 2.184500786390875249e-01
5.026548245743669291e-02 3.328177817185501430e-04
6.283185307179586787e-02 1.561126564111666726e-01
7.539822368615503589e-02 1.482034797802594395e-01
8.796459430051420392e-02 1.990593279215858991e-02
1.005309649148733858e-01 1.522382863352097493e-01
1.130973355292325677e-01 -1.542023197892410102e-02
1.256637061435917357e-01 -9.801022844096507480e-02
1.382300767579508760e-01 1.514217330627105340e-01
1.507964473723100718e-01 7.577747244877315602e-02
1.633628179866692676e-01 2.653438338005484898e-01
1.759291886010284078e-01 3.459891306682515433e-01
1.884955592153875759e-01 8.407973581110839145e-02
2.010619298297467716e-01 2.135680301813769055e-01
2.136283004441059397e-01 2.830959579116455460e-01
2.261946710584651354e-01 1.355508776053933329e-01
2.387610416728242757e-01 3.648434760547580868e-01
2.513274122871834715e-01 8.633587693236643990e-02
2.638937829015426395e-01 3.273788960504143697e-01
2.764601535159017520e-01 2.401093133611243435e-01
2.890265241302609756e-01 2.531592211584509644e-01
3.015928947446201436e-01 2.569936505637339108e-01
3.141592653589793116e-01 3.701662354139754751e-01
3.267256359733385351e-01 4.008442771672952598e-01
3.392920065876976476e-01 2.799894720433118156e-01
3.518583772020568157e-01 2.813486564272687507e-01
3.644247478164160392e-01 2.566123010082003719e-01
3.769911184307751517e-01 2.674059384011021057e-01
3.895574890451343197e-01 2.838722818442344642e-01
4.021238596594935433e-01 4.524035148533172013e-01
4.146902302738527113e-01 5.325289162259715381e-01
4.272566008882118793e-01 4.252339590558369964e-01
4.398229715025711029e-01 3.330178200328555160e-01
4.523893421169302709e-01 4.877765800124053697e-01
4.649557127312893834e-01 6.040097852419870073e-01
4.775220833456485514e-01 6.424022351781150109e-01
4.900884539600077194e-01 6.356138969974911568e-01
5.026548245743669430e-01 4.602614516008361467e-01
5.152211951887261110e-01 5.343808819489481721e-01
5.277875658030852790e-01 6.013954575673017278e-01
5.403539364174444470e-01 5.543336496605792973e-01
5.529203070318035040e-01 3.943210848890735254e-01
5.654866776461627831e-01 5.150406668258958875e-01
5.780530482605219511e-01 3.270276842665168493e-01
5.906194188748811191e-01 5.884732963950786155e-01
6.031857894892402872e-01 5.632776309238042289e-01
6.157521601035994552e-01 6.868928431488680042e-01
6.283185307179586232e-01 5.498066337104002832e-01
6.408849013323177912e-01 5.835666979201106219e-01
6.534512719466770703e-01 7.866908773682591560e-01
6.660176425610361273e-01 5.273890230753379704e-01
6.785840131753952953e-01 6.664069693198555466e-01
6.911503837897544633e-01 5.542847055907544895e-01
7.037167544041136313e-01 5.912427435465046344e-01
7.162831250184729104e-01 7.633306895415676863e-01
7.288494956328320784e-01 6.513399388699769865e-01
7.414158662471912464e-01 8.870743780178176330e-01
7.539822368615503034e-01 7.379968900698484768e-01
7.665486074759094715e-01 7.671656866609293246e-01
7.791149780902686395e-01 5.986418076787107800e-01
7.916813487046279185e-01 8.495553669875721692e-01
8.042477193189870865e-01 7.350529617949025374e-01
8.168140899333462546e-01 6.737950464878265100e-01
8.293804605477054226e-01 7.960180124772699983e-01
8.419468311620645906e-01 6.771543200380936156e-01
8.545132017764237586e-01 7.818812695976853355e-01
8.670795723907829267e-01 7.143915556261313249e-01
8.796459430051422057e-01 8.160093862166322154e-01
8.922123136195013737e-01 6.985680992282103929e-01
9.047786842338605418e-01 7.839884793559250831e-01
9.173450548482194877e-01 6.740462045639386002e-01
9.299114254625787668e-01 9.648122879465278467e-01
9.424777960769379348e-01 8.057349013566953433e-01
9.550441666912971028e-01 7.705658820272442977e-01
9.676105373056562708e-01 8.313821658912484702e-01
9.801769079200154389e-01 7.904707103195611761e-01
9.927432785343746069e-01 7.742944068280502856e-01
1.005309649148733886e+00 8.721713139019411365e-01
1.017876019763092943e+00 9.331914891348069840e-01
1.030442390377452222e+00 9.046817434566607474e-01
1.043008760991811279e+00 9.141307005432571797e-01
1.055575131606170558e+00 7.178498546214375775e-01
1.068141502220529837e+00 8.936619511228918178e-01
1.080707872834888894e+00 8.538426330282785637e-01
1.093274243449248173e+00 1.030977315859182619e+00
1.105840614063607008e+00 8.359818079977211491e-01
1.118406984677966287e+00 9.085934908054459358e-01
1.130973355292325566e+00 8.319376434716587720e-01
1.143539725906684623e+00 7.391484407788566635e-01
1.156106096521043902e+00 8.946272712931694349e-01
1.168672467135402959e+00 1.023395387599799422e+00
1.181238837749762238e+00 8.709232402641222670e-01
1.193805208364121295e+00 1.068017994184389030e+00
1.206371578978480574e+00 1.002997678561184269e+00
1.218937949592839853e+00 9.492809451476622584e-01
1.231504320207198910e+00 9.017570107873904561e-01
1.244070690821558189e+00 9.516336780860983335e-01
1.256637061435917246e+00 9.282617662143978210e-01
1.269203432050276525e+00 1.062556339188614141e+00
1.281769802664635582e+00 9.541040521732215840e-01
1.294336173278994861e+00 8.661258426519794495e-01
1.306902543893354141e+00 9.582991780505308865e-01
1.319468914507712975e+00 7.648031023706298726e-01
1.332035285122072255e+00 1.132122928534211592e+00
1.344601655736431534e+00 9.003586696164076475e-01
1.357168026350790591e+00 9.185039913812743650e-01
1.369734396965149870e+00 9.988430192700408217e-01
1.382300767579508927e+00 1.049363277842260578e+00
1.394867138193868206e+00 7.958373467902463139e-01
1.407433508808227263e+00 1.138349826680689514e+00
1.419999879422586542e+00 9.460915498942557011e-01
1.432566250036945821e+00 9.981491411379773693e-01
1.445132620651304878e+00 9.500718946095214612e-01
1.457698991265664157e+00 1.099270652662780678e+00
1.470265361880023214e+00 1.070988688649470388e+00
1.482831732494382493e+00 9.484626802415070390e-01
1.495398103108741550e+00 1.021626979983353500e+00
1.507964473723100607e+00 1.088698496659974646e+00
1.520530844337459886e+00 1.140458508621019273e+00
1.533097214951818943e+00 1.014191504129226651e+00
1.545663585566178222e+00 1.141873691046070283e+00
1.558229956180537279e+00 9.733836130306944279e-01
1.570796326794896558e+00 1.144113402990303063e+00
1.583362697409255837e+00 9.055667034997625375e-01
1.595929068023614894e+00 1.113490728635295302e+00
1.608495438637974173e+00 9.175510328113064551e-01
1.621061809252333230e+00 9.431484734697099803e-01
1.633628179866692509e+00 1.029907409298543852e+00
1.646194550481051566e+00 1.115044519026220149e+00
1.658760921095410845e+00 1.174807745337355325e+00
1.671327291709770124e+00 9.871082649705437140e-01
1.683893662324129181e+00 1.212408082582359325e+00
1.696460032938488460e+00 9.271724412719044572e-01
1.709026403552847517e+00 9.605448993977322436e-01
1.721592774167206796e+00 1.020036760828771261e+00
1.734159144781565853e+00 9.472864187356679899e-01
1.746725515395925132e+00 1.034352419995223649e+00
1.759291886010284411e+00 9.048944365989115557e-01
1.771858256624643468e+00 1.172615101689185035e+00
1.784424627239002747e+00 8.425926571924624575e-01
1.796990997853361804e+00 1.030899425037326900e+00
1.809557368467721084e+00 9.654178660895587072e-01
1.822123739082079918e+00 8.909955617291780428e-01
1.834690109696438975e+00 1.151185453270585857e+00
1.847256480310798255e+00 9.564636938503373598e-01
1.859822850925157534e+00 9.606895889390411059e-01
1.872389221539516591e+00 9.919834257834545532e-01
1.884955592153875870e+00 1.057528657532264660e+00
1.897521962768234927e+00 8.740641178841126457e-01
1.910088333382594206e+00 9.203754728790767281e-01
1.922654703996953263e+00 9.347180867372274493e-01
1.935221074611312542e+00 7.709702478447576501e-01
1.947787445225671821e+00 8.888490840654870162e-01
1.960353815840030878e+00 8.717241058664016995e-01
1.972920186454390157e+00 1.058807294374717323e+00
1.985486557068749214e+00 8.922190846987394508e-01
1.998052927683108493e+00 9.380533518184677177e-01
2.010619298297467772e+00 9.041541872391155588e-01
2.023185668911826607e+00 1.063164090714714183e+00
2.035752039526185886e+00 1.037382415820857773e+00
2.048318410140545165e+00 6.813781491012934621e-01
2.060884780754904444e+00 6.689255362093847745e-01
2.073451151369263723e+00 1.164391519667934638e+00
2.086017521983622558e+00 8.285352502197651514e-01
2.098583892597981837e+00 8.625504167641335762e-01
2.111150263212341116e+00 8.113720665072557958e-01
2.123716633826700395e+00 7.907141979669494170e-01
2.136283004441059674e+00 8.559124110076413716e-01
2.148849375055418509e+00 8.761262067078214866e-01
2.161415745669777788e+00 6.541845685936965582e-01
2.173982116284137067e+00 6.819141598173096286e-01
2.186548486898496346e+00 8.733824128472367221e-01
2.199114857512855181e+00 8.384482905999709468e-01
2.211681228127214016e+00 7.699520118113043488e-01
2.224247598741573295e+00 8.297769108702698349e-01
2.236813969355932574e+00 7.278011382814124630e-01
2.249380339970291853e+00 8.243505588309055776e-01
2.261946710584651132e+00 7.023874103476259734e-01
2.274513081199009967e+00 6.728576117473987761e-01
2.287079451813369246e+00 7.247116654766141419e-01
2.299645822427728525e+00 6.148212933977699191e-01
2.312212193042087804e+00 8.154331398806025089e-01
2.324778563656447083e+00 8.135637181887994673e-01
2.337344934270805918e+00 8.135691653791066180e-01
2.349911304885165197e+00 4.667880412201174112e-01
2.362477675499524477e+00 6.729878887732229087e-01
2.375044046113883756e+00 7.630828227155667109e-01
2.387610416728242591e+00 6.412534802031158998e-01
2.400176787342601870e+00 5.898967427054310209e-01
2.412743157956961149e+00 5.609293928400053142e-01
2.425309528571320428e+00 5.862030470142590710e-01
2.437875899185679707e+00 5.155427276951679572e-01
2.450442269800038542e+00 6.104084338967886714e-01
2.463008640414397821e+00 6.945695486552002640e-01
2.475575011028757100e+00 5.927372047200908378e-01
2.488141381643116379e+00 6.767839159024227058e-01
2.500707752257475658e+00 5.090208021622536494e-01
2.513274122871834493e+00 6.809407499820943066e-01
2.525840493486193772e+00 5.563475176911540920e-01
2.538406864100553051e+00 5.336948792306143163e-01
2.550973234714912330e+00 5.496340841906668384e-01
2.563539605329271165e+00 5.660361549569281614e-01
2.576105975943630444e+00 5.259756847343853847e-01
2.588672346557989723e+00 4.805640352690099815e-01
2.601238717172349002e+00 7.028103165087908888e-01
2.613805087786708281e+00 5.044956621380813910e-01
2.626371458401067116e+00 5.881266208644997384e-01
2.638937829015425951e+00 3.704781452252744467e-01
2.651504199629785230e+00 5.386950335115638921e-01
2.664070570244144509e+00 2.677013874313629582e-01
2.676636940858503788e+00 4.280214151778539700e-01
2.689203311472863067e+00 6.313192806405928392e-01
2.701769682087221902e+00 5.926542217147805491e-01
2.714336052701581181e+00 4.316406022544469478e-01
2.726902423315940460e+00 4.480171089202287238e-01
2.739468793930299739e+00 4.287538290284343412e-01
2.752035164544658574e+00 3.618610044366917800e-01
2.764601535159017853e+00 4.061289773697633887e-01
2.777167905773377132e+00 3.342656789356187597e-01
2.789734276387736411e+00 2.675436150422434434e-01
2.802300647002095690e+00 4.301219659916877824e-01
2.814867017616454525e+00 4.113817445141038087e-01
2.827433388230813804e+00 3.503409049371677964e-01
2.839999758845173083e+00 1.549720866913378847e-01
2.852566129459532362e+00 4.254269607864092362e-01
2.865132500073891642e+00 1.551771049143454428e-01
2.877698870688250476e+00 3.685616413943051395e-01
2.890265241302609756e+00 1.201263889994165224e-01
2.902831611916969035e+00 3.176372712422483313e-01
2.915397982531328314e+00 1.370160891048074758e-01
2.927964353145687149e+00 2.949777821332223438e-01
2.940530723760046428e+00 2.439876360959574164e-01
2.953097094374405707e+00 1.265221670781007113e-01
2.965663464988764986e+00 1.039384941596426803e-01
2.978229835603124265e+00 2.349339006523545326e-01
2.990796206217483100e+00 1.843475645032327248e-01
3.003362576831842379e+00 2.864815291944621256e-01
3.015928947446201214e+00 6.935391094711451654e-02
3.028495318060560493e+00 6.882476097019085692e-03
3.041061688674919772e+00 2.483488381576188231e-01
3.053628059289279051e+00 -4.089590961667137481e-02
3.066194429903637886e+00 6.365150295318885987e-02
3.078760800517997165e+00 1.191058044804415850e-01
3.091327171132356444e+00 1.784945343641751447e-01
3.103893541746715723e+00 -7.042569534831621958e-02
3.116459912361074558e+00 -8.988765448976253347e-02
3.129026282975433837e+00 -1.127361723070351984e-01
3.141592653589793116e+00 4.382939624055282729e-02
3.154159024204152395e+00 5.955133539455673836e-02
3.166725394818511674e+00 3.274032633703628792e-02
3.179291765432870509e+00 -1.097391038672028973e-01
3.191858136047229788e+00 -5.120656137989103990e-02
3.204424506661589067e+00 -3.832363549106485717e-02
3.216990877275948346e+00 2.060323070392955924e-01
3.229557247890307181e+00 1.743500807261277874e-02
3.242123618504666460e+00 4.159798074779094690e-02
3.254689989119025739e+00 -1.116664261554581594e-01
3.267256359733385018e+00 -1.864524173356021386e-01
3.279822730347744297e+00 -2.709602195778919587e-01
3.292389100962103132e+00 -1.289408779878373212e-01
3.304955471576462411e+00 -5.818639297867705951e-02
3.317521842190821690e+00 -3.194861356172753464e-01
3.330088212805180969e+00 -2.209584160056315416e-01
3.342654583419540248e+00 -1.608709550691643786e-01
3.355220954033899083e+00 -1.085971131204364892e-01
3.367787324648258362e+00 -9.291360485253580270e-02
3.380353695262617642e+00 -2.534495124315609416e-01
3.392920065876976921e+00 -2.756866098992226122e-01
3.405486436491335756e+00 -3.681856331717292541e-01
3.418052807105695035e+00 -3.349172420873323675e-01
3.430619177720054314e+00 -4.164967817473083089e-01
3.443185548334413593e+00 -2.817648838906046116e-01
3.455751918948772872e+00 -3.576260719580757197e-01
3.468318289563131707e+00 -2.728197437367176348e-01
3.480884660177490986e+00 -3.781400531709664392e-01
3.493451030791850265e+00 -3.748570692255328574e-01
3.506017401406209544e+00 -2.278887995004731382e-01
3.518583772020568823e+00 -4.778061753195887995e-01
3.531150142634927658e+00 -1.714350802497519866e-01
3.543716513249286937e+00 -3.116779228189087148e-01
3.556282883863646216e+00 -4.141575919325971022e-01
3.568849254478005495e+00 -6.085277921083424024e-01
3.581415625092364330e+00 -4.459497266355633704e-01
3.593981995706723609e+00 -5.388010163927149376e-01
3.606548366321082888e+00 -3.149989442874620016e-01
3.619114736935442167e+00 -6.132957902657795168e-01
3.631681107549800558e+00 -5.619747786790643129e-01
3.644247478164159837e+00 -4.433087254065776195e-01
3.656813848778519116e+00 -4.140643319039085668e-01
3.669380219392877951e+00 -5.832872092575194234e-01
3.681946590007237230e+00 -4.779395783043806079e-01
3.694512960621596509e+00 -6.235201485248046405e-01
3.707079331235955788e+00 -4.336464765384413500e-01
3.719645701850315067e+00 -5.270036273798934801e-01
3.732212072464673902e+00 -5.340869935682022174e-01
3.744778443079033181e+00 -6.138131195513184535e-01
3.757344813693392460e+00 -6.066004661901444051e-01
3.769911184307751739e+00 -6.637756012332508559e-01
3.782477554922110574e+00 -7.101636027310749277e-01
3.795043925536469853e+00 -5.635888320017159447e-01
3.807610296150829132e+00 -5.800366444424359669e-01
3.820176666765188411e+00 -4.962828677079275108e-01
3.832743037379547690e+00 -6.175460616117591783e-01
3.845309407993906525e+00 -6.488601966835513268e-01
3.857875778608265804e+00 -7.482915768902012044e-01
3.870442149222625083e+00 -8.636977167864510196e-01
3.883008519836984362e+00 -6.969812742791496873e-01
3.895574890451343641e+00 -5.988555805606066151e-01
3.908141261065702476e+00 -5.333003319541864684e-01
3.920707631680061755e+00 -6.601906956255427783e-01
3.933274002294421035e+00 -8.037192254633316324e-01
3.945840372908780314e+00 -7.288611173164339929e-01
3.958406743523139149e+00 -6.147055911125632877e-01
3.970973114137498428e+00 -5.893996417291038625e-01
3.983539484751857707e+00 -6.316152240475368940e-01
3.996105855366216986e+00 -7.884951605290450027e-01
4.008672225980576265e+00 -6.474033698928098879e-01
4.021238596594935544e+00 -8.877947641540779866e-01
4.033804967209294823e+00 -8.638597516335101423e-01
4.046371337823653214e+00 -6.846903146982871169e-01
4.058937708438012493e+00 -7.968009730913898636e-01
4.071504079052371772e+00 -8.346643988341283515e-01
4.084070449666731051e+00 -8.811442332232271024e-01
4.096636820281090330e+00 -7.071779616394030521e-01
4.109203190895449609e+00 -8.734197878212728305e-01
4.121769561509808888e+00 -8.589506009530345487e-01
4.134335932124168167e+00 -9.523519787500359657e-01
4.146902302738527446e+00 -8.961345375728789753e-01
4.159468673352886725e+00 -9.229172669213945301e-01
4.172035043967245116e+00 -1.008434778840487711e+00
4.184601414581604395e+00 -7.664589693297209072e-01
4.197167785195963674e+00 -8.877312867155852105e-01
4.209734155810322953e+00 -8.552786333081543457e-01
4.222300526424682232e+00 -9.153716083182426022e-01
4.234866897039041511e+00 -8.959058138467276278e-01
4.247433267653400790e+00 -9.698013158044274107e-01
4.259999638267760069e+00 -9.186456595683828441e-01
4.272566008882119348e+00 -9.052600732327299449e-01
4.285132379496477739e+00 -9.904239929465422643e-01
4.297698750110837018e+00 -9.857266795332266796e-01
4.310265120725196297e+00 -1.022498768964770210e+00
4.322831491339555576e+00 -9.903890316142216488e-01
4.335397861953914855e+00 -1.051902416656345540e+00
4.347964232568274134e+00 -8.253967894322056242e-01
4.360530603182633413e+00 -8.076058858807684260e-01
4.373096973796992692e+00 -1.003770618502573431e+00
4.385663344411351972e+00 -1.030134681627567161e+00
4.398229715025710362e+00 -1.089441562896606319e+00
4.410796085640069641e+00 -1.074077546687705054e+00
4.423362456254428032e+00 -9.778719376096722815e-01
4.435928826868787311e+00 -7.941806534969778619e-01
4.448495197483146590e+00 -1.141287906738467584e+00
4.461061568097505869e+00 -1.082095131479616335e+00
4.473627938711865148e+00 -9.346695901837470677e-01
4.486194309326224428e+00 -8.862786330070374641e-01
4.498760679940583707e+00 -1.056022646141309806e+00
4.511327050554942986e+00 -8.928032307832731718e-01
4.523893421169302265e+00 -9.893932223713698404e-01
4.536459791783661544e+00 -9.095903025628061522e-01
4.549026162398019935e+00 -1.031705177903528226e+00
4.561592533012379214e+00 -1.149337203320155654e+00
4.574158903626738493e+00 -9.567734607839972760e-01
4.586725274241097772e+00 -1.003538050990587571e+00
4.599291644855457051e+00 -1.062905375370487571e+00
4.611858015469816330e+00 -8.239748443205344719e-01
4.624424386084175609e+00 -9.925723605919639647e-01
4.636990756698534888e+00 -1.051022617590497754e+00
4.649557127312894167e+00 -1.097023457490772680e+00
4.662123497927252558e+00 -1.124189629796622070e+00
4.674689868541611837e+00 -1.085720866103550897e+00
4.687256239155971116e+00 -1.104675972408690754e+00
4.699822609770330395e+00 -1.064898165667688135e+00
4.712388980384689674e+00 -9.276230884005901567e-01
4.724955350999048953e+00 -1.017550271543192109e+00
4.737521721613408232e+00 -8.442064455327067396e-01
4.750088092227767511e+00 -8.980404537807591403e-01
4.762654462842126790e+00 -1.076479981741065961e+00
4.775220833456485181e+00 -9.645085561548051301e-01
4.787787204070844460e+00 -9.841210332167702468e-01
4.800353574685203739e+00 -1.084995528907787943e+00
4.812919945299563018e+00 -8.506719111899428976e-01
4.825486315913922297e+00 -9.386769768632792221e-01
4.838052686528281576e+00 -9.303042589728722778e-01
4.850619057142640855e+00 -1.088900397208844906e+00
4.863185427757000134e+00 -1.045447600463689009e+00
4.875751798371359413e+00 -9.015925331077435656e-01
4.888318168985717804e+00 -1.057028606724131681e+00
4.900884539600077083e+00 -1.041195198287793389e+00
4.913450910214436362e+00 -1.062821727794310389e+00
4.926017280828795641e+00 -8.815834819006673762e-01
4.938583651443154920e+00 -9.730266216819870584e-01
4.951150022057514200e+00 -8.852284373026035880e-01
4.963716392671873479e+00 -8.106702207898599521e-01
4.976282763286232758e+00 -1.029209675121068424e+00
4.988849133900592037e+00 -9.642470163976498698e-01
5.001415504514951316e+00 -8.770247209844389547e-01
5.013981875129309707e+00 -1.012131992847421946e+00
5.026548245743668986e+00 -7.837326359706640044e-01
5.039114616358028265e+00 -1.036321678314697792e+00
5.051680986972387544e+00 -8.932348951581856600e-01
5.064247357586746823e+00 -8.347800768877486899e-01
5.076813728201106102e+00 -1.006946483516296897e+00
5.089380098815465381e+00 -9.663629610416215598e-01
5.101946469429824660e+00 -6.974641917316024564e-01
5.114512840044183939e+00 -8.442380550800810957e-01
5.127079210658542330e+00 -1.046237915667291407e+00
5.139645581272901609e+00 -8.978574406470812841e-01
5.152211951887260888e+00 -8.394080706039289685e-01
5.164778322501620167e+00 -8.214706347688901511e-01
5.177344693115979446e+00 -8.151028750461747352e-01
5.189911063730338725e+00 -1.063537074626102363e+00
5.202477434344698004e+00 -9.568507060834647859e-01
5.215043804959057283e+00 -8.870213473701763496e-01
5.227610175573416562e+00 -1.134383078559365599e+00
5.240176546187774953e+00 -8.126492832108856978e-01
5.252742916802134232e+00 -8.005883584681203757e-01
5.265309287416492623e+00 -7.944267408198349978e-01
5.277875658030851902e+00 -9.495648842270287826e-01
5.290442028645211181e+00 -7.784544337678535042e-01
5.303008399259570460e+00 -7.611890623367574271e-01
5.315574769873929739e+00 -7.769969593664566299e-01
5.328141140488289018e+00 -7.987125889828577963e-01
5.340707511102648297e+00 -6.630185000697697006e-01
5.353273881717007576e+00 -5.368827970377076930e-01
5.365840252331366855e+00 -6.403306376547251988e-01
5.378406622945726134e+00 -5.785854916837606110e-01
5.390972993560084525e+00 -6.019795067216628937e-01
5.403539364174443804e+00 -7.863879270848488368e-01
5.416105734788803083e+00 -6.428050578851847163e-01
5.428672105403162362e+00 -6.093967590650901656e-01
5.441238476017521641e+00 -6.887421463058720494e-01
5.453804846631880920e+00 -6.092831802294268462e-01
5.466371217246240199e+00 -7.455703361659093975e-01
5.478937587860599479e+00 -6.655292572873717782e-01
5.491503958474958758e+00 -8.375877676475378397e-01
5.504070329089317148e+00 -6.697895462465378591e-01
5.516636699703676427e+00 -6.106739214636999202e-01
5.529203070318035707e+00 -8.404671721205543289e-01
5.541769440932394986e+00 -5.892288004334365059e-01
5.554335811546754265e+00 -6.620835002637922573e-01
5.566902182161113544e+00 -6.043564743030618303e-01
5.579468552775472823e+00 -7.804506535350710372e-01
5.592034923389832102e+00 -7.087131004924553945e-01
5.604601294004191381e+00 -6.545032905554758473e-01
5.617167664618549772e+00 -4.417682869862413764e-01
5.629734035232909051e+00 -5.523844715584883547e-01
5.642300405847268330e+00 -4.955390495641351922e-01
5.654866776461627609e+00 -6.344767882615295340e-01
5.667433147075986888e+00 -4.866569044120350740e-01
5.679999517690346167e+00 -4.179076797267032850e-01
5.692565888304705446e+00 -7.022156441651188352e-01
5.705132258919064725e+00 -6.532468063465988184e-01
5.717698629533424004e+00 -3.461347799938180869e-01
5.730265000147783283e+00 -5.682442433505570101e-01
5.742831370762141674e+00 -4.473238406506204190e-01
5.755397741376500953e+00 -3.557481244624719485e-01
5.767964111990860232e+00 -4.703900269310380966e-01
5.780530482605219511e+00 -4.724624491984943386e-01
5.793096853219578790e+00 -4.336040048344573239e-01
5.805663223833938069e+00 -4.154550700678060204e-01
5.818229594448297348e+00 -4.115180765283514286e-01
5.830795965062656627e+00 -4.388286545200539290e-01
5.843362335677015906e+00 -4.736138963575756700e-01
5.855928706291374297e+00 -3.400042434372692046e-01
5.868495076905733576e+00 -2.886826859722551597e-01
5.881061447520092855e+00 -4.024539592612775829e-01
5.893627818134452134e+00 -3.217571766488605545e-01
5.906194188748811413e+00 -3.520711592021090186e-01
5.918760559363170692e+00 -1.911984423135133782e-01
5.931326929977529971e+00 -2.748519781178814791e-01
5.943893300591889250e+00 -2.821184784177860894e-01
5.956459671206248530e+00 -4.639787323518090867e-01
5.969026041820606920e+00 -4.048259400036816613e-01
5.981592412434966199e+00 -2.655065777671235527e-01
5.994158783049325478e+00 -3.908890235701356630e-01
6.006725153663684758e+00 -3.718501921929198151e-01
6.019291524278044037e+00 -3.512288329213007487e-01
6.031857894892402427e+00 -2.707248408212498125e-01
6.044424265506761706e+00 -1.631209216702205478e-01
6.056990636121120986e+00 -3.387338317490874440e-01
6.069557006735480265e+00 -1.289861107937628759e-01
6.082123377349839544e+00 -2.414320802327864224e-01
6.094689747964198823e+00 -3.217734553999119784e-01
6.107256118578558102e+00 -1.293132879341263863e-01
6.119822489192916493e+00 -1.789998640770562588e-02
6.132388859807275772e+00 -9.475155071876903423e-02
6.144955230421635051e+00 -3.100414315415429833e-02
6.157521601035994330e+00 -2.640988725121854452e-01
6.170087971650353609e+00 -7.848643475939039160e-02
6.182654342264712888e+00 -3.832957940829742616e-02
6.195220712879072167e+00 4.438263179809692760e-02
6.207787083493431446e+00 -9.853130937430709668e-02
6.220353454107790725e+00 -1.247292081382121720e-02
6.232919824722149116e+00 -6.400962571336761553e-02
6.245486195336508395e+00 8.564484026157820340e-02
6.258052565950867674e+00 -1.304037175486061906e-01
6.270618936565226953e+00 8.786046793394400312e-02
