0.000000000000000000e+00 6.421956558570222906e-02
1.256637061435917323e-02 -2.504628611664735383e-01
2.513274122871834645e-02 1.094153751061042595e-01
3.769911184307751795e-02 -1.937179585435183649e-02
5.026548245743669291e-02 -4.998040188933756955e-02
6.283185307179586787e-02 1.465720273789695993e-03
7.539822368615503589e-02 2.509869099371450640e-02
8.796459430051420392e-02 7.613226016486580872e-02
1.005309649148733858e-01 1.430600898379893182e-01
1.130973355292325677e-01 1.768382185471068235e-01
1.256637061435917357e-01 -5.394008758211488175e-02
1.382300767579508760e-01 1.228428697618109827e-01
1.507964473723100718e-01 1.521940730052834811e-01
1.633628179866692676e-01 2.137081191757761733e-01
1.759291886010284078e-01 8.643526229126030636e-02
1.884955592153875759e-01 8.258887506773968101e-02
2.010619298297467716e-01 8.001915665612295558e-02
2.136283004441059397e-01 1.051913571933109637e-01
2.261946710584651354e-01 3.788485600430131495e-01
2.387610416728242757e-01 6.995988338812580976e-02
2.513274122871834715e-01 2.482701607167542568e-01
2.638937829015426395e-01 1.912696832350533893e-01
2.764601535159017520e-01 4.267786976132953436e-01
2.890265241302609756e-01 3.490451415223360665e-01
3.015928947446201436e-01 1.666531035633008750e-01
3.141592653589793116e-01 2.344442959889612710e-01
3.267256359733385351e-01 2.803754172562094582e-01
3.392920065876976476e-01 5.435170695779597549e-01
3.518583772020568157e-01 3.827900879732326622e-01
3.644247478164160392e-01 3.890164868350679539e-01
3.769911184307751517e-01 2.947326509138456507e-01
3.895574890451343197e-01 4.849106157322331523e-01
4.021238596594935433e-01 5.067469870047995872e-01
4.146902302738527113e-01 4.577255059542495452e-01
4.272566008882118793e-01 3.951936735926830369e-01
4.398229715025711029e-01 5.294951141896365732e-01
4.523893421169302709e-01 4.565715208742489040e-01
4.649557127312893834e-01 5.757616565193452995e-01
4.775220833456485514e-01 3.307671126060452993e-01
4.900884539600077194e-01 5.939231054190295955e-01
5.026548245743669430e-01 6.209218271666888667e-01
5.152211951887261110e-01 4.316517756155350827e-01
5.277875658030852790e-01 5.809380917069592032e-01
5.403539364174444470e-01 6.218490508681669970e-01
5.529203070318035040e-01 4.717946853534519813e-01
5.654866776461627831e-01 7.583234168117770624e-01
5.780530482605219511e-01 7.345427927932060008e-01
5.906194188748811191e-01 6.224616344060909245e-01
6.031857894892402872e-01 6.389996621157695289e-01
6.157521601035994552e-01 7.028123342054199973e-01
6.283185307179586232e-01 3.839383050689102461e-01
6.408849013323177912e-01 4.889723304028960049e-01
6.534512719466770703e-01 5.086408256162683328e-01
6.660176425610361273e-01 7.327387113483589953e-01
6.785840131753952953e-01 6.590163817328871243e-01
6.911503837897544633e-01 4.884420108352049983e-01
7.037167544041136313e-01 5.968301187167807109e-01
7.162831250184729104e-01 7.703982587926003767e-01
7.288494956328320784e-01 7.812844806756669147e-01
7.414158662471912464e-01 7.501634794625818836e-01
7.539822368615503034e-01 5.813678588677200221e-01
7.665486074759094715e-01 5.418544459735598062e-01
7.791149780902686395e-01 6.165685298920859925e-01
7.916813487046279185e-01 6.407743078057117625e-01
8.042477193189870865e-01 7.774687765428719421e-01
8.168140899333462546e-01 6.797060198605071601e-01
8.293804605477054226e-01 6.513785550155412052e-01
8.419468311620645906e-01 6.599581672069846361e-01
8.545132017764237586e-01 7.537954639607012952e-01
8.670795723907829267e-01 8.680847545146825883e-01
8.796459430051422057e-01 6.083621027995298469e-01
8.922123136195013737e-01 9.251932078502472789e-01
9.047786842338605418e-01 7.724028328200385207e-01
9.173450548482194877e-01 1.061808487226239439e+00
9.299114254625787668e-01 8.162910480469756092e-01
9.424777960769379348e-01 7.427057336862806780e-01
9.550441666912971028e-01 9.118842946472061062e-01
9.676105373056562708e-01 6.293266469805658403e-01
9.801769079200154389e-01 7.419240901777347519e-01
9.927432785343746069e-01 6.932067981236347265e-01
1.005309649148733886e+00 5.179965496825196247e-01
1.017876019763092943e+00 1.093150130673099518e+00
1.030442390377452222e+00 8.306616580314672982e-01
1.043008760991811279e+00 7.944386737225579420e-01
1.055575131606170558e+00 8.570847621764785540e-01
1.068141502220529837e+00 7.624486725660252207e-01
1.080707872834888894e+00 9.000376064040326307e-01
1.093274243449248173e+00 9.500627818182494355e-01
1.105840614063607008e+00 8.055806476438384101e-01
1.118406984677966287e+00 8.768554158840188295e-01
1.130973355292325566e+00 9.982087389932006172e-01
1.143539725906684623e+00 9.800212671750985205e-01
1.156106096521043902e+00 9.900843973943451726e-01
1.168672467135402959e+00 8.771304352230790968e-01
1.181238837749762238e+00 1.027935037477288871e+00
1.193805208364121295e+00 9.023973209297947440e-01
1.206371578978480574e+00 9.071990090377721749e-01
1.218937949592839853e+00 8.957615851889449976e-01
1.231504320207198910e+00 1.003855520463729389e+00
1.244070690821558189e+00 9.720018869245165005e-01
1.256637061435917246e+00 1.005514071564484802e+00
1.269203432050276525e+00 9.568097802557754550e-01
1.281769802664635582e+00 9.018264283760720756e-01
1.294336173278994861e+00 9.302035928630087991e-01
1.306902543893354141e+00 1.009880287205488836e+00
1.319468914507712975e+00 1.085069337337534856e+00
1.332035285122072255e+00 7.851597250631234814e-01
1.344601655736431534e+00 1.041227867333383239e+00
1.357168026350790591e+00 1.064669302936920303e+00
1.369734396965149870e+00 1.166770134987665797e+00
1.382300767579508927e+00 8.105820897197425490e-01
1.394867138193868206e+00 8.528212276444576689e-01
1.407433508808227263e+00 9.004329643120303484e-01
1.419999879422586542e+00 1.015867707718262070e+00
1.432566250036945821e+00 9.606606443506525705e-01
1.445132620651304878e+00 1.092285262418179581e+00
1.457698991265664157e+00 9.717590674746504620e-01
1.470265361880023214e+00 9.230447612254224499e-01
1.482831732494382493e+00 7.913579364930811710e-01
1.495398103108741550e+00 1.054306208360259012e+00
1.507964473723100607e+00 1.055410999212781586e+00
1.520530844337459886e+00 1.313530936398976667e+00
1.533097214951818943e+00 8.857546221102522432e-01
1.545663585566178222e+00 9.720383666504904818e-01
1.558229956180537279e+00 8.616528512561321129e-01
1.570796326794896558e+00 8.066603915731976882e-01
1.583362697409255837e+00 1.149704993368519057e+00
1.595929068023614894e+00 8.407326226727349638e-01
1.608495438637974173e+00 1.096392871672993818e+00
1.621061809252333230e+00 1.005103142220986401e+00
1.633628179866692509e+00 9.184356645449498480e-01
1.646194550481051566e+00 1.086278838234090882e+00
1.658760921095410845e+00 1.004354777321945003e+00
1.671327291709770124e+00 7.872965468711301540e-01
1.683893662324129181e+00 1.006059452598142778e+00
1.696460032938488460e+00 9.431462883402620401e-01
1.709026403552847517e+00 9.666446883495706244e-01
1.721592774167206796e+00 1.057163508193089241e+00
1.734159144781565853e+00 8.061308262866425656e-01
1.746725515395925132e+00 1.072062575609758373e+00
1.759291886010284411e+00 1.098197509151075169e+00
1.771858256624643468e+00 8.542038239814622180e-01
1.784424627239002747e+00 9.099465005952203089e-01
1.796990997853361804e+00 8.289254823386197346e-01
1.809557368467721084e+00 1.126227967096642857e+00
1.822123739082079918e+00 9.846621695364622395e-01
1.834690109696438975e+00 1.060249505478367604e+00
1.847256480310798255e+00 1.045111304476404657e+00
1.859822850925157534e+00 1.100502214295722592e+00
1.872389221539516591e+00 9.881036153017765944e-01
1.884955592153875870e+00 8.498018950311342357e-01
1.897521962768234927e+00 1.029254754971789199e+00
1.910088333382594206e+00 7.750412616126296506e-01
1.922654703996953263e+00 8.481616611672087025e-01
1.935221074611312542e+00 1.061207625435510060e+00
1.947787445225671821e+00 9.796638136610680281e-01
1.960353815840030878e+00 8.846507790959974304e-01
1.972920186454390157e+00 9.911677286531548337e-01
1.985486557068749214e+00 8.771104319533779003e-01
1.998052927683108493e+00 1.000989218892944121e+00
2.010619298297467772e+00 9.484122189894588217e-01
2.023185668911826607e+00 8.603462737511693437e-01
2.035752039526185886e+00 8.687041198653587815e-01
2.048318410140545165e+00 8.396524061609154099e-01
2.060884780754904444e+00 9.475945137076816627e-01
2.073451151369263723e+00 7.983360489461276410e-01
2.086017521983622558e+00 8.145037907036501990e-01
2.098583892597981837e+00 8.923875239427798700e-01
2.111150263212341116e+00 8.402907558650751785e-01
2.123716633826700395e+00 8.948656704173801879e-01
2.136283004441059674e+00 7.304067993425427119e-01
2.148849375055418509e+00 7.243861867378856845e-01
2.161415745669777788e+00 8.497635378518824112e-01
2.173982116284137067e+00 7.248768541900586504e-01
2.186548486898496346e+00 7.704910095826066341e-01
2.199114857512855181e+00 1.015270374237995599e+00
2.211681228127214016e+00 8.131236490004890571e-01
2.224247598741573295e+00 8.714975952209693677e-01
2.236813969355932574e+00 9.539175182610235559e-01
2.249380339970291853e+00 7.396943013161187963e-01
2.261946710584651132e+00 9.754066221506232370e-01
2.274513081199009967e+00 8.057765049243863498e-01
2.287079451813369246e+00 6.707098816882413050e-01
2.299645822427728525e+00 7.294746127280635761e-01
2.312212193042087804e+00 5.370768166636363805e-01
2.324778563656447083e+00 6.226934977593779896e-01
2.337344934270805918e+00 7.687510592741743087e-01
2.349911304885165197e+00 7.591447282166854382e-01
2.362477675499524477e+00 6.648023081469109918e-01
2.375044046113883756e+00 5.136407735724181078e-01
2.387610416728242591e+00 7.956075487625525744e-01
2.400176787342601870e+00 6.032650731000036570e-01
2.412743157956961149e+00 8.305223883928305462e-01
2.425309528571320428e+00 7.429460298047126932e-01
2.437875899185679707e+00 7.629378779322465443e-01
2.450442269800038542e+00 7.314381461908897597e-01
2.463008640414397821e+00 6.111007106722585736e-01
2.475575011028757100e+00 4.530174284645146487e-01
2.488141381643116379e+00 7.620546853066491044e-01
2.500707752257475658e+00 4.502117651404263787e-01
2.513274122871834493e+00 5.925948718482196842e-01
2.525840493486193772e+00 7.367972947999730238e-01
2.538406864100553051e+00 5.219422013286213469e-01
2.550973234714912330e+00 5.250290695044519396e-01
2.563539605329271165e+00 4.986058793689844837e-01
2.576105975943630444e+00 6.276937006708235289e-01
2.588672346557989723e+00 6.502196894816915096e-01
2.601238717172349002e+00 5.083247828599802842e-01
2.613805087786708281e+00 4.730187337188496155e-01
2.626371458401067116e+00 3.966634542929071139e-01
2.638937829015425951e+00 4.353009479299217999e-01
2.651504199629785230e+00 4.436987257919499661e-01
2.664070570244144509e+00 4.254956095748455014e-01
2.676636940858503788e+00 7.180865654531555231e-01
2.689203311472863067e+00 4.984238302079369576e-01
2.701769682087221902e+00 5.037373509597364851e-01
2.714336052701581181e+00 2.271268842266708221e-01
2.726902423315940460e+00 3.201699572661542148e-01
2.739468793930299739e+00 4.103323890478538516e-01
2.752035164544658574e+00 3.468295923171279549e-01
2.764601535159017853e+00 3.337905648956492888e-01
2.777167905773377132e+00 3.264795347612458043e-01
2.789734276387736411e+00 3.150986448271893559e-01
2.802300647002095690e+00 3.471020273756086350e-01
2.814867017616454525e+00 2.907540714624699540e-01
2.827433388230813804e+00 4.217215536686337307e-01
2.839999758845173083e+00 3.453319160560914258e-01
2.852566129459532362e+00 4.083648759254746574e-01
2.865132500073891642e+00 6.046330721689041621e-02
2.877698870688250476e+00 1.757018273010096665e-01
2.890265241302609756e+00 2.744271283007030937e-01
2.902831611916969035e+00 1.611930525733771269e-01
2.915397982531328314e+00 -6.018494731635209982e-03
2.927964353145687149e+00 -1.767915209405288013e-02
2.940530723760046428e+00 3.771845915133603677e-02
2.953097094374405707e+00 2.103595036743114155e-01
2.965663464988764986e+00 3.997092424967360613e-02
2.978229835603124265e+00 2.435668477695972778e-01
2.990796206217483100e+00 1.086581794746509649e-01
3.003362576831842379e+00 2.579884174656169593e-01
3.015928947446201214e+00 2.641114796695639422e-01
3.028495318060560493e+00 1.149765515243345165e-01
3.041061688674919772e+00 -8.329318308405728177e-02
3.053628059289279051e+00 1.677137691606843117e-01
3.066194429903637886e+00 -5.176975832216164364e-02
3.078760800517997165e+00 1.207508831088598411e-01
3.091327171132356444e+00 1.313247196584091392e-01
3.103893541746715723e+00 1.151604230322825217e-01
3.116459912361074558e+00 -1.525336821547879362e-01
3.129026282975433837e+00 -7.347599941166044202e-03
3.141592653589793116e+00 1.110480694086862508e-01
3.154159024204152395e+00 4.053102819208008467e-02
3.166725394818511674e+00 1.035944248359385172e-01
3.179291765432870509e+00 3.706378404319206343e-02
3.191858136047229788e+00 3.213613329998159240e-02
3.204424506661589067e+00 -1.241083543351695906e-01
3.216990877275948346e+00 -1.899042610647327239e-02
3.229557247890307181e+00 -1.555727756430601849e-01
3.242123618504666460e+00 -2.114199835743520717e-01
3.254689989119025739e+00 -1.321808490889578858e-01
3.267256359733385018e+00 -1.870845916176075985e-01
3.279822730347744297e+00 -1.231014719337465979e-01
3.292389100962103132e+00 -6.907977570079129603e-02
3.304955471576462411e+00 -1.851009082096849445e-01
3.317521842190821690e+00 -2.058223028336271243e-01
3.330088212805180969e+00 -3.090035801404897309e-01
3.342654583419540248e+00 -2.608920985748480192e-01
3.355220954033899083e+00 -2.439535336904326557e-01
3.367787324648258362e+00 -3.168198447145359475e-01
3.380353695262617642e+00 -2.675009483786243147e-01
3.392920065876976921e+00 -2.103277371981294164e-01
3.405486436491335756e+00 -2.247003023254478260e-01
3.418052807105695035e+00 -2.007016791078096163e-01
3.430619177720054314e+00 -1.939506932088927993e-01
3.443185548334413593e+00 -2.508295265139945940e-01
3.455751918948772872e+00 -4.389812246684565711e-01
3.468318289563131707e+00 -3.487493555541769652e-01
3.480884660177490986e+00 -1.382934749715265255e-01
3.493451030791850265e+00 -3.686823193699171886e-01
3.506017401406209544e+00 -5.015237360177849935e-01
3.518583772020568823e+00 -4.062003581366166460e-01
3.531150142634927658e+00 -3.589833627430358831e-01
3.543716513249286937e+00 -5.381798717000790822e-01
3.556282883863646216e+00 -3.036331599471577269e-01
3.568849254478005495e+00 -5.554122043884045512e-01
3.581415625092364330e+00 -5.311928946069423008e-01
3.593981995706723609e+00 -4.987324827201972677e-01
3.606548366321082888e+00 -4.352893386037951506e-01
3.619114736935442167e+00 -4.944995135959904253e-01
3.631681107549800558e+00 -6.082930244319227908e-01
3.644247478164159837e+00 -4.465075038539023100e-01
3.656813848778519116e+00 -5.856981028537542322e-01
3.669380219392877951e+00 -4.740380157454274768e-01
3.681946590007237230e+00 -6.485279473039784470e-01
3.694512960621596509e+00 -4.618312177268824592e-01
3.707079331235955788e+00 -4.709760579564289951e-01
3.719645701850315067e+00 -5.237935205484872681e-01
3.732212072464673902e+00 -6.543075647628403546e-01
3.744778443079033181e+00 -4.601819026066451546e-01
3.757344813693392460e+00 -4.899670536812115729e-01
3.769911184307751739e+00 -5.381788953390991281e-01
3.782477554922110574e+00 -4.640915404089841489e-01
3.795043925536469853e+00 -7.419241382535753937e-01
3.807610296150829132e+00 -6.833859607580305973e-01
3.820176666765188411e+00 -6.379002054175798575e-01
3.832743037379547690e+00 -6.698047771557351648e-01
3.845309407993906525e+00 -6.942375663909354788e-01
3.857875778608265804e+00 -6.897379453064262922e-01
3.870442149222625083e+00 -6.048736303328581254e-01
3.883008519836984362e+00 -7.675519313762335649e-01
3.895574890451343641e+00 -7.377916678190127309e-01
3.908141261065702476e+00 -7.017613235754562862e-01
3.920707631680061755e+00 -8.456248686787675162e-01
3.933274002294421035e+00 -6.959146533418995029e-01
3.945840372908780314e+00 -7.424174244346533058e-01
3.958406743523139149e+00 -8.702781553775196244e-01
3.970973114137498428e+00 -6.704586524794259317e-01
3.983539484751857707e+00 -7.025012611042584787e-01
3.996105855366216986e+00 -6.873117176148195728e-01
4.008672225980576265e+00 -8.813758376411244821e-01
4.021238596594935544e+00 -7.783526138436280828e-01
4.033804967209294823e+00 -7.404362209916891535e-01
4.046371337823653214e+00 -7.409564880874092152e-01
4.058937708438012493e+00 -5.790790960654915720e-01
4.071504079052371772e+00 -7.149939027499191413e-01
4.084070449666731051e+00 -6.427224844466370435e-01
4.096636820281090330e+00 -8.463681109350487120e-01
4.109203190895449609e+00 -8.292755908406643783e-01
4.121769561509808888e+00 -8.194582979505472542e-01
4.134335932124168167e+00 -8.337746521825130097e-01
4.146902302738527446e+00 -7.390283929135189611e-01
4.159468673352886725e+00 -9.760367869249666484e-01
4.172035043967245116e+00 -9.358981477451645548e-01
4.184601414581604395e+00 -8.365482689460782550e-01
4.197167785195963674e+00 -8.478230659625328736e-01
4.209734155810322953e+00 -1.099208959618778181e+00
4.222300526424682232e+00 -8.607857949276523923e-01
4.234866897039041511e+00 -1.027962754491890340e+00
4.247433267653400790e+00 -9.644589632127413825e-01
4.259999638267760069e+00 -6.911041325866266183e-01
4.272566008882119348e+00 -9.568347421009290033e-01
4.285132379496477739e+00 -1.037451053639173670e+00
4.297698750110837018e+00 -1.000609766964184688e+00
4.310265120725196297e+00 -8.638681692707129711e-01
4.322831491339555576e+00 -8.839116865375186149e-01
4.335397861953914855e+00 -7.408925503515582101e-01
4.347964232568274134e+00 -1.028084257558071091e+00
4.360530603182633413e+00 -9.682984957839817497e-01
4.373096973796992692e+00 -8.350938644893217688e-01
4.385663344411351972e+00 -1.007927468122344905e+00
4.398229715025710362e+00 -9.626202555822169771e-01
4.410796085640069641e+00 -7.898621438079027612e-01
4.423362456254428032e+00 -8.766456308621154436e-01
4.435928826868787311e+00 -8.595762448891832719e-01
4.448495197483146590e+00 -1.105723649752971882e+00
4.461061568097505869e+00 -1.017797007329176662e+00
4.473627938711865148e+00 -7.958171735633071675e-01
4.486194309326224428e+00 -8.942911669487025872e-01
4.498760679940583707e+00 -1.156640513609899390e+00
4.511327050554942986e+00 -8.853617644129121445e-01
4.523893421169302265e+00 -7.600564947109871294e-01
4.536459791783661544e+00 -9.605326294625542438e-01
4.549026162398019935e+00 -9.792274162039665830e-01
4.561592533012379214e+00 -1.089371466249378528e+00
4.574158903626738493e+00 -9.111979066214332956e-01
4.586725274241097772e+00 -1.143978664234247988e+00
4.599291644855457051e+00 -1.052454238891724625e+00
4.611858015469816330e+00 -1.021800427707294956e+00
4.624424386084175609e+00 -8.286374545482446674e-01
4.636990756698534888e+00 -9.573605044981775558e-01
4.649557127312894167e+00 -1.056301994232141439e+00
4.662123497927252558e+00 -1.083698950709666375e+00
4.674689868541611837e+00 -8.213127961909949537e-01
4.687256239155971116e+00 -1.060871570447280865e+00
4.699822609770330395e+00 -1.013591156486135292e+00
4.712388980384689674e+00 -7.330109938605765540e-01
4.724955350999048953e+00 -9.780092734071946792e-01
4.737521721613408232e+00 -9.190646736682981377e-01
4.750088092227767511e+00 -1.024890766296962630e+00
4.762654462842126790e+00 -9.495529271947299454e-01
4.775220833456485181e+00 -9.442678797793665479e-01
4.787787204070844460e+00 -9.314511917846053368e-01
4.800353574685203739e+00 -9.805452424643581466e-01
4.812919945299563018e+00 -8.650994476203044403e-01
4.825486315913922297e+00 -1.033541257244180445e+00
4.838052686528281576e+00 -1.053892696142141538e+00
4.850619057142640855e+00 -8.011075159660764333e-01
4.863185427757000134e+00 -9.174949205599586266e-01
4.875751798371359413e+00 -1.033552836054221657e+00
4.888318168985717804e+00 -1.177428493653098762e+00
4.900884539600077083e+00 -7.389490626663615114e-01
4.913450910214436362e+00 -1.020194692734176067e+00
4.926017280828795641e+00 -1.009131214596204140e+00
4.938583651443154920e+00 -9.370958246573621864e-01
4.951150022057514200e+00 -9.590704842693711374e-01
4.963716392671873479e+00 -8.773455133742650291e-01
4.976282763286232758e+00 -8.020868599942352350e-01
4.988849133900592037e+00 -9.772407663089560659e-01
5.001415504514951316e+00 -8.187664238246089576e-01
5.013981875129309707e+00 -1.068669914004254151e+00
5.026548245743668986e+00 -9.264594415265230420e-01
5.039114616358028265e+00 -9.070941179054670123e-01
5.051680986972387544e+00 -8.096816730320637312e-01
5.064247357586746823e+00 -9.061418744235649747e-01
5.076813728201106102e+00 -8.247585766659435436e-01
5.089380098815465381e+00 -9.786382056746835145e-01
5.101946469429824660e+00 -9.682018627461282945e-01
5.114512840044183939e+00 -1.056083385970103761e+00
5.127079210658542330e+00 -9.811205742170945321e-01
5.139645581272901609e+00 -1.070118474367645067e+00
5.152211951887260888e+00 -8.448940679777341423e-01
5.164778322501620167e+00 -8.957811874267992414e-01
5.177344693115979446e+00 -5.653486248506012224e-01
5.189911063730338725e+00 -6.986286241387041906e-01
5.202477434344698004e+00 -9.947409508824731628e-01
5.215043804959057283e+00 -8.694823521270451661e-01
5.227610175573416562e+00 -7.783247479443409222e-01
5.240176546187774953e+00 -8.311771462888214446e-01
5.252742916802134232e+00 -8.471756933935427059e-01
5.265309287416492623e+00 -8.683781070812803815e-01
5.277875658030851902e+00 -8.475546470129077248e-01
5.290442028645211181e+00 -7.712693110554108555e-01
5.303008399259570460e+00 -7.370116288102205315e-01
5.315574769873929739e+00 -8.566394666516092826e-01
5.328141140488289018e+00 -8.346445597941982708e-01
5.340707511102648297e+00 -9.282021942137383963e-01
5.353273881717007576e+00 -9.356330172100698617e-01
5.365840252331366855e+00 -6.309037404987661857e-01
5.378406622945726134e+00 -8.902177044436107023e-01
5.390972993560084525e+00 -7.757467287658823540e-01
5.403539364174443804e+00 -6.483326649416303322e-01
5.416105734788803083e+00 -6.200520475825344047e-01
5.428672105403162362e+00 -7.275950868204017485e-01
5.441238476017521641e+00 -8.089150965492313272e-01
5.453804846631880920e+00 -6.833091807369897630e-01
5.466371217246240199e+00 -5.659680363146041282e-01
5.478937587860599479e+00 -8.428523948742572269e-01
5.491503958474958758e+00 -6.544086583689056047e-01
5.504070329089317148e+00 -6.283202114451945652e-01
5.516636699703676427e+00 -7.263843578594788575e-01
5.529203070318035707e+00 -9.520682336829806580e-01
5.541769440932394986e+00 -6.844306745280828164e-01
5.554335811546754265e+00 -6.588216782423477191e-01
5.566902182161113544e+00 -6.825258861943278577e-01
5.579468552775472823e+00 -7.415799643101277372e-01
5.592034923389832102e+00 -5.852997148199562405e-01
5.604601294004191381e+00 -8.392544187797001953e-01
5.617167664618549772e+00 -6.538336876348823656e-01
5.629734035232909051e+00 -6.269583988763181015e-01
5.642300405847268330e+00 -4.194145280537481257e-01
5.654866776461627609e+00 -5.766731510209011091e-01
5.667433147075986888e+00 -5.747824541068295989e-01
5.679999517690346167e+00 -4.563159097473004078e-01
5.692565888304705446e+00 -4.922194015200086481e-01
5.705132258919064725e+00 -5.436451722233944794e-01
5.717698629533424004e+00 -4.047508876386947119e-01
5.730265000147783283e+00 -5.231473004957506445e-01
5.742831370762141674e+00 -5.819461438197407466e-01
5.755397741376500953e+00 -6.278848345577969781e-01
5.767964111990860232e+00 -5.922203420244526173e-01
5.780530482605219511e+00 -3.190686821484901015e-01
5.793096853219578790e+00 -5.657643466770448937e-01
5.805663223833938069e+00 -3.605869315511140427e-01
5.818229594448297348e+00 -4.750222305524059441e-01
5.830795965062656627e+00 -5.356716382695989598e-01
5.843362335677015906e+00 -4.698425598029919992e-01
5.855928706291374297e+00 -4.122161040379951347e-01
5.868495076905733576e+00 -5.223456634543749422e-01
5.881061447520092855e+00 -3.929824873902654780e-01
5.893627818134452134e+00 -4.353319354960532572e-01
5.906194188748811413e+00 -5.036051218539165930e-01
5.918760559363170692e+00 -2.725019820929727166e-01
5.931326929977529971e+00 -1.347813628749578996e-01
5.943893300591889250e+00 -4.497629707577325275e-01
5.956459671206248530e+00 -4.208261979031034938e-01
5.969026041820606920e+00 -3.696292591517580939e-01
5.981592412434966199e+00 -3.786905951773767987e-01
5.994158783049325478e+00 -1.886799277252986795e-01
6.006725153663684758e+00 -2.198785698845529268e-01
6.019291524278044037e+00 -3.972326586096274204e-01
6.031857894892402427e+00 -1.325867072678471037e-01
6.044424265506761706e+00 -2.642785932154179118e-01
6.056990636121120986e+00 -2.904955368693339368e-01
6.069557006735480265e+00 -3.360574766909360522e-01
6.082123377349839544e+00 -3.450638428380878309e-01
6.094689747964198823e+00 -1.713799344899186172e-01
6.107256118578558102e+00 -3.311176776697200008e-01
6.119822489192916493e+00 -2.355743912455214306e-01
6.132388859807275772e+00 -2.749932902151506209e-01
6.144955230421635051e+00 -5.475894759375057874e-02
6.157521601035994330e+00 2.125026677371497086e-02
6.170087971650353609e+00 -1.909822317005228920e-01
6.182654342264712888e+00 -1.932334566022821387e-01
6.195220712879072167e+00 -1.072655453713885210e-01
6.207787083493431446e+00 -1.029043661319014452e-01
6.220353454107790725e+00 6.715660203230500169e-03
6.232919824722149116e+00 9.242330290562987549e-02
6.245486195336508395e+00 -6.724366000736145543e-02
6.258052565950867674e+00 1.709096811720101083e-03
6.270618936565226953e+00 -2.976099430533674095e-03
