0.000000000000000000e+00 1.961011029729469168e-01
1.256637061435917323e-02 6.028171941345427526e-02
2.513274122871834645e-02 1.396521193579108033e-01
3.769911184307751795e-02 4.362015384852813149e-02
5.026548245743669291e-02 1.644893185199396979e-01
6.283185307179586787e-02 2.034770473622776743e-01
7.539822368615503589e-02 1.513487803471805226e-02
8.796459430051420392e-02 6.446706665298215788e-03
1.005309649148733858e-01 1.189629582861321810e-01
1.130973355292325677e-01 1.209129824308379231e-01
1.256637061435917357e-01 1.380320894811555288e-01
1.382300767579508760e-01 1.813129721219997603e-01
1.507964473723100718e-01 1.683862575449279197e-01
1.633628179866692676e-01 1.252769900474948461e-01
1.759291886010284078e-01 6.938442027904428988e-02
1.884955592153875759e-01 2.966468369652752179e-01
2.010619298297467716e-01 1.142423772979722502e-01
2.136283004441059397e-01 7.241000383071197199e-02
2.261946710584651354e-01 3.077977090662000204e-01
2.387610416728242757e-01 1.729835416057728392e-01
2.513274122871834715e-01 2.539838052408893709e-01
2.638937829015426395e-01 4.445733770719550448e-01
2.764601535159017520e-01 2.745614549276189087e-01
2.890265241302609756e-01 4.539627968278540093e-01
3.015928947446201436e-01 3.150867865522462008e-01
3.141592653589793116e-01 3.070457679567166753e-01
3.267256359733385351e-01 3.474871698416417409e-01
3.392920065876976476e-01 2.338643704571883863e-01
3.518583772020568157e-01 3.447028943856997873e-01
3.644247478164160392e-01 4.123227128332889180e-01
3.769911184307751517e-01 3.882980615566222760e-01
3.895574890451343197e-01 2.659420871272634712e-01
4.021238596594935433e-01 2.190668108870370556e-01
4.146902302738527113e-01 4.659590937360901797e-01
4.272566008882118793e-01 4.602535963264676733e-01
4.398229715025711029e-01 5.746951142240359633e-01
4.523893421169302709e-01 4.181548054577639006e-01
4.649557127312893834e-01 3.552184199530507014e-01
4.775220833456485514e-01 2.964759331897971473e-01
4.900884539600077194e-01 6.432612425058157335e-01
5.026548245743669430e-01 4.989736668746254100e-01
5.152211951887261110e-01 5.244308507484058968e-01
5.277875658030852790e-01 7.887911583019018291e-01
5.403539364174444470e-01 4.245697917539540400e-01
5.529203070318035040e-01 4.303894016085965113e-01
5.654866776461627831e-01 7.083616058148540784e-01
5.780530482605219511e-01 5.187842285130481734e-01
5.906194188748811191e-01 5.832710858246303864e-01
6.031857894892402872e-01 5.198630992215843571e-01
6.157521601035994552e-01 7.430174145747315828e-01
6.283185307179586232e-01 6.014920336136245771e-01
6.408849013323177912e-01 6.434137473817006514e-01
6.534512719466770703e-01 5.782535708862273083e-01
6.660176425610361273e-01 6.287091400748646697e-01
6.785840131753952953e-01 6.508380559394797427e-01
6.911503837897544633e-01 6.532031863708193109e-01
7.037167544041136313e-01 6.471666584950473977e-01
7.162831250184729104e-01 5.940120170217410012e-01
7.288494956328320784e-01 6.053722868612764207e-01
7.414158662471912464e-01 7.414208492460294675e-01
7.539822368615503034e-01 7.396615407402894471e-01
7.665486074759094715e-01 8.281202593009948654e-01
7.791149780902686395e-01 8.141588214080885955e-01
7.916813487046279185e-01 8.451770618843166272e-01
8.042477193189870865e-01 6.393424780887282388e-01
8.168140899333462546e-01 6.028785688005485754e-01
8.293804605477054226e-01 8.314695464544956671e-01
8.419468311620645906e-01 5.335570774597634403e-01
8.545132017764237586e-01 6.924508506082120984e-01
8.670795723907829267e-01 7.400264408134928917e-01
8.796459430051422057e-01 5.780511609646685756e-01
8.922123136195013737e-01 8.381599231824486962e-01
9.047786842338605418e-01 8.018908033740324015e-01
9.173450548482194877e-01 7.432828657911088044e-01
9.299114254625787668e-01 8.145012622970407845e-01
9.424777960769379348e-01 6.652513128703888556e-01
9.550441666912971028e-01 9.021805236146975826e-01
9.676105373056562708e-01 8.948821261115081915e-01
9.801769079200154389e-01 7.255579743688468364e-01
9.927432785343746069e-01 6.453327252739490261e-01
1.005309649148733886e+00 8.263731019890465657e-01
1.017876019763092943e+00 7.904918638361875249e-01
1.030442390377452222e+00 8.315516720670756978e-01
1.043008760991811279e+00 7.963242836893895671e-01
1.055575131606170558e+00 7.059875280390472962e-01
1.068141502220529837e+00 9.211051231881475232e-01
1.080707872834888894e+00 1.074478293175289423e+00
1.093274243449248173e+00 7.211341053098981879e-01
1.105840614063607008e+00 9.279740569739342027e-01
1.118406984677966287e+00 9.744340019788557683e-01
1.130973355292325566e+00 9.703023396619727681e-01
1.143539725906684623e+00 1.183636464488028839e+00
1.156106096521043902e+00 8.681204443889495304e-01
1.168672467135402959e+00 9.719503029699636532e-01
1.181238837749762238e+00 1.050662084174194710e+00
1.193805208364121295e+00 8.561482911727875678e-01
1.206371578978480574e+00 9.654766670363785774e-01
1.218937949592839853e+00 1.003807713394184731e+00
1.231504320207198910e+00 9.464564212754793537e-01
1.244070690821558189e+00 1.007702106331045844e+00
1.256637061435917246e+00 1.023646740186482829e+00
1.269203432050276525e+00 9.287798360540640008e-01
1.281769802664635582e+00 8.899993942445235673e-01
1.294336173278994861e+00 9.335058511901757061e-01
1.306902543893354141e+00 9.073013648488265082e-01
1.319468914507712975e+00 8.292927084205324872e-01
1.332035285122072255e+00 6.462387242645213359e-01
1.344601655736431534e+00 9.610326055167887072e-01
1.357168026350790591e+00 7.528185562364555494e-01
1.369734396965149870e+00 1.029645345050914207e+00
1.382300767579508927e+00 1.046113617499772275e+00
1.394867138193868206e+00 8.919461865497635422e-01
1.407433508808227263e+00 1.014315607158261079e+00
1.419999879422586542e+00 9.435569592397869965e-01
1.432566250036945821e+00 1.078380735018550807e+00
1.445132620651304878e+00 1.079271241194900810e+00
1.457698991265664157e+00 9.015377208959431954e-01
1.470265361880023214e+00 8.800548165764433550e-01
1.482831732494382493e+00 8.829180855229702418e-01
1.495398103108741550e+00 1.202296807347715824e+00
1.507964473723100607e+00 1.236290678457795833e+00
1.520530844337459886e+00 1.037819980517322938e+00
1.533097214951818943e+00 1.024890934379867780e+00
1.545663585566178222e+00 8.048329267960780964e-01
1.558229956180537279e+00 8.376236753869401586e-01
1.570796326794896558e+00 9.936095071374126952e-01
1.583362697409255837e+00 1.051337370277190431e+00
1.595929068023614894e+00 9.507853874515457271e-01
1.608495438637974173e+00 1.015435481544495921e+00
1.621061809252333230e+00 8.769351457469527489e-01
1.633628179866692509e+00 8.293782143425967313e-01
1.646194550481051566e+00 1.000838951927181864e+00
1.658760921095410845e+00 8.865444988115354086e-01
1.671327291709770124e+00 1.005155843396597248e+00
1.683893662324129181e+00 9.320983060397938225e-01
1.696460032938488460e+00 8.510441308377891811e-01
1.709026403552847517e+00 8.338550469581627045e-01
1.721592774167206796e+00 1.025560091251454198e+00
1.734159144781565853e+00 1.070939465841532545e+00
1.746725515395925132e+00 9.932693434884906081e-01
1.759291886010284411e+00 1.071609488307403213e+00
1.771858256624643468e+00 1.009473918409311333e+00
1.784424627239002747e+00 9.560651914328719414e-01
1.796990997853361804e+00 8.502483294503897504e-01
1.809557368467721084e+00 7.508584887771939664e-01
1.822123739082079918e+00 1.037457264308736526e+00
1.834690109696438975e+00 1.104793636632813270e+00
1.847256480310798255e+00 9.138399179013179108e-01
1.859822850925157534e+00 9.783261840130471620e-01
1.872389221539516591e+00 1.124369010115968903e+00
1.884955592153875870e+00 9.169306162060310017e-01
1.897521962768234927e+00 8.477424990995895415e-01
1.910088333382594206e+00 8.688821821196403006e-01
1.922654703996953263e+00 9.170370564616823206e-01
1.935221074611312542e+00 1.056420548311778784e+00
1.947787445225671821e+00 1.011030011160876985e+00
1.960353815840030878e+00 1.086244209746495493e+00
1.972920186454390157e+00 7.277320396599851193e-01
1.985486557068749214e+00 8.839999150027469943e-01
1.998052927683108493e+00 8.427349487489612656e-01
2.010619298297467772e+00 9.583504063286523156e-01
2.023185668911826607e+00 8.286911937102560133e-01
2.035752039526185886e+00 9.588555578353752384e-01
2.048318410140545165e+00 9.196828282725623138e-01
2.060884780754904444e+00 8.768364833821883364e-01
2.073451151369263723e+00 9.275512180486061853e-01
2.086017521983622558e+00 9.794714195922563649e-01
2.098583892597981837e+00 1.034140668715228806e+00
2.111150263212341116e+00 9.013175861521309784e-01
2.123716633826700395e+00 7.980190129856278292e-01
2.136283004441059674e+00 7.446189839329325766e-01
2.148849375055418509e+00 8.862817744969113676e-01
2.161415745669777788e+00 8.519740713192207604e-01
2.173982116284137067e+00 8.972670922208644262e-01
2.186548486898496346e+00 8.682096673458096214e-01
2.199114857512855181e+00 7.232070189709766117e-01
2.211681228127214016e+00 8.455637121403255518e-01
2.224247598741573295e+00 8.179781702493289508e-01
2.236813969355932574e+00 6.993134219262910900e-01
2.249380339970291853e+00 7.229181506254465095e-01
2.261946710584651132e+00 8.840875513824441034e-01
2.274513081199009967e+00 6.228362500438338056e-01
2.287079451813369246e+00 8.319843869504101042e-01
2.299645822427728525e+00 6.325025647481640201e-01
2.312212193042087804e+00 6.864143757117502354e-01
2.324778563656447083e+00 8.426795979005510251e-01
2.337344934270805918e+00 9.193925020516906521e-01
2.349911304885165197e+00 7.278712802898450462e-01
2.362477675499524477e+00 8.301014228072067791e-01
2.375044046113883756e+00 5.822195509593497409e-01
2.387610416728242591e+00 6.246443146808363656e-01
2.400176787342601870e+00 6.894846376980021674e-01
2.412743157956961149e+00 7.081252392816355101e-01
2.425309528571320428e+00 5.291687969900805699e-01
2.437875899185679707e+00 5.064486810541236617e-01
2.450442269800038542e+00 8.266927228350873236e-01
2.463008640414397821e+00 6.328415485206747571e-01
2.475575011028757100e+00 6.014069619724642379e-01
2.488141381643116379e+00 6.386158171104168169e-01
2.500707752257475658e+00 5.494099696638770070e-01
2.513274122871834493e+00 4.636816676904271795e-01
2.525840493486193772e+00 6.978965057407289230e-01
2.538406864100553051e+00 5.305796239649909207e-01
2.550973234714912330e+00 5.651535722326693767e-01
2.563539605329271165e+00 4.404662088929022778e-01
2.576105975943630444e+00 6.388311533506247919e-01
2.588672346557989723e+00 4.862622219199650431e-01
2.601238717172349002e+00 4.397926291638571961e-01
2.613805087786708281e+00 5.839291247146958241e-01
2.626371458401067116e+00 2.534707341253775725e-01
2.638937829015425951e+00 4.062470471929724436e-01
2.651504199629785230e+00 5.027566885081932169e-01
2.664070570244144509e+00 4.361045986720759049e-01
2.676636940858503788e+00 3.802519064277212202e-01
2.689203311472863067e+00 5.210944637391651257e-01
2.701769682087221902e+00 4.838082239007110985e-01
2.714336052701581181e+00 5.347215858323053350e-01
2.726902423315940460e+00 4.992631899843633092e-01
2.739468793930299739e+00 2.525727916709106236e-01
2.752035164544658574e+00 4.825021551282001608e-01
2.764601535159017853e+00 4.200627856266071491e-01
2.777167905773377132e+00 4.478827325033041262e-01
2.789734276387736411e+00 1.526636766807512036e-01
2.802300647002095690e+00 4.545878146084141869e-01
2.814867017616454525e+00 3.316063997778692096e-01
2.827433388230813804e+00 2.521913642976747472e-01
2.839999758845173083e+00 4.366458842936756790e-01
2.852566129459532362e+00 3.299129802914062548e-01
2.865132500073891642e+00 9.885269318811629180e-02
2.877698870688250476e+00 3.607886407199711876e-01
2.890265241302609756e+00 3.654313746817650643e-01
2.902831611916969035e+00 3.027353802183376241e-01
2.915397982531328314e+00 2.040298840634396094e-01
2.927964353145687149e+00 8.827291129892833599e-02
2.940530723760046428e+00 6.814079515666907061e-02
2.953097094374405707e+00 6.505462301282563531e-02
2.965663464988764986e+00 1.961873229363163273e-01
2.978229835603124265e+00 1.214206942529421629e-01
2.990796206217483100e+00 1.391089279637975074e-01
3.003362576831842379e+00 3.077876271032781164e-01
3.015928947446201214e+00 1.093764415420320768e-01
3.028495318060560493e+00 1.825043546069080314e-01
3.041061688674919772e+00 1.690761503262732113e-01
3.053628059289279051e+00 1.221432346121371776e-01
3.066194429903637886e+00 2.651391811068930238e-02
3.078760800517997165e+00 -9.205797755636851987e-02
3.091327171132356444e+00 2.152058888144907714e-02
3.103893541746715723e+00 4.722463743575391198e-02
3.116459912361074558e+00 -2.244017253435883971e-02
3.129026282975433837e+00 2.816745119673922174e-02
3.141592653589793116e+00 -1.322927912438060516e-01
3.154159024204152395e+00 -1.047762054822978656e-01
3.166725394818511674e+00 -2.137090682769966429e-02
3.179291765432870509e+00 7.071780092896884362e-02
3.191858136047229788e+00 1.535251897437162061e-02
3.204424506661589067e+00 -1.031422820002784457e-01
3.216990877275948346e+00 4.322127669903461089e-02
3.229557247890307181e+00 -1.365932699009537177e-01
3.242123618504666460e+00 -3.426781986463442453e-03
3.254689989119025739e+00 -1.735927026236059045e-01
3.267256359733385018e+00 4.616456495615095523e-03
3.279822730347744297e+00 -2.392130754588532859e-01
3.292389100962103132e+00 -1.997931677728969069e-01
3.304955471576462411e+00 -2.113207139507334575e-01
3.317521842190821690e+00 -6.839043581435422237e-02
3.330088212805180969e+00 -1.288995767321706454e-01
3.342654583419540248e+00 -3.097367216005346147e-01
3.355220954033899083e+00 -1.421541017238033833e-01
3.367787324648258362e+00 -1.212306211429849401e-01
3.380353695262617642e+00 -3.429213739044173481e-01
3.392920065876976921e+00 -4.098005615253473288e-01
3.405486436491335756e+00 -1.328833218430978125e-01
3.418052807105695035e+00 -2.774866457368336259e-01
3.430619177720054314e+00 -3.910973954508181194e-01
3.443185548334413593e+00 -2.145944676949777530e-01
3.455751918948772872e+00 -8.944068281915060203e-02
3.468318289563131707e+00 -2.664699981562692610e-01
3.480884660177490986e+00 -2.446020935873647328e-01
3.493451030791850265e+00 -3.513224228339629218e-01
3.506017401406209544e+00 -3.573594138075186222e-01
3.518583772020568823e+00 -4.675175768477974891e-01
3.531150142634927658e+00 -2.081150599931509970e-01
3.543716513249286937e+00 -3.855972804501265339e-01
3.556282883863646216e+00 -3.708146458240137999e-01
3.568849254478005495e+00 -3.352215331695496681e-01
3.581415625092364330e+00 -4.841209692202614323e-01
3.593981995706723609e+00 -4.675262315660763668e-01
3.606548366321082888e+00 -3.438379748943908298e-01
3.619114736935442167e+00 -4.612312988310801609e-01
3.631681107549800558e+00 -6.184070379973959364e-01
3.644247478164159837e+00 -5.946988468833409591e-01
3.656813848778519116e+00 -6.131140876761850267e-01
3.669380219392877951e+00 -5.935002528939111732e-01
3.681946590007237230e+00 -4.584338055039703930e-01
3.694512960621596509e+00 -3.595229062943450238e-01
3.707079331235955788e+00 -6.229112667799647785e-01
3.719645701850315067e+00 -6.089980776900344450e-01
3.732212072464673902e+00 -5.627043067771558826e-01
3.744778443079033181e+00 -6.556699241749892604e-01
3.757344813693392460e+00 -7.139629500723851940e-01
3.769911184307751739e+00 -4.193270565591277199e-01
3.782477554922110574e+00 -7.573215300238307357e-01
3.795043925536469853e+00 -7.368650198397185269e-01
3.807610296150829132e+00 -4.416405351413955072e-01
3.820176666765188411e+00 -5.542220500424953622e-01
3.832743037379547690e+00 -7.998245792569420587e-01
3.845309407993906525e+00 -6.217564579314983630e-01
3.857875778608265804e+00 -6.554550801400428339e-01
3.870442149222625083e+00 -7.660083188002864141e-01
3.883008519836984362e+00 -7.281985002136096563e-01
3.895574890451343641e+00 -7.313883723627990774e-01
3.908141261065702476e+00 -7.525442494638847624e-01
3.920707631680061755e+00 -6.005664358182605245e-01
3.933274002294421035e+00 -7.421673096511210987e-01
3.945840372908780314e+00 -9.597901513813021923e-01
3.958406743523139149e+00 -8.259899970842614625e-01
3.970973114137498428e+00 -7.871890511666951307e-01
3.983539484751857707e+00 -8.730356415765975209e-01
3.996105855366216986e+00 -7.296322401452249862e-01
4.008672225980576265e+00 -8.191249055944048729e-01
4.021238596594935544e+00 -7.612699327368545044e-01
4.033804967209294823e+00 -9.006553443967346695e-01
4.046371337823653214e+00 -7.612253765229242131e-01
4.058937708438012493e+00 -8.072487275563087206e-01
4.071504079052371772e+00 -6.808431548236751896e-01
4.084070449666731051e+00 -7.365246180136348908e-01
4.096636820281090330e+00 -6.792417838434570143e-01
4.109203190895449609e+00 -8.675304382914245105e-01
4.121769561509808888e+00 -7.931505648751239201e-01
4.134335932124168167e+00 -8.134182721836596963e-01
4.146902302738527446e+00 -9.860572425392540863e-01
4.159468673352886725e+00 -7.028547024242046692e-01
4.172035043967245116e+00 -6.169239109083812789e-01
4.184601414581604395e+00 -7.691779444861988058e-01
4.197167785195963674e+00 -8.741238233335855146e-01
4.209734155810322953e+00 -1.117057148337053940e+00
4.222300526424682232e+00 -9.076025058202920048e-01
4.234866897039041511e+00 -9.069555964744768772e-01
4.247433267653400790e+00 -1.021606437497390774e+00
4.259999638267760069e+00 -9.487980961075075381e-01
4.272566008882119348e+00 -9.224644228371595700e-01
4.285132379496477739e+00 -9.056025549422388465e-01
4.297698750110837018e+00 -1.000848219989441068e+00
4.310265120725196297e+00 -1.045890037919916526e+00
4.322831491339555576e+00 -9.891315852338331549e-01
4.335397861953914855e+00 -1.142449211168035106e+00
4.347964232568274134e+00 -9.216002974308409312e-01
4.360530603182633413e+00 -9.159026754119484748e-01
4.373096973796992692e+00 -8.991742514929383923e-01
4.385663344411351972e+00 -9.631330589794484531e-01
4.398229715025710362e+00 -1.103573608872535416e+00
4.410796085640069641e+00 -1.050408972707921773e+00
4.423362456254428032e+00 -8.699666693464530587e-01
4.435928826868787311e+00 -9.516800911281293462e-01
4.448495197483146590e+00 -9.608322610417850962e-01
4.461061568097505869e+00 -1.107003858978328203e+00
4.473627938711865148e+00 -8.843346812454037087e-01
4.486194309326224428e+00 -1.036296726711138705e+00
4.498760679940583707e+00 -1.028481504209554975e+00
4.511327050554942986e+00 -9.403938210870305126e-01
4.523893421169302265e+00 -1.066569185780654294e+00
4.536459791783661544e+00 -1.018452043586921540e+00
4.549026162398019935e+00 -9.575215997637687160e-01
4.561592533012379214e+00 -1.020409817995099777e+00
4.574158903626738493e+00 -1.022628875003901650e+00
4.586725274241097772e+00 -9.315076552022191203e-01
4.599291644855457051e+00 -9.793503076455347678e-01
4.611858015469816330e+00 -9.445011124400664038e-01
4.624424386084175609e+00 -9.070691282123903854e-01
4.636990756698534888e+00 -9.794368318271917673e-01
4.649557127312894167e+00 -1.072600962264195212e+00
4.662123497927252558e+00 -1.050887464756287804e+00
4.674689868541611837e+00 -1.083632292224417926e+00
4.687256239155971116e+00 -1.047827621636564288e+00
4.699822609770330395e+00 -8.980770718045167911e-01
4.712388980384689674e+00 -1.082755137423269343e+00
4.724955350999048953e+00 -1.100679387528948006e+00
4.737521721613408232e+00 -9.230339781407859157e-01
4.750088092227767511e+00 -9.601925172746575976e-01
4.762654462842126790e+00 -9.557547830371224684e-01
4.775220833456485181e+00 -1.035893380513031037e+00
4.787787204070844460e+00 -1.051491793906651928e+00
4.800353574685203739e+00 -9.719033471507471100e-01
4.812919945299563018e+00 -1.083144856724747918e+00
4.825486315913922297e+00 -1.015959154119023378e+00
4.838052686528281576e+00 -1.074166595944630931e+00
4.850619057142640855e+00 -9.459318185920754241e-01
4.863185427757000134e+00 -9.667856423617523509e-01
4.875751798371359413e+00 -8.903427734429423257e-01
4.888318168985717804e+00 -8.663247763062805751e-01
4.900884539600077083e+00 -1.033915665409882889e+00
4.913450910214436362e+00 -1.037037922563394776e+00
4.926017280828795641e+00 -9.817336807749555971e-01
4.938583651443154920e+00 -8.647811441228367979e-01
4.951150022057514200e+00 -1.025150688796987453e+00
4.963716392671873479e+00 -9.721328286937378493e-01
4.976282763286232758e+00 -8.145877361342350742e-01
4.988849133900592037e+00 -1.059350205878170970e+00
5.001415504514951316e+00 -8.932368377555032213e-01
5.013981875129309707e+00 -9.402930215283684667e-01
5.026548245743668986e+00 -9.174645779395923517e-01
5.039114616358028265e+00 -1.054153695231787147e+00
5.051680986972387544e+00 -9.203855116702428507e-01
5.064247357586746823e+00 -9.135764830998320818e-01
5.076813728201106102e+00 -1.039132240178764599e+00
5.089380098815465381e+00 -9.222982573220986913e-01
5.101946469429824660e+00 -1.036624435017743151e+00
5.114512840044183939e+00 -9.971999537042974815e-01
5.127079210658542330e+00 -9.780900037867279462e-01
5.139645581272901609e+00 -9.641009815058123600e-01
5.152211951887260888e+00 -8.543022519029721540e-01
5.164778322501620167e+00 -1.023524060942952563e+00
5.177344693115979446e+00 -9.304544505973958435e-01
5.189911063730338725e+00 -8.525990571457835454e-01
5.202477434344698004e+00 -9.068434118721512283e-01
5.215043804959057283e+00 -7.932509888143223220e-01
5.227610175573416562e+00 -9.497909510396975730e-01
5.240176546187774953e+00 -9.468404239462561156e-01
5.252742916802134232e+00 -6.868079344125818109e-01
5.265309287416492623e+00 -7.924122287266253117e-01
5.277875658030851902e+00 -1.097573539080719529e+00
5.290442028645211181e+00 -8.519822171253088605e-01
5.303008399259570460e+00 -6.956136297427617521e-01
5.315574769873929739e+00 -9.137678021203318179e-01
5.328141140488289018e+00 -9.705161434659839159e-01
5.340707511102648297e+00 -8.373578893695867720e-01
5.353273881717007576e+00 -7.909303270683356590e-01
5.365840252331366855e+00 -6.685267855938507031e-01
5.378406622945726134e+00 -8.171796942370651573e-01
5.390972993560084525e+00 -8.825833250959915777e-01
5.403539364174443804e+00 -7.551594688673209932e-01
5.416105734788803083e+00 -7.269871736447681698e-01
5.428672105403162362e+00 -8.781026678650483142e-01
5.441238476017521641e+00 -8.140554949473807200e-01
5.453804846631880920e+00 -7.652911344793736914e-01
5.466371217246240199e+00 -8.696350699110891869e-01
5.478937587860599479e+00 -7.237874535570483214e-01
5.491503958474958758e+00 -8.527839893071423871e-01
5.504070329089317148e+00 -8.708896583249516876e-01
5.516636699703676427e+00 -5.840631786721626195e-01
5.529203070318035707e+00 -7.560454164845248348e-01
5.541769440932394986e+00 -6.424139816096435807e-01
5.554335811546754265e+00 -6.099072143440226190e-01
5.566902182161113544e+00 -7.220483383446845149e-01
5.579468552775472823e+00 -5.581584392706756548e-01
5.592034923389832102e+00 -6.698506822616770995e-01
5.604601294004191381e+00 -5.246132086833923402e-01
5.617167664618549772e+00 -4.195631401576380703e-01
5.629734035232909051e+00 -5.132926418763676946e-01
5.642300405847268330e+00 -5.776798810798436934e-01
5.654866776461627609e+00 -7.304380859056891495e-01
5.667433147075986888e+00 -6.125968184586190191e-01
5.679999517690346167e+00 -6.057129398943694731e-01
5.692565888304705446e+00 -5.929292697792801770e-01
5.705132258919064725e+00 -6.454950135044320580e-01
5.717698629533424004e+00 -4.374349210206439631e-01
5.730265000147783283e+00 -5.539710213371462633e-01
5.742831370762141674e+00 -5.984219336584979398e-01
5.755397741376500953e+00 -5.873191510232701473e-01
5.767964111990860232e+00 -5.749160934743707818e-01
5.780530482605219511e+00 -5.850699662607871110e-01
5.793096853219578790e+00 -3.761779635757823703e-01
5.805663223833938069e+00 -5.191302973168163692e-01
5.818229594448297348e+00 -2.712079476501274566e-01
5.830795965062656627e+00 -3.961727525953523399e-01
5.843362335677015906e+00 -5.768945906983926619e-01
5.855928706291374297e+00 -5.419756632276406805e-01
5.868495076905733576e+00 -2.870557313246860920e-01
5.881061447520092855e+00 -4.114008972957732824e-01
5.893627818134452134e+00 -3.713310284613035583e-01
5.906194188748811413e+00 -4.179377312570208280e-01
5.918760559363170692e+00 -5.276569558085204559e-01
5.931326929977529971e+00 -3.103819614999766552e-01
5.943893300591889250e+00 -2.528497238671712499e-01
5.956459671206248530e+00 -4.143876847878318337e-01
5.969026041820606920e+00 -5.599190893749177445e-01
5.981592412434966199e+00 -3.360821986365463698e-01
5.994158783049325478e+00 -3.553991009618601149e-01
6.006725153663684758e+00 -2.197755055050707729e-01
6.019291524278044037e+00 -2.949290791757697705e-01
6.031857894892402427e+00 -3.556136464030456024e-01
6.044424265506761706e+00 -1.988475401216546756e-01
6.056990636121120986e+00 -2.085824580203732292e-01
6.069557006735480265e+00 -3.392936740600572820e-01
6.082123377349839544e+00 -3.688066598245232086e-01
6.094689747964198823e+00 -1.339828634153917564e-01
6.107256118578558102e+00 -3.250943461971884663e-01
6.119822489192916493e+00 -1.745100997316378633e-01
6.132388859807275772e+00 -8.848462906526813332e-02
6.144955230421635051e+00 -1.696389340732049056e-01
6.157521601035994330e+00 -3.722705038881411743e-02
6.170087971650353609e+00 -1.363580307840570049e-01
6.182654342264712888e+00 -1.326526144213291403e-01
6.195220712879072167e+00 1.922162398792823246e-03
6.207787083493431446e+00 -3.335981762580669807e-02
6.220353454107790725e+00 5.422405232256694019e-02
6.232919824722149116e+00 8.602748704396866175e-02
6.245486195336508395e+00 2.244374820101287249e-02
6.258052565950867674e+00 -1.310064149050177429e-01
6.270618936565226953e+00 1.300890478439104166e-02
