0.000000000000000000e+00 -1.085630603300561242e-01
1.256637061435917323e-02 1.123005845417111848e-01
2.513274122871834645e-02 5.342794524853668181e-02
3.769911184307751795e-02 -1.129392887218746699e-01
5.026548245743669291e-02 -7.615707017084083486e-03
6.283185307179586787e-02 2.279341732390284814e-01
7.539822368615503589e-02 -1.673411188113747006e-01
8.796459430051420392e-02 4.495993366512543443e-02
1.005309649148733858e-01 2.269553407217683172e-01
1.130973355292325677e-01 2.618234464697151431e-02
1.256637061435917357e-01 5.744461840209881542e-02
1.382300767579508760e-01 1.283193937909489490e-01
1.507964473723100718e-01 2.993645517331858796e-01
1.633628179866692676e-01 9.874696552641851199e-02
1.759291886010284078e-01 1.306248630106695008e-01
1.884955592153875759e-01 1.439461870238728514e-01
2.010619298297467716e-01 4.203029887869526027e-01
2.136283004441059397e-01 4.306857188194332942e-01
2.261946710584651354e-01 3.246761507372689093e-01
2.387610416728242757e-01 2.751176369412102751e-01
2.513274122871834715e-01 3.224267447544790222e-01
2.638937829015426395e-01 4.099147091049768488e-01
2.764601535159017520e-01 1.793685486770860149e-01
2.890265241302609756e-01 4.026021669481864573e-01
3.015928947446201436e-01 1.716535148021336721e-01
3.141592653589793116e-01 2.452418441296063678e-01
3.267256359733385351e-01 4.116541293872396645e-01
3.392920065876976476e-01 1.899514745003897109e-01
3.518583772020568157e-01 3.306360511556504234e-01
3.644247478164160392e-01 2.702363891272822061e-01
3.769911184307751517e-01 3.425626156316182169e-01
3.895574890451343197e-01 9.992018497572863200e-02
4.021238596594935433e-01 2.142203563862177251e-01
4.146902302738527113e-01 3.329187122538709298e-01
4.272566008882118793e-01 5.071218241691424211e-01
4.398229715025711029e-01 4.084157232860511355e-01
4.523893421169302709e-01 4.374003582406140178e-01
4.649557127312893834e-01 5.172054872002607162e-01
4.775220833456485514e-01 3.716262263205826200e-01
4.900884539600077194e-01 4.990666645460616335e-01
5.026548245743669430e-01 4.012170222951537690e-01
5.152211951887261110e-01 3.199603921362308423e-01
5.277875658030852790e-01 4.645332222602506778e-01
5.403539364174444470e-01 5.718201200220122127e-01
5.529203070318035040e-01 5.590335350612757326e-01
5.654866776461627831e-01 5.346437455311147113e-01
5.780530482605219511e-01 7.856308733280417123e-01
5.906194188748811191e-01 5.981668325190658830e-01
6.031857894892402872e-01 6.651425497204911386e-01
6.157521601035994552e-01 8.013870372720629520e-01
6.283185307179586232e-01 4.583767199763482125e-01
6.408849013323177912e-01 4.940261620370234863e-01
6.534512719466770703e-01 7.823015202068985818e-01
6.660176425610361273e-01 5.380533395662280283e-01
6.785840131753952953e-01 6.306596843210334757e-01
6.911503837897544633e-01 7.443555866911244490e-01
7.037167544041136313e-01 7.361266006987613464e-01
7.162831250184729104e-01 8.320743739510674253e-01
7.288494956328320784e-01 8.155762811375986132e-01
7.414158662471912464e-01 7.822720750915981291e-01
7.539822368615503034e-01 6.072762345039695031e-01
7.665486074759094715e-01 7.731395725921267337e-01
7.791149780902686395e-01 7.340771692495359213e-01
7.916813487046279185e-01 5.789091312152396807e-01
8.042477193189870865e-01 8.620389295355921355e-01
8.168140899333462546e-01 8.096922808792681447e-01
8.293804605477054226e-01 7.420621254212836915e-01
8.419468311620645906e-01 7.226319393257407686e-01
8.545132017764237586e-01 6.344212662660250190e-01
8.670795723907829267e-01 7.823949183673111207e-01
8.796459430051422057e-01 8.173571547203536403e-01
8.922123136195013737e-01 6.953468031426954798e-01
9.047786842338605418e-01 9.025088370465719212e-01
9.173450548482194877e-01 6.842700939995318699e-01
9.299114254625787668e-01 5.892569498666323513e-01
9.424777960769379348e-01 9.129897034642174836e-01
9.550441666912971028e-01 7.760026469069731814e-01
9.676105373056562708e-01 8.109296390971258983e-01
9.801769079200154389e-01 7.468442269133072076e-01
9.927432785343746069e-01 6.769317639704013345e-01
1.005309649148733886e+00 9.698516629744369233e-01
1.017876019763092943e+00 7.821075834099996404e-01
1.030442390377452222e+00 1.023621905008446298e+00
1.043008760991811279e+00 9.446542358139081719e-01
1.055575131606170558e+00 8.387079399977797056e-01
1.068141502220529837e+00 7.677164399311769971e-01
1.080707872834888894e+00 8.090450277629075426e-01
1.093274243449248173e+00 7.668841357040275808e-01
1.105840614063607008e+00 1.102552760110082186e+00
1.118406984677966287e+00 9.158493745893534488e-01
1.130973355292325566e+00 1.019847606720682753e+00
1.143539725906684623e+00 7.833707657839729110e-01
1.156106096521043902e+00 9.333446855806178943e-01
1.168672467135402959e+00 1.038018041246728140e+00
1.181238837749762238e+00 8.915761306411564835e-01
1.193805208364121295e+00 1.032887931780425594e+00
1.206371578978480574e+00 8.258721512560354139e-01
1.218937949592839853e+00 8.023867031920156601e-01
1.231504320207198910e+00 9.809305971006779812e-01
1.244070690821558189e+00 9.091806615374891098e-01
1.256637061435917246e+00 1.015261985222336572e+00
1.269203432050276525e+00 7.570757515945980565e-01
1.281769802664635582e+00 1.029748252564427702e+00
1.294336173278994861e+00 1.221858064313017467e+00
1.306902543893354141e+00 9.629190406901257937e-01
1.319468914507712975e+00 9.719973740196152789e-01
1.332035285122072255e+00 9.895866813785417770e-01
1.344601655736431534e+00 7.883293017073984554e-01
1.357168026350790591e+00 1.019882787537224500e+00
1.369734396965149870e+00 8.193140779826504350e-01
1.382300767579508927e+00 9.395192909163081474e-01
1.394867138193868206e+00 1.108851289489579006e+00
1.407433508808227263e+00 9.131642485978603840e-01
1.419999879422586542e+00 1.038776643694654167e+00
1.432566250036945821e+00 1.091735331092288153e+00
1.445132620651304878e+00 1.019988786924077795e+00
1.457698991265664157e+00 8.565164635105475543e-01
1.470265361880023214e+00 9.617034894461587990e-01
1.482831732494382493e+00 1.192074743382001145e+00
1.495398103108741550e+00 7.946543239608667708e-01
1.507964473723100607e+00 9.704481270416540628e-01
1.520530844337459886e+00 9.435261494572066976e-01
1.533097214951818943e+00 1.011364208950302990e+00
1.545663585566178222e+00 1.074505751002023057e+00
1.558229956180537279e+00 1.160790141006021514e+00
1.570796326794896558e+00 9.729767607990842393e-01
1.583362697409255837e+00 1.081155177201498230e+00
1.595929068023614894e+00 1.049658203769817222e+00
1.608495438637974173e+00 1.046724202427769201e+00
1.621061809252333230e+00 9.423445634533702542e-01
1.633628179866692509e+00 8.982945815506815368e-01
1.646194550481051566e+00 8.871545889985441580e-01
1.658760921095410845e+00 9.204898882032601648e-01
1.671327291709770124e+00 1.027119674567922747e+00
1.683893662324129181e+00 1.069706249832841349e+00
1.696460032938488460e+00 1.024461586100167354e+00
1.709026403552847517e+00 9.355659160770770644e-01
1.721592774167206796e+00 1.169248755731161493e+00
1.734159144781565853e+00 1.138572506571021936e+00
1.746725515395925132e+00 9.491643232541879804e-01
1.759291886010284411e+00 8.999441101301219881e-01
1.771858256624643468e+00 9.928765478000438627e-01
1.784424627239002747e+00 1.103997988073628589e+00
1.796990997853361804e+00 1.007803370511988872e+00
1.809557368467721084e+00 1.027286603405678234e+00
1.822123739082079918e+00 9.473751489010686644e-01
1.834690109696438975e+00 1.011008728353496977e+00
1.847256480310798255e+00 1.116482116731699836e+00
1.859822850925157534e+00 9.345549108696048490e-01
1.872389221539516591e+00 9.691953179974303056e-01
1.884955592153875870e+00 9.764381639501164001e-01
1.897521962768234927e+00 9.754708405718480746e-01
1.910088333382594206e+00 8.018016482857417415e-01
1.922654703996953263e+00 7.510469920664847310e-01
1.935221074611312542e+00 8.323634353644282502e-01
1.947787445225671821e+00 9.465707154284181968e-01
1.960353815840030878e+00 9.804628234347791960e-01
1.972920186454390157e+00 8.671643913885079824e-01
1.985486557068749214e+00 1.052966920907648429e+00
1.998052927683108493e+00 8.957883732523769238e-01
2.010619298297467772e+00 9.068586522894819257e-01
2.023185668911826607e+00 8.800088645111049379e-01
2.035752039526185886e+00 9.072441034259304260e-01
2.048318410140545165e+00 9.585838562179049838e-01
2.060884780754904444e+00 9.488565702261864132e-01
2.073451151369263723e+00 7.864643859829044681e-01
2.086017521983622558e+00 1.022550132317378457e+00
2.098583892597981837e+00 7.544207714501436346e-01
2.111150263212341116e+00 8.654493576027134649e-01
2.123716633826700395e+00 8.235548244424564235e-01
2.136283004441059674e+00 7.394287577701662562e-01
2.148849375055418509e+00 8.300159812447586161e-01
2.161415745669777788e+00 7.565145218665728644e-01
2.173982116284137067e+00 8.308233219560325900e-01
2.186548486898496346e+00 8.566478468391205414e-01
2.199114857512855181e+00 9.562099312722746047e-01
2.211681228127214016e+00 8.323054067336183026e-01
2.224247598741573295e+00 7.328678646173529820e-01
2.236813969355932574e+00 7.471264510646589141e-01
2.249380339970291853e+00 7.924601121784797808e-01
2.261946710584651132e+00 7.798593257220043373e-01
2.274513081199009967e+00 9.084014378342901708e-01
2.287079451813369246e+00 8.937866737117994287e-01
2.299645822427728525e+00 7.100475527999561276e-01
2.312212193042087804e+00 6.826489045395540689e-01
2.324778563656447083e+00 4.732631670146256186e-01
2.337344934270805918e+00 6.654169835556850154e-01
2.349911304885165197e+00 6.137299066008570225e-01
2.362477675499524477e+00 6.671675239893672948e-01
2.375044046113883756e+00 7.328117300478160789e-01
2.387610416728242591e+00 7.022663388485875791e-01
2.400176787342601870e+00 6.723360074162703093e-01
2.412743157956961149e+00 6.859700785431029901e-01
2.425309528571320428e+00 6.439739784298572634e-01
2.437875899185679707e+00 6.667578548237917957e-01
2.450442269800038542e+00 3.143184889567586238e-01
2.463008640414397821e+00 6.007620123156252046e-01
2.475575011028757100e+00 6.067745409850335836e-01
2.488141381643116379e+00 5.738041260739467075e-01
2.500707752257475658e+00 5.761103568472245584e-01
2.513274122871834493e+00 6.581162640731462732e-01
2.525840493486193772e+00 5.177621702881850529e-01
2.538406864100553051e+00 7.873391590484691838e-01
2.550973234714912330e+00 6.257053095103967122e-01
2.563539605329271165e+00 5.457636216428820575e-01
2.576105975943630444e+00 5.151605646592399834e-01
2.588672346557989723e+00 5.165224013230821365e-01
2.601238717172349002e+00 4.229088267871084494e-01
2.613805087786708281e+00 4.941029477099596057e-01
2.626371458401067116e+00 5.205956932209970800e-01
2.638937829015425951e+00 5.397078356590385706e-01
2.651504199629785230e+00 5.286729100797661340e-01
2.664070570244144509e+00 4.320921059648945017e-01
2.676636940858503788e+00 3.067749908378392121e-01
2.689203311472863067e+00 3.702055040275883391e-01
2.701769682087221902e+00 5.869985958463117548e-01
2.714336052701581181e+00 5.039814123342790664e-01
2.726902423315940460e+00 4.398683943440801491e-01
2.739468793930299739e+00 3.152442423611899747e-01
2.752035164544658574e+00 3.801436110191792062e-01
2.764601535159017853e+00 2.425576841184299559e-01
2.777167905773377132e+00 3.012181911436434545e-01
2.789734276387736411e+00 3.201225890059975487e-01
2.802300647002095690e+00 2.966555513364652064e-01
2.814867017616454525e+00 4.166038029128109055e-01
2.827433388230813804e+00 1.671444029714022617e-01
2.839999758845173083e+00 2.104983544255195071e-01
2.852566129459532362e+00 1.475504653677541245e-01
2.865132500073891642e+00 1.492166142485396585e-01
2.877698870688250476e+00 2.732470959345619232e-01
2.890265241302609756e+00 8.864583385922764069e-02
2.902831611916969035e+00 3.118858749074882586e-01
2.915397982531328314e+00 1.995891832552734446e-01
2.927964353145687149e+00 2.188859431746525419e-01
2.940530723760046428e+00 2.319676543141274416e-01
2.953097094374405707e+00 1.439646625605654484e-01
2.965663464988764986e+00 2.782710305506136406e-01
2.978229835603124265e+00 1.432028925221198179e-01
2.990796206217483100e+00 2.096326146446641225e-01
3.003362576831842379e+00 1.178790524089128045e-01
3.015928947446201214e+00 1.544206723067968745e-01
3.028495318060560493e+00 1.408226518892780055e-01
3.041061688674919772e+00 1.253587087967680813e-01
3.053628059289279051e+00 -9.579588411348802235e-03
3.066194429903637886e+00 1.189143825826770445e-01
3.078760800517997165e+00 3.089482061935400203e-02
3.091327171132356444e+00 1.132931212287614509e-01
3.103893541746715723e+00 -1.775591617712958814e-01
3.116459912361074558e+00 -1.213815267621572852e-01
3.129026282975433837e+00 4.891059609685570464e-02
3.141592653589793116e+00 1.862927585105229877e-01
3.154159024204152395e+00 7.093983479777107859e-02
3.166725394818511674e+00 -9.337518886333562307e-02
3.179291765432870509e+00 -2.068954242077298833e-01
3.191858136047229788e+00 2.402430393639241879e-02
3.204424506661589067e+00 -7.084884173360841975e-02
3.216990877275948346e+00 -1.625638373849425805e-02
3.229557247890307181e+00 -7.632132432966379221e-02
3.242123618504666460e+00 -9.739742233916520719e-02
3.254689989119025739e+00 1.830061597158360032e-01
3.267256359733385018e+00 -1.259462296688621807e-01
3.279822730347744297e+00 -1.537148116099646966e-01
3.292389100962103132e+00 -1.623704566611590683e-01
3.304955471576462411e+00 -2.209908368656492150e-01
3.317521842190821690e+00 -7.600976950374482843e-02
3.330088212805180969e+00 -2.227567479638596915e-01
3.342654583419540248e+00 -1.361157099499483158e-01
3.355220954033899083e+00 -1.835468069406989144e-01
3.367787324648258362e+00 -1.023721747361385631e-01
3.380353695262617642e+00 -1.944810373248886393e-01
3.392920065876976921e+00 -3.700283652596197403e-01
3.405486436491335756e+00 -3.934902847952909122e-01
3.418052807105695035e+00 -1.321150209096350614e-01
3.430619177720054314e+00 -3.458903427964203914e-01
3.443185548334413593e+00 -4.291018395560003418e-01
3.455751918948772872e+00 -3.759788543619235757e-01
3.468318289563131707e+00 -1.944810811104087656e-01
3.480884660177490986e+00 -4.748408444178379151e-01
3.493451030791850265e+00 -4.312924435504781884e-01
3.506017401406209544e+00 -4.230926295929029468e-01
3.518583772020568823e+00 -4.932435400319978291e-01
3.531150142634927658e+00 -4.982118293729675407e-01
3.543716513249286937e+00 -5.431844643635684866e-01
3.556282883863646216e+00 -4.490251770273351317e-01
3.568849254478005495e+00 -4.498664641672929787e-01
3.581415625092364330e+00 -4.940331069854032586e-01
3.593981995706723609e+00 -6.024855505476971462e-01
3.606548366321082888e+00 -3.230496214044329406e-01
3.619114736935442167e+00 -5.924877435387041480e-01
3.631681107549800558e+00 -4.429005609630450868e-01
3.644247478164159837e+00 -5.892303334136025361e-01
3.656813848778519116e+00 -4.258956548741386072e-01
3.669380219392877951e+00 -4.080399661190439176e-01
3.681946590007237230e+00 -6.022008924442716626e-01
3.694512960621596509e+00 -7.175462029310080148e-01
3.707079331235955788e+00 -4.662480630650356339e-01
3.719645701850315067e+00 -3.588142920629054933e-01
3.732212072464673902e+00 -5.153061624989442313e-01
3.744778443079033181e+00 -5.512145069787843799e-01
3.757344813693392460e+00 -4.955966424612484600e-01
3.769911184307751739e+00 -5.112797676927711699e-01
3.782477554922110574e+00 -6.808038664336195644e-01
3.795043925536469853e+00 -6.738454287642697826e-01
3.807610296150829132e+00 -5.567472580847430130e-01
3.820176666765188411e+00 -6.420926960387296489e-01
3.832743037379547690e+00 -5.057634301623343820e-01
3.845309407993906525e+00 -7.174901762823198137e-01
3.857875778608265804e+00 -5.815247640661080908e-01
3.870442149222625083e+00 -6.317480692973286294e-01
3.883008519836984362e+00 -6.879765644919878520e-01
3.895574890451343641e+00 -5.669560287452279912e-01
3.908141261065702476e+00 -6.256461525260617051e-01
3.920707631680061755e+00 -8.031466851370594462e-01
3.933274002294421035e+00 -6.475138091673005025e-01
3.945840372908780314e+00 -5.828099617384869813e-01
3.958406743523139149e+00 -7.420130963198736662e-01
3.970973114137498428e+00 -7.623787023966710485e-01
3.983539484751857707e+00 -8.129058601885346125e-01
3.996105855366216986e+00 -7.556117693036388250e-01
4.008672225980576265e+00 -6.938224424061568696e-01
4.021238596594935544e+00 -8.522800727336641291e-01
4.033804967209294823e+00 -9.130980576407475846e-01
4.046371337823653214e+00 -8.238634232348112096e-01
4.058937708438012493e+00 -9.319628965137101151e-01
4.071504079052371772e+00 -7.492451407426132803e-01
4.084070449666731051e+00 -8.516859713743274440e-01
4.096636820281090330e+00 -9.918794351722646230e-01
4.109203190895449609e+00 -8.583933491022784912e-01
4.121769561509808888e+00 -8.498573977752218456e-01
4.134335932124168167e+00 -7.926144787061701891e-01
4.146902302738527446e+00 -8.588642798174362936e-01
4.159468673352886725e+00 -6.641218361107111834e-01
4.172035043967245116e+00 -9.093970413475520598e-01
4.184601414581604395e+00 -8.701632720510658059e-01
4.197167785195963674e+00 -8.804748160957925895e-01
4.209734155810322953e+00 -9.045695184845659043e-01
4.222300526424682232e+00 -8.680486679336594236e-01
4.234866897039041511e+00 -8.340133190937772945e-01
4.247433267653400790e+00 -7.598315537976203515e-01
4.259999638267760069e+00 -1.056330864305817574e+00
4.272566008882119348e+00 -9.558613398466319078e-01
4.285132379496477739e+00 -9.548831132202199035e-01
4.297698750110837018e+00 -8.214561428847468871e-01
4.310265120725196297e+00 -9.558981534732047258e-01
4.322831491339555576e+00 -1.114594766142389837e+00
4.335397861953914855e+00 -9.210034395015938014e-01
4.347964232568274134e+00 -9.376978656107060051e-01
4.360530603182633413e+00 -9.207587010767426250e-01
4.373096973796992692e+00 -1.047006823990812796e+00
4.385663344411351972e+00 -7.751948368862940919e-01
4.398229715025710362e+00 -9.834424946736881612e-01
4.410796085640069641e+00 -9.736942305960096800e-01
4.423362456254428032e+00 -1.048522645998291702e+00
4.435928826868787311e+00 -1.055127871973558173e+00
4.448495197483146590e+00 -1.087655334808152352e+00
4.461061568097505869e+00 -1.007914246306746753e+00
4.473627938711865148e+00 -1.067389916790337345e+00
4.486194309326224428e+00 -7.688801386640549129e-01
4.498760679940583707e+00 -1.166117361606874958e+00
4.511327050554942986e+00 -1.092688107202426151e+00
4.523893421169302265e+00 -1.022428693574390257e+00
4.536459791783661544e+00 -9.172152067193729552e-01
4.549026162398019935e+00 -1.028061632345874221e+00
4.561592533012379214e+00 -9.210554054376162147e-01
4.574158903626738493e+00 -1.089141814625683491e+00
4.586725274241097772e+00 -9.861855879250071011e-01
4.599291644855457051e+00 -8.192072018189250349e-01
4.611858015469816330e+00 -1.091725456551247975e+00
4.624424386084175609e+00 -9.541768415536330261e-01
4.636990756698534888e+00 -9.764661483322879532e-01
4.649557127312894167e+00 -1.223180227027058642e+00
4.662123497927252558e+00 -1.057634011253085315e+00
4.674689868541611837e+00 -8.861742821099902745e-01
4.687256239155971116e+00 -9.861764220348300247e-01
4.699822609770330395e+00 -1.121147940493422368e+00
4.712388980384689674e+00 -9.309222727084357496e-01
4.724955350999048953e+00 -1.047833338735251418e+00
4.737521721613408232e+00 -9.636791164752163130e-01
4.750088092227767511e+00 -9.615974611968260977e-01
4.762654462842126790e+00 -1.110606516720574755e+00
4.775220833456485181e+00 -9.190439249548416623e-01
4.787787204070844460e+00 -1.097909780384131562e+00
4.800353574685203739e+00 -1.126712195777336500e+00
4.812919945299563018e+00 -1.083233915753503807e+00
4.825486315913922297e+00 -1.028220313906327732e+00
4.838052686528281576e+00 -9.811743856703516453e-01
4.850619057142640855e+00 -1.067719798933895126e+00
4.863185427757000134e+00 -9.141698134984024282e-01
4.875751798371359413e+00 -9.615395258035086545e-01
4.888318168985717804e+00 -1.054044156039755764e+00
4.900884539600077083e+00 -8.933879589692031997e-01
4.913450910214436362e+00 -8.637482166195986633e-01
4.926017280828795641e+00 -9.871365932491448225e-01
4.938583651443154920e+00 -9.960251772829662453e-01
4.951150022057514200e+00 -1.149008868240309233e+00
4.963716392671873479e+00 -1.009334420367777874e+00
4.976282763286232758e+00 -9.945323100898102453e-01
4.988849133900592037e+00 -9.374897308601166657e-01
5.001415504514951316e+00 -9.753644321804230133e-01
5.013981875129309707e+00 -9.304618509325935927e-01
5.026548245743668986e+00 -7.976474873647672048e-01
5.039114616358028265e+00 -1.000089714858112044e+00
5.051680986972387544e+00 -9.920877641494491028e-01
5.064247357586746823e+00 -1.069650389084132236e+00
5.076813728201106102e+00 -9.351949891307705931e-01
5.089380098815465381e+00 -8.320951876412902015e-01
5.101946469429824660e+00 -1.100184241753694891e+00
5.114512840044183939e+00 -9.868175440678088606e-01
5.127079210658542330e+00 -9.116471223705258087e-01
5.139645581272901609e+00 -8.250956823325520384e-01
5.152211951887260888e+00 -8.665400285633330091e-01
5.164778322501620167e+00 -8.668588887481578631e-01
5.177344693115979446e+00 -9.162727027483537068e-01
5.189911063730338725e+00 -8.399490231116728545e-01
5.202477434344698004e+00 -7.808608380816068895e-01
5.215043804959057283e+00 -1.047205857698783715e+00
5.227610175573416562e+00 -7.973302145860119428e-01
5.240176546187774953e+00 -8.737993977795066591e-01
5.252742916802134232e+00 -9.105255426151037668e-01
5.265309287416492623e+00 -1.095302060382623788e+00
5.277875658030851902e+00 -9.823630578674454883e-01
5.290442028645211181e+00 -6.677221408174169870e-01
5.303008399259570460e+00 -8.994507524421683220e-01
5.315574769873929739e+00 -9.320094747537358559e-01
5.328141140488289018e+00 -8.619818463315433998e-01
5.340707511102648297e+00 -8.835317165608068679e-01
5.353273881717007576e+00 -7.891311216089851310e-01
5.365840252331366855e+00 -6.422930308231741270e-01
5.378406622945726134e+00 -8.449500272218402053e-01
5.390972993560084525e+00 -7.630332965118368227e-01
5.403539364174443804e+00 -8.852369568998130767e-01
5.416105734788803083e+00 -6.104258667907949132e-01
5.428672105403162362e+00 -7.353470364946931292e-01
5.441238476017521641e+00 -8.541230577532443746e-01
5.453804846631880920e+00 -6.470824953447098515e-01
5.466371217246240199e+00 -6.089698625631502216e-01
5.478937587860599479e+00 -7.041633885471432208e-01
5.491503958474958758e+00 -8.754753739633628351e-01
5.504070329089317148e+00 -5.241330884472021889e-01
5.516636699703676427e+00 -6.626410537501528086e-01
5.529203070318035707e+00 -5.675016761925435471e-01
5.541769440932394986e+00 -7.304221286327389207e-01
5.554335811546754265e+00 -7.058742599076418545e-01
5.566902182161113544e+00 -6.455404448238999393e-01
5.579468552775472823e+00 -5.357157937658563185e-01
5.592034923389832102e+00 -6.231249869319734902e-01
5.604601294004191381e+00 -7.533747425440684431e-01
5.617167664618549772e+00 -5.916606934120006711e-01
5.629734035232909051e+00 -4.449768782435290504e-01
5.642300405847268330e+00 -5.913243548112360193e-01
5.654866776461627609e+00 -5.748466999148250656e-01
5.667433147075986888e+00 -7.038270777006496726e-01
5.679999517690346167e+00 -7.075678578990405310e-01
5.692565888304705446e+00 -6.206448303695121238e-01
5.705132258919064725e+00 -5.790461113961412609e-01
5.717698629533424004e+00 -5.254207214779683666e-01
5.730265000147783283e+00 -5.085789325138777572e-01
5.742831370762141674e+00 -3.542487686798139190e-01
5.755397741376500953e+00 -4.977544577907700440e-01
5.767964111990860232e+00 -3.862850727072009160e-01
5.780530482605219511e+00 -4.856866075662068516e-01
5.793096853219578790e+00 -3.258135710027564302e-01
5.805663223833938069e+00 -6.466196084962078094e-01
5.818229594448297348e+00 -5.082563927578749308e-01
5.830795965062656627e+00 -3.388124270250084669e-01
5.843362335677015906e+00 -4.429388920907437743e-01
5.855928706291374297e+00 -3.212226196544878398e-01
5.868495076905733576e+00 -3.643998254359357425e-01
5.881061447520092855e+00 -2.967859684658990527e-01
5.893627818134452134e+00 -3.184723227189167893e-01
5.906194188748811413e+00 -3.007596593033028398e-01
5.918760559363170692e+00 -2.071663399980954723e-01
5.931326929977529971e+00 -2.459955213044227318e-01
5.943893300591889250e+00 -2.334388738093452487e-01
5.956459671206248530e+00 -3.189017339286513431e-01
5.969026041820606920e+00 -3.672020153566348810e-01
5.981592412434966199e+00 -3.629975904042646584e-01
5.994158783049325478e+00 -2.099248027510081105e-01
6.006725153663684758e+00 -5.167979919218275153e-01
6.019291524278044037e+00 -3.915593251203253189e-01
6.031857894892402427e+00 -3.450152557527343400e-01
6.044424265506761706e+00 -2.612611348930868327e-01
6.056990636121120986e+00 -4.874145646302149304e-01
6.069557006735480265e+00 -8.613497966312164134e-02
6.082123377349839544e+00 -1.396924568814478240e-01
6.094689747964198823e+00 1.107692526013195899e-02
6.107256118578558102e+00 -6.880161208299781506e-02
6.119822489192916493e+00 -5.959923207968152725e-02
6.132388859807275772e+00 7.484201398232909197e-02
6.144955230421635051e+00 -1.948860993703815658e-01
6.157521601035994330e+00 -2.756790734892440864e-01
6.170087971650353609e+00 -1.360921245227559861e-01
6.182654342264712888e+00 -1.828609202359311459e-01
6.195220712879072167e+00 -1.135357326531879901e-01
6.207787083493431446e+00 -1.803487045537417455e-01
6.220353454107790725e+00 -6.002512783913560579e-03
6.232919824722149116e+00 1.053966780102201517e-03
6.245486195336508395e+00 -4.038244172676234284e-02
6.258052565950867674e+00 6.028054894950066883e-03
6.270618936565226953e+00 -2.677111259627125428e-02
