0.000000000000000000e+00 -6.186115740332740615e-02
1.256637061435917323e-02 -1.393416833495794982e-01
2.513274122871834645e-02 -1.934115116826922234e-02
3.769911184307751795e-02 1.785363630155333836e-01
5.026548245743669291e-02 1.090580235284101113e-01
6.283185307179586787e-02 1.867697468059957566e-02
7.539822368615503589e-02 1.328283629797305521e-01
8.796459430051420392e-02 2.750725234124465901e-01
1.005309649148733858e-01 2.518129240379307077e-01
1.130973355292325677e-01 -7.023968169607527900e-03
1.256637061435917357e-01 1.590401863759642043e-01
1.382300767579508760e-01 7.932986296805948079e-02
1.507964473723100718e-01 1.895539915488282379e-01
1.633628179866692676e-01 2.422125019489724806e-01
1.759291886010284078e-01 3.508748447393996717e-01
1.884955592153875759e-01 3.725345975518667974e-01
2.010619298297467716e-01 8.969836733103279947e-02
2.136283004441059397e-01 1.550407975370985125e-01
2.261946710584651354e-01 2.298131856536980711e-01
2.387610416728242757e-01 1.392548821558484695e-01
2.513274122871834715e-01 1.395817281980465396e-01
2.638937829015426395e-01 2.070962878133734697e-01
2.764601535159017520e-01 1.429916664617758293e-01
2.890265241302609756e-01 2.707194439077784121e-01
3.015928947446201436e-01 1.919612752809771172e-01
3.141592653589793116e-01 3.238541335580918945e-01
3.267256359733385351e-01 3.496711421764664429e-01
3.392920065876976476e-01 2.956490860713908431e-01
3.518583772020568157e-01 4.969136419054066556e-01
3.644247478164160392e-01 4.137866228010991243e-01
3.769911184307751517e-01 3.396197179852300518e-01
3.895574890451343197e-01 3.678124578496351216e-01
4.021238596594935433e-01 5.162956423554876384e-01
4.146902302738527113e-01 3.790182699003353251e-01
4.272566008882118793e-01 5.178541780391067162e-01
4.398229715025711029e-01 3.371861286119956502e-01
4.523893421169302709e-01 4.083250547908201522e-01
4.649557127312893834e-01 6.294570602689686378e-01
4.775220833456485514e-01 4.854240472782395677e-01
4.900884539600077194e-01 3.830534663352326286e-01
5.026548245743669430e-01 7.373379705323380717e-01
5.152211951887261110e-01 5.668148053011947685e-01
5.277875658030852790e-01 6.299815094802287962e-01
5.403539364174444470e-01 4.544611589625519033e-01
5.529203070318035040e-01 4.580008417486401973e-01
5.654866776461627831e-01 6.709028918725346013e-01
5.780530482605219511e-01 5.519152286306876487e-01
5.906194188748811191e-01 5.223554539276975550e-01
6.031857894892402872e-01 6.497380091231621524e-01
6.157521601035994552e-01 6.708484682167874524e-01
6.283185307179586232e-01 6.808252407718742294e-01
6.408849013323177912e-01 4.140487265732989419e-01
6.534512719466770703e-01 7.456732524677649465e-01
6.660176425610361273e-01 6.830999971384823510e-01
6.785840131753952953e-01 6.554845046001830378e-01
6.911503837897544633e-01 5.554055023141879488e-01
7.037167544041136313e-01 7.246053178230412728e-01
7.162831250184729104e-01 7.220510621592556300e-01
7.288494956328320784e-01 6.347198772024843505e-01
7.414158662471912464e-01 7.261496825519383469e-01
7.539822368615503034e-01 8.019139841302189708e-01
7.665486074759094715e-01 7.682385084404457221e-01
7.791149780902686395e-01 6.096275962225249367e-01
7.916813487046279185e-01 8.980056810922260047e-01
8.042477193189870865e-01 7.499308477083754809e-01
8.168140899333462546e-01 8.462932852068700829e-01
8.293804605477054226e-01 6.297840771861891174e-01
8.419468311620645906e-01 5.977254220608257951e-01
8.545132017764237586e-01 7.408137645802926885e-01
8.670795723907829267e-01 6.429069312354480648e-01
8.796459430051422057e-01 7.177280662717528958e-01
8.922123136195013737e-01 7.677902769337926481e-01
9.047786842338605418e-01 7.548592292568365725e-01
9.173450548482194877e-01 8.400595860425246197e-01
9.299114254625787668e-01 7.164422051761905053e-01
9.424777960769379348e-01 1.057931945661745088e+00
9.550441666912971028e-01 8.256524239320079950e-01
9.676105373056562708e-01 8.992794250784480470e-01
9.801769079200154389e-01 6.420916075087371722e-01
9.927432785343746069e-01 6.332817700627760837e-01
1.005309649148733886e+00 8.275522626419644645e-01
1.017876019763092943e+00 9.938263786788096299e-01
1.030442390377452222e+00 8.130901313689150589e-01
1.043008760991811279e+00 8.056517877562499041e-01
1.055575131606170558e+00 8.794390343382677555e-01
1.068141502220529837e+00 1.000372988975363642e+00
1.080707872834888894e+00 7.710031937152669324e-01
1.093274243449248173e+00 7.469199181337631277e-01
1.105840614063607008e+00 8.268072964344326259e-01
1.118406984677966287e+00 9.790610513501107892e-01
1.130973355292325566e+00 8.388178144469454756e-01
1.143539725906684623e+00 9.370493329925873027e-01
1.156106096521043902e+00 9.809226089787026481e-01
1.168672467135402959e+00 8.704441710848291880e-01
1.181238837749762238e+00 8.987325108979656862e-01
1.193805208364121295e+00 7.751046416657995097e-01
1.206371578978480574e+00 1.208639017870340560e+00
1.218937949592839853e+00 8.921440597347365387e-01
1.231504320207198910e+00 9.845327219030391985e-01
1.244070690821558189e+00 9.447813508078323208e-01
1.256637061435917246e+00 9.402542789553206548e-01
1.269203432050276525e+00 1.170853769170463021e+00
1.281769802664635582e+00 1.064830818189813399e+00
1.294336173278994861e+00 8.718098658329020978e-01
1.306902543893354141e+00 9.218289421346098633e-01
1.319468914507712975e+00 9.373148763549770113e-01
1.332035285122072255e+00 1.026693543407160236e+00
1.344601655736431534e+00 8.792592392287903458e-01
1.357168026350790591e+00 9.909285072019954344e-01
1.369734396965149870e+00 8.783577092025951494e-01
1.382300767579508927e+00 1.001518613879528008e+00
1.394867138193868206e+00 1.134707510284561627e+00
1.407433508808227263e+00 9.807647446707024042e-01
1.419999879422586542e+00 1.164449129656248472e+00
1.432566250036945821e+00 8.929185081034091143e-01
1.445132620651304878e+00 1.142575354925158937e+00
1.457698991265664157e+00 9.263468908371845778e-01
1.470265361880023214e+00 1.145676999387126749e+00
1.482831732494382493e+00 1.061149069641549314e+00
1.495398103108741550e+00 9.494800147495474629e-01
1.507964473723100607e+00 1.034557933279806052e+00
1.520530844337459886e+00 9.336313519571933783e-01
1.533097214951818943e+00 9.846610949822612868e-01
1.545663585566178222e+00 9.445882524062340080e-01
1.558229956180537279e+00 1.170931928137410427e+00
1.570796326794896558e+00 1.087821324800233080e+00
1.583362697409255837e+00 1.183181438904893135e+00
1.595929068023614894e+00 8.805406999334776108e-01
1.608495438637974173e+00 1.056711032371070447e+00
1.621061809252333230e+00 8.859128311406321288e-01
1.633628179866692509e+00 9.714025004527807594e-01
1.646194550481051566e+00 1.013497915404139027e+00
1.658760921095410845e+00 1.017759305200392594e+00
1.671327291709770124e+00 8.697459479428516493e-01
1.683893662324129181e+00 1.054585596585047913e+00
1.696460032938488460e+00 7.461644876188754383e-01
1.709026403552847517e+00 9.446508430935668388e-01
1.721592774167206796e+00 1.094248124130956290e+00
1.734159144781565853e+00 1.058571332540687804e+00
1.746725515395925132e+00 1.025166480584101203e+00
1.759291886010284411e+00 1.066745619377595933e+00
1.771858256624643468e+00 9.697824850104549421e-01
1.784424627239002747e+00 1.017018237038012529e+00
1.796990997853361804e+00 1.075270890746508723e+00
1.809557368467721084e+00 1.109847991180486604e+00
1.822123739082079918e+00 1.010806751167987683e+00
1.834690109696438975e+00 9.250239104793498424e-01
1.847256480310798255e+00 8.190509899493324530e-01
1.859822850925157534e+00 1.030464951551100850e+00
1.872389221539516591e+00 9.528057379060932419e-01
1.884955592153875870e+00 8.774565613114169160e-01
1.897521962768234927e+00 1.057925289752289277e+00
1.910088333382594206e+00 7.186366543055204836e-01
1.922654703996953263e+00 1.010998018940129528e+00
1.935221074611312542e+00 1.032939627462702070e+00
1.947787445225671821e+00 8.363151415721514770e-01
1.960353815840030878e+00 9.565301788448482556e-01
1.972920186454390157e+00 8.359082579681303971e-01
1.985486557068749214e+00 9.062112062936492629e-01
1.998052927683108493e+00 9.713574121593840927e-01
2.010619298297467772e+00 8.433943417903378981e-01
2.023185668911826607e+00 9.097324649553614195e-01
2.035752039526185886e+00 7.296991004929386238e-01
2.048318410140545165e+00 9.238146300625323937e-01
2.060884780754904444e+00 7.766397117444691078e-01
2.073451151369263723e+00 7.396217400041676937e-01
2.086017521983622558e+00 1.050932000293623769e+00
2.098583892597981837e+00 9.852095817500554631e-01
2.111150263212341116e+00 7.783115588497938608e-01
2.123716633826700395e+00 8.147654979674755493e-01
2.136283004441059674e+00 7.828047215528716185e-01
2.148849375055418509e+00 9.039575753013238124e-01
2.161415745669777788e+00 8.586229238357552251e-01
2.173982116284137067e+00 8.053493533891127321e-01
2.186548486898496346e+00 7.800456266256010629e-01
2.199114857512855181e+00 9.936561322257002615e-01
2.211681228127214016e+00 7.930439165982264837e-01
2.224247598741573295e+00 9.797115689045312603e-01
2.236813969355932574e+00 9.879748550898598269e-01
2.249380339970291853e+00 7.544284836576237163e-01
2.261946710584651132e+00 7.137965092268745426e-01
2.274513081199009967e+00 7.785187746628996486e-01
2.287079451813369246e+00 8.438376370493653189e-01
2.299645822427728525e+00 8.334438131373615999e-01
2.312212193042087804e+00 8.312311086342947242e-01
2.324778563656447083e+00 6.785825854163894943e-01
2.337344934270805918e+00 7.260090785063124663e-01
2.349911304885165197e+00 7.710143335392618535e-01
2.362477675499524477e+00 6.694838310624732225e-01
2.375044046113883756e+00 7.548026321286873674e-01
2.387610416728242591e+00 7.335278320093175930e-01
2.400176787342601870e+00 8.125106768485355069e-01
2.412743157956961149e+00 5.783206748058593583e-01
2.425309528571320428e+00 6.775434236384846320e-01
2.437875899185679707e+00 4.400711597182572765e-01
2.450442269800038542e+00 6.249477303421445695e-01
2.463008640414397821e+00 5.210278478749400533e-01
2.475575011028757100e+00 5.447660265586489192e-01
2.488141381643116379e+00 7.535683953486143061e-01
2.500707752257475658e+00 4.630713547899361071e-01
2.513274122871834493e+00 7.730593331024137038e-01
2.525840493486193772e+00 7.583793721432240398e-01
2.538406864100553051e+00 4.932268474219883569e-01
2.550973234714912330e+00 5.204401826809544884e-01
2.563539605329271165e+00 5.942851693592913209e-01
2.576105975943630444e+00 6.537882713641777199e-01
2.588672346557989723e+00 4.848658158374157812e-01
2.601238717172349002e+00 6.301014538209454008e-01
2.613805087786708281e+00 3.360392977473849463e-01
2.626371458401067116e+00 5.111739275946844963e-01
2.638937829015425951e+00 5.447899576873779237e-01
2.651504199629785230e+00 3.970331560859998166e-01
2.664070570244144509e+00 4.950069385465972194e-01
2.676636940858503788e+00 4.843590765914311258e-01
2.689203311472863067e+00 4.718777743650515166e-01
2.701769682087221902e+00 4.896362057952917124e-01
2.714336052701581181e+00 3.429560986099359776e-01
2.726902423315940460e+00 3.625511233785888576e-01
2.739468793930299739e+00 2.955105343485372460e-01
2.752035164544658574e+00 3.326027936623624504e-01
2.764601535159017853e+00 4.327127408173507828e-01
2.777167905773377132e+00 2.281939557346872316e-01
2.789734276387736411e+00 2.773362264139507816e-01
2.802300647002095690e+00 3.721032920997280891e-01
2.814867017616454525e+00 1.857298008312835702e-01
2.827433388230813804e+00 3.720829421437536477e-01
2.839999758845173083e+00 3.489305756308868078e-01
2.852566129459532362e+00 3.110491846845239161e-01
2.865132500073891642e+00 2.806999991144332740e-01
2.877698870688250476e+00 2.091079136580855091e-01
2.890265241302609756e+00 3.908171633977995385e-01
2.902831611916969035e+00 2.182043279648282763e-01
2.915397982531328314e+00 2.356663592549318453e-02
2.927964353145687149e+00 4.170582069508987355e-01
2.940530723760046428e+00 2.684445518663357566e-01
2.953097094374405707e+00 2.095982617698614603e-01
2.965663464988764986e+00 2.153167813540640962e-01
2.978229835603124265e+00 2.861915382937857966e-01
2.990796206217483100e+00 2.038617379042038102e-01
3.003362576831842379e+00 9.645995182317987360e-02
3.015928947446201214e+00 1.836439477409835819e-01
3.028495318060560493e+00 -3.833336672501935771e-03
3.041061688674919772e+00 6.024735188635958055e-02
3.053628059289279051e+00 1.919016540005039628e-01
3.066194429903637886e+00 -9.409833339475943970e-02
3.078760800517997165e+00 -3.535767268961841070e-02
3.091327171132356444e+00 1.700929303438319662e-01
3.103893541746715723e+00 -3.064688110471675692e-02
3.116459912361074558e+00 2.443423215706148205e-02
3.129026282975433837e+00 4.674920768042913760e-02
3.141592653589793116e+00 8.154246625951143759e-03
3.154159024204152395e+00 -9.852749760582092675e-02
3.166725394818511674e+00 2.861522980257434276e-02
3.179291765432870509e+00 2.409278486922973861e-01
3.191858136047229788e+00 -8.336795678329375625e-02
3.204424506661589067e+00 -1.088959179652015941e-04
3.216990877275948346e+00 -2.187862343662949627e-01
3.229557247890307181e+00 3.446093610377758132e-02
3.242123618504666460e+00 -1.893362310899962264e-01
3.254689989119025739e+00 -2.685225033469587630e-02
3.267256359733385018e+00 -1.350878743879289079e-01
3.279822730347744297e+00 -1.908592722195063540e-01
3.292389100962103132e+00 -9.638710474308970211e-02
3.304955471576462411e+00 -3.857250328417514140e-01
3.317521842190821690e+00 -1.763081685846415447e-01
3.330088212805180969e+00 -3.062838510759552935e-01
3.342654583419540248e+00 -2.105090788383142120e-01
3.355220954033899083e+00 -8.596201839564998615e-02
3.367787324648258362e+00 -1.455529253571563597e-01
3.380353695262617642e+00 -2.769210547237134223e-01
3.392920065876976921e+00 -1.861988372734819930e-01
3.405486436491335756e+00 -1.118061321330889035e-01
3.418052807105695035e+00 -2.835628630057712707e-01
3.430619177720054314e+00 -2.894697886722391589e-01
3.443185548334413593e+00 -3.692341500723580472e-01
3.455751918948772872e+00 -4.076921478627834050e-01
3.468318289563131707e+00 -2.939009830610229690e-01
3.480884660177490986e+00 -3.344341837414182006e-01
3.493451030791850265e+00 -3.497566598089185130e-01
3.506017401406209544e+00 -1.986462779998194039e-01
3.518583772020568823e+00 -4.249287445252019624e-01
3.531150142634927658e+00 -2.799364467972090820e-01
3.543716513249286937e+00 -3.175587692769255010e-01
3.556282883863646216e+00 -3.906626738161578238e-01
3.568849254478005495e+00 -4.685421536095237816e-01
3.581415625092364330e+00 -3.504225092311472056e-01
3.593981995706723609e+00 -4.928329888697190464e-01
3.606548366321082888e+00 -4.446741239904699605e-01
3.619114736935442167e+00 -4.011715159523275287e-01
3.631681107549800558e+00 -3.089863151814368214e-01
3.644247478164159837e+00 -4.782662186569562879e-01
3.656813848778519116e+00 -2.718547134052320957e-01
3.669380219392877951e+00 -5.689033922072797012e-01
3.681946590007237230e+00 -4.522886719397218869e-01
3.694512960621596509e+00 -2.899357629890071397e-01
3.707079331235955788e+00 -4.921225338103906166e-01
3.719645701850315067e+00 -1.302733828736679644e-01
3.732212072464673902e+00 -5.525220551212900455e-01
3.744778443079033181e+00 -4.952141090895704201e-01
3.757344813693392460e+00 -5.890632372493244118e-01
3.769911184307751739e+00 -8.134256846269646291e-01
3.782477554922110574e+00 -4.275679713085321909e-01
3.795043925536469853e+00 -4.310349608538351918e-01
3.807610296150829132e+00 -6.202557993390149793e-01
3.820176666765188411e+00 -6.988184034660301913e-01
3.832743037379547690e+00 -4.810954107453506157e-01
3.845309407993906525e+00 -6.225810132359961280e-01
3.857875778608265804e+00 -7.271366832866489327e-01
3.870442149222625083e+00 -6.463109983636154965e-01
3.883008519836984362e+00 -6.773195514433788533e-01
3.895574890451343641e+00 -5.608483612414328912e-01
3.908141261065702476e+00 -6.270338228588439033e-01
3.920707631680061755e+00 -6.291025683814679414e-01
3.933274002294421035e+00 -6.314820010455297616e-01
3.945840372908780314e+00 -7.523706272628891689e-01
3.958406743523139149e+00 -7.063782096567823299e-01
3.970973114137498428e+00 -7.611484459741334474e-01
3.983539484751857707e+00 -5.341428429491652530e-01
3.996105855366216986e+00 -7.180001532594344482e-01
4.008672225980576265e+00 -7.811083202873358999e-01
4.021238596594935544e+00 -7.522081584220331463e-01
4.033804967209294823e+00 -4.348047968268992647e-01
4.046371337823653214e+00 -7.421458587571980736e-01
4.058937708438012493e+00 -9.951390514178055646e-01
4.071504079052371772e+00 -8.577723046248749705e-01
4.084070449666731051e+00 -7.312561023346217937e-01
4.096636820281090330e+00 -7.589366567161373034e-01
4.109203190895449609e+00 -8.069505390501224840e-01
4.121769561509808888e+00 -8.206233182358737555e-01
4.134335932124168167e+00 -9.913353605002633850e-01
4.146902302738527446e+00 -8.959525126091480995e-01
4.159468673352886725e+00 -1.011511128402666992e+00
4.172035043967245116e+00 -7.725507617647935366e-01
4.184601414581604395e+00 -8.563379348683437531e-01
4.197167785195963674e+00 -9.214738642426550941e-01
4.209734155810322953e+00 -9.393354242486599004e-01
4.222300526424682232e+00 -8.861813623977490284e-01
4.234866897039041511e+00 -8.507524656143211628e-01
4.247433267653400790e+00 -9.153884550058435376e-01
4.259999638267760069e+00 -7.369030428323084525e-01
4.272566008882119348e+00 -8.695347492710288062e-01
4.285132379496477739e+00 -1.032493695153491320e+00
4.297698750110837018e+00 -9.254211882787206633e-01
4.310265120725196297e+00 -8.059093160258690158e-01
4.322831491339555576e+00 -8.658778648609949391e-01
4.335397861953914855e+00 -9.296190836934568047e-01
4.347964232568274134e+00 -9.959933600249483154e-01
4.360530603182633413e+00 -1.096132078679675992e+00
4.373096973796992692e+00 -8.727841013388900615e-01
4.385663344411351972e+00 -8.620354244852064252e-01
4.398229715025710362e+00 -9.527977716106282857e-01
4.410796085640069641e+00 -9.819499038476369179e-01
4.423362456254428032e+00 -9.949231469058155142e-01
4.435928826868787311e+00 -9.609629681213596175e-01
4.448495197483146590e+00 -9.843482772451797036e-01
4.461061568097505869e+00 -8.003841543773079215e-01
4.473627938711865148e+00 -1.123897992852259886e+00
4.486194309326224428e+00 -1.016490513262979345e+00
4.498760679940583707e+00 -8.651162620345939080e-01
4.511327050554942986e+00 -9.017477714498308705e-01
4.523893421169302265e+00 -1.117001838122252400e+00
4.536459791783661544e+00 -1.015426601875348611e+00
4.549026162398019935e+00 -1.091878836384085893e+00
4.561592533012379214e+00 -9.492987496952548510e-01
4.574158903626738493e+00 -1.097779419385771504e+00
4.586725274241097772e+00 -1.100503460937464428e+00
4.599291644855457051e+00 -9.600699133765862037e-01
4.611858015469816330e+00 -8.253954788091373285e-01
4.624424386084175609e+00 -9.565034881999547878e-01
4.636990756698534888e+00 -9.928092549000981926e-01
4.649557127312894167e+00 -1.111890284675336016e+00
4.662123497927252558e+00 -8.384948600472817981e-01
4.674689868541611837e+00 -8.979871596364737973e-01
4.687256239155971116e+00 -9.805436478896634167e-01
4.699822609770330395e+00 -1.083101086813339942e+00
4.712388980384689674e+00 -1.091712686496273399e+00
4.724955350999048953e+00 -9.587585893786303437e-01
4.737521721613408232e+00 -1.003182317881435193e+00
4.750088092227767511e+00 -9.559419869547536308e-01
4.762654462842126790e+00 -8.791348903226141598e-01
4.775220833456485181e+00 -9.846323294764820488e-01
4.787787204070844460e+00 -1.059764610449134059e+00
4.800353574685203739e+00 -1.041906552560710963e+00
4.812919945299563018e+00 -9.628069625505133455e-01
4.825486315913922297e+00 -9.388089572510249781e-01
4.838052686528281576e+00 -9.427072746141933468e-01
4.850619057142640855e+00 -1.078475764370991463e+00
4.863185427757000134e+00 -1.118088336055403920e+00
4.875751798371359413e+00 -1.078435018016141722e+00
4.888318168985717804e+00 -9.445683705469731795e-01
4.900884539600077083e+00 -7.811356811447621729e-01
4.913450910214436362e+00 -1.018343454186005470e+00
4.926017280828795641e+00 -9.582701681464760313e-01
4.938583651443154920e+00 -1.059704715007915077e+00
4.951150022057514200e+00 -9.701156494273228681e-01
4.963716392671873479e+00 -1.127275301129211371e+00
4.976282763286232758e+00 -9.895634779658809554e-01
4.988849133900592037e+00 -1.060010829555314338e+00
5.001415504514951316e+00 -9.688781852693223451e-01
5.013981875129309707e+00 -9.748098158578710759e-01
5.026548245743668986e+00 -8.032699127683234908e-01
5.039114616358028265e+00 -8.738472021939666101e-01
5.051680986972387544e+00 -7.018999640619774105e-01
5.064247357586746823e+00 -1.126454187022591258e+00
5.076813728201106102e+00 -1.042021878086521136e+00
5.089380098815465381e+00 -1.135917419056024835e+00
5.101946469429824660e+00 -8.169784665452157757e-01
5.114512840044183939e+00 -9.156159471152237606e-01
5.127079210658542330e+00 -1.044484910314419812e+00
5.139645581272901609e+00 -1.095092194836816191e+00
5.152211951887260888e+00 -1.015531315881303520e+00
5.164778322501620167e+00 -9.475360068676744740e-01
5.177344693115979446e+00 -6.855623660197148750e-01
5.189911063730338725e+00 -1.019848042492935258e+00
5.202477434344698004e+00 -1.046249264400812340e+00
5.215043804959057283e+00 -1.069681663657978898e+00
5.227610175573416562e+00 -8.351454144350599629e-01
5.240176546187774953e+00 -7.173835693990531226e-01
5.252742916802134232e+00 -9.243858692095794360e-01
5.265309287416492623e+00 -8.742510545088435503e-01
5.277875658030851902e+00 -8.479038091993852388e-01
5.290442028645211181e+00 -7.631173445933479016e-01
5.303008399259570460e+00 -7.735456596741154822e-01
5.315574769873929739e+00 -8.756515389799754967e-01
5.328141140488289018e+00 -9.100635097720803923e-01
5.340707511102648297e+00 -7.317437043210532899e-01
5.353273881717007576e+00 -7.711781330411783264e-01
5.365840252331366855e+00 -8.674568288811297379e-01
5.378406622945726134e+00 -6.804592779867717489e-01
5.390972993560084525e+00 -7.488969275429494532e-01
5.403539364174443804e+00 -6.659182684973983246e-01
5.416105734788803083e+00 -6.802238021301443283e-01
5.428672105403162362e+00 -8.652207650482762746e-01
5.441238476017521641e+00 -8.830745707701295188e-01
5.453804846631880920e+00 -9.061766326423199569e-01
5.466371217246240199e+00 -6.929069384278156996e-01
5.478937587860599479e+00 -7.403804943538742078e-01
5.491503958474958758e+00 -6.661085829106569989e-01
5.504070329089317148e+00 -7.751474620415030881e-01
5.516636699703676427e+00 -7.471377797074679750e-01
5.529203070318035707e+00 -6.400831072064289140e-01
5.541769440932394986e+00 -7.373204826633555919e-01
5.554335811546754265e+00 -7.020481159725661113e-01
5.566902182161113544e+00 -5.292019305982619271e-01
5.579468552775472823e+00 -6.350283795116391516e-01
5.592034923389832102e+00 -5.873591974691619866e-01
5.604601294004191381e+00 -6.380995069705075462e-01
5.617167664618549772e+00 -4.480249924569264519e-01
5.629734035232909051e+00 -7.649370711628552533e-01
5.642300405847268330e+00 -4.137877954961985960e-01
5.654866776461627609e+00 -5.582992211911441682e-01
5.667433147075986888e+00 -7.292576385250962856e-01
5.679999517690346167e+00 -6.130651045318692427e-01
5.692565888304705446e+00 -4.951382095573904074e-01
5.705132258919064725e+00 -6.588798526246326670e-01
5.717698629533424004e+00 -5.625954824756972394e-01
5.730265000147783283e+00 -3.605022863259422783e-01
5.742831370762141674e+00 -4.605320231548345467e-01
5.755397741376500953e+00 -4.946788525695263727e-01
5.767964111990860232e+00 -4.537499585891978660e-01
5.780530482605219511e+00 -4.111617880648461565e-01
5.793096853219578790e+00 -5.120715172170013929e-01
5.805663223833938069e+00 -3.951957038044867643e-01
5.818229594448297348e+00 -4.596621717297340592e-01
5.830795965062656627e+00 -3.469817332972538471e-01
5.843362335677015906e+00 -4.411667965217731524e-01
5.855928706291374297e+00 -5.016146001540698895e-01
5.868495076905733576e+00 -2.400680726621382821e-01
5.881061447520092855e+00 -3.745359480839308142e-01
5.893627818134452134e+00 -3.853080564797546348e-01
5.906194188748811413e+00 -3.355005957547104178e-01
5.918760559363170692e+00 -1.980162564760529209e-01
5.931326929977529971e+00 -2.854423646088388722e-01
5.943893300591889250e+00 -4.386354265019218324e-01
5.956459671206248530e+00 -2.441844700914370114e-01
5.969026041820606920e+00 -1.723992718372264754e-01
5.981592412434966199e+00 -3.407668132446661224e-01
5.994158783049325478e+00 -1.867134863370398246e-01
6.006725153663684758e+00 -2.938484243670355101e-01
6.019291524278044037e+00 -2.909660794658986971e-01
6.031857894892402427e+00 -1.322293468945889006e-01
6.044424265506761706e+00 -1.671282686845661503e-01
6.056990636121120986e+00 -3.545081953605067060e-01
6.069557006735480265e+00 -1.348536783981262588e-01
6.082123377349839544e+00 -6.639307512134492995e-02
6.094689747964198823e+00 -3.539050401162384674e-01
6.107256118578558102e+00 -1.344942915158497954e-01
6.119822489192916493e+00 -1.271914356298732285e-01
6.132388859807275772e+00 -3.876642391088277462e-01
6.144955230421635051e+00 -1.713402019616648286e-01
6.157521601035994330e+00 -4.604053963261366123e-02
6.170087971650353609e+00 -6.025268768694264088e-02
6.182654342264712888e+00 -8.591425161594927473e-02
6.195220712879072167e+00 -6.500002569819193776e-02
6.207787083493431446e+00 -1.391358866117277104e-01
6.220353454107790725e+00 -8.948131598353545324e-02
6.232919824722149116e+00 7.749429999829184068e-02
6.245486195336508395e+00 3.759718112923945282e-02
6.258052565950867674e+00 -9.686208294229330107e-02
6.270618936565226953e+00 -2.175145680052944785e-01
