0.000000000000000000e+00 8.827467847424448621e-02
1.256637061435917323e-02 8.563976347920682075e-02
2.513274122871834645e-02 1.324976027387423927e-01
3.769911184307751795e-02 1.250911272084089532e-01
5.026548245743669291e-02 8.344577518464224575e-02
6.283185307179586787e-02 1.661159631703351125e-01
7.539822368615503589e-02 -2.309835443629923435e-02
8.796459430051420392e-02 7.607735460143209838e-02
1.005309649148733858e-01 8.818729426632884727e-02
1.130973355292325677e-01 1.688813675989105090e-01
1.256637061435917357e-01 1.359364754689668942e-01
1.382300767579508760e-01 1.598297498985561393e-01
1.507964473723100718e-01 2.173046176827558851e-01
1.633628179866692676e-01 3.199618542706786917e-01
1.759291886010284078e-01 1.927722823215324011e-01
1.884955592153875759e-01 9.975083199833612024e-02
2.010619298297467716e-01 2.996915347256203788e-01
2.136283004441059397e-01 2.131627869318502011e-01
2.261946710584651354e-01 3.179269451310839933e-01
2.387610416728242757e-01 3.116785466050034925e-01
2.513274122871834715e-01 1.424797983957714065e-01
2.638937829015426395e-01 2.262145313688318504e-01
2.764601535159017520e-01 1.070778782797847661e-01
2.890265241302609756e-01 2.319910915012751706e-01
3.015928947446201436e-01 2.133172637290549623e-01
3.141592653589793116e-01 3.854679266897842460e-01
3.267256359733385351e-01 3.468354621418211492e-01
3.392920065876976476e-01 4.287999028374666066e-01
3.518583772020568157e-01 2.198285047129555636e-01
3.644247478164160392e-01 3.971304364352493677e-01
3.769911184307751517e-01 3.167747155233711642e-01
3.895574890451343197e-01 2.853347451879691965e-01
4.021238596594935433e-01 3.696792991303382570e-01
4.146902302738527113e-01 3.787141256311248316e-01
4.272566008882118793e-01 3.342505503661875599e-01
4.398229715025711029e-01 5.971189425138567763e-01
4.523893421169302709e-01 6.311536578701031353e-01
4.649557127312893834e-01 6.192978171061214177e-01
4.775220833456485514e-01 5.188317260510173501e-01
4.900884539600077194e-01 4.328321213843848714e-01
5.026548245743669430e-01 4.837137436776246524e-01
5.152211951887261110e-01 5.663591020266939280e-01
5.277875658030852790e-01 4.790072412661300350e-01
5.403539364174444470e-01 6.791457758290327940e-01
5.529203070318035040e-01 5.321753916349323266e-01
5.654866776461627831e-01 6.059017316238261008e-01
5.780530482605219511e-01 6.388979840678082889e-01
5.906194188748811191e-01 5.188709510346311005e-01
6.031857894892402872e-01 6.533108620102855424e-01
6.157521601035994552e-01 5.913414840680657480e-01
6.283185307179586232e-01 6.773538725209803379e-01
6.408849013323177912e-01 7.602730707535281240e-01
6.534512719466770703e-01 6.145862664660812769e-01
6.660176425610361273e-01 5.831056224126499599e-01
6.785840131753952953e-01 4.979992404811790507e-01
6.911503837897544633e-01 7.139782204361893037e-01
7.037167544041136313e-01 5.359368042494185858e-01
7.162831250184729104e-01 5.850124676202126395e-01
7.288494956328320784e-01 5.317536711264274629e-01
7.414158662471912464e-01 6.949976983318387758e-01
7.539822368615503034e-01 6.526443930427813234e-01
7.665486074759094715e-01 9.496856005338852880e-01
7.791149780902686395e-01 5.571629698393528729e-01
7.916813487046279185e-01 8.694119070028603069e-01
8.042477193189870865e-01 6.741019475573294395e-01
8.168140899333462546e-01 9.303016149487428610e-01
8.293804605477054226e-01 5.977306751211236557e-01
8.419468311620645906e-01 7.928046305155852513e-01
8.545132017764237586e-01 6.956653409098959573e-01
8.670795723907829267e-01 8.555224771499509995e-01
8.796459430051422057e-01 6.346667977725484189e-01
8.922123136195013737e-01 6.210596476845366976e-01
9.047786842338605418e-01 7.480350484762795515e-01
9.173450548482194877e-01 8.012932550927688302e-01
9.299114254625787668e-01 6.421172219392293767e-01
9.424777960769379348e-01 8.820168407788357978e-01
9.550441666912971028e-01 8.605251121237289524e-01
9.676105373056562708e-01 8.256922129065498162e-01
9.801769079200154389e-01 8.348677841919857068e-01
9.927432785343746069e-01 9.774022875389724030e-01
1.005309649148733886e+00 9.256153202664441082e-01
1.017876019763092943e+00 8.485358971740802891e-01
1.030442390377452222e+00 8.604389497803415221e-01
1.043008760991811279e+00 8.647742826881698042e-01
1.055575131606170558e+00 8.393392699121611233e-01
1.068141502220529837e+00 8.666423309600657099e-01
1.080707872834888894e+00 9.494619177957758227e-01
1.093274243449248173e+00 9.072369732652160179e-01
1.105840614063607008e+00 8.875745956779005352e-01
1.118406984677966287e+00 8.998266902975516901e-01
1.130973355292325566e+00 7.042909159826138410e-01
1.143539725906684623e+00 8.828686175437899797e-01
1.156106096521043902e+00 9.292211901430229570e-01
1.168672467135402959e+00 8.381734017995576824e-01
1.181238837749762238e+00 7.964632580162060993e-01
1.193805208364121295e+00 9.448599163531691270e-01
1.206371578978480574e+00 9.487613596021396978e-01
1.218937949592839853e+00 9.792800154442889982e-01
1.231504320207198910e+00 1.125556370426394670e+00
1.244070690821558189e+00 8.359128288470557555e-01
1.256637061435917246e+00 8.576614973665405151e-01
1.269203432050276525e+00 1.028583687775205702e+00
1.281769802664635582e+00 1.087906891937778120e+00
1.294336173278994861e+00 8.784603013721596909e-01
1.306902543893354141e+00 1.129493385524649396e+00
1.319468914507712975e+00 1.024717740840094038e+00
1.332035285122072255e+00 1.075078918415847795e+00
1.344601655736431534e+00 9.164866779904948801e-01
1.357168026350790591e+00 8.689012720074578144e-01
1.369734396965149870e+00 7.696754090096009637e-01
1.382300767579508927e+00 9.346032586378997253e-01
1.394867138193868206e+00 1.015411089442655568e+00
1.407433508808227263e+00 9.846738282516793728e-01
1.419999879422586542e+00 1.010856209642093662e+00
1.432566250036945821e+00 1.007897172871616620e+00
1.445132620651304878e+00 7.571097598173639476e-01
1.457698991265664157e+00 8.722658072434182897e-01
1.470265361880023214e+00 9.340653923473668518e-01
1.482831732494382493e+00 9.732086639514896387e-01
1.495398103108741550e+00 9.755343941261013230e-01
1.507964473723100607e+00 1.031551826260426852e+00
1.520530844337459886e+00 9.312835083789261503e-01
1.533097214951818943e+00 9.425899840230392845e-01
1.545663585566178222e+00 8.808349973462297200e-01
1.558229956180537279e+00 9.703917159716647367e-01
1.570796326794896558e+00 9.859067090082175300e-01
1.583362697409255837e+00 1.108492067388624713e+00
1.595929068023614894e+00 8.927543515975264743e-01
1.608495438637974173e+00 1.161745564621097904e+00
1.621061809252333230e+00 9.775092681397842265e-01
1.633628179866692509e+00 9.910691897684771323e-01
1.646194550481051566e+00 9.987568696086401854e-01
1.658760921095410845e+00 1.076675214964213589e+00
1.671327291709770124e+00 8.140120329610779359e-01
1.683893662324129181e+00 9.298511609626651797e-01
1.696460032938488460e+00 1.066124674767789715e+00
1.709026403552847517e+00 8.560978378064582062e-01
1.721592774167206796e+00 1.113737050510774873e+00
1.734159144781565853e+00 9.165355163666758509e-01
1.746725515395925132e+00 1.024080967922522678e+00
1.759291886010284411e+00 1.070296693103665486e+00
1.771858256624643468e+00 8.830944499050662477e-01
1.784424627239002747e+00 1.015716292459516001e+00
1.796990997853361804e+00 8.817741035028442420e-01
1.809557368467721084e+00 9.886005967677556905e-01
1.822123739082079918e+00 1.003175411743268297e+00
1.834690109696438975e+00 9.077640477650403827e-01
1.847256480310798255e+00 9.877085660616583551e-01
1.859822850925157534e+00 1.017372683086234630e+00
1.872389221539516591e+00 8.930925630154358252e-01
1.884955592153875870e+00 9.017910261972349462e-01
1.897521962768234927e+00 1.050183094758234459e+00
1.910088333382594206e+00 9.607021484661867339e-01
1.922654703996953263e+00 9.186977869766137506e-01
1.935221074611312542e+00 1.077368316697538075e+00
1.947787445225671821e+00 1.054124811378643889e+00
1.960353815840030878e+00 9.071559927302175197e-01
1.972920186454390157e+00 9.651933463269981583e-01
1.985486557068749214e+00 1.119042542426279319e+00
1.998052927683108493e+00 8.415629266111718243e-01
2.010619298297467772e+00 8.433524147145425864e-01
2.023185668911826607e+00 9.050151735951041942e-01
2.035752039526185886e+00 9.716063579105271852e-01
2.048318410140545165e+00 1.046773867930744117e+00
2.060884780754904444e+00 9.035285810897180081e-01
2.073451151369263723e+00 9.221242417345718589e-01
2.086017521983622558e+00 8.891205877226494581e-01
2.098583892597981837e+00 8.585733734916962678e-01
2.111150263212341116e+00 9.585631868026540658e-01
2.123716633826700395e+00 7.097032347117299134e-01
2.136283004441059674e+00 8.670988722370246427e-01
2.148849375055418509e+00 9.260881198840837936e-01
2.161415745669777788e+00 9.373040284433933333e-01
2.173982116284137067e+00 8.390835513477563623e-01
2.186548486898496346e+00 8.449806416073262216e-01
2.199114857512855181e+00 6.869421961946046151e-01
2.211681228127214016e+00 8.918978812323212768e-01
2.224247598741573295e+00 7.311327581768524153e-01
2.236813969355932574e+00 8.765912892708670467e-01
2.249380339970291853e+00 6.666823085937892968e-01
2.261946710584651132e+00 8.829049738537929626e-01
2.274513081199009967e+00 8.410930011652351102e-01
2.287079451813369246e+00 7.884889095951280735e-01
2.299645822427728525e+00 9.248209693557343236e-01
2.312212193042087804e+00 7.245338146755206932e-01
2.324778563656447083e+00 8.961297594853073756e-01
2.337344934270805918e+00 6.289592988919454619e-01
2.349911304885165197e+00 6.837159360756515092e-01
2.362477675499524477e+00 6.937748607047670157e-01
2.375044046113883756e+00 6.169690396849241143e-01
2.387610416728242591e+00 5.276506571407724167e-01
2.400176787342601870e+00 6.028274524717031069e-01
2.412743157956961149e+00 5.930567570349991602e-01
2.425309528571320428e+00 6.765185668065700764e-01
2.437875899185679707e+00 6.619826945300990584e-01
2.450442269800038542e+00 5.310181131917376396e-01
2.463008640414397821e+00 5.035491331826226213e-01
2.475575011028757100e+00 5.806937160399512354e-01
2.488141381643116379e+00 5.329520243710339500e-01
2.500707752257475658e+00 6.684103282761664211e-01
2.513274122871834493e+00 5.089308861296595321e-01
2.525840493486193772e+00 4.896600858808770051e-01
2.538406864100553051e+00 4.497240987988687100e-01
2.550973234714912330e+00 6.032486664731587789e-01
2.563539605329271165e+00 7.378583340304771809e-01
2.576105975943630444e+00 5.302193043625264002e-01
2.588672346557989723e+00 4.674093177731897253e-01
2.601238717172349002e+00 4.391417688020893828e-01
2.613805087786708281e+00 4.502436114206275763e-01
2.626371458401067116e+00 4.681185886217157366e-01
2.638937829015425951e+00 4.904227756186680942e-01
2.651504199629785230e+00 2.602826374374027640e-01
2.664070570244144509e+00 3.547262523976771331e-01
2.676636940858503788e+00 3.490762204937702951e-01
2.689203311472863067e+00 4.222047441950022573e-01
2.701769682087221902e+00 4.129010989807460619e-01
2.714336052701581181e+00 4.280508689731234995e-01
2.726902423315940460e+00 3.659476087215969842e-01
2.739468793930299739e+00 4.740299406126071702e-01
2.752035164544658574e+00 4.560791259382516172e-01
2.764601535159017853e+00 4.023094517116756474e-01
2.777167905773377132e+00 2.947245159923435054e-01
2.789734276387736411e+00 1.184383894473808874e-01
2.802300647002095690e+00 4.354678149381015495e-01
2.814867017616454525e+00 3.231393682121208033e-01
2.827433388230813804e+00 2.402612986575192178e-02
2.839999758845173083e+00 3.398511785199115898e-01
2.852566129459532362e+00 3.653126643915591831e-01
2.865132500073891642e+00 2.767894114142247508e-01
2.877698870688250476e+00 4.651600786723704695e-01
2.890265241302609756e+00 3.758549236841238206e-02
2.902831611916969035e+00 2.222802602561527452e-01
2.915397982531328314e+00 3.752412104305717921e-01
2.927964353145687149e+00 2.104293362034970749e-01
2.940530723760046428e+00 1.594122631877160357e-01
2.953097094374405707e+00 2.456993017429012216e-01
2.965663464988764986e+00 2.919094246099362411e-01
2.978229835603124265e+00 1.378659297606362744e-01
2.990796206217483100e+00 -3.141919606058565795e-02
3.003362576831842379e+00 7.304659883325602399e-02
3.015928947446201214e+00 7.667556719378532115e-02
3.028495318060560493e+00 2.821826728582842170e-02
3.041061688674919772e+00 1.353209626770415785e-01
3.053628059289279051e+00 8.426266330967147056e-02
3.066194429903637886e+00 1.645186419595275895e-01
3.078760800517997165e+00 6.993293260110365617e-02
3.091327171132356444e+00 1.710090263907581287e-01
3.103893541746715723e+00 5.924379794164369439e-02
3.116459912361074558e+00 3.061233942746355990e-02
3.129026282975433837e+00 2.037181309608100677e-01
3.141592653589793116e+00 -1.445102479834220188e-01
3.154159024204152395e+00 1.068278247556724847e-01
3.166725394818511674e+00 1.556691380041187456e-01
3.179291765432870509e+00 -1.697239117085747873e-01
3.191858136047229788e+00 6.974008580812675329e-02
3.204424506661589067e+00 8.849873760719481619e-03
3.216990877275948346e+00 -1.716912187783583010e-01
3.229557247890307181e+00 -2.017037880744269596e-01
3.242123618504666460e+00 -2.003411465433041494e-01
3.254689989119025739e+00 -1.900819909121422568e-01
3.267256359733385018e+00 -1.616581361203543732e-02
3.279822730347744297e+00 -2.592852374037697971e-01
3.292389100962103132e+00 -2.110463501974114697e-01
3.304955471576462411e+00 -3.591547290720132901e-01
3.317521842190821690e+00 -2.762300603201734983e-01
3.330088212805180969e+00 -8.989479378219526751e-02
3.342654583419540248e+00 -1.143077241775588421e-01
3.355220954033899083e+00 -1.394321841169459675e-01
3.367787324648258362e+00 -2.159069584427583954e-01
3.380353695262617642e+00 -2.139415019878350144e-01
3.392920065876976921e+00 3.009127914829667905e-02
3.405486436491335756e+00 -3.776462537405030351e-01
3.418052807105695035e+00 -2.799607727445953542e-01
3.430619177720054314e+00 -1.598143066601309947e-01
3.443185548334413593e+00 -3.441374280050453760e-01
3.455751918948772872e+00 -1.359169294294937935e-01
3.468318289563131707e+00 -4.370868803832295701e-01
3.480884660177490986e+00 -4.148829443265745764e-01
3.493451030791850265e+00 -3.087279175667102527e-01
3.506017401406209544e+00 -4.673263060278788350e-01
3.518583772020568823e+00 -3.453589941810699671e-01
3.531150142634927658e+00 -3.319293490794614776e-01
3.543716513249286937e+00 -2.697563753190588831e-01
3.556282883863646216e+00 -3.415926813961837061e-01
3.568849254478005495e+00 -4.159477403367445314e-01
3.581415625092364330e+00 -4.580813889336633471e-01
3.593981995706723609e+00 -3.637892604047732181e-01
3.606548366321082888e+00 -5.670070101668047702e-01
3.619114736935442167e+00 -4.540403672494318643e-01
3.631681107549800558e+00 -4.243251313785787460e-01
3.644247478164159837e+00 -5.432434712590067383e-01
3.656813848778519116e+00 -5.499081126528337915e-01
3.669380219392877951e+00 -3.594758396325439254e-01
3.681946590007237230e+00 -5.752000928474580999e-01
3.694512960621596509e+00 -5.968875818736537608e-01
3.707079331235955788e+00 -3.645864311968291527e-01
3.719645701850315067e+00 -3.953050900092939246e-01
3.732212072464673902e+00 -7.151936632210281752e-01
3.744778443079033181e+00 -6.858017096512754041e-01
3.757344813693392460e+00 -4.931713901968630132e-01
3.769911184307751739e+00 -6.756173123960028670e-01
3.782477554922110574e+00 -7.071061059274866833e-01
3.795043925536469853e+00 -6.342057459609596881e-01
3.807610296150829132e+00 -8.841241928541327955e-01
3.820176666765188411e+00 -6.366895931646729956e-01
3.832743037379547690e+00 -6.328585662042516269e-01
3.845309407993906525e+00 -5.775323524028124211e-01
3.857875778608265804e+00 -8.355351668134760601e-01
3.870442149222625083e+00 -4.510159118881458262e-01
3.883008519836984362e+00 -4.968263603284350793e-01
3.895574890451343641e+00 -7.606061798895994430e-01
3.908141261065702476e+00 -7.119287647180552181e-01
3.920707631680061755e+00 -7.310670059167014845e-01
3.933274002294421035e+00 -6.233278272337920978e-01
3.945840372908780314e+00 -7.207921415543682153e-01
3.958406743523139149e+00 -5.679834386520099532e-01
3.970973114137498428e+00 -8.219768335810748727e-01
3.983539484751857707e+00 -6.485734244419381067e-01
3.996105855366216986e+00 -7.010695543795436580e-01
4.008672225980576265e+00 -6.914084999367792195e-01
4.021238596594935544e+00 -8.130601429142118031e-01
4.033804967209294823e+00 -7.390744793777352939e-01
4.046371337823653214e+00 -8.121593706317915551e-01
4.058937708438012493e+00 -9.629010677980105459e-01
4.071504079052371772e+00 -8.471711416828722196e-01
4.084070449666731051e+00 -9.219880238475293144e-01
4.096636820281090330e+00 -7.529163434066969973e-01
4.109203190895449609e+00 -6.860932605984199073e-01
4.121769561509808888e+00 -9.254316671456900290e-01
4.134335932124168167e+00 -9.001167602740290929e-01
4.146902302738527446e+00 -9.078556142615431535e-01
4.159468673352886725e+00 -8.255540924641958656e-01
4.172035043967245116e+00 -1.036370337583173207e+00
4.184601414581604395e+00 -8.531457452362238847e-01
4.197167785195963674e+00 -9.591509510882563205e-01
4.209734155810322953e+00 -9.352071912657587971e-01
4.222300526424682232e+00 -9.409668045818778692e-01
4.234866897039041511e+00 -8.210855085388552022e-01
4.247433267653400790e+00 -9.727228867660611122e-01
4.259999638267760069e+00 -8.724832349666445941e-01
4.272566008882119348e+00 -1.015686470487435766e+00
4.285132379496477739e+00 -9.246745053803602232e-01
4.297698750110837018e+00 -9.115344436268213446e-01
4.310265120725196297e+00 -9.164639347218777043e-01
4.322831491339555576e+00 -7.537399998810370150e-01
4.335397861953914855e+00 -1.007327650406673492e+00
4.347964232568274134e+00 -9.005724923950990668e-01
4.360530603182633413e+00 -1.058750146298086836e+00
4.373096973796992692e+00 -1.030179940266692906e+00
4.385663344411351972e+00 -1.136883481431047560e+00
4.398229715025710362e+00 -9.296215340868583255e-01
4.410796085640069641e+00 -8.467862581299376856e-01
4.423362456254428032e+00 -9.491679909416488314e-01
4.435928826868787311e+00 -1.036014750990730926e+00
4.448495197483146590e+00 -9.811922346274732920e-01
4.461061568097505869e+00 -8.780616217701406878e-01
4.473627938711865148e+00 -8.190290245599680663e-01
4.486194309326224428e+00 -9.901046318022681536e-01
4.498760679940583707e+00 -9.572785760724966675e-01
4.511327050554942986e+00 -9.654536821428925109e-01
4.523893421169302265e+00 -9.347781430689345861e-01
4.536459791783661544e+00 -1.061382218007180356e+00
4.549026162398019935e+00 -1.127595814387547302e+00
4.561592533012379214e+00 -1.034560302533146681e+00
4.574158903626738493e+00 -1.253981328813872587e+00
4.586725274241097772e+00 -1.035045064585382812e+00
4.599291644855457051e+00 -1.059956850116554161e+00
4.611858015469816330e+00 -7.482134108201424771e-01
4.624424386084175609e+00 -9.228467074693729177e-01
4.636990756698534888e+00 -9.232696522528157645e-01
4.649557127312894167e+00 -7.984337887243996290e-01
4.662123497927252558e+00 -8.748738034604778280e-01
4.674689868541611837e+00 -1.120438659000679404e+00
4.687256239155971116e+00 -1.120426271236497184e+00
4.699822609770330395e+00 -1.018983917365528846e+00
4.712388980384689674e+00 -1.028913493286572889e+00
4.724955350999048953e+00 -9.535105775905392544e-01
4.737521721613408232e+00 -8.174391949045226591e-01
4.750088092227767511e+00 -9.321148345422380910e-01
4.762654462842126790e+00 -1.005165150319510481e+00
4.775220833456485181e+00 -9.182097573780475530e-01
4.787787204070844460e+00 -1.028551310655603679e+00
4.800353574685203739e+00 -1.171233076420121755e+00
4.812919945299563018e+00 -9.891332137358281873e-01
4.825486315913922297e+00 -8.635358103074874947e-01
4.838052686528281576e+00 -8.601341253627775574e-01
4.850619057142640855e+00 -9.917012316792809257e-01
4.863185427757000134e+00 -1.066842940756720592e+00
4.875751798371359413e+00 -8.360774909660509957e-01
4.888318168985717804e+00 -1.067406703403669388e+00
4.900884539600077083e+00 -9.342869133655230529e-01
4.913450910214436362e+00 -9.098704497652184697e-01
4.926017280828795641e+00 -1.098172792251052687e+00
4.938583651443154920e+00 -1.008066869578324587e+00
4.951150022057514200e+00 -8.001757070987517428e-01
4.963716392671873479e+00 -1.048440155042874578e+00
4.976282763286232758e+00 -1.044189152923006070e+00
4.988849133900592037e+00 -7.926964320977525347e-01
5.001415504514951316e+00 -1.030750484077806561e+00
5.013981875129309707e+00 -8.910299213750185743e-01
5.026548245743668986e+00 -8.608054393618016498e-01
5.039114616358028265e+00 -1.003776646154795005e+00
5.051680986972387544e+00 -1.058645895705937257e+00
5.064247357586746823e+00 -9.193016958085971080e-01
5.076813728201106102e+00 -8.802175079918606038e-01
5.089380098815465381e+00 -9.578658913680332398e-01
5.101946469429824660e+00 -9.347879361472288817e-01
5.114512840044183939e+00 -9.080442621353290722e-01
5.127079210658542330e+00 -8.917246441035070470e-01
5.139645581272901609e+00 -8.348582084690452376e-01
5.152211951887260888e+00 -7.933021665163249025e-01
5.164778322501620167e+00 -8.574645327054316590e-01
5.177344693115979446e+00 -8.285569401247706578e-01
5.189911063730338725e+00 -9.370045226475989253e-01
5.202477434344698004e+00 -9.604915234110327216e-01
5.215043804959057283e+00 -8.433379838308159293e-01
5.227610175573416562e+00 -9.408077467863725785e-01
5.240176546187774953e+00 -7.644942669199997765e-01
5.252742916802134232e+00 -8.599740744298612904e-01
5.265309287416492623e+00 -8.164703744175729749e-01
5.277875658030851902e+00 -1.129090783183865909e+00
5.290442028645211181e+00 -7.080471608453858812e-01
5.303008399259570460e+00 -1.072223780058062736e+00
5.315574769873929739e+00 -7.413835413718852241e-01
5.328141140488289018e+00 -8.657024792179558448e-01
5.340707511102648297e+00 -9.540582422959509312e-01
5.353273881717007576e+00 -7.621642663329906142e-01
5.365840252331366855e+00 -8.553373341052051826e-01
5.378406622945726134e+00 -7.675373221492820530e-01
5.390972993560084525e+00 -7.050789054934902822e-01
5.403539364174443804e+00 -8.859583787755040962e-01
5.416105734788803083e+00 -8.264177912953052374e-01
5.428672105403162362e+00 -6.687841724950749356e-01
5.441238476017521641e+00 -9.247316387760768919e-01
5.453804846631880920e+00 -6.791772212138839082e-01
5.466371217246240199e+00 -7.686658731336968309e-01
5.478937587860599479e+00 -6.926487141899042577e-01
5.491503958474958758e+00 -7.303672614512572991e-01
5.504070329089317148e+00 -4.774280735116581686e-01
5.516636699703676427e+00 -7.152804455274098805e-01
5.529203070318035707e+00 -7.603350568965057121e-01
5.541769440932394986e+00 -5.841111871617014062e-01
5.554335811546754265e+00 -7.324376109153967196e-01
5.566902182161113544e+00 -8.063035374458048521e-01
5.579468552775472823e+00 -7.629327730356594284e-01
5.592034923389832102e+00 -5.276716827379553942e-01
5.604601294004191381e+00 -4.704154026257725274e-01
5.617167664618549772e+00 -6.975524625002663681e-01
5.629734035232909051e+00 -4.103304155169444911e-01
5.642300405847268330e+00 -6.419370386900568048e-01
5.654866776461627609e+00 -4.988582726783568067e-01
5.667433147075986888e+00 -7.140460376330872716e-01
5.679999517690346167e+00 -6.668810818644053118e-01
5.692565888304705446e+00 -4.718337029827750495e-01
5.705132258919064725e+00 -4.801342733590598932e-01
5.717698629533424004e+00 -5.284224979703389113e-01
5.730265000147783283e+00 -5.568152279171174612e-01
5.742831370762141674e+00 -5.212864779851604791e-01
5.755397741376500953e+00 -6.790699430365675360e-01
5.767964111990860232e+00 -5.164533860161579781e-01
5.780530482605219511e+00 -5.462302981708178073e-01
5.793096853219578790e+00 -5.798796730548645417e-01
5.805663223833938069e+00 -6.717158633011502955e-01
5.818229594448297348e+00 -5.703695861342831241e-01
5.830795965062656627e+00 -3.718343053845802881e-01
5.843362335677015906e+00 -6.374156704992683942e-01
5.855928706291374297e+00 -4.456030942002341955e-01
5.868495076905733576e+00 -2.054731212542382224e-01
5.881061447520092855e+00 -2.946276961158940111e-01
5.893627818134452134e+00 -4.496977161302875281e-01
5.906194188748811413e+00 -2.538451173501270475e-01
5.918760559363170692e+00 -4.048663196640931994e-01
5.931326929977529971e+00 -3.653222919097540156e-01
5.943893300591889250e+00 -5.135216102415380846e-01
5.956459671206248530e+00 -2.754030655111392445e-01
5.969026041820606920e+00 -2.613937018264972378e-01
5.981592412434966199e+00 -3.184391961578632024e-01
5.994158783049325478e+00 -2.519476498657570729e-01
6.006725153663684758e+00 -2.646195460983074565e-01
6.019291524278044037e+00 -3.402968443295705803e-01
6.031857894892402427e+00 -3.613228963052753651e-01
6.044424265506761706e+00 -2.896867770645825124e-01
6.056990636121120986e+00 -2.336409104091680400e-01
6.069557006735480265e+00 -1.118654436109000755e-01
6.082123377349839544e+00 -1.855614271790465841e-01
6.094689747964198823e+00 -2.647902858021898842e-01
6.107256118578558102e+00 -2.111908224002009005e-01
6.119822489192916493e+00 -1.555055432789166914e-01
6.132388859807275772e+00 -1.617476665725278706e-01
6.144955230421635051e+00 -2.774766184473368424e-01
6.157521601035994330e+00 -2.522207430212300983e-01
6.170087971650353609e+00 -2.648694767212774193e-01
6.182654342264712888e+00 -1.543914852161873963e-01
6.195220712879072167e+00 6.927782588926595375e-02
6.207787083493431446e+00 -3.721066107597829214e-02
6.220353454107790725e+00 -8.444429730201985507e-02
6.232919824722149116e+00 -7.805615147844191526e-02
6.245486195336508395e+00 1.591213787179444061e-01
6.258052565950867674e+00 1.651929924403448269e-01
6.270618936565226953e+00 2.116837984287890662e-02
