0.000000000000000000e+00 -1.623731114633994721e-01
1.256637061435917323e-02 2.387646656276963542e-03
2.513274122871834645e-02 -1.558490143861171462e-01
3.769911184307751795e-02 6.395556670010149602e-02
5.026548245743669291e-02 7.623958597183114194e-02
6.283185307179586787e-02 2.468188123730487987e-02
7.539822368615503589e-02 7.509781924570602119e-02
8.796459430051420392e-02 1.220127145336230290e-01
1.005309649148733858e-01 1.901189394224286622e-01
1.130973355292325677e-01 7.674637344790061211e-02
1.256637061435917357e-01 2.909777714961163109e-01
1.382300767579508760e-01 1.888937028667879436e-02
1.507964473723100718e-01 3.168684420130545853e-01
1.633628179866692676e-01 -3.770676055366997681e-02
1.759291886010284078e-01 1.272357875179289666e-01
1.884955592153875759e-01 3.242611715377465842e-01
2.010619298297467716e-01 2.255268318000985817e-01
2.136283004441059397e-01 2.822422999164052593e-01
2.261946710584651354e-01 3.131089453791272015e-01
2.387610416728242757e-01 3.087209777134233835e-01
2.513274122871834715e-01 1.104796138051760135e-01
2.638937829015426395e-01 1.614960426427132778e-01
2.764601535159017520e-01 2.560053464956186242e-01
2.890265241302609756e-01 3.138172468337800947e-01
3.015928947446201436e-01 3.267474189918156968e-01
3.141592653589793116e-01 2.902592971514740272e-01
3.267256359733385351e-01 2.841341556914039890e-01
3.392920065876976476e-01 4.778974853072281981e-01
3.518583772020568157e-01 3.665618198969613495e-01
3.644247478164160392e-01 4.009241251798629224e-01
3.769911184307751517e-01 3.470640078704813059e-01
3.895574890451343197e-01 3.290887540684873658e-01
4.021238596594935433e-01 4.313798881297556953e-01
4.146902302738527113e-01 5.046577033977802662e-01
4.272566008882118793e-01 5.354711776645220134e-01
4.398229715025711029e-01 4.710983244611743892e-01
4.523893421169302709e-01 3.015571624802609874e-01
4.649557127312893834e-01 5.279057993813085492e-01
4.775220833456485514e-01 3.024604444848921769e-01
4.900884539600077194e-01 3.547252544984411671e-01
5.026548245743669430e-01 4.174897965022448809e-01
5.152211951887261110e-01 4.124081878337040319e-01
5.277875658030852790e-01 5.934821187638082973e-01
5.403539364174444470e-01 5.589872701814913025e-01
5.529203070318035040e-01 5.880173932434809014e-01
5.654866776461627831e-01 4.669366300416627480e-01
5.780530482605219511e-01 5.613842281563091730e-01
5.906194188748811191e-01 6.833022617695821976e-01
6.031857894892402872e-01 4.458270523400541530e-01
6.157521601035994552e-01 5.253915593520501748e-01
6.283185307179586232e-01 5.310290973451242680e-01
6.408849013323177912e-01 4.974359621162470213e-01
6.534512719466770703e-01 6.276441185874920281e-01
6.660176425610361273e-01 6.905352187923449181e-01
6.785840131753952953e-01 6.552548358728866873e-01
6.911503837897544633e-01 6.516038135207433690e-01
7.037167544041136313e-01 8.023134642924737436e-01
7.162831250184729104e-01 5.837814214610803631e-01
7.288494956328320784e-01 6.572778970858321745e-01
7.414158662471912464e-01 8.051746693931614018e-01
7.539822368615503034e-01 7.524098907026737226e-01
7.665486074759094715e-01 5.355939111291796451e-01
7.791149780902686395e-01 9.453467968627841111e-01
7.916813487046279185e-01 8.104294243348602045e-01
8.042477193189870865e-01 7.939230713331754119e-01
8.168140899333462546e-01 6.468115720541846025e-01
8.293804605477054226e-01 6.692235335841962840e-01
8.419468311620645906e-01 8.698868000301891446e-01
8.545132017764237586e-01 7.842592754680939304e-01
8.670795723907829267e-01 7.683834418439344782e-01
8.796459430051422057e-01 8.571535478380618578e-01
8.922123136195013737e-01 6.331161479162820127e-01
9.047786842338605418e-01 8.389523979481261495e-01
9.173450548482194877e-01 7.714708769160403268e-01
9.299114254625787668e-01 9.146435168468012300e-01
9.424777960769379348e-01 7.979885931324334214e-01
9.550441666912971028e-01 7.586720795591347377e-01
9.676105373056562708e-01 7.387034904890079634e-01
9.801769079200154389e-01 8.887195335614970215e-01
9.927432785343746069e-01 6.717255595895448295e-01
1.005309649148733886e+00 1.008257538306525092e+00
1.017876019763092943e+00 8.452084790932773428e-01
1.030442390377452222e+00 8.981352133528293091e-01
1.043008760991811279e+00 6.865593630911501766e-01
1.055575131606170558e+00 7.791739415672922497e-01
1.068141502220529837e+00 1.202147573196484132e+00
1.080707872834888894e+00 8.949639117648336972e-01
1.093274243449248173e+00 9.403747380028660841e-01
1.105840614063607008e+00 7.437230022930859663e-01
1.118406984677966287e+00 6.988048142134322127e-01
1.130973355292325566e+00 8.223714976032749924e-01
1.143539725906684623e+00 1.010247998498115862e+00
1.156106096521043902e+00 1.017864043857914735e+00
1.168672467135402959e+00 8.249485920681987050e-01
1.181238837749762238e+00 8.671671790133286262e-01
1.193805208364121295e+00 9.303310209051229851e-01
1.206371578978480574e+00 6.993043563201766233e-01
1.218937949592839853e+00 9.580650653844635656e-01
1.231504320207198910e+00 1.026632565246953455e+00
1.244070690821558189e+00 1.042599760235745299e+00
1.256637061435917246e+00 9.686524496642722193e-01
1.269203432050276525e+00 9.062277049290111686e-01
1.281769802664635582e+00 9.771928900834575549e-01
1.294336173278994861e+00 9.216033928978801804e-01
1.306902543893354141e+00 8.430449806203471619e-01
1.319468914507712975e+00 9.163935890886909519e-01
1.332035285122072255e+00 9.310817305208922701e-01
1.344601655736431534e+00 1.216081434734626932e+00
1.357168026350790591e+00 9.081867592788636090e-01
1.369734396965149870e+00 9.802984492264438243e-01
1.382300767579508927e+00 9.582154016025136167e-01
1.394867138193868206e+00 8.929651282145916191e-01
1.407433508808227263e+00 1.021504451611357611e+00
1.419999879422586542e+00 8.503382927163773974e-01
1.432566250036945821e+00 9.295158126122701203e-01
1.445132620651304878e+00 9.982951812417788506e-01
1.457698991265664157e+00 1.026048121119597756e+00
1.470265361880023214e+00 1.101623495402790143e+00
1.482831732494382493e+00 1.086494479266888247e+00
1.495398103108741550e+00 8.151021573992603964e-01
1.507964473723100607e+00 1.187106414402244736e+00
1.520530844337459886e+00 9.625993007665096801e-01
1.533097214951818943e+00 1.478025998749167513e+00
1.545663585566178222e+00 1.180165602349720455e+00
1.558229956180537279e+00 9.242474815673535904e-01
1.570796326794896558e+00 9.813867872811276039e-01
1.583362697409255837e+00 1.043973230967743193e+00
1.595929068023614894e+00 1.219086718576440020e+00
1.608495438637974173e+00 1.061529875333055095e+00
1.621061809252333230e+00 9.491330179555790281e-01
1.633628179866692509e+00 1.013461012405440620e+00
1.646194550481051566e+00 9.867229829829921028e-01
1.658760921095410845e+00 9.940612888303609340e-01
1.671327291709770124e+00 1.064430766900895664e+00
1.683893662324129181e+00 1.093775237741329009e+00
1.696460032938488460e+00 1.051537454600659505e+00
1.709026403552847517e+00 8.743450716432185077e-01
1.721592774167206796e+00 9.033165531163680484e-01
1.734159144781565853e+00 9.697140345730256294e-01
1.746725515395925132e+00 9.915205792245251892e-01
1.759291886010284411e+00 9.184229219062072236e-01
1.771858256624643468e+00 1.057025067161003085e+00
1.784424627239002747e+00 9.151998495334729977e-01
1.796990997853361804e+00 9.125684233756928831e-01
1.809557368467721084e+00 8.825228857245488445e-01
1.822123739082079918e+00 9.855907456228847341e-01
1.834690109696438975e+00 8.738492725177945397e-01
1.847256480310798255e+00 1.016324932587381991e+00
1.859822850925157534e+00 9.723683089298200688e-01
1.872389221539516591e+00 1.005795696463854805e+00
1.884955592153875870e+00 9.347030778022142883e-01
1.897521962768234927e+00 9.059994198478918959e-01
1.910088333382594206e+00 8.632084852389081409e-01
1.922654703996953263e+00 9.770131936234490722e-01
1.935221074611312542e+00 1.038078460996500363e+00
1.947787445225671821e+00 1.083539239889438122e+00
1.960353815840030878e+00 9.249736744631462670e-01
1.972920186454390157e+00 7.952090953295772868e-01
1.985486557068749214e+00 8.120079924810068572e-01
1.998052927683108493e+00 9.849667106598107846e-01
2.010619298297467772e+00 9.246660203265375522e-01
2.023185668911826607e+00 7.942454503111027186e-01
2.035752039526185886e+00 9.635542787487288985e-01
2.048318410140545165e+00 1.116159394160655571e+00
2.060884780754904444e+00 7.258101080718618592e-01
2.073451151369263723e+00 9.202366377055550828e-01
2.086017521983622558e+00 8.495320325099142700e-01
2.098583892597981837e+00 8.296758451116981181e-01
2.111150263212341116e+00 7.642355606411513902e-01
2.123716633826700395e+00 5.393536858504712761e-01
2.136283004441059674e+00 6.828832148912629130e-01
2.148849375055418509e+00 8.235319282642020733e-01
2.161415745669777788e+00 6.964577242931313528e-01
2.173982116284137067e+00 6.859605087641519328e-01
2.186548486898496346e+00 1.063927529738663447e+00
2.199114857512855181e+00 7.001216667044943831e-01
2.211681228127214016e+00 9.953201039990522414e-01
2.224247598741573295e+00 6.852056483279167498e-01
2.236813969355932574e+00 7.086574646408411171e-01
2.249380339970291853e+00 7.763653602485081073e-01
2.261946710584651132e+00 8.884637081266222314e-01
2.274513081199009967e+00 8.224831223317825568e-01
2.287079451813369246e+00 7.351373119789296195e-01
2.299645822427728525e+00 8.127919429548403629e-01
2.312212193042087804e+00 9.120752191654675212e-01
2.324778563656447083e+00 7.549857795335965793e-01
2.337344934270805918e+00 7.684248108182635262e-01
2.349911304885165197e+00 5.498996429573385081e-01
2.362477675499524477e+00 6.201144878618217726e-01
2.375044046113883756e+00 7.495661327270738417e-01
2.387610416728242591e+00 8.578403222009510776e-01
2.400176787342601870e+00 4.904941421245621047e-01
2.412743157956961149e+00 6.907657636581703287e-01
2.425309528571320428e+00 7.211634657389321967e-01
2.437875899185679707e+00 7.593535249430103384e-01
2.450442269800038542e+00 4.888085062000227521e-01
2.463008640414397821e+00 5.301144100449712848e-01
2.475575011028757100e+00 6.703654219562854566e-01
2.488141381643116379e+00 4.858314511842105610e-01
2.500707752257475658e+00 5.918896590462202623e-01
2.513274122871834493e+00 5.814597972915585000e-01
2.525840493486193772e+00 6.242387001940971070e-01
2.538406864100553051e+00 5.276051021248723272e-01
2.550973234714912330e+00 6.138912847587341126e-01
2.563539605329271165e+00 5.546840148554965655e-01
2.576105975943630444e+00 6.377420605792794017e-01
2.588672346557989723e+00 5.278038354804773791e-01
2.601238717172349002e+00 4.362007009416816183e-01
2.613805087786708281e+00 5.374684410445806915e-01
2.626371458401067116e+00 5.060257375877801334e-01
2.638937829015425951e+00 4.671168740552119059e-01
2.651504199629785230e+00 6.251252842134042975e-01
2.664070570244144509e+00 4.614076229166640952e-01
2.676636940858503788e+00 4.098195931424151728e-01
2.689203311472863067e+00 3.555876658659854472e-01
2.701769682087221902e+00 2.184238101137090382e-01
2.714336052701581181e+00 3.809392369263809863e-01
2.726902423315940460e+00 3.802571065090305513e-01
2.739468793930299739e+00 4.472108853456082667e-01
2.752035164544658574e+00 3.610160185453129555e-01
2.764601535159017853e+00 2.562339312044532025e-01
2.777167905773377132e+00 3.851969755329274769e-01
2.789734276387736411e+00 3.249450856658027131e-01
2.802300647002095690e+00 2.986686020750904391e-01
2.814867017616454525e+00 4.532391189096141026e-01
2.827433388230813804e+00 3.573693065415428083e-01
2.839999758845173083e+00 3.547641297367296609e-01
2.852566129459532362e+00 2.277366761515505766e-01
2.865132500073891642e+00 1.533746678700111943e-01
2.877698870688250476e+00 2.235071003003511192e-01
2.890265241302609756e+00 2.084838489725215904e-01
2.902831611916969035e+00 2.314116525792442314e-01
2.915397982531328314e+00 3.040883948721520569e-01
2.927964353145687149e+00 2.875650280667929604e-01
2.940530723760046428e+00 2.467444997132837714e-01
2.953097094374405707e+00 2.500800830668797881e-01
2.965663464988764986e+00 7.686157772841521740e-02
2.978229835603124265e+00 2.869348654356570494e-01
2.990796206217483100e+00 1.536373256844440205e-01
3.003362576831842379e+00 1.778620753087563344e-01
3.015928947446201214e+00 2.076900960886993164e-01
3.028495318060560493e+00 1.094777696976302062e-01
3.041061688674919772e+00 -6.881797496941749470e-02
3.053628059289279051e+00 -4.199895014305163321e-03
3.066194429903637886e+00 1.267647658093918328e-01
3.078760800517997165e+00 -1.886788039898226743e-02
3.091327171132356444e+00 -1.449150284466686478e-01
3.103893541746715723e+00 2.993733453899641989e-02
3.116459912361074558e+00 -1.424140159092342761e-01
3.129026282975433837e+00 2.488926138426320392e-02
3.141592653589793116e+00 -5.392921368165994739e-02
3.154159024204152395e+00 9.331193605368917621e-02
3.166725394818511674e+00 -1.354268089760687632e-01
3.179291765432870509e+00 -1.569070705626211260e-01
3.191858136047229788e+00 5.441069729002692701e-02
3.204424506661589067e+00 -1.883018756412658812e-01
3.216990877275948346e+00 -2.266217739897283256e-03
3.229557247890307181e+00 -3.213641240433402768e-02
3.242123618504666460e+00 2.269318846688788971e-01
3.254689989119025739e+00 -2.144605572558679341e-01
3.267256359733385018e+00 -7.361099979398166848e-02
3.279822730347744297e+00 -3.000353825965244581e-01
3.292389100962103132e+00 -9.446299830994595026e-02
3.304955471576462411e+00 -3.092121067173584370e-01
3.317521842190821690e+00 -1.737539037697886923e-01
3.330088212805180969e+00 -1.808156118137774770e-01
3.342654583419540248e+00 -1.049440419664717794e-01
3.355220954033899083e+00 -2.286503713822472250e-01
3.367787324648258362e+00 -2.042110268097921122e-01
3.380353695262617642e+00 -2.293571121723335937e-01
3.392920065876976921e+00 -2.422787244050857436e-01
3.405486436491335756e+00 -3.422944339009004189e-01
3.418052807105695035e+00 -2.159673104477722039e-01
3.430619177720054314e+00 -3.214621724796172808e-01
3.443185548334413593e+00 -2.635635356124146900e-01
3.455751918948772872e+00 -4.090419552591522678e-01
3.468318289563131707e+00 -3.287755082349774760e-01
3.480884660177490986e+00 -2.887578355705449074e-01
3.493451030791850265e+00 -3.685086354288817367e-01
3.506017401406209544e+00 -4.247570590335425500e-01
3.518583772020568823e+00 -4.892603533592072007e-01
3.531150142634927658e+00 -4.136219330176663100e-01
3.543716513249286937e+00 -4.130935889117763882e-01
3.556282883863646216e+00 -3.946212157641610929e-01
3.568849254478005495e+00 -4.786790830257938167e-01
3.581415625092364330e+00 -3.465208365686150427e-01
3.593981995706723609e+00 -3.713081259243576349e-01
3.606548366321082888e+00 -4.166925449637772783e-01
3.619114736935442167e+00 -4.726691083948099115e-01
3.631681107549800558e+00 -5.034751377001988049e-01
3.644247478164159837e+00 -4.925187754748650004e-01
3.656813848778519116e+00 -4.932788445752828155e-01
3.669380219392877951e+00 -6.547822356473431693e-01
3.681946590007237230e+00 -5.505472362474641557e-01
3.694512960621596509e+00 -5.371762220248808006e-01
3.707079331235955788e+00 -6.668169642477260739e-01
3.719645701850315067e+00 -6.849972831702798581e-01
3.732212072464673902e+00 -6.258469547751169815e-01
3.744778443079033181e+00 -3.579612633305687686e-01
3.757344813693392460e+00 -4.527141362132297564e-01
3.769911184307751739e+00 -5.447215246640052522e-01
3.782477554922110574e+00 -6.976020760840433432e-01
3.795043925536469853e+00 -5.464518393426792686e-01
3.807610296150829132e+00 -5.928714964916252939e-01
3.820176666765188411e+00 -7.054861474154019430e-01
3.832743037379547690e+00 -6.517471960225146299e-01
3.845309407993906525e+00 -6.150766338418688362e-01
3.857875778608265804e+00 -6.603373314937890370e-01
3.870442149222625083e+00 -5.196334920978582517e-01
3.883008519836984362e+00 -6.729432125474433812e-01
3.895574890451343641e+00 -6.314597630550998764e-01
3.908141261065702476e+00 -7.366767982724601316e-01
3.920707631680061755e+00 -8.148108703594296731e-01
3.933274002294421035e+00 -7.638815579683866375e-01
3.945840372908780314e+00 -6.699985573261130201e-01
3.958406743523139149e+00 -7.541701801511012659e-01
3.970973114137498428e+00 -6.767807195290068689e-01
3.983539484751857707e+00 -6.924421215906884086e-01
3.996105855366216986e+00 -7.455765438191154226e-01
4.008672225980576265e+00 -8.978274018107805787e-01
4.021238596594935544e+00 -8.093671559114244962e-01
4.033804967209294823e+00 -8.136920900917707922e-01
4.046371337823653214e+00 -7.828900330744702485e-01
4.058937708438012493e+00 -8.985061676749118709e-01
4.071504079052371772e+00 -7.553019371287791328e-01
4.084070449666731051e+00 -6.501845202599346729e-01
4.096636820281090330e+00 -7.782590789816146160e-01
4.109203190895449609e+00 -7.850241243135203106e-01
4.121769561509808888e+00 -1.022585544485821840e+00
4.134335932124168167e+00 -9.085882500092131719e-01
4.146902302738527446e+00 -8.534225028931263779e-01
4.159468673352886725e+00 -9.514535472213718759e-01
4.172035043967245116e+00 -7.867634499197414533e-01
4.184601414581604395e+00 -8.398436005257834402e-01
4.197167785195963674e+00 -8.160096827846274881e-01
4.209734155810322953e+00 -1.035751470726265611e+00
4.222300526424682232e+00 -1.007549320075029842e+00
4.234866897039041511e+00 -7.747244671687093520e-01
4.247433267653400790e+00 -1.031268338743002833e+00
4.259999638267760069e+00 -8.791513735893692338e-01
4.272566008882119348e+00 -9.206372605438950529e-01
4.285132379496477739e+00 -6.892471734855949439e-01
4.297698750110837018e+00 -1.027135793558349386e+00
4.310265120725196297e+00 -1.050315088807930675e+00
4.322831491339555576e+00 -9.089867070879787958e-01
4.335397861953914855e+00 -8.344857020997802355e-01
4.347964232568274134e+00 -8.150228552536665783e-01
4.360530603182633413e+00 -1.036958532949121103e+00
4.373096973796992692e+00 -8.754718275285641171e-01
4.385663344411351972e+00 -1.136159575994421633e+00
4.398229715025710362e+00 -8.046713351891001675e-01
4.410796085640069641e+00 -9.184387473274208125e-01
4.423362456254428032e+00 -1.210739703305313997e+00
4.435928826868787311e+00 -9.622521006275331912e-01
4.448495197483146590e+00 -1.060586585333359810e+00
4.461061568097505869e+00 -1.053090653821578515e+00
4.473627938711865148e+00 -8.420798686892071450e-01
4.486194309326224428e+00 -1.062934246486312517e+00
4.498760679940583707e+00 -1.093208583956399638e+00
4.511327050554942986e+00 -8.614933742687590490e-01
4.523893421169302265e+00 -8.993450229190416145e-01
4.536459791783661544e+00 -1.062515569143290817e+00
4.549026162398019935e+00 -1.094291305040087980e+00
4.561592533012379214e+00 -1.003339563786873168e+00
4.574158903626738493e+00 -8.737282332294706855e-01
4.586725274241097772e+00 -9.570115672287136110e-01
4.599291644855457051e+00 -9.306867586457525654e-01
4.611858015469816330e+00 -1.008382856896223201e+00
4.624424386084175609e+00 -1.061782146993442755e+00
4.636990756698534888e+00 -1.085316588418812955e+00
4.649557127312894167e+00 -1.035697830954844578e+00
4.662123497927252558e+00 -1.130386884896963373e+00
4.674689868541611837e+00 -1.046378534196021226e+00
4.687256239155971116e+00 -1.030773131804802345e+00
4.699822609770330395e+00 -1.127782126199404766e+00
4.712388980384689674e+00 -1.054499012340926356e+00
4.724955350999048953e+00 -1.027044107709778720e+00
4.737521721613408232e+00 -8.911158418739921760e-01
4.750088092227767511e+00 -8.266640105175669939e-01
4.762654462842126790e+00 -1.025915269793582274e+00
4.775220833456485181e+00 -1.007979459132690936e+00
4.787787204070844460e+00 -1.123891720562281815e+00
4.800353574685203739e+00 -9.035748089057999977e-01
4.812919945299563018e+00 -8.083029697558421489e-01
4.825486315913922297e+00 -1.076426086755294165e+00
4.838052686528281576e+00 -9.872806587035753978e-01
4.850619057142640855e+00 -9.759522642589163466e-01
4.863185427757000134e+00 -8.706790765060163917e-01
4.875751798371359413e+00 -9.864209849248922746e-01
4.888318168985717804e+00 -9.455957979071307751e-01
4.900884539600077083e+00 -8.431985806456181454e-01
4.913450910214436362e+00 -9.868835849301240692e-01
4.926017280828795641e+00 -9.718746242470741592e-01
4.938583651443154920e+00 -9.241403138477076729e-01
4.951150022057514200e+00 -8.891875641395871055e-01
4.963716392671873479e+00 -8.501151473573185235e-01
4.976282763286232758e+00 -9.538259334624643593e-01
4.988849133900592037e+00 -7.077144791528914292e-01
5.001415504514951316e+00 -8.875902470447902814e-01
5.013981875129309707e+00 -9.083679123412726764e-01
5.026548245743668986e+00 -7.991255759546677107e-01
5.039114616358028265e+00 -7.372382515978415096e-01
5.051680986972387544e+00 -1.094647841050770953e+00
5.064247357586746823e+00 -8.023579051422807806e-01
5.076813728201106102e+00 -8.667162968679360535e-01
5.089380098815465381e+00 -1.065348671796867430e+00
5.101946469429824660e+00 -8.851742254129569831e-01
5.114512840044183939e+00 -9.980701559514104648e-01
5.127079210658542330e+00 -8.972818985147359427e-01
5.139645581272901609e+00 -9.060088244131612178e-01
5.152211951887260888e+00 -1.028985883321890782e+00
5.164778322501620167e+00 -8.508532039195191299e-01
5.177344693115979446e+00 -1.014694731993334154e+00
5.189911063730338725e+00 -6.549678245988722614e-01
5.202477434344698004e+00 -1.033698970427215924e+00
5.215043804959057283e+00 -8.518929971887925223e-01
5.227610175573416562e+00 -9.289099295288003599e-01
5.240176546187774953e+00 -9.321076464467865641e-01
5.252742916802134232e+00 -7.986858021948077813e-01
5.265309287416492623e+00 -9.123325139155393781e-01
5.277875658030851902e+00 -8.478473627805337420e-01
5.290442028645211181e+00 -7.984337416057405434e-01
5.303008399259570460e+00 -9.161961877105733176e-01
5.315574769873929739e+00 -8.651151487628723213e-01
5.328141140488289018e+00 -7.900915719894919809e-01
5.340707511102648297e+00 -7.739773876651426798e-01
5.353273881717007576e+00 -8.517194990498339058e-01
5.365840252331366855e+00 -8.674141342976749991e-01
5.378406622945726134e+00 -8.075444769338859796e-01
5.390972993560084525e+00 -8.390587099558042272e-01
5.403539364174443804e+00 -6.647490548692336354e-01
5.416105734788803083e+00 -8.840195761837452704e-01
5.428672105403162362e+00 -7.208810860868080095e-01
5.441238476017521641e+00 -6.252134592616944708e-01
5.453804846631880920e+00 -6.865796076496895051e-01
5.466371217246240199e+00 -9.617073057345273401e-01
5.478937587860599479e+00 -7.263612186391935621e-01
5.491503958474958758e+00 -6.624654383981807282e-01
5.504070329089317148e+00 -7.224980476432475429e-01
5.516636699703676427e+00 -6.086147479478735134e-01
5.529203070318035707e+00 -6.514387674439185982e-01
5.541769440932394986e+00 -5.230692086315460454e-01
5.554335811546754265e+00 -8.739351838763106395e-01
5.566902182161113544e+00 -7.324964065664287816e-01
5.579468552775472823e+00 -5.706671648007489717e-01
5.592034923389832102e+00 -5.517715327092146405e-01
5.604601294004191381e+00 -5.560101388747245021e-01
5.617167664618549772e+00 -6.216307548573786201e-01
5.629734035232909051e+00 -5.767859785074764822e-01
5.642300405847268330e+00 -4.526700051514718215e-01
5.654866776461627609e+00 -6.147155755689619472e-01
5.667433147075986888e+00 -5.808641694456156968e-01
5.679999517690346167e+00 -3.931164930959191173e-01
5.692565888304705446e+00 -6.793091122737153764e-01
5.705132258919064725e+00 -4.862912925253224383e-01
5.717698629533424004e+00 -5.103373217075857227e-01
5.730265000147783283e+00 -5.143993582926635888e-01
5.742831370762141674e+00 -5.219922490421858852e-01
5.755397741376500953e+00 -7.195500343044630709e-01
5.767964111990860232e+00 -6.028953447476764760e-01
5.780530482605219511e+00 -4.052269767829079217e-01
5.793096853219578790e+00 -5.805165551073494523e-01
5.805663223833938069e+00 -3.540677068602092192e-01
5.818229594448297348e+00 -2.985362407137989171e-01
5.830795965062656627e+00 -5.235504915830683226e-01
5.843362335677015906e+00 -3.770774408826099711e-01
5.855928706291374297e+00 -3.625412881895039297e-01
5.868495076905733576e+00 -2.858481290964048349e-01
5.881061447520092855e+00 -3.558806040306755625e-01
5.893627818134452134e+00 -3.121507477202494774e-01
5.906194188748811413e+00 -3.185392227087771033e-01
5.918760559363170692e+00 -3.965965699915074971e-01
5.931326929977529971e+00 -3.786813154596821440e-01
5.943893300591889250e+00 -2.727959449496894506e-01
5.956459671206248530e+00 -5.094793196777565036e-01
5.969026041820606920e+00 -4.936111146145891748e-01
5.981592412434966199e+00 -2.095473920058448236e-01
5.994158783049325478e+00 -3.317980456709901937e-01
6.006725153663684758e+00 -2.052872845818849989e-01
6.019291524278044037e+00 -2.649565570115421376e-01
6.031857894892402427e+00 -3.036450889538278575e-01
6.044424265506761706e+00 -2.767134293477459539e-01
6.056990636121120986e+00 -2.732172031951043967e-01
6.069557006735480265e+00 -3.884122954095426961e-01
6.082123377349839544e+00 -1.392808999395716563e-01
6.094689747964198823e+00 -4.215136941992626562e-01
6.107256118578558102e+00 -2.921737729814324891e-01
6.119822489192916493e+00 -1.274609715162401125e-01
6.132388859807275772e+00 -1.212232871970258946e-01
6.144955230421635051e+00 -1.923029760834757407e-01
6.157521601035994330e+00 -1.761036418511615076e-01
6.170087971650353609e+00 -1.526286259057597905e-02
6.182654342264712888e+00 -1.135968945757579590e-01
6.195220712879072167e+00 3.829518254819724854e-02
6.207787083493431446e+00 -1.107736864105472729e-02
6.220353454107790725e+00 7.003194274287805055e-03
6.232919824722149116e+00 -1.610073586585057115e-01
6.245486195336508395e+00 -6.276663500130505446e-02
6.258052565950867674e+00 -7.068807692332924886e-02
6.270618936565226953e+00 -7.217817952812131954e-02
