0.000000000000000000e+00 -4.470186642252970549e-02
1.256637061435917323e-02 5.483778759579877038e-02
2.513274122871834645e-02 6.020617324785015878e-02
3.769911184307751795e-02 2.227678879805611994e-02
5.026548245743669291e-02 -9.995726163588890267e-02
6.283185307179586787e-02 1.930983525526811517e-01
7.539822368615503589e-02 1.760756419488964941e-01
8.796459430051420392e-02 9.451724204628156323e-02
1.005309649148733858e-01 -4.706922402387345161e-02
1.130973355292325677e-01 7.356751791023341536e-02
1.256637061435917357e-01 7.774199932298023197e-02
1.382300767579508760e-01 2.490364926537801393e-01
1.507964473723100718e-01 -3.320720555318371070e-02
1.633628179866692676e-01 1.037233426956558763e-01
1.759291886010284078e-01 1.507469968249491310e-01
1.884955592153875759e-01 2.769041505123873148e-01
2.010619298297467716e-01 2.338555371323116361e-01
2.136283004441059397e-01 1.680790272466490820e-01
2.261946710584651354e-01 2.421893451670432684e-01
2.387610416728242757e-01 9.562755797857808160e-02
2.513274122871834715e-01 1.407020056670257868e-01
2.638937829015426395e-01 2.060974061839061511e-01
2.764601535159017520e-01 4.920750497367333276e-01
2.890265241302609756e-01 2.937135690606677563e-01
3.015928947446201436e-01 2.560819825871263888e-01
3.141592653589793116e-01 1.801116722292988859e-01
3.267256359733385351e-01 2.114305829851753082e-01
3.392920065876976476e-01 3.095742042915604619e-01
3.518583772020568157e-01 4.012716723645957106e-01
3.644247478164160392e-01 3.554126269359736412e-01
3.769911184307751517e-01 4.814305838801536397e-01
3.895574890451343197e-01 1.774972856098375185e-01
4.021238596594935433e-01 5.570615636613280852e-01
4.146902302738527113e-01 4.597869602177114823e-01
4.272566008882118793e-01 3.480980694419795185e-01
4.398229715025711029e-01 3.153263513968089793e-01
4.523893421169302709e-01 4.447448625645387676e-01
4.649557127312893834e-01 5.798729992827925672e-01
4.775220833456485514e-01 5.108151538005843983e-01
4.900884539600077194e-01 5.504679782188321990e-01
5.026548245743669430e-01 5.934609140839319785e-01
5.152211951887261110e-01 3.499178983643497221e-01
5.277875658030852790e-01 3.518209118682170677e-01
5.403539364174444470e-01 6.558509707458586302e-01
5.529203070318035040e-01 5.685269693134357150e-01
5.654866776461627831e-01 5.656754949556260792e-01
5.780530482605219511e-01 5.318184029083635744e-01
5.906194188748811191e-01 5.519905929820809742e-01
6.031857894892402872e-01 5.484099048939722332e-01
6.157521601035994552e-01 4.998101172360815969e-01
6.283185307179586232e-01 6.770219922242221022e-01
6.408849013323177912e-01 4.820220316373838854e-01
6.534512719466770703e-01 6.048588653570210472e-01
6.660176425610361273e-01 7.286962072079687935e-01
6.785840131753952953e-01 6.064999804585755605e-01
6.911503837897544633e-01 6.436492451349602462e-01
7.037167544041136313e-01 5.846956960069972231e-01
7.162831250184729104e-01 6.161002632219675368e-01
7.288494956328320784e-01 6.515255961889623304e-01
7.414158662471912464e-01 6.336102177189216755e-01
7.539822368615503034e-01 6.110419769624658715e-01
7.665486074759094715e-01 6.120078595347577810e-01
7.791149780902686395e-01 8.355129468468273091e-01
7.916813487046279185e-01 8.295877642312878830e-01
8.042477193189870865e-01 6.372475036069643606e-01
8.168140899333462546e-01 6.621091502584267596e-01
8.293804605477054226e-01 8.530687696835980161e-01
8.419468311620645906e-01 8.044527431178161159e-01
8.545132017764237586e-01 6.923888432888422040e-01
8.670795723907829267e-01 8.995178613817937929e-01
8.796459430051422057e-01 7.097632744347405209e-01
8.922123136195013737e-01 9.481028402858844295e-01
9.047786842338605418e-01 6.964799255074021200e-01
9.173450548482194877e-01 6.525319235095622394e-01
9.299114254625787668e-01 1.047017700174213140e+00
9.424777960769379348e-01 8.184238558881594683e-01
9.550441666912971028e-01 8.070696424279734105e-01
9.676105373056562708e-01 9.647684432190311021e-01
9.801769079200154389e-01 8.909005345498232087e-01
9.927432785343746069e-01 7.019768106120342077e-01
1.005309649148733886e+00 8.133714367356753572e-01
1.017876019763092943e+00 9.624628140697584211e-01
1.030442390377452222e+00 9.255384963712298685e-01
1.043008760991811279e+00 8.675560895561195141e-01
1.055575131606170558e+00 9.029131633848286320e-01
1.068141502220529837e+00 8.268049688360631366e-01
1.080707872834888894e+00 9.206194493358687003e-01
1.093274243449248173e+00 7.662659820317644366e-01
1.105840614063607008e+00 9.680319191443355065e-01
1.118406984677966287e+00 8.410023128914803081e-01
1.130973355292325566e+00 8.715604104824067333e-01
1.143539725906684623e+00 9.365313439930346151e-01
1.156106096521043902e+00 1.009581383243129959e+00
1.168672467135402959e+00 8.145339594926599425e-01
1.181238837749762238e+00 9.040095365204525724e-01
1.193805208364121295e+00 7.468130865353341807e-01
1.206371578978480574e+00 1.027831922377739682e+00
1.218937949592839853e+00 8.069823579026990101e-01
1.231504320207198910e+00 9.252492394508340379e-01
1.244070690821558189e+00 1.019475431094523543e+00
1.256637061435917246e+00 9.578867692968408010e-01
1.269203432050276525e+00 8.021352841819711088e-01
1.281769802664635582e+00 8.926479676221089621e-01
1.294336173278994861e+00 1.035733241093564905e+00
1.306902543893354141e+00 8.997075822257152300e-01
1.319468914507712975e+00 9.694573360502490855e-01
1.332035285122072255e+00 9.256689800909769783e-01
1.344601655736431534e+00 9.425894358595697797e-01
1.357168026350790591e+00 1.038890931992473288e+00
1.369734396965149870e+00 7.616808290500864942e-01
1.382300767579508927e+00 1.069768735041383145e+00
1.394867138193868206e+00 1.009848589193841573e+00
1.407433508808227263e+00 8.026704691788361101e-01
1.419999879422586542e+00 9.846061884523198415e-01
1.432566250036945821e+00 1.154374347855291028e+00
1.445132620651304878e+00 9.396967258947447332e-01
1.457698991265664157e+00 9.948951207770679872e-01
1.470265361880023214e+00 9.582565908429589996e-01
1.482831732494382493e+00 9.833416809097892397e-01
1.495398103108741550e+00 7.807344549158877767e-01
1.507964473723100607e+00 9.393528346402415519e-01
1.520530844337459886e+00 8.314363097800375746e-01
1.533097214951818943e+00 1.002506598169810470e+00
1.545663585566178222e+00 9.005539202174350777e-01
1.558229956180537279e+00 9.484689461494757445e-01
1.570796326794896558e+00 9.013251738792369405e-01
1.583362697409255837e+00 1.026930267737898861e+00
1.595929068023614894e+00 1.134593714952229160e+00
1.608495438637974173e+00 1.088437768962377872e+00
1.621061809252333230e+00 9.990351467458853385e-01
1.633628179866692509e+00 8.914734248059771327e-01
1.646194550481051566e+00 9.103843267062741162e-01
1.658760921095410845e+00 1.186390578644480831e+00
1.671327291709770124e+00 1.009794114834337675e+00
1.683893662324129181e+00 9.445561969005560332e-01
1.696460032938488460e+00 1.027096709661309504e+00
1.709026403552847517e+00 8.929212269304058758e-01
1.721592774167206796e+00 8.534146143506822213e-01
1.734159144781565853e+00 1.106608499644812671e+00
1.746725515395925132e+00 9.610702301173964512e-01
1.759291886010284411e+00 9.877706156699562756e-01
1.771858256624643468e+00 8.614200451737709097e-01
1.784424627239002747e+00 9.348198670555232237e-01
1.796990997853361804e+00 1.018087269534975636e+00
1.809557368467721084e+00 9.730208003396444427e-01
1.822123739082079918e+00 1.123458772454265731e+00
1.834690109696438975e+00 9.027868309415519876e-01
1.847256480310798255e+00 1.143392969123629754e+00
1.859822850925157534e+00 9.393558464479545567e-01
1.872389221539516591e+00 1.002974009599314043e+00
1.884955592153875870e+00 9.336890066750096473e-01
1.897521962768234927e+00 8.315704941487462865e-01
1.910088333382594206e+00 1.101796996906003301e+00
1.922654703996953263e+00 9.312096132361927792e-01
1.935221074611312542e+00 9.919402558035841366e-01
1.947787445225671821e+00 1.045004269097819405e+00
1.960353815840030878e+00 9.054063153466157532e-01
1.972920186454390157e+00 1.015143839826115002e+00
1.985486557068749214e+00 1.001852735791771920e+00
1.998052927683108493e+00 8.226651131718873966e-01
2.010619298297467772e+00 1.000540437962857077e+00
2.023185668911826607e+00 8.947535853666732653e-01
2.035752039526185886e+00 8.379171436442537368e-01
2.048318410140545165e+00 9.432393791550996998e-01
2.060884780754904444e+00 7.790736610580126786e-01
2.073451151369263723e+00 6.780440413072194028e-01
2.086017521983622558e+00 9.217470480670820754e-01
2.098583892597981837e+00 7.650695915011342940e-01
2.111150263212341116e+00 9.825970957543568307e-01
2.123716633826700395e+00 7.789332920209639521e-01
2.136283004441059674e+00 9.544038776931937917e-01
2.148849375055418509e+00 1.022526282700799261e+00
2.161415745669777788e+00 8.309178249723605525e-01
2.173982116284137067e+00 8.712386038674839739e-01
2.186548486898496346e+00 7.943963955263356747e-01
2.199114857512855181e+00 8.615403683476940966e-01
2.211681228127214016e+00 9.294206059384628738e-01
2.224247598741573295e+00 6.695530862192281552e-01
2.236813969355932574e+00 7.450541924703422136e-01
2.249380339970291853e+00 7.727414465506842189e-01
2.261946710584651132e+00 7.298893045222011322e-01
2.274513081199009967e+00 7.871968968481625195e-01
2.287079451813369246e+00 8.014839319007245333e-01
2.299645822427728525e+00 7.904636028424496530e-01
2.312212193042087804e+00 7.381622266661371778e-01
2.324778563656447083e+00 7.272244244265589908e-01
2.337344934270805918e+00 8.100918795055360722e-01
2.349911304885165197e+00 7.254725030069311131e-01
2.362477675499524477e+00 7.802551150706562577e-01
2.375044046113883756e+00 6.910357487113397701e-01
2.387610416728242591e+00 6.078040534883614177e-01
2.400176787342601870e+00 6.212092181471036145e-01
2.412743157956961149e+00 5.586117116154175610e-01
2.425309528571320428e+00 8.421687581324283078e-01
2.437875899185679707e+00 7.102424739796797670e-01
2.450442269800038542e+00 7.608286810283366730e-01
2.463008640414397821e+00 7.501674032332914521e-01
2.475575011028757100e+00 5.592080371832377494e-01
2.488141381643116379e+00 5.660991822187716460e-01
2.500707752257475658e+00 5.923481507239596322e-01
2.513274122871834493e+00 6.885318627027993132e-01
2.525840493486193772e+00 7.310246946554077585e-01
2.538406864100553051e+00 6.420089840033993411e-01
2.550973234714912330e+00 4.274707044393850630e-01
2.563539605329271165e+00 5.407109679414360270e-01
2.576105975943630444e+00 5.934383487936455426e-01
2.588672346557989723e+00 5.022665218341135773e-01
2.601238717172349002e+00 5.519041949358610699e-01
2.613805087786708281e+00 4.467571301551774288e-01
2.626371458401067116e+00 5.109438984643773773e-01
2.638937829015425951e+00 3.163990879261975309e-01
2.651504199629785230e+00 5.623814627821369649e-01
2.664070570244144509e+00 2.072599676747320374e-01
2.676636940858503788e+00 4.937504817041959981e-01
2.689203311472863067e+00 3.328959345957376303e-01
2.701769682087221902e+00 4.458380690435346794e-01
2.714336052701581181e+00 4.081398425520568751e-01
2.726902423315940460e+00 5.088178372294023255e-01
2.739468793930299739e+00 4.105269557512828404e-01
2.752035164544658574e+00 2.633435946588371657e-01
2.764601535159017853e+00 3.080337319481132319e-01
2.777167905773377132e+00 2.498288605790427996e-01
2.789734276387736411e+00 2.831646176845372676e-01
2.802300647002095690e+00 2.563217452208210734e-01
2.814867017616454525e+00 4.114744184786161552e-01
2.827433388230813804e+00 2.552215866429788926e-01
2.839999758845173083e+00 4.283336586746955277e-01
2.852566129459532362e+00 3.519899818647322931e-01
2.865132500073891642e+00 2.655967771201306893e-01
2.877698870688250476e+00 2.445565536310559396e-01
2.890265241302609756e+00 2.281363028721869746e-01
2.902831611916969035e+00 3.724139458897290922e-01
2.915397982531328314e+00 1.598845571310836267e-01
2.927964353145687149e+00 2.349062912661653291e-01
2.940530723760046428e+00 1.423149378286782119e-01
2.953097094374405707e+00 2.067939928126631133e-01
2.965663464988764986e+00 2.129322493838574637e-01
2.978229835603124265e+00 2.621134229714731645e-01
2.990796206217483100e+00 1.362917984095561585e-01
3.003362576831842379e+00 1.892048702639761715e-01
3.015928947446201214e+00 1.569138070872221347e-01
3.028495318060560493e+00 2.587493600886292544e-01
3.041061688674919772e+00 5.941753538050304623e-02
3.053628059289279051e+00 -3.193976591285183075e-02
3.066194429903637886e+00 1.815618194498310189e-01
3.078760800517997165e+00 1.414144472837165489e-01
3.091327171132356444e+00 7.510404114168447998e-02
3.103893541746715723e+00 5.141134507004943566e-02
3.116459912361074558e+00 -1.249902930969146175e-03
3.129026282975433837e+00 -9.996995091174395998e-02
3.141592653589793116e+00 3.428016534653074987e-02
3.154159024204152395e+00 -1.115654460168188783e-01
3.166725394818511674e+00 -3.625713737004329640e-02
3.179291765432870509e+00 -2.402490964882237068e-01
3.191858136047229788e+00 -1.783919558362400126e-01
3.204424506661589067e+00 -1.106634414184881898e-01
3.216990877275948346e+00 -1.189872978582137836e-01
3.229557247890307181e+00 -7.325924665690444759e-02
3.242123618504666460e+00 1.802911313612616528e-02
3.254689989119025739e+00 1.940519555523616269e-02
3.267256359733385018e+00 -1.333637772893304652e-01
3.279822730347744297e+00 -1.526105351599689186e-01
3.292389100962103132e+00 -3.159381703261662233e-01
3.304955471576462411e+00 -7.141432067973768616e-02
3.317521842190821690e+00 -1.599642659567278025e-01
3.330088212805180969e+00 -1.770455019683844777e-01
3.342654583419540248e+00 -1.304542890380138154e-01
3.355220954033899083e+00 -2.118454768910781882e-01
3.367787324648258362e+00 -2.502324688784107742e-01
3.380353695262617642e+00 -2.511493974217912650e-02
3.392920065876976921e+00 -2.452444055415786972e-01
3.405486436491335756e+00 -3.111990522801920678e-01
3.418052807105695035e+00 -4.113075667633341315e-01
3.430619177720054314e+00 -2.828516317341620012e-01
3.443185548334413593e+00 -2.095913429210735646e-01
3.455751918948772872e+00 -5.155583467992852498e-01
3.468318289563131707e+00 -2.119993813695134621e-01
3.480884660177490986e+00 -5.381736121070224144e-01
3.493451030791850265e+00 -4.830854399426111057e-01
3.506017401406209544e+00 -2.400560734269895913e-01
3.518583772020568823e+00 -4.034893310003439537e-01
3.531150142634927658e+00 -4.432357578926560682e-01
3.543716513249286937e+00 -3.797499615822295116e-01
3.556282883863646216e+00 -3.931125588892507294e-01
3.568849254478005495e+00 -3.324666665050973746e-01
3.581415625092364330e+00 -3.040223607504337622e-01
3.593981995706723609e+00 -3.522799289389032529e-01
3.606548366321082888e+00 -4.432977814688046081e-01
3.619114736935442167e+00 -3.593162569891824587e-01
3.631681107549800558e+00 -5.465735286203641241e-01
3.644247478164159837e+00 -5.575391997920713383e-01
3.656813848778519116e+00 -3.195480762951348197e-01
3.669380219392877951e+00 -6.276512319347398172e-01
3.681946590007237230e+00 -7.597061305960461919e-01
3.694512960621596509e+00 -5.761301552166587792e-01
3.707079331235955788e+00 -5.688056464959339031e-01
3.719645701850315067e+00 -4.669214433628488536e-01
3.732212072464673902e+00 -5.563673666774139326e-01
3.744778443079033181e+00 -6.759790844125694864e-01
3.757344813693392460e+00 -5.654754347194441699e-01
3.769911184307751739e+00 -6.498898712976942660e-01
3.782477554922110574e+00 -4.999639112334448576e-01
3.795043925536469853e+00 -4.869986378728819454e-01
3.807610296150829132e+00 -6.673125409562570276e-01
3.820176666765188411e+00 -7.644394990827583225e-01
3.832743037379547690e+00 -5.230668226347472416e-01
3.845309407993906525e+00 -6.289925271323498768e-01
3.857875778608265804e+00 -5.783556712216153528e-01
3.870442149222625083e+00 -6.708225133558470832e-01
3.883008519836984362e+00 -4.828716590622147420e-01
3.895574890451343641e+00 -6.307885539164370670e-01
3.908141261065702476e+00 -8.031605813223071655e-01
3.920707631680061755e+00 -8.001517939219608966e-01
3.933274002294421035e+00 -6.996712097321188262e-01
3.945840372908780314e+00 -7.199267065500856155e-01
3.958406743523139149e+00 -6.478716108726080281e-01
3.970973114137498428e+00 -7.716319056778380148e-01
3.983539484751857707e+00 -7.414309675371286712e-01
3.996105855366216986e+00 -7.123736312829767048e-01
4.008672225980576265e+00 -6.578430762054091607e-01
4.021238596594935544e+00 -8.364675335053661787e-01
4.033804967209294823e+00 -7.865856604420385922e-01
4.046371337823653214e+00 -8.750004284666167420e-01
4.058937708438012493e+00 -9.532608534426598723e-01
4.071504079052371772e+00 -7.643929317246517252e-01
4.084070449666731051e+00 -9.818730392556164199e-01
4.096636820281090330e+00 -8.811074115053518785e-01
4.109203190895449609e+00 -8.856580030800340619e-01
4.121769561509808888e+00 -9.116971240889479855e-01
4.134335932124168167e+00 -6.604425116020810060e-01
4.146902302738527446e+00 -8.542989699164653672e-01
4.159468673352886725e+00 -9.609004326117688288e-01
4.172035043967245116e+00 -7.620327990010855590e-01
4.184601414581604395e+00 -8.678133809145587296e-01
4.197167785195963674e+00 -8.385340365977862476e-01
4.209734155810322953e+00 -7.976056484572069394e-01
4.222300526424682232e+00 -9.316253411161948828e-01
4.234866897039041511e+00 -8.938020530804949848e-01
4.247433267653400790e+00 -7.129226958279755166e-01
4.259999638267760069e+00 -9.308548584206494114e-01
4.272566008882119348e+00 -9.318160496375692547e-01
4.285132379496477739e+00 -1.080835468745288797e+00
4.297698750110837018e+00 -1.066380332252748309e+00
4.310265120725196297e+00 -1.014483066765890396e+00
4.322831491339555576e+00 -8.558162521081016383e-01
4.335397861953914855e+00 -9.625575471415749318e-01
4.347964232568274134e+00 -8.054097751744667688e-01
4.360530603182633413e+00 -9.249747615084158436e-01
4.373096973796992692e+00 -1.091651027639603866e+00
4.385663344411351972e+00 -1.067040352967723926e+00
4.398229715025710362e+00 -9.817002444920167603e-01
4.410796085640069641e+00 -9.579027979489347366e-01
4.423362456254428032e+00 -1.107000998807187386e+00
4.435928826868787311e+00 -1.082106308500591307e+00
4.448495197483146590e+00 -1.020332667496466561e+00
4.461061568097505869e+00 -9.270643807018338345e-01
4.473627938711865148e+00 -9.227024225391970980e-01
4.486194309326224428e+00 -7.607250930961475532e-01
4.498760679940583707e+00 -9.713319729617961862e-01
4.511327050554942986e+00 -8.394633878787531867e-01
4.523893421169302265e+00 -9.788738480843908185e-01
4.536459791783661544e+00 -9.693930181751412301e-01
4.549026162398019935e+00 -9.068846796687936029e-01
4.561592533012379214e+00 -1.049442128963922416e+00
4.574158903626738493e+00 -9.900922740290297730e-01
4.586725274241097772e+00 -7.730740446273260957e-01
4.599291644855457051e+00 -9.058057688815539521e-01
4.611858015469816330e+00 -9.708834652253254260e-01
4.624424386084175609e+00 -1.058385690377891653e+00
4.636990756698534888e+00 -7.134047558600984384e-01
4.649557127312894167e+00 -1.176878071175156970e+00
4.662123497927252558e+00 -8.854921948406540011e-01
4.674689868541611837e+00 -1.114489582337870432e+00
4.687256239155971116e+00 -1.025099509414947541e+00
4.699822609770330395e+00 -9.711730043346167296e-01
4.712388980384689674e+00 -8.834178495652104113e-01
4.724955350999048953e+00 -1.009063657343152176e+00
4.737521721613408232e+00 -1.165400687360180765e+00
4.750088092227767511e+00 -1.047176068355335943e+00
4.762654462842126790e+00 -1.129551363772095307e+00
4.775220833456485181e+00 -1.138295510430703317e+00
4.787787204070844460e+00 -1.262742091243258979e+00
4.800353574685203739e+00 -1.085703819298631689e+00
4.812919945299563018e+00 -9.638952845235833067e-01
4.825486315913922297e+00 -9.578350549755423327e-01
4.838052686528281576e+00 -1.049769146368455752e+00
4.850619057142640855e+00 -1.042742059849566694e+00
4.863185427757000134e+00 -9.504691382068404248e-01
4.875751798371359413e+00 -9.118860426484012294e-01
4.888318168985717804e+00 -1.174468853458180639e+00
4.900884539600077083e+00 -9.502961324512771979e-01
4.913450910214436362e+00 -1.093716495750860496e+00
4.926017280828795641e+00 -8.845420277637280337e-01
4.938583651443154920e+00 -1.074691958286689175e+00
4.951150022057514200e+00 -9.992111111448013228e-01
4.963716392671873479e+00 -9.249589712974248812e-01
4.976282763286232758e+00 -8.709411844927715807e-01
4.988849133900592037e+00 -9.635023359105961971e-01
5.001415504514951316e+00 -8.694029797895078682e-01
5.013981875129309707e+00 -9.591084012365558298e-01
5.026548245743668986e+00 -7.959088053607219493e-01
5.039114616358028265e+00 -8.585409682134064191e-01
5.051680986972387544e+00 -1.137251919552844548e+00
5.064247357586746823e+00 -8.699623723903967543e-01
5.076813728201106102e+00 -7.865307067392192097e-01
5.089380098815465381e+00 -9.577126123602358598e-01
5.101946469429824660e+00 -1.061216051747114086e+00
5.114512840044183939e+00 -9.528013038016789338e-01
5.127079210658542330e+00 -9.402776247214656991e-01
5.139645581272901609e+00 -9.665445778629747631e-01
5.152211951887260888e+00 -9.694796445405228225e-01
5.164778322501620167e+00 -8.882291391398792202e-01
5.177344693115979446e+00 -7.242090517036795516e-01
5.189911063730338725e+00 -9.057914570678983202e-01
5.202477434344698004e+00 -7.834521846498642139e-01
5.215043804959057283e+00 -8.466079836956359461e-01
5.227610175573416562e+00 -7.265843447648718811e-01
5.240176546187774953e+00 -7.897925131186512848e-01
5.252742916802134232e+00 -9.847346445923964575e-01
5.265309287416492623e+00 -9.482274505342273008e-01
5.277875658030851902e+00 -9.335256056507424960e-01
5.290442028645211181e+00 -8.126648233477566929e-01
5.303008399259570460e+00 -9.004139660786879551e-01
5.315574769873929739e+00 -8.316374844095459906e-01
5.328141140488289018e+00 -5.985756290543629010e-01
5.340707511102648297e+00 -6.563501287531692263e-01
5.353273881717007576e+00 -6.548207966365068300e-01
5.365840252331366855e+00 -8.896423676793064894e-01
5.378406622945726134e+00 -7.033448562735487020e-01
5.390972993560084525e+00 -8.161531897758433907e-01
5.403539364174443804e+00 -7.398302651607235880e-01
5.416105734788803083e+00 -9.201217400068679719e-01
5.428672105403162362e+00 -6.835851355462551071e-01
5.441238476017521641e+00 -8.081815277715870272e-01
5.453804846631880920e+00 -7.968402037464028531e-01
5.466371217246240199e+00 -7.881588989323011774e-01
5.478937587860599479e+00 -6.428442517981481918e-01
5.491503958474958758e+00 -8.148649759623824984e-01
5.504070329089317148e+00 -7.597515735022998262e-01
5.516636699703676427e+00 -7.475104014910259886e-01
5.529203070318035707e+00 -6.805656012976777358e-01
5.541769440932394986e+00 -8.212686729344093051e-01
5.554335811546754265e+00 -4.812758618659828680e-01
5.566902182161113544e+00 -6.299013609411036052e-01
5.579468552775472823e+00 -4.364743952525890203e-01
5.592034923389832102e+00 -6.110003719972950664e-01
5.604601294004191381e+00 -4.316313100625447374e-01
5.617167664618549772e+00 -5.570795585346143275e-01
5.629734035232909051e+00 -7.461360913287844454e-01
5.642300405847268330e+00 -7.497858283933946932e-01
5.654866776461627609e+00 -4.851973989098808393e-01
5.667433147075986888e+00 -4.524686927268856129e-01
5.679999517690346167e+00 -6.127564284129685124e-01
5.692565888304705446e+00 -5.742345589244971515e-01
5.705132258919064725e+00 -5.095670807688613690e-01
5.717698629533424004e+00 -5.990254946607027620e-01
5.730265000147783283e+00 -5.653912843502928443e-01
5.742831370762141674e+00 -5.625145650472319625e-01
5.755397741376500953e+00 -4.211988952298881261e-01
5.767964111990860232e+00 -4.750834744374018981e-01
5.780530482605219511e+00 -3.554081270269215942e-01
5.793096853219578790e+00 -4.387466219295002579e-01
5.805663223833938069e+00 -3.065756808900724772e-01
5.818229594448297348e+00 -4.299599536522599186e-01
5.830795965062656627e+00 -5.625365750377121499e-01
5.843362335677015906e+00 -3.736751318631317265e-01
5.855928706291374297e+00 -4.148151649287419307e-01
5.868495076905733576e+00 -3.415873918429240819e-01
5.881061447520092855e+00 -3.794377218993225664e-01
5.893627818134452134e+00 -2.656000412079247419e-01
5.906194188748811413e+00 -4.618747379511784490e-01
5.918760559363170692e+00 -1.238755584101403073e-01
5.931326929977529971e+00 -2.748321762645469235e-01
5.943893300591889250e+00 -3.191291981690600466e-01
5.956459671206248530e+00 -4.541733804672930530e-01
5.969026041820606920e+00 -3.456066057137819336e-01
5.981592412434966199e+00 -3.134338575734719190e-01
5.994158783049325478e+00 -2.531792216123182060e-01
6.006725153663684758e+00 -3.855360385674010959e-01
6.019291524278044037e+00 -1.825215492406968565e-01
6.031857894892402427e+00 -1.580057074769805614e-01
6.044424265506761706e+00 -1.989388217012580395e-01
6.056990636121120986e+00 -1.695419220337326949e-01
6.069557006735480265e+00 -2.192336808157807349e-01
6.082123377349839544e+00 -4.101524036926876282e-02
6.094689747964198823e+00 -2.085549867403297952e-01
6.107256118578558102e+00 -1.526794966304198531e-01
6.119822489192916493e+00 -1.607494686139779583e-01
6.132388859807275772e+00 -1.198545358842853653e-01
6.144955230421635051e+00 -1.017995104481930480e-01
6.157521601035994330e+00 -9.683097423288872241e-02
6.170087971650353609e+00 -2.112910104065416073e-01
6.182654342264712888e+00 -3.480632504009770201e-02
6.195220712879072167e+00 -2.766160027732120774e-01
6.207787083493431446e+00 -4.549118159276917261e-02
6.220353454107790725e+00 -1.456236614738419810e-01
6.232919824722149116e+00 -8.003700987042368376e-02
6.245486195336508395e+00 -1.880591538427170417e-01
6.258052565950867674e+00 -1.877110496635952738e-02
6.270618936565226953e+00 -3.392951568831735487e-02
