0.000000000000000000e+00 1.008705648116739878e-01
1.256637061435917323e-02 -1.974629532422868955e-02
2.513274122871834645e-02 3.790473697245491658e-02
3.769911184307751795e-02 6.566747388792007478e-02
5.026548245743669291e-02 1.791174760114361830e-01
6.283185307179586787e-02 2.253201508524893537e-01
7.539822368615503589e-02 2.840776536905512822e-02
8.796459430051420392e-02 -3.708883353041887709e-02
1.005309649148733858e-01 7.431919102942524669e-02
1.130973355292325677e-01 9.810134458881379638e-02
1.256637061435917357e-01 7.731497105365303657e-02
1.382300767579508760e-01 -3.305224112225019217e-02
1.507964473723100718e-01 2.604138826338492363e-01
1.633628179866692676e-01 1.576281775024920562e-01
1.759291886010284078e-01 4.292171244466461144e-01
1.884955592153875759e-01 3.083455490462334025e-01
2.010619298297467716e-01 3.936175000121533429e-01
2.136283004441059397e-01 1.822860402412893599e-01
2.261946710584651354e-01 3.563620639600226236e-01
2.387610416728242757e-01 2.384725880697253497e-01
2.513274122871834715e-01 2.973320922979523218e-01
2.638937829015426395e-01 7.415845803173248818e-02
2.764601535159017520e-01 3.143194981020687173e-01
2.890265241302609756e-01 2.992114411724057788e-01
3.015928947446201436e-01 2.924219459539055821e-01
3.141592653589793116e-01 3.516333006679881468e-01
3.267256359733385351e-01 3.855797166080507932e-01
3.392920065876976476e-01 4.175295462376186206e-01
3.518583772020568157e-01 3.636322428366268733e-01
3.644247478164160392e-01 4.263436958688564538e-01
3.769911184307751517e-01 3.009598438833424039e-01
3.895574890451343197e-01 3.045930435266062664e-01
4.021238596594935433e-01 5.493018360550925294e-01
4.146902302738527113e-01 3.430804524548805579e-01
4.272566008882118793e-01 6.250186567578095431e-01
4.398229715025711029e-01 3.038310690914763357e-01
4.523893421169302709e-01 4.587113157357576854e-01
4.649557127312893834e-01 4.225659958512449910e-01
4.775220833456485514e-01 4.475417690878256693e-01
4.900884539600077194e-01 4.624118981416358021e-01
5.026548245743669430e-01 3.888345228677960730e-01
5.152211951887261110e-01 3.262842511303372106e-01
5.277875658030852790e-01 2.458558536180767140e-01
5.403539364174444470e-01 4.478409502526740638e-01
5.529203070318035040e-01 5.838587720678620752e-01
5.654866776461627831e-01 3.625900867647741666e-01
5.780530482605219511e-01 4.147909271917217255e-01
5.906194188748811191e-01 4.848872832671650146e-01
6.031857894892402872e-01 7.764589900527090194e-01
6.157521601035994552e-01 4.574996483938393865e-01
6.283185307179586232e-01 7.047339256840386978e-01
6.408849013323177912e-01 4.634300812450643514e-01
6.534512719466770703e-01 4.417378323996592471e-01
6.660176425610361273e-01 5.521603327934634375e-01
6.785840131753952953e-01 6.799560182174720913e-01
6.911503837897544633e-01 6.609927925386839265e-01
7.037167544041136313e-01 8.264734680726011362e-01
7.162831250184729104e-01 7.402149328918403715e-01
7.288494956328320784e-01 8.027230146364123797e-01
7.414158662471912464e-01 7.964724488386027978e-01
7.539822368615503034e-01 8.334928686401185116e-01
7.665486074759094715e-01 6.228565462646160622e-01
7.791149780902686395e-01 6.366075237330865999e-01
7.916813487046279185e-01 9.257676550057276632e-01
8.042477193189870865e-01 7.228955243970072164e-01
8.168140899333462546e-01 6.824389489045953328e-01
8.293804605477054226e-01 9.478118464289970735e-01
8.419468311620645906e-01 6.801878430577159573e-01
8.545132017764237586e-01 8.040731705347745617e-01
8.670795723907829267e-01 7.671275296647397379e-01
8.796459430051422057e-01 8.220366726780626854e-01
8.922123136195013737e-01 9.066273689773981515e-01
9.047786842338605418e-01 9.397070740086079788e-01
9.173450548482194877e-01 7.419427249853824957e-01
9.299114254625787668e-01 8.132527285341054624e-01
9.424777960769379348e-01 9.811244003863077712e-01
9.550441666912971028e-01 8.552046562244477457e-01
9.676105373056562708e-01 6.397528940957032395e-01
9.801769079200154389e-01 7.910388860581010206e-01
9.927432785343746069e-01 9.363986214792532348e-01
1.005309649148733886e+00 9.089274745522538668e-01
1.017876019763092943e+00 7.318252703722744057e-01
1.030442390377452222e+00 8.710786174648874614e-01
1.043008760991811279e+00 8.983593879914267832e-01
1.055575131606170558e+00 7.042278922260860607e-01
1.068141502220529837e+00 8.829947513543199289e-01
1.080707872834888894e+00 8.538191470351621515e-01
1.093274243449248173e+00 7.793978492820121673e-01
1.105840614063607008e+00 8.676403269398001994e-01
1.118406984677966287e+00 9.384333021013994136e-01
1.130973355292325566e+00 8.459919676716334269e-01
1.143539725906684623e+00 7.917709246261352973e-01
1.156106096521043902e+00 1.172044774504285014e+00
1.168672467135402959e+00 9.827920081238520345e-01
1.181238837749762238e+00 7.720363351370286287e-01
1.193805208364121295e+00 1.013718441893168842e+00
1.206371578978480574e+00 9.368924136418947946e-01
1.218937949592839853e+00 8.837465932421916248e-01
1.231504320207198910e+00 1.059630044188805353e+00
1.244070690821558189e+00 8.165173518520619789e-01
1.256637061435917246e+00 1.085738154407610567e+00
1.269203432050276525e+00 1.262347546058862680e+00
1.281769802664635582e+00 9.546082280537417919e-01
1.294336173278994861e+00 9.940786014039956209e-01
1.306902543893354141e+00 1.118994850502389893e+00
1.319468914507712975e+00 9.388299307453764619e-01
1.332035285122072255e+00 9.918270988875471650e-01
1.344601655736431534e+00 9.897043643778328237e-01
1.357168026350790591e+00 1.170451427577027248e+00
1.369734396965149870e+00 9.663230243689409082e-01
1.382300767579508927e+00 9.815372816017893243e-01
1.394867138193868206e+00 1.285987067490455660e+00
1.407433508808227263e+00 1.084796989249837029e+00
1.419999879422586542e+00 1.094491375286550827e+00
1.432566250036945821e+00 8.829116324916145286e-01
1.445132620651304878e+00 8.837838176392628364e-01
1.457698991265664157e+00 1.090847427418575766e+00
1.470265361880023214e+00 1.118477790257800031e+00
1.482831732494382493e+00 9.864312128335938068e-01
1.495398103108741550e+00 1.173698549359223353e+00
1.507964473723100607e+00 1.036133620730210758e+00
1.520530844337459886e+00 9.921755394831281993e-01
1.533097214951818943e+00 1.063735160033503213e+00
1.545663585566178222e+00 1.225338829330185897e+00
1.558229956180537279e+00 7.883427009861022627e-01
1.570796326794896558e+00 1.054667263712742331e+00
1.583362697409255837e+00 8.932688021031971459e-01
1.595929068023614894e+00 8.849035582285632584e-01
1.608495438637974173e+00 8.645709681447484307e-01
1.621061809252333230e+00 1.061282585006781742e+00
1.633628179866692509e+00 1.061021703960536300e+00
1.646194550481051566e+00 8.333437929549228906e-01
1.658760921095410845e+00 1.108780716521709619e+00
1.671327291709770124e+00 9.709956156292048890e-01
1.683893662324129181e+00 1.039562924714207526e+00
1.696460032938488460e+00 9.672209593559967233e-01
1.709026403552847517e+00 8.961315591386544988e-01
1.721592774167206796e+00 1.061330460327258196e+00
1.734159144781565853e+00 9.254803438866860965e-01
1.746725515395925132e+00 1.053653219694772325e+00
1.759291886010284411e+00 9.476057032529342505e-01
1.771858256624643468e+00 1.075678568145014724e+00
1.784424627239002747e+00 9.109537395654584424e-01
1.796990997853361804e+00 1.170221491545014869e+00
1.809557368467721084e+00 1.031219436435703907e+00
1.822123739082079918e+00 8.698131072200234737e-01
1.834690109696438975e+00 1.007688809466569690e+00
1.847256480310798255e+00 8.371846108317876345e-01
1.859822850925157534e+00 9.594810654068886002e-01
1.872389221539516591e+00 9.331483075027031671e-01
1.884955592153875870e+00 9.162990052733639423e-01
1.897521962768234927e+00 1.026098057543857855e+00
1.910088333382594206e+00 7.843609981134701536e-01
1.922654703996953263e+00 8.188496636473789891e-01
1.935221074611312542e+00 8.831065861895177616e-01
1.947787445225671821e+00 8.787420544022601643e-01
1.960353815840030878e+00 9.646304551149000872e-01
1.972920186454390157e+00 9.115532401845600763e-01
1.985486557068749214e+00 9.396063570909582996e-01
1.998052927683108493e+00 7.750841343497592018e-01
2.010619298297467772e+00 8.645411777399452102e-01
2.023185668911826607e+00 9.134243283859647677e-01
2.035752039526185886e+00 9.023394182510316996e-01
2.048318410140545165e+00 1.180254258179708415e+00
2.060884780754904444e+00 8.381417769565064901e-01
2.073451151369263723e+00 9.309211272435541362e-01
2.086017521983622558e+00 9.621724592575351398e-01
2.098583892597981837e+00 9.079858108306773090e-01
2.111150263212341116e+00 7.818572518715481978e-01
2.123716633826700395e+00 7.240680000129360305e-01
2.136283004441059674e+00 9.269096892000129317e-01
2.148849375055418509e+00 9.070634834387686363e-01
2.161415745669777788e+00 7.989116247286764949e-01
2.173982116284137067e+00 8.306787007107623300e-01
2.186548486898496346e+00 8.692399687353291604e-01
2.199114857512855181e+00 8.001939253135290642e-01
2.211681228127214016e+00 7.663347076040865069e-01
2.224247598741573295e+00 6.324561544490712173e-01
2.236813969355932574e+00 6.631194968564511072e-01
2.249380339970291853e+00 8.282175631426982321e-01
2.261946710584651132e+00 8.153646665546849803e-01
2.274513081199009967e+00 7.807659675815332712e-01
2.287079451813369246e+00 8.314216778367489180e-01
2.299645822427728525e+00 8.838707821599867120e-01
2.312212193042087804e+00 8.347864854699738046e-01
2.324778563656447083e+00 8.227550431281498433e-01
2.337344934270805918e+00 9.693763462130650099e-01
2.349911304885165197e+00 8.622055630046704389e-01
2.362477675499524477e+00 5.330489742070360082e-01
2.375044046113883756e+00 6.198792247311215586e-01
2.387610416728242591e+00 6.282547113562270136e-01
2.400176787342601870e+00 7.196042445201628057e-01
2.412743157956961149e+00 6.908024040806644006e-01
2.425309528571320428e+00 7.548031341836956010e-01
2.437875899185679707e+00 7.641698582209647261e-01
2.450442269800038542e+00 6.360909090951513134e-01
2.463008640414397821e+00 6.590296206258154932e-01
2.475575011028757100e+00 6.566172581901315031e-01
2.488141381643116379e+00 6.684175744098922456e-01
2.500707752257475658e+00 6.745020744040304272e-01
2.513274122871834493e+00 5.444632362717517493e-01
2.525840493486193772e+00 5.983197945488704095e-01
2.538406864100553051e+00 5.855601282692978193e-01
2.550973234714912330e+00 5.490195153103892833e-01
2.563539605329271165e+00 4.863027846170138169e-01
2.576105975943630444e+00 5.102657248695675607e-01
2.588672346557989723e+00 5.351567892107247371e-01
2.601238717172349002e+00 6.655568564855325331e-01
2.613805087786708281e+00 4.391452318554972534e-01
2.626371458401067116e+00 3.385899864541537796e-01
2.638937829015425951e+00 5.590312610074373856e-01
2.651504199629785230e+00 3.976510216875616677e-01
2.664070570244144509e+00 7.116737790579112932e-01
2.676636940858503788e+00 3.984253267186486647e-01
2.689203311472863067e+00 3.726776470807299790e-01
2.701769682087221902e+00 2.899777308485821381e-01
2.714336052701581181e+00 3.052033428812792604e-01
2.726902423315940460e+00 3.514470254885682099e-01
2.739468793930299739e+00 3.915779333051159772e-01
2.752035164544658574e+00 3.040846017988217964e-01
2.764601535159017853e+00 3.927504602928867938e-01
2.777167905773377132e+00 2.914829368289029721e-01
2.789734276387736411e+00 5.331716621688176172e-01
2.802300647002095690e+00 2.411959541645199989e-01
2.814867017616454525e+00 2.944741971850690643e-01
2.827433388230813804e+00 5.133480505634049340e-01
2.839999758845173083e+00 4.248261497954896049e-01
2.852566129459532362e+00 1.690680718325285048e-01
2.865132500073891642e+00 3.240932846162164482e-01
2.877698870688250476e+00 2.172895132935162565e-01
2.890265241302609756e+00 2.907607897295930721e-01
2.902831611916969035e+00 2.411045526948986384e-01
2.915397982531328314e+00 2.086716884823389129e-01
2.927964353145687149e+00 1.938923520770619024e-01
2.940530723760046428e+00 2.313123169917185307e-01
2.953097094374405707e+00 1.355747776304148111e-01
2.965663464988764986e+00 1.177324375565488163e-01
2.978229835603124265e+00 1.802061168549299874e-01
2.990796206217483100e+00 -7.088688690258054814e-03
3.003362576831842379e+00 2.043631139182365830e-01
3.015928947446201214e+00 2.394464898830559463e-01
3.028495318060560493e+00 -1.184317568561132350e-01
3.041061688674919772e+00 1.741053811252535888e-01
3.053628059289279051e+00 -3.685672132440062643e-02
3.066194429903637886e+00 7.052221462423680087e-02
3.078760800517997165e+00 1.401935647730655488e-01
3.091327171132356444e+00 2.373781043408425551e-01
3.103893541746715723e+00 7.072314592432452085e-02
3.116459912361074558e+00 -8.735759707735926693e-02
3.129026282975433837e+00 7.787054479835418819e-02
3.141592653589793116e+00 -1.177473891525002009e-01
3.154159024204152395e+00 1.633002150670890273e-01
3.166725394818511674e+00 4.053671276371777210e-02
3.179291765432870509e+00 1.982874228473968659e-01
3.191858136047229788e+00 1.491518633344497968e-01
3.204424506661589067e+00 3.451787088517635493e-02
3.216990877275948346e+00 -9.709595267631408733e-02
3.229557247890307181e+00 -4.521565091237849526e-02
3.242123618504666460e+00 -2.492678236483920617e-01
3.254689989119025739e+00 1.729082468746955814e-01
3.267256359733385018e+00 -1.923532823716039841e-01
3.279822730347744297e+00 -9.177510312635374368e-02
3.292389100962103132e+00 -1.169583342760519007e-01
3.304955471576462411e+00 -1.285321876041607969e-01
3.317521842190821690e+00 -1.522764636934236526e-01
3.330088212805180969e+00 -1.661483835067643355e-01
3.342654583419540248e+00 -1.471117239520062236e-01
3.355220954033899083e+00 -1.903256440736772193e-01
3.367787324648258362e+00 -2.769304997186513573e-01
3.380353695262617642e+00 -2.643582450105533277e-01
3.392920065876976921e+00 -1.445119062986051084e-01
3.405486436491335756e+00 -2.127997900860109648e-01
3.418052807105695035e+00 -3.281333758715724302e-01
3.430619177720054314e+00 -3.140015539093951036e-01
3.443185548334413593e+00 -4.614830400191877735e-01
3.455751918948772872e+00 -2.991395176969362524e-01
3.468318289563131707e+00 -2.987481855669316677e-01
3.480884660177490986e+00 -2.982986857403159831e-01
3.493451030791850265e+00 -2.009587200339999769e-01
3.506017401406209544e+00 -3.415911260543172956e-01
3.518583772020568823e+00 -4.595726178175588705e-01
3.531150142634927658e+00 -3.209955405854872934e-01
3.543716513249286937e+00 -2.223619161847408543e-01
3.556282883863646216e+00 -4.976499765008154386e-01
3.568849254478005495e+00 -4.689323782995170609e-01
3.581415625092364330e+00 -4.877658689029856776e-01
3.593981995706723609e+00 -4.494039040692695552e-01
3.606548366321082888e+00 -3.632061131349047511e-01
3.619114736935442167e+00 -5.092870530795071682e-01
3.631681107549800558e+00 -4.404993152853661775e-01
3.644247478164159837e+00 -2.927645396337017480e-01
3.656813848778519116e+00 -4.261360954977615467e-01
3.669380219392877951e+00 -3.419508912614960816e-01
3.681946590007237230e+00 -4.422007980335407318e-01
3.694512960621596509e+00 -6.559121941213723606e-01
3.707079331235955788e+00 -5.713178521070901850e-01
3.719645701850315067e+00 -4.480081493905354595e-01
3.732212072464673902e+00 -6.725874337552594229e-01
3.744778443079033181e+00 -4.256160147043794306e-01
3.757344813693392460e+00 -5.205350261731324091e-01
3.769911184307751739e+00 -6.092606612694274615e-01
3.782477554922110574e+00 -6.012854847681803339e-01
3.795043925536469853e+00 -8.098859035450505228e-01
3.807610296150829132e+00 -6.515767070804809880e-01
3.820176666765188411e+00 -5.996835008671959066e-01
3.832743037379547690e+00 -6.054613786044883428e-01
3.845309407993906525e+00 -7.021456107586605544e-01
3.857875778608265804e+00 -6.901766029099671851e-01
3.870442149222625083e+00 -6.997998981437127952e-01
3.883008519836984362e+00 -6.755051637459875691e-01
3.895574890451343641e+00 -6.986542749857036494e-01
3.908141261065702476e+00 -6.345563156842096708e-01
3.920707631680061755e+00 -6.937499919252719804e-01
3.933274002294421035e+00 -8.971953821527730577e-01
3.945840372908780314e+00 -7.266432467719423638e-01
3.958406743523139149e+00 -7.317577597761873998e-01
3.970973114137498428e+00 -7.675836268435993759e-01
3.983539484751857707e+00 -8.137168092768586325e-01
3.996105855366216986e+00 -7.861869718240319660e-01
4.008672225980576265e+00 -7.030233480568219839e-01
4.021238596594935544e+00 -6.531516464957620727e-01
4.033804967209294823e+00 -8.522740631294130065e-01
4.046371337823653214e+00 -9.004329857889782351e-01
4.058937708438012493e+00 -7.463288182707166207e-01
4.071504079052371772e+00 -7.216169443655159332e-01
4.084070449666731051e+00 -6.736814695400643593e-01
4.096636820281090330e+00 -9.665739390015249954e-01
4.109203190895449609e+00 -9.970861267660366956e-01
4.121769561509808888e+00 -9.859239518900625443e-01
4.134335932124168167e+00 -1.068294084059718818e+00
4.146902302738527446e+00 -7.621894091601255639e-01
4.159468673352886725e+00 -7.628971567432556444e-01
4.172035043967245116e+00 -7.760789109024328614e-01
4.184601414581604395e+00 -9.668897296120613216e-01
4.197167785195963674e+00 -1.019580624570136873e+00
4.209734155810322953e+00 -8.779394816969138260e-01
4.222300526424682232e+00 -1.114602274582207508e+00
4.234866897039041511e+00 -9.675401430390193624e-01
4.247433267653400790e+00 -8.746059049201905244e-01
4.259999638267760069e+00 -7.593994168857960414e-01
4.272566008882119348e+00 -1.032146406962544338e+00
4.285132379496477739e+00 -8.933016716688647607e-01
4.297698750110837018e+00 -7.398582606310287746e-01
4.310265120725196297e+00 -9.556249879694682647e-01
4.322831491339555576e+00 -1.008217899200436030e+00
4.335397861953914855e+00 -9.266307025976655565e-01
4.347964232568274134e+00 -1.048779525338519925e+00
4.360530603182633413e+00 -1.048443762817840685e+00
4.373096973796992692e+00 -9.072789632318355446e-01
4.385663344411351972e+00 -7.965186527926360061e-01
4.398229715025710362e+00 -9.433202553629231879e-01
4.410796085640069641e+00 -8.409025103969738346e-01
4.423362456254428032e+00 -1.057167711969379864e+00
4.435928826868787311e+00 -1.031269386734285476e+00
4.448495197483146590e+00 -8.748708473177825296e-01
4.461061568097505869e+00 -9.821876332507644136e-01
4.473627938711865148e+00 -8.914946461834878377e-01
4.486194309326224428e+00 -1.039701752721383210e+00
4.498760679940583707e+00 -1.040667236811954277e+00
4.511327050554942986e+00 -9.570125729051462971e-01
4.523893421169302265e+00 -9.405437987225911955e-01
4.536459791783661544e+00 -1.061671161243967099e+00
4.549026162398019935e+00 -1.129238636031774101e+00
4.561592533012379214e+00 -9.574495150789056330e-01
4.574158903626738493e+00 -1.155139798096516124e+00
4.586725274241097772e+00 -9.558000436546385536e-01
4.599291644855457051e+00 -9.628220574485517602e-01
4.611858015469816330e+00 -1.076923524615296612e+00
4.624424386084175609e+00 -1.124302435968677738e+00
4.636990756698534888e+00 -9.464106845344847363e-01
4.649557127312894167e+00 -1.061665691280947232e+00
4.662123497927252558e+00 -1.005474885111609540e+00
4.674689868541611837e+00 -9.630086276982979809e-01
4.687256239155971116e+00 -9.536597000085474951e-01
4.699822609770330395e+00 -9.245518857876511287e-01
4.712388980384689674e+00 -8.909501110557692671e-01
4.724955350999048953e+00 -1.014136440349141743e+00
4.737521721613408232e+00 -9.426844752855656484e-01
4.750088092227767511e+00 -1.043651857734590127e+00
4.762654462842126790e+00 -1.041712978244695664e+00
4.775220833456485181e+00 -9.343931115316272962e-01
4.787787204070844460e+00 -1.097756104926740583e+00
4.800353574685203739e+00 -8.236440974292105199e-01
4.812919945299563018e+00 -9.790006347227335759e-01
4.825486315913922297e+00 -9.428012386749484719e-01
4.838052686528281576e+00 -1.052389682100902668e+00
4.850619057142640855e+00 -1.060693173403341572e+00
4.863185427757000134e+00 -9.922986562909291708e-01
4.875751798371359413e+00 -8.961967410150376567e-01
4.888318168985717804e+00 -9.566501791160150203e-01
4.900884539600077083e+00 -9.149546689928883536e-01
4.913450910214436362e+00 -1.137624334482517652e+00
4.926017280828795641e+00 -7.099510652870657523e-01
4.938583651443154920e+00 -7.774255651866101013e-01
4.951150022057514200e+00 -9.892129181590862963e-01
4.963716392671873479e+00 -9.228058690155482857e-01
4.976282763286232758e+00 -7.884875180333272837e-01
4.988849133900592037e+00 -1.192229473210122848e+00
5.001415504514951316e+00 -9.120086582475651626e-01
5.013981875129309707e+00 -1.089045958217480292e+00
5.026548245743668986e+00 -9.991479710741383302e-01
5.039114616358028265e+00 -7.766135846370005869e-01
5.051680986972387544e+00 -1.065521761449905291e+00
5.064247357586746823e+00 -1.025497884588329134e+00
5.076813728201106102e+00 -9.661578710986740148e-01
5.089380098815465381e+00 -9.992809818299269731e-01
5.101946469429824660e+00 -1.093093959383568015e+00
5.114512840044183939e+00 -9.487708931057694528e-01
5.127079210658542330e+00 -9.809210012872173756e-01
5.139645581272901609e+00 -8.075022178164201758e-01
5.152211951887260888e+00 -9.583831699732803244e-01
5.164778322501620167e+00 -9.787266060486983221e-01
5.177344693115979446e+00 -8.500696919584916911e-01
5.189911063730338725e+00 -7.906896479761110763e-01
5.202477434344698004e+00 -8.225955800181163902e-01
5.215043804959057283e+00 -1.041148768761960275e+00
5.227610175573416562e+00 -9.405412002069020172e-01
5.240176546187774953e+00 -8.403927773305465143e-01
5.252742916802134232e+00 -7.401418967804579419e-01
5.265309287416492623e+00 -8.804689407927788203e-01
5.277875658030851902e+00 -9.070814224236569689e-01
5.290442028645211181e+00 -7.892895807367933392e-01
5.303008399259570460e+00 -6.967821406872783951e-01
5.315574769873929739e+00 -8.356767114020994258e-01
5.328141140488289018e+00 -8.967161082138915829e-01
5.340707511102648297e+00 -7.577150070263509729e-01
5.353273881717007576e+00 -8.652509940721156978e-01
5.365840252331366855e+00 -6.493071873208885458e-01
5.378406622945726134e+00 -7.754377447524933853e-01
5.390972993560084525e+00 -7.266344739745871362e-01
5.403539364174443804e+00 -8.342418176730840296e-01
5.416105734788803083e+00 -8.600554535510823717e-01
5.428672105403162362e+00 -7.455993389750623646e-01
5.441238476017521641e+00 -7.604530875043759020e-01
5.453804846631880920e+00 -8.672748065432953624e-01
5.466371217246240199e+00 -7.831376370444326218e-01
5.478937587860599479e+00 -7.325790534209731808e-01
5.491503958474958758e+00 -4.955359410888747762e-01
5.504070329089317148e+00 -7.646076610873269175e-01
5.516636699703676427e+00 -7.985696400905054615e-01
5.529203070318035707e+00 -7.647815973906060272e-01
5.541769440932394986e+00 -7.153438476894388165e-01
5.554335811546754265e+00 -5.914031792277029131e-01
5.566902182161113544e+00 -5.535171271962385786e-01
5.579468552775472823e+00 -7.354717447702570077e-01
5.592034923389832102e+00 -5.170411782408008694e-01
5.604601294004191381e+00 -6.160456843956485518e-01
5.617167664618549772e+00 -6.322652002863280440e-01
5.629734035232909051e+00 -4.907109068527110152e-01
5.642300405847268330e+00 -4.346089439936168253e-01
5.654866776461627609e+00 -6.596361010082451015e-01
5.667433147075986888e+00 -6.115536307153981443e-01
5.679999517690346167e+00 -4.677628154278417605e-01
5.692565888304705446e+00 -6.249267690888771210e-01
5.705132258919064725e+00 -5.388655776714533774e-01
5.717698629533424004e+00 -4.349249859654605865e-01
5.730265000147783283e+00 -4.216638548163247902e-01
5.742831370762141674e+00 -4.116005438726522692e-01
5.755397741376500953e+00 -3.777602675885444183e-01
5.767964111990860232e+00 -4.522438234245111932e-01
5.780530482605219511e+00 -5.358851197875567074e-01
5.793096853219578790e+00 -3.928115690581449604e-01
5.805663223833938069e+00 -4.833388073926425110e-01
5.818229594448297348e+00 -4.117462938882496815e-01
5.830795965062656627e+00 -3.180612309700542317e-01
5.843362335677015906e+00 -4.717117919940705950e-01
5.855928706291374297e+00 -3.551938241308222333e-01
5.868495076905733576e+00 -2.066944409065067101e-01
5.881061447520092855e+00 -3.574184746171364391e-01
5.893627818134452134e+00 -3.038046777712340996e-01
5.906194188748811413e+00 -2.270802619397875588e-01
5.918760559363170692e+00 -3.316025401173809950e-01
5.931326929977529971e+00 -4.701464429689986568e-01
5.943893300591889250e+00 -2.349177910847854434e-01
5.956459671206248530e+00 -4.651893884111488742e-01
5.969026041820606920e+00 -3.346705178667642722e-01
5.981592412434966199e+00 -2.483351737833834616e-01
5.994158783049325478e+00 -2.197506184438718924e-01
6.006725153663684758e+00 -2.717519773856086895e-01
6.019291524278044037e+00 -9.227228690829344937e-02
6.031857894892402427e+00 -2.275017285869233297e-01
6.044424265506761706e+00 -1.738854703779830202e-01
6.056990636121120986e+00 -1.227284860343114403e-01
6.069557006735480265e+00 -2.271289952095217057e-01
6.082123377349839544e+00 -2.263105096872281841e-01
6.094689747964198823e+00 -4.315449252146715264e-01
6.107256118578558102e+00 -2.474261281104548349e-01
6.119822489192916493e+00 -1.575675446171294625e-01
6.132388859807275772e+00 -2.008590457266132834e-01
6.144955230421635051e+00 -8.024892541566387705e-02
6.157521601035994330e+00 -6.987790242292674092e-02
6.170087971650353609e+00 1.219671921430367095e-01
6.182654342264712888e+00 -1.167388450762120167e-01
6.195220712879072167e+00 -1.879147016725604136e-01
6.207787083493431446e+00 -1.379452606864329245e-01
6.220353454107790725e+00 -2.400757704399013037e-01
6.232919824722149116e+00 6.213369698596209190e-02
6.245486195336508395e+00 -8.309109113089868659e-02
6.258052565950867674e+00 -1.750862889513284115e-01
6.270618936565226953e+00 -2.168087884868289197e-02
