0.000000000000000000e+00 1.868772273349207300e-02
1.256637061435917323e-02 1.601577220265106016e-02
2.513274122871834645e-02 -1.334534299842215013e-02
3.769911184307751795e-02 8.414920036778025803e-02
5.026548245743669291e-02 1.103335684184062471e-01
6.283185307179586787e-02 -1.107946198228664386e-01
7.539822368615503589e-02 4.412594546117248190e-02
8.796459430051420392e-02 1.186288535048510423e-01
1.005309649148733858e-01 7.775427442657228960e-02
1.130973355292325677e-01 1.055509758238946522e-01
1.256637061435917357e-01 1.254342301581776176e-01
1.382300767579508760e-01 1.710578786010625019e-01
1.507964473723100718e-01 3.453119490127848357e-01
1.633628179866692676e-01 8.316446495503168612e-02
1.759291886010284078e-01 2.402029614489821219e-01
1.884955592153875759e-01 1.831649512158501913e-01
2.010619298297467716e-01 1.685660007036602903e-01
2.136283004441059397e-01 2.177105451858563356e-01
2.261946710584651354e-01 2.569096422691600212e-01
2.387610416728242757e-01 2.064006665645119476e-01
2.513274122871834715e-01 2.763838615884325889e-01
2.638937829015426395e-01 3.172663111853475382e-01
2.764601535159017520e-01 3.317252286880413292e-01
2.890265241302609756e-01 4.508927280644038360e-01
3.015928947446201436e-01 1.526311661977140521e-01
3.141592653589793116e-01 2.514409854168645486e-01
3.267256359733385351e-01 7.294228581462383620e-02
3.392920065876976476e-01 5.387019984273875295e-01
3.518583772020568157e-01 3.478514049341510095e-01
3.644247478164160392e-01 3.449821856875856518e-01
3.769911184307751517e-01 2.735142398831855171e-01
3.895574890451343197e-01 4.449666834223456324e-01
4.021238596594935433e-01 4.388477226038944856e-01
4.146902302738527113e-01 4.611379535655578676e-01
4.272566008882118793e-01 4.274891124548780286e-01
4.398229715025711029e-01 5.052343660029716688e-01
4.523893421169302709e-01 3.748874695832837833e-01
4.649557127312893834e-01 5.037552187486212807e-01
4.775220833456485514e-01 4.968072970155140156e-01
4.900884539600077194e-01 5.561675331897540930e-01
5.026548245743669430e-01 3.898280163701580703e-01
5.152211951887261110e-01 4.162941358375433221e-01
5.277875658030852790e-01 3.749262564319173485e-01
5.403539364174444470e-01 5.985891044886878509e-01
5.529203070318035040e-01 4.968714927566605377e-01
5.654866776461627831e-01 5.273803756596686654e-01
5.780530482605219511e-01 4.221398893352348858e-01
5.906194188748811191e-01 5.557227932894011069e-01
6.031857894892402872e-01 5.807933106580244198e-01
6.157521601035994552e-01 4.923536829105616963e-01
6.283185307179586232e-01 6.816212093476993195e-01
6.408849013323177912e-01 5.889923842104158869e-01
6.534512719466770703e-01 7.369576382417630800e-01
6.660176425610361273e-01 5.445998755014351822e-01
6.785840131753952953e-01 7.099685392360032266e-01
6.911503837897544633e-01 4.186239771487074712e-01
7.037167544041136313e-01 7.010776969616296928e-01
7.162831250184729104e-01 6.823198200656314105e-01
7.288494956328320784e-01 6.272174840527113826e-01
7.414158662471912464e-01 5.996679504165856045e-01
7.539822368615503034e-01 7.292282329180055367e-01
7.665486074759094715e-01 6.732398789138978046e-01
7.791149780902686395e-01 8.929134398160327724e-01
7.916813487046279185e-01 7.469561026081873445e-01
8.042477193189870865e-01 8.341265091521705699e-01
8.168140899333462546e-01 6.529927321812611929e-01
8.293804605477054226e-01 6.730971240909423559e-01
8.419468311620645906e-01 6.814090571587489986e-01
8.545132017764237586e-01 6.922292544639456757e-01
8.670795723907829267e-01 8.157435555226693058e-01
8.796459430051422057e-01 7.616532894324692382e-01
8.922123136195013737e-01 7.304714493728483582e-01
9.047786842338605418e-01 7.339103693773043613e-01
9.173450548482194877e-01 7.783828810308796031e-01
9.299114254625787668e-01 8.677178236246322340e-01
9.424777960769379348e-01 6.771666373176120635e-01
9.550441666912971028e-01 6.086497714590664021e-01
9.676105373056562708e-01 7.366476549427122267e-01
9.801769079200154389e-01 8.179593929538685471e-01
9.927432785343746069e-01 9.038382940499976037e-01
1.005309649148733886e+00 9.522846389964513270e-01
1.017876019763092943e+00 8.506499949006965933e-01
1.030442390377452222e+00 8.838749102948378900e-01
1.043008760991811279e+00 7.346691701181247147e-01
1.055575131606170558e+00 8.872285031397308952e-01
1.068141502220529837e+00 8.245976019631962028e-01
1.080707872834888894e+00 8.573056260181094457e-01
1.093274243449248173e+00 8.389330845157361161e-01
1.105840614063607008e+00 8.353297223924913695e-01
1.118406984677966287e+00 9.365933838867801509e-01
1.130973355292325566e+00 8.875917127982214661e-01
1.143539725906684623e+00 8.822523374095549986e-01
1.156106096521043902e+00 7.002875403113972830e-01
1.168672467135402959e+00 9.149032128584254631e-01
1.181238837749762238e+00 1.005206060607344964e+00
1.193805208364121295e+00 9.683070105222030266e-01
1.206371578978480574e+00 1.050507372728417543e+00
1.218937949592839853e+00 1.256039923307468165e+00
1.231504320207198910e+00 9.580629528202575518e-01
1.244070690821558189e+00 9.406024697380395150e-01
1.256637061435917246e+00 9.462357538826524639e-01
1.269203432050276525e+00 8.858416878512282988e-01
1.281769802664635582e+00 9.734952964095687777e-01
1.294336173278994861e+00 9.367319363037339697e-01
1.306902543893354141e+00 1.154516040119577092e+00
1.319468914507712975e+00 1.001483511790395076e+00
1.332035285122072255e+00 9.548878246966471250e-01
1.344601655736431534e+00 9.961466509495311428e-01
1.357168026350790591e+00 9.471828515446807373e-01
1.369734396965149870e+00 9.753298913640684464e-01
1.382300767579508927e+00 1.108114632108572639e+00
1.394867138193868206e+00 9.185086522285335064e-01
1.407433508808227263e+00 1.076683747315082762e+00
1.419999879422586542e+00 9.586639037908021299e-01
1.432566250036945821e+00 9.651514311896239873e-01
1.445132620651304878e+00 1.076387925588950578e+00
1.457698991265664157e+00 1.009356537143640375e+00
1.470265361880023214e+00 9.978240731067338221e-01
1.482831732494382493e+00 1.060778535485259688e+00
1.495398103108741550e+00 9.839497964507252226e-01
1.507964473723100607e+00 1.030531455520002027e+00
1.520530844337459886e+00 1.016747156566179644e+00
1.533097214951818943e+00 9.253445355941420924e-01
1.545663585566178222e+00 9.262693300826254639e-01
1.558229956180537279e+00 1.084080041324892330e+00
1.570796326794896558e+00 9.994422039291136484e-01
1.583362697409255837e+00 8.896169631313055604e-01
1.595929068023614894e+00 1.236347926468611913e+00
1.608495438637974173e+00 7.688785603453793804e-01
1.621061809252333230e+00 9.732206684363448046e-01
1.633628179866692509e+00 1.103320357879625568e+00
1.646194550481051566e+00 9.750138805530009778e-01
1.658760921095410845e+00 8.490103853128397882e-01
1.671327291709770124e+00 1.094770529204775134e+00
1.683893662324129181e+00 1.079849860585510246e+00
1.696460032938488460e+00 9.216007331186079066e-01
1.709026403552847517e+00 8.637556478198860077e-01
1.721592774167206796e+00 1.151129594719814353e+00
1.734159144781565853e+00 1.020475575137571367e+00
1.746725515395925132e+00 1.175761721358128398e+00
1.759291886010284411e+00 1.043170984198200868e+00
1.771858256624643468e+00 9.445327575749590254e-01
1.784424627239002747e+00 1.020300790454315987e+00
1.796990997853361804e+00 1.044782943624255278e+00
1.809557368467721084e+00 1.111781124755873762e+00
1.822123739082079918e+00 9.932266120913992857e-01
1.834690109696438975e+00 1.037857147979850181e+00
1.847256480310798255e+00 1.020508954188229733e+00
1.859822850925157534e+00 9.310309411310150329e-01
1.872389221539516591e+00 8.809589112924753884e-01
1.884955592153875870e+00 1.094258054025138094e+00
1.897521962768234927e+00 1.196307650569108372e+00
1.910088333382594206e+00 1.075139224169033625e+00
1.922654703996953263e+00 7.908214031687202938e-01
1.935221074611312542e+00 9.032920379398554633e-01
1.947787445225671821e+00 9.940595651394915633e-01
1.960353815840030878e+00 9.680929596005853899e-01
1.972920186454390157e+00 7.867284394103298828e-01
1.985486557068749214e+00 9.235674470684628323e-01
1.998052927683108493e+00 9.388584569076527941e-01
2.010619298297467772e+00 8.371763169416326367e-01
2.023185668911826607e+00 8.355400048862406948e-01
2.035752039526185886e+00 8.560866869501824183e-01
2.048318410140545165e+00 1.002490455711611883e+00
2.060884780754904444e+00 9.876391060471154670e-01
2.073451151369263723e+00 7.511995298033991020e-01
2.086017521983622558e+00 9.076814913572526233e-01
2.098583892597981837e+00 8.956637080698117703e-01
2.111150263212341116e+00 9.601998689939539311e-01
2.123716633826700395e+00 6.866458893757332316e-01
2.136283004441059674e+00 8.134018980884342165e-01
2.148849375055418509e+00 7.564500575794219639e-01
2.161415745669777788e+00 8.571473350686507064e-01
2.173982116284137067e+00 7.791220799768477923e-01
2.186548486898496346e+00 8.924551548990264926e-01
2.199114857512855181e+00 9.678853518432893877e-01
2.211681228127214016e+00 8.253270806362651424e-01
2.224247598741573295e+00 7.187955648462691638e-01
2.236813969355932574e+00 8.157338406033217693e-01
2.249380339970291853e+00 8.795190404322391631e-01
2.261946710584651132e+00 7.548608085936399092e-01
2.274513081199009967e+00 7.159667530545116287e-01
2.287079451813369246e+00 7.872611055673447433e-01
2.299645822427728525e+00 6.351083547237650340e-01
2.312212193042087804e+00 6.381170958754818212e-01
2.324778563656447083e+00 8.127565252797235296e-01
2.337344934270805918e+00 6.492262726553836849e-01
2.349911304885165197e+00 7.042404307190899271e-01
2.362477675499524477e+00 7.908037508933505322e-01
2.375044046113883756e+00 6.655212296342234435e-01
2.387610416728242591e+00 6.707198649252549272e-01
2.400176787342601870e+00 5.686775969566921773e-01
2.412743157956961149e+00 9.844569048139785172e-01
2.425309528571320428e+00 5.783913203030047745e-01
2.437875899185679707e+00 5.980521976812523954e-01
2.450442269800038542e+00 6.619806417748895777e-01
2.463008640414397821e+00 6.706631037574736220e-01
2.475575011028757100e+00 5.902971562535864747e-01
2.488141381643116379e+00 7.972300930888331916e-01
2.500707752257475658e+00 5.654033484155849276e-01
2.513274122871834493e+00 6.583925309137823589e-01
2.525840493486193772e+00 6.777083539581980620e-01
2.538406864100553051e+00 6.224914349444552464e-01
2.550973234714912330e+00 6.875758745885500733e-01
2.563539605329271165e+00 6.794342855045090168e-01
2.576105975943630444e+00 5.353408732781788082e-01
2.588672346557989723e+00 3.861222229113822624e-01
2.601238717172349002e+00 2.998071688633835441e-01
2.613805087786708281e+00 3.016255726806786885e-01
2.626371458401067116e+00 5.475496452060902852e-01
2.638937829015425951e+00 6.005965032347976296e-01
2.651504199629785230e+00 3.769004365949443214e-01
2.664070570244144509e+00 5.447312843349940703e-01
2.676636940858503788e+00 4.416190533428147602e-01
2.689203311472863067e+00 5.144816824160091118e-01
2.701769682087221902e+00 3.813007578116426322e-01
2.714336052701581181e+00 4.147789427464449452e-01
2.726902423315940460e+00 3.799518777601131325e-01
2.739468793930299739e+00 3.543476808765914643e-01
2.752035164544658574e+00 3.857508051664721993e-01
2.764601535159017853e+00 3.734411811724628327e-01
2.777167905773377132e+00 4.614623898949361536e-01
2.789734276387736411e+00 2.905580123825251548e-01
2.802300647002095690e+00 3.455403348618063530e-01
2.814867017616454525e+00 3.956919152163934639e-02
2.827433388230813804e+00 5.544408666650468831e-01
2.839999758845173083e+00 2.706622874578607507e-01
2.852566129459532362e+00 1.412383854168808017e-01
2.865132500073891642e+00 2.771172239967592543e-01
2.877698870688250476e+00 4.517928624032679918e-01
2.890265241302609756e+00 1.707932481721237128e-01
2.902831611916969035e+00 2.267234112287026815e-01
2.915397982531328314e+00 2.832765678297262113e-01
2.927964353145687149e+00 2.665494912686173778e-01
2.940530723760046428e+00 2.819247946724370846e-02
2.953097094374405707e+00 1.789827154275414334e-01
2.965663464988764986e+00 4.720940198240389241e-02
2.978229835603124265e+00 3.175526567464106442e-01
2.990796206217483100e+00 1.884006595834146203e-01
3.003362576831842379e+00 1.645248516112332582e-01
3.015928947446201214e+00 3.117837953658081362e-02
3.028495318060560493e+00 9.629067106421643207e-02
3.041061688674919772e+00 1.576798575000926128e-04
3.053628059289279051e+00 1.225410979354212837e-01
3.066194429903637886e+00 1.492164914396352793e-01
3.078760800517997165e+00 2.148084541942469894e-01
3.091327171132356444e+00 1.604456143719280303e-01
3.103893541746715723e+00 1.130999125728088250e-01
3.116459912361074558e+00 2.473304314837988446e-02
3.129026282975433837e+00 7.578558438863416957e-02
3.141592653589793116e+00 4.436775676463759754e-02
3.154159024204152395e+00 1.280637033893623766e-01
3.166725394818511674e+00 3.065706562828847057e-02
3.179291765432870509e+00 6.559465240266385000e-02
3.191858136047229788e+00 -1.600052207818183636e-01
3.204424506661589067e+00 -2.732740150128316198e-02
3.216990877275948346e+00 -2.530353274367655447e-01
3.229557247890307181e+00 -8.582269624424207488e-02
3.242123618504666460e+00 5.506578381385063281e-02
3.254689989119025739e+00 -8.564990397221058926e-02
3.267256359733385018e+00 -9.016393292093352607e-02
3.279822730347744297e+00 -1.653490756367291814e-01
3.292389100962103132e+00 4.244568214193344957e-02
3.304955471576462411e+00 -2.162517455813776079e-01
3.317521842190821690e+00 -2.185466980230982292e-01
3.330088212805180969e+00 -1.136026967046388780e-01
3.342654583419540248e+00 -1.612867169618708574e-01
3.355220954033899083e+00 -9.704546258116868163e-02
3.367787324648258362e+00 -2.671766911950123058e-01
3.380353695262617642e+00 -1.822819255272812022e-01
3.392920065876976921e+00 -2.497680402593563109e-01
3.405486436491335756e+00 -3.194484534983569324e-01
3.418052807105695035e+00 -3.283388040297062771e-01
3.430619177720054314e+00 -2.981636167000790150e-01
3.443185548334413593e+00 -4.940816408787647718e-01
3.455751918948772872e+00 -2.586250929299337420e-01
3.468318289563131707e+00 -2.565819298437491680e-01
3.480884660177490986e+00 -3.179943060962889256e-01
3.493451030791850265e+00 -2.641835580957943574e-01
3.506017401406209544e+00 -9.619239229490900156e-02
3.518583772020568823e+00 -4.132835221133775994e-01
3.531150142634927658e+00 -5.234612785922342360e-01
3.543716513249286937e+00 -4.860185628491872079e-01
3.556282883863646216e+00 -2.551262211923451817e-01
3.568849254478005495e+00 -5.951677266178364567e-01
3.581415625092364330e+00 -4.387972695640770526e-01
3.593981995706723609e+00 -5.560302640469984015e-01
3.606548366321082888e+00 -6.447266007226060136e-01
3.619114736935442167e+00 -4.822366993304549876e-01
3.631681107549800558e+00 -4.301386300521571338e-01
3.644247478164159837e+00 -4.945711609448395496e-01
3.656813848778519116e+00 -3.187127014770879674e-01
3.669380219392877951e+00 -4.545331083689628793e-01
3.681946590007237230e+00 -4.934349492536944104e-01
3.694512960621596509e+00 -3.704330213284721118e-01
3.707079331235955788e+00 -4.777228606756006579e-01
3.719645701850315067e+00 -6.624787431870298171e-01
3.732212072464673902e+00 -5.204992328398054813e-01
3.744778443079033181e+00 -7.060246903520561723e-01
3.757344813693392460e+00 -3.831735980320622459e-01
3.769911184307751739e+00 -6.198670105286182563e-01
3.782477554922110574e+00 -6.564732975770700696e-01
3.795043925536469853e+00 -4.771627942660339738e-01
3.807610296150829132e+00 -5.171904199274656166e-01
3.820176666765188411e+00 -5.668594940294501283e-01
3.832743037379547690e+00 -8.255439888573036233e-01
3.845309407993906525e+00 -5.065093486711185200e-01
3.857875778608265804e+00 -6.085319531814297189e-01
3.870442149222625083e+00 -6.328384083081893818e-01
3.883008519836984362e+00 -6.617841676505676896e-01
3.895574890451343641e+00 -6.968173808575794936e-01
3.908141261065702476e+00 -7.288325102437619440e-01
3.920707631680061755e+00 -7.900506035291204876e-01
3.933274002294421035e+00 -8.402736445660303755e-01
3.945840372908780314e+00 -6.498308632376068594e-01
3.958406743523139149e+00 -7.270461308574565074e-01
3.970973114137498428e+00 -7.816445433507753782e-01
3.983539484751857707e+00 -7.775774943751734281e-01
3.996105855366216986e+00 -7.522486417843133877e-01
4.008672225980576265e+00 -7.993799245473373061e-01
4.021238596594935544e+00 -7.773526821000236176e-01
4.033804967209294823e+00 -8.606907134061509979e-01
4.046371337823653214e+00 -7.395221678344759964e-01
4.058937708438012493e+00 -8.260154192670339235e-01
4.071504079052371772e+00 -8.249430969015733028e-01
4.084070449666731051e+00 -8.770429160568868898e-01
4.096636820281090330e+00 -7.058104867003771599e-01
4.109203190895449609e+00 -7.781164991042475165e-01
4.121769561509808888e+00 -8.216707650750173508e-01
4.134335932124168167e+00 -8.121658063422569906e-01
4.146902302738527446e+00 -7.185581377834265870e-01
4.159468673352886725e+00 -8.866474360246074937e-01
4.172035043967245116e+00 -1.008141549637622258e+00
4.184601414581604395e+00 -1.037197455990252148e+00
4.197167785195963674e+00 -9.038004303491222746e-01
4.209734155810322953e+00 -9.893945685741832863e-01
4.222300526424682232e+00 -9.251008414352764886e-01
4.234866897039041511e+00 -7.410468792018169992e-01
4.247433267653400790e+00 -9.016720691000577048e-01
4.259999638267760069e+00 -9.205597107771782417e-01
4.272566008882119348e+00 -8.481544041010299351e-01
4.285132379496477739e+00 -8.500278846140398858e-01
4.297698750110837018e+00 -9.386066756877531336e-01
4.310265120725196297e+00 -9.881022832829530200e-01
4.322831491339555576e+00 -8.088807980400811726e-01
4.335397861953914855e+00 -7.896958494659467309e-01
4.347964232568274134e+00 -7.623961119676513354e-01
4.360530603182633413e+00 -7.244715990164357633e-01
4.373096973796992692e+00 -9.431594361334658672e-01
4.385663344411351972e+00 -8.538650259224378480e-01
4.398229715025710362e+00 -9.990001263228838191e-01
4.410796085640069641e+00 -9.212935506793643592e-01
4.423362456254428032e+00 -1.007548962614269072e+00
4.435928826868787311e+00 -1.048485908741159767e+00
4.448495197483146590e+00 -9.198942650844699198e-01
4.461061568097505869e+00 -9.762879361806010570e-01
4.473627938711865148e+00 -8.788328231915361055e-01
4.486194309326224428e+00 -9.343281335474981075e-01
4.498760679940583707e+00 -8.322101796318619460e-01
4.511327050554942986e+00 -1.071893812191523132e+00
4.523893421169302265e+00 -8.106780325368136975e-01
4.536459791783661544e+00 -8.437560491032382037e-01
4.549026162398019935e+00 -9.384907327794868026e-01
4.561592533012379214e+00 -9.604987382887862912e-01
4.574158903626738493e+00 -1.000178682150902887e+00
4.586725274241097772e+00 -9.003669988285950554e-01
4.599291644855457051e+00 -9.160591155283552833e-01
4.611858015469816330e+00 -1.050513693060997511e+00
4.624424386084175609e+00 -9.466219302600134000e-01
4.636990756698534888e+00 -9.533898165384894208e-01
4.649557127312894167e+00 -8.967998123285477741e-01
4.662123497927252558e+00 -1.128655010195540376e+00
4.674689868541611837e+00 -9.248774829807357989e-01
4.687256239155971116e+00 -8.688032800851013260e-01
4.699822609770330395e+00 -8.881539689446766861e-01
4.712388980384689674e+00 -1.015231559261532190e+00
4.724955350999048953e+00 -7.648670172479632434e-01
4.737521721613408232e+00 -1.086997124130719028e+00
4.750088092227767511e+00 -8.742219887500529696e-01
4.762654462842126790e+00 -9.706584615479628697e-01
4.775220833456485181e+00 -8.734174610531095784e-01
4.787787204070844460e+00 -1.030283685890655221e+00
4.800353574685203739e+00 -1.030282192623186210e+00
4.812919945299563018e+00 -7.946442955894741367e-01
4.825486315913922297e+00 -9.955126896271330184e-01
4.838052686528281576e+00 -1.159324190819431832e+00
4.850619057142640855e+00 -9.254320909127288219e-01
4.863185427757000134e+00 -9.907729529703204197e-01
4.875751798371359413e+00 -1.096688470985014208e+00
4.888318168985717804e+00 -1.023698076641563315e+00
4.900884539600077083e+00 -9.227984786513093729e-01
4.913450910214436362e+00 -9.720545558737839764e-01
4.926017280828795641e+00 -1.117824780623303926e+00
4.938583651443154920e+00 -7.358920581865734389e-01
4.951150022057514200e+00 -1.030862744417801791e+00
4.963716392671873479e+00 -1.066690196400178703e+00
4.976282763286232758e+00 -9.012308732439416881e-01
4.988849133900592037e+00 -8.859550654549118720e-01
5.001415504514951316e+00 -8.525230510726702349e-01
5.013981875129309707e+00 -9.579943994228993231e-01
5.026548245743668986e+00 -7.840055820560738464e-01
5.039114616358028265e+00 -1.053402891254061391e+00
5.051680986972387544e+00 -9.142287282559359296e-01
5.064247357586746823e+00 -7.351247533759288633e-01
5.076813728201106102e+00 -1.007434470244507274e+00
5.089380098815465381e+00 -8.324391371918076210e-01
5.101946469429824660e+00 -9.329202900980025914e-01
5.114512840044183939e+00 -8.566458170353472568e-01
5.127079210658542330e+00 -7.982168391464622426e-01
5.139645581272901609e+00 -9.022877560509997563e-01
5.152211951887260888e+00 -9.184383188561132672e-01
5.164778322501620167e+00 -8.023987739789784079e-01
5.177344693115979446e+00 -8.292929028705469108e-01
5.189911063730338725e+00 -8.471055719814537532e-01
5.202477434344698004e+00 -8.924563126977970162e-01
5.215043804959057283e+00 -9.018282867589076934e-01
5.227610175573416562e+00 -1.076117241069139752e+00
5.240176546187774953e+00 -1.002284509262695744e+00
5.252742916802134232e+00 -8.531532551104862305e-01
5.265309287416492623e+00 -6.808054330660053832e-01
5.277875658030851902e+00 -9.951560183237336821e-01
5.290442028645211181e+00 -7.324937171173111494e-01
5.303008399259570460e+00 -7.057865675791302751e-01
5.315574769873929739e+00 -8.052131555664167051e-01
5.328141140488289018e+00 -8.766306510068464508e-01
5.340707511102648297e+00 -7.790363354785911909e-01
5.353273881717007576e+00 -7.674761609084351788e-01
5.365840252331366855e+00 -8.471504125073424651e-01
5.378406622945726134e+00 -5.416333480473765061e-01
5.390972993560084525e+00 -7.252330293935466132e-01
5.403539364174443804e+00 -7.280939253416333079e-01
5.416105734788803083e+00 -7.123569395480138233e-01
5.428672105403162362e+00 -7.329557129721503417e-01
5.441238476017521641e+00 -6.423041094195777179e-01
5.453804846631880920e+00 -7.956046604305536674e-01
5.466371217246240199e+00 -7.857746677754482434e-01
5.478937587860599479e+00 -5.406841380220869242e-01
5.491503958474958758e+00 -5.821465466711578385e-01
5.504070329089317148e+00 -6.712994816109707497e-01
5.516636699703676427e+00 -8.507975326375656344e-01
5.529203070318035707e+00 -7.243847042685579440e-01
5.541769440932394986e+00 -5.565084107295357185e-01
5.554335811546754265e+00 -6.254932938245439944e-01
5.566902182161113544e+00 -6.135787011035385152e-01
5.579468552775472823e+00 -7.045823459068714101e-01
5.592034923389832102e+00 -8.088750155625478166e-01
5.604601294004191381e+00 -6.140126288929800280e-01
5.617167664618549772e+00 -6.379252050480068714e-01
5.629734035232909051e+00 -6.183448286303852015e-01
5.642300405847268330e+00 -5.707814296177036173e-01
5.654866776461627609e+00 -7.587666816147443649e-01
5.667433147075986888e+00 -3.021435452318774750e-01
5.679999517690346167e+00 -5.526184489221762641e-01
5.692565888304705446e+00 -3.953489035536564278e-01
5.705132258919064725e+00 -5.025428613436306868e-01
5.717698629533424004e+00 -6.112515198048429355e-01
5.730265000147783283e+00 -5.017544948171490660e-01
5.742831370762141674e+00 -5.198753692196921294e-01
5.755397741376500953e+00 -3.899213801661969292e-01
5.767964111990860232e+00 -4.189236226328170165e-01
5.780530482605219511e+00 -6.326705883745091796e-01
5.793096853219578790e+00 -5.111390797243395845e-01
5.805663223833938069e+00 -4.865656649922167620e-01
5.818229594448297348e+00 -4.539430409193494498e-01
5.830795965062656627e+00 -5.369064570664603409e-01
5.843362335677015906e+00 -3.475932582691307893e-01
5.855928706291374297e+00 -4.728561882223864532e-01
5.868495076905733576e+00 -2.954706054796377712e-01
5.881061447520092855e+00 -4.030519565430828455e-01
5.893627818134452134e+00 -2.251807785165286513e-01
5.906194188748811413e+00 -4.648899967810638523e-01
5.918760559363170692e+00 -4.254536281770311401e-01
5.931326929977529971e+00 -4.575539685262308698e-01
5.943893300591889250e+00 -3.925349329457369918e-01
5.956459671206248530e+00 -2.104540751700468282e-01
5.969026041820606920e+00 -2.649365902478776902e-01
5.981592412434966199e+00 -3.343981391236437450e-01
5.994158783049325478e+00 -1.305488672768861380e-01
6.006725153663684758e+00 -2.628492642382847522e-01
6.019291524278044037e+00 -4.175675390136237564e-01
6.031857894892402427e+00 -2.073865013720279649e-01
6.044424265506761706e+00 -3.237853666080837689e-01
6.056990636121120986e+00 -3.145085266708793070e-01
6.069557006735480265e+00 -1.475982903089139708e-01
6.082123377349839544e+00 -1.246964024954102523e-01
6.094689747964198823e+00 -1.908172821029132660e-01
6.107256118578558102e+00 -2.138059583624460913e-01
6.119822489192916493e+00 2.407142310726445578e-03
6.132388859807275772e+00 -2.483208496434238244e-01
6.144955230421635051e+00 -1.592958353647626613e-01
6.157521601035994330e+00 -2.203296502109712840e-01
6.170087971650353609e+00 -1.406123218037769462e-01
6.182654342264712888e+00 -1.460708105454402717e-01
6.195220712879072167e+00 1.559908168603763856e-01
6.207787083493431446e+00 -6.911439767674391887e-02
6.220353454107790725e+00 7.953471586401514304e-03
6.232919824722149116e+00 -1.797454100674138466e-01
6.245486195336508395e+00 9.270801981489359966e-02
6.258052565950867674e+00 -1.382898257037679934e-01
6.270618936565226953e+00 -5.247862564679091346e-02
