0.000000000000000000e+00 2.800932082331425085e-02
1.256637061435917323e-02 -1.965470162798261811e-01
2.513274122871834645e-02 2.992166492079079143e-02
3.769911184307751795e-02 1.153315477884334084e-01
5.026548245743669291e-02 -6.609082929653038729e-02
6.283185307179586787e-02 2.455781031369593803e-01
7.539822368615503589e-02 1.249916938958250401e-01
8.796459430051420392e-02 -5.717953099215292156e-02
1.005309649148733858e-01 2.041529205347915876e-01
1.130973355292325677e-01 5.887496287147848256e-02
1.256637061435917357e-01 8.858859973551250211e-02
1.382300767579508760e-01 4.021631084003836065e-01
1.507964473723100718e-01 1.454556629795437650e-01
1.633628179866692676e-01 1.917961411727020782e-01
1.759291886010284078e-01 2.008745715103182061e-01
1.884955592153875759e-01 9.029588922707443288e-02
2.010619298297467716e-01 3.343423130464846516e-01
2.136283004441059397e-01 1.780497727535346186e-02
2.261946710584651354e-01 1.485513702595028240e-01
2.387610416728242757e-01 3.966421803729311968e-01
2.513274122871834715e-01 4.222180453446520709e-01
2.638937829015426395e-01 4.012057676708926657e-01
2.764601535159017520e-01 2.100975432840205270e-01
2.890265241302609756e-01 2.876081927775249736e-01
3.015928947446201436e-01 4.594306705922540091e-01
3.141592653589793116e-01 2.746369844122345527e-01
3.267256359733385351e-01 2.505932480738595203e-01
3.392920065876976476e-01 3.378793859427802748e-01
3.518583772020568157e-01 4.567103493945057768e-01
3.644247478164160392e-01 3.747220628101843309e-01
3.769911184307751517e-01 5.142397001884357888e-01
3.895574890451343197e-01 3.349286540466176465e-01
4.021238596594935433e-01 4.469051111140687205e-01
4.146902302738527113e-01 4.756241525482224897e-01
4.272566008882118793e-01 4.956022963742751086e-01
4.398229715025711029e-01 3.947839729623098814e-01
4.523893421169302709e-01 5.529180368508561649e-01
4.649557127312893834e-01 4.206670640251895521e-01
4.775220833456485514e-01 5.050068624514665316e-01
4.900884539600077194e-01 3.397907604237010992e-01
5.026548245743669430e-01 5.027360094940558355e-01
5.152211951887261110e-01 5.359749515707300516e-01
5.277875658030852790e-01 3.259681675411034707e-01
5.403539364174444470e-01 4.965751105658998688e-01
5.529203070318035040e-01 4.553449301305052543e-01
5.654866776461627831e-01 4.738777916090110565e-01
5.780530482605219511e-01 4.901421348172869119e-01
5.906194188748811191e-01 5.671302476277569893e-01
6.031857894892402872e-01 6.455221718297653455e-01
6.157521601035994552e-01 7.065305117417981506e-01
6.283185307179586232e-01 5.820238068507566087e-01
6.408849013323177912e-01 6.152340093749670835e-01
6.534512719466770703e-01 7.908251339792005119e-01
6.660176425610361273e-01 5.125112906444717620e-01
6.785840131753952953e-01 6.405213668616404066e-01
6.911503837897544633e-01 7.163803696217353467e-01
7.037167544041136313e-01 7.296538832573257194e-01
7.162831250184729104e-01 6.394230332500151492e-01
7.288494956328320784e-01 5.285295883561282881e-01
7.414158662471912464e-01 6.438266523073123970e-01
7.539822368615503034e-01 5.300990161552394664e-01
7.665486074759094715e-01 8.075422518210705336e-01
7.791149780902686395e-01 7.907083939261343453e-01
7.916813487046279185e-01 8.308302142010817182e-01
8.042477193189870865e-01 7.888917813116425037e-01
8.168140899333462546e-01 7.806184986578618146e-01
8.293804605477054226e-01 7.158912876616196908e-01
8.419468311620645906e-01 8.557155800947167101e-01
8.545132017764237586e-01 7.551332061992546141e-01
8.670795723907829267e-01 8.834668859069862989e-01
8.796459430051422057e-01 6.112552682972449691e-01
8.922123136195013737e-01 6.430092181375249849e-01
9.047786842338605418e-01 9.102773720948298397e-01
9.173450548482194877e-01 7.650776998802522044e-01
9.299114254625787668e-01 8.099928813754896373e-01
9.424777960769379348e-01 7.922031663063032747e-01
9.550441666912971028e-01 8.680623263268936185e-01
9.676105373056562708e-01 7.579285961569456331e-01
9.801769079200154389e-01 5.818575424397964824e-01
9.927432785343746069e-01 7.274181267430511744e-01
1.005309649148733886e+00 1.035255026738240103e+00
1.017876019763092943e+00 1.022750233594105440e+00
1.030442390377452222e+00 7.220809740218437911e-01
1.043008760991811279e+00 7.635200339637071565e-01
1.055575131606170558e+00 8.418391529192100764e-01
1.068141502220529837e+00 9.542576441999238712e-01
1.080707872834888894e+00 8.691563652382361393e-01
1.093274243449248173e+00 7.684572686630537497e-01
1.105840614063607008e+00 9.805831820132429044e-01
1.118406984677966287e+00 8.813004962193885516e-01
1.130973355292325566e+00 7.430940491398891901e-01
1.143539725906684623e+00 6.698926764017524293e-01
1.156106096521043902e+00 9.419423123008991983e-01
1.168672467135402959e+00 8.079955178634108393e-01
1.181238837749762238e+00 9.629920196117278675e-01
1.193805208364121295e+00 1.093348375725960553e+00
1.206371578978480574e+00 9.695541559256091180e-01
1.218937949592839853e+00 1.036374900100968999e+00
1.231504320207198910e+00 8.085527640295266938e-01
1.244070690821558189e+00 9.527445066625075398e-01
1.256637061435917246e+00 1.061193694047598335e+00
1.269203432050276525e+00 1.147020562664029519e+00
1.281769802664635582e+00 1.020067484332833230e+00
1.294336173278994861e+00 1.021289604588288213e+00
1.306902543893354141e+00 7.330824206536739052e-01
1.319468914507712975e+00 9.375984236496922586e-01
1.332035285122072255e+00 9.975657633262158264e-01
1.344601655736431534e+00 1.050485060974117868e+00
1.357168026350790591e+00 6.867079864205367645e-01
1.369734396965149870e+00 9.193122414248453556e-01
1.382300767579508927e+00 7.958458803269643500e-01
1.394867138193868206e+00 7.060463718392492316e-01
1.407433508808227263e+00 7.639700561006147472e-01
1.419999879422586542e+00 1.081753179113565277e+00
1.432566250036945821e+00 1.121180467928163837e+00
1.445132620651304878e+00 8.404801756440557492e-01
1.457698991265664157e+00 8.012671747309366710e-01
1.470265361880023214e+00 7.405927835437786655e-01
1.482831732494382493e+00 1.013302545536773680e+00
1.495398103108741550e+00 1.065793984834414232e+00
1.507964473723100607e+00 9.157276044480722188e-01
1.520530844337459886e+00 1.065100969167167122e+00
1.533097214951818943e+00 1.080498824480424114e+00
1.545663585566178222e+00 1.027230159009486998e+00
1.558229956180537279e+00 9.602152947000390792e-01
1.570796326794896558e+00 9.952168333170768877e-01
1.583362697409255837e+00 1.019582726595639643e+00
1.595929068023614894e+00 1.136143169396990782e+00
1.608495438637974173e+00 1.354628245571478873e+00
1.621061809252333230e+00 1.096225264362805429e+00
1.633628179866692509e+00 1.081357664749737379e+00
1.646194550481051566e+00 9.288609326884785800e-01
1.658760921095410845e+00 1.043438955186211770e+00
1.671327291709770124e+00 1.232007106121447482e+00
1.683893662324129181e+00 1.032549149813668299e+00
1.696460032938488460e+00 8.610773459707207200e-01
1.709026403552847517e+00 1.139470615934686348e+00
1.721592774167206796e+00 1.025911064190130340e+00
1.734159144781565853e+00 1.110434792305526219e+00
1.746725515395925132e+00 9.364428156978661377e-01
1.759291886010284411e+00 1.042554453267592329e+00
1.771858256624643468e+00 7.916523067786074286e-01
1.784424627239002747e+00 9.777792590720020272e-01
1.796990997853361804e+00 1.021210017929427449e+00
1.809557368467721084e+00 1.018833577488070130e+00
1.822123739082079918e+00 1.059735853337895772e+00
1.834690109696438975e+00 9.054319042274482365e-01
1.847256480310798255e+00 9.451930845703351292e-01
1.859822850925157534e+00 1.032378483838826133e+00
1.872389221539516591e+00 8.448552027557931776e-01
1.884955592153875870e+00 8.358425844167602925e-01
1.897521962768234927e+00 1.081845639449684704e+00
1.910088333382594206e+00 9.670056522984293856e-01
1.922654703996953263e+00 7.824175306462393120e-01
1.935221074611312542e+00 8.373109197999923925e-01
1.947787445225671821e+00 8.955907695555260783e-01
1.960353815840030878e+00 7.434927403694395753e-01
1.972920186454390157e+00 1.001901388761740286e+00
1.985486557068749214e+00 1.041497794276644795e+00
1.998052927683108493e+00 9.623639341223153565e-01
2.010619298297467772e+00 1.001280454629774663e+00
2.023185668911826607e+00 9.898271634689077558e-01
2.035752039526185886e+00 9.416307183323699981e-01
2.048318410140545165e+00 8.258528047744776446e-01
2.060884780754904444e+00 7.814428406232190039e-01
2.073451151369263723e+00 9.595160844423623603e-01
2.086017521983622558e+00 7.762462266183656201e-01
2.098583892597981837e+00 9.738527756074750741e-01
2.111150263212341116e+00 1.068710241774226910e+00
2.123716633826700395e+00 8.011269110014922479e-01
2.136283004441059674e+00 9.949160145132618371e-01
2.148849375055418509e+00 9.662581048603872125e-01
2.161415745669777788e+00 8.077994619816643018e-01
2.173982116284137067e+00 8.813295304629403804e-01
2.186548486898496346e+00 8.301709238318134565e-01
2.199114857512855181e+00 6.379231963557110419e-01
2.211681228127214016e+00 9.148528856417261768e-01
2.224247598741573295e+00 7.752228000688503595e-01
2.236813969355932574e+00 8.153318377957389229e-01
2.249380339970291853e+00 6.572269781115623877e-01
2.261946710584651132e+00 7.842031747153346277e-01
2.274513081199009967e+00 8.320062497221522024e-01
2.287079451813369246e+00 7.462508194579635656e-01
2.299645822427728525e+00 8.371116704641377027e-01
2.312212193042087804e+00 7.415118312956991975e-01
2.324778563656447083e+00 7.678433248198037742e-01
2.337344934270805918e+00 6.695773144029064650e-01
2.349911304885165197e+00 6.998019084536841738e-01
2.362477675499524477e+00 6.533804293852122358e-01
2.375044046113883756e+00 6.410675604328747168e-01
2.387610416728242591e+00 6.237031181837685567e-01
2.400176787342601870e+00 5.005997169477681696e-01
2.412743157956961149e+00 7.172972250113404113e-01
2.425309528571320428e+00 5.740863608588246958e-01
2.437875899185679707e+00 6.771121225769930474e-01
2.450442269800038542e+00 7.112333415287706018e-01
2.463008640414397821e+00 6.215462169809438109e-01
2.475575011028757100e+00 6.115718062931163601e-01
2.488141381643116379e+00 5.290069368963303820e-01
2.500707752257475658e+00 6.375775745533535099e-01
2.513274122871834493e+00 6.458915048574305207e-01
2.525840493486193772e+00 5.837058239871608656e-01
2.538406864100553051e+00 7.127852101888737524e-01
2.550973234714912330e+00 5.949418111856510372e-01
2.563539605329271165e+00 5.787457240568438799e-01
2.576105975943630444e+00 5.213346231574641498e-01
2.588672346557989723e+00 5.021548236688094802e-01
2.601238717172349002e+00 5.786330368613259445e-01
2.613805087786708281e+00 5.875360809839549336e-01
2.626371458401067116e+00 4.053046585890451858e-01
2.638937829015425951e+00 6.295773860295703628e-01
2.651504199629785230e+00 6.010505613379666379e-01
2.664070570244144509e+00 4.886386557900750938e-01
2.676636940858503788e+00 4.368416950677686539e-01
2.689203311472863067e+00 4.448040689666163949e-01
2.701769682087221902e+00 5.341227388545215504e-01
2.714336052701581181e+00 2.252430905215550283e-01
2.726902423315940460e+00 3.236961080930075285e-01
2.739468793930299739e+00 2.348155654493525035e-01
2.752035164544658574e+00 3.472938584652540683e-01
2.764601535159017853e+00 5.415255178197024843e-01
2.777167905773377132e+00 4.154572797470875711e-01
2.789734276387736411e+00 3.097449703275796384e-01
2.802300647002095690e+00 1.281262793844673564e-01
2.814867017616454525e+00 3.719943700053897628e-01
2.827433388230813804e+00 2.564708080934531842e-01
2.839999758845173083e+00 2.906844293323882500e-01
2.852566129459532362e+00 2.480176663404958237e-01
2.865132500073891642e+00 1.492950146969851399e-02
2.877698870688250476e+00 1.555455796600763163e-02
2.890265241302609756e+00 2.576667038361543094e-01
2.902831611916969035e+00 3.226053512491954267e-01
2.915397982531328314e+00 2.155792967725087828e-01
2.927964353145687149e+00 2.350239037895104077e-01
2.940530723760046428e+00 1.296531343496629129e-01
2.953097094374405707e+00 1.360158334664889890e-01
2.965663464988764986e+00 1.090660447688146240e-01
2.978229835603124265e+00 1.745387621882957541e-01
2.990796206217483100e+00 3.582604206733805974e-01
3.003362576831842379e+00 1.316504347246697515e-01
3.015928947446201214e+00 5.139585707160197747e-02
3.028495318060560493e+00 1.596480277369191625e-01
3.041061688674919772e+00 -1.537891712442834846e-02
3.053628059289279051e+00 1.628490626351728754e-01
3.066194429903637886e+00 1.026415901720712787e-01
3.078760800517997165e+00 1.679187121104361302e-01
3.091327171132356444e+00 3.319462568203407349e-02
3.103893541746715723e+00 -3.114226415141260057e-02
3.116459912361074558e+00 -3.880309821269467552e-02
3.129026282975433837e+00 -1.154807867618064809e-01
3.141592653589793116e+00 -1.256031887458362029e-01
3.154159024204152395e+00 7.607300575101380580e-02
3.166725394818511674e+00 -1.164502875207893140e-01
3.179291765432870509e+00 -2.922107433442082680e-01
3.191858136047229788e+00 -2.159189842681513150e-01
3.204424506661589067e+00 -1.637941090418417456e-01
3.216990877275948346e+00 -2.345350628739426568e-01
3.229557247890307181e+00 -1.274574234916171223e-01
3.242123618504666460e+00 -4.519302520628459829e-02
3.254689989119025739e+00 -2.644896978718622171e-01
3.267256359733385018e+00 -1.566201788762428548e-01
3.279822730347744297e+00 -1.716740340962611688e-01
3.292389100962103132e+00 -1.337871088718584345e-01
3.304955471576462411e+00 -9.266832454529651264e-02
3.317521842190821690e+00 -1.056547265614734138e-01
3.330088212805180969e+00 -3.007142793288072879e-01
3.342654583419540248e+00 -2.126149562603870391e-01
3.355220954033899083e+00 -1.760782401591449720e-01
3.367787324648258362e+00 -3.846306088965416592e-01
3.380353695262617642e+00 -2.627341094655225029e-01
3.392920065876976921e+00 -3.046788378763001792e-01
3.405486436491335756e+00 -1.412554533476327867e-01
3.418052807105695035e+00 -2.539477058888136574e-01
3.430619177720054314e+00 -3.272156590097975437e-01
3.443185548334413593e+00 -3.995463042368823658e-01
3.455751918948772872e+00 -3.096425653037765402e-01
3.468318289563131707e+00 -1.389604062591985045e-01
3.480884660177490986e+00 -2.857738264628087443e-01
3.493451030791850265e+00 -2.998640851002503660e-01
3.506017401406209544e+00 -5.388574009438761303e-01
3.518583772020568823e+00 -4.287736332038268872e-01
3.531150142634927658e+00 -3.718785420043179135e-01
3.543716513249286937e+00 -3.000178392059238419e-01
3.556282883863646216e+00 -5.536507838136732751e-01
3.568849254478005495e+00 -2.961486372518345456e-01
3.581415625092364330e+00 -4.326812246189581379e-01
3.593981995706723609e+00 -1.993642693740412253e-01
3.606548366321082888e+00 -3.018317927041591631e-01
3.619114736935442167e+00 -4.866272868156663600e-01
3.631681107549800558e+00 -3.994769324481828310e-01
3.644247478164159837e+00 -4.518033640656970995e-01
3.656813848778519116e+00 -2.977473416690593067e-01
3.669380219392877951e+00 -5.820105475240773263e-01
3.681946590007237230e+00 -3.187342465820990900e-01
3.694512960621596509e+00 -4.937021563504613297e-01
3.707079331235955788e+00 -6.089759503127620821e-01
3.719645701850315067e+00 -5.662190207011891241e-01
3.732212072464673902e+00 -5.867441966614203031e-01
3.744778443079033181e+00 -6.201851340011038660e-01
3.757344813693392460e+00 -4.834131028146470554e-01
3.769911184307751739e+00 -5.903286697985327125e-01
3.782477554922110574e+00 -7.395394151501476498e-01
3.795043925536469853e+00 -7.520290327667165098e-01
3.807610296150829132e+00 -7.180149899858895290e-01
3.820176666765188411e+00 -5.007139352268182853e-01
3.832743037379547690e+00 -4.718045170047257542e-01
3.845309407993906525e+00 -6.364143969229241193e-01
3.857875778608265804e+00 -8.049521063951189381e-01
3.870442149222625083e+00 -5.361004243252955881e-01
3.883008519836984362e+00 -5.728449413975287285e-01
3.895574890451343641e+00 -7.986432012112003598e-01
3.908141261065702476e+00 -6.740396149520412328e-01
3.920707631680061755e+00 -7.101250020579265021e-01
3.933274002294421035e+00 -5.472569854655611188e-01
3.945840372908780314e+00 -5.577825861026900478e-01
3.958406743523139149e+00 -7.421844912646087256e-01
3.970973114137498428e+00 -7.814008530488874005e-01
3.983539484751857707e+00 -7.503818139723366087e-01
3.996105855366216986e+00 -7.828709000871557633e-01
4.008672225980576265e+00 -7.216070862977110867e-01
4.021238596594935544e+00 -9.809590009848990766e-01
4.033804967209294823e+00 -5.661122425086945187e-01
4.046371337823653214e+00 -7.947587112089327110e-01
4.058937708438012493e+00 -7.286299369351487698e-01
4.071504079052371772e+00 -7.720053554301267162e-01
4.084070449666731051e+00 -8.308653694687162528e-01
4.096636820281090330e+00 -9.053461669267032219e-01
4.109203190895449609e+00 -9.146857902020897324e-01
4.121769561509808888e+00 -8.255936340792420225e-01
4.134335932124168167e+00 -7.380894960657268244e-01
4.146902302738527446e+00 -9.259838828658615295e-01
4.159468673352886725e+00 -9.412198899193950918e-01
4.172035043967245116e+00 -8.813061799822630160e-01
4.184601414581604395e+00 -6.363793214128394826e-01
4.197167785195963674e+00 -7.979230366329481683e-01
4.209734155810322953e+00 -9.268438555745561747e-01
4.222300526424682232e+00 -7.888690396754994838e-01
4.234866897039041511e+00 -9.268995903885748344e-01
4.247433267653400790e+00 -9.008907985618187508e-01
4.259999638267760069e+00 -8.861171278769707227e-01
4.272566008882119348e+00 -9.215805869267241768e-01
4.285132379496477739e+00 -8.438776229809521467e-01
4.297698750110837018e+00 -9.075736321114374894e-01
4.310265120725196297e+00 -9.458305711887025069e-01
4.322831491339555576e+00 -8.894906893350670307e-01
4.335397861953914855e+00 -8.919532516893876606e-01
4.347964232568274134e+00 -8.209226496573749365e-01
4.360530603182633413e+00 -9.309073846121080908e-01
4.373096973796992692e+00 -9.416480562752488348e-01
4.385663344411351972e+00 -9.794419317166668248e-01
4.398229715025710362e+00 -9.030315966325785926e-01
4.410796085640069641e+00 -9.056017781011350687e-01
4.423362456254428032e+00 -9.458451362606072887e-01
4.435928826868787311e+00 -8.486094562933340635e-01
4.448495197483146590e+00 -1.057151791165154231e+00
4.461061568097505869e+00 -1.029682350834282945e+00
4.473627938711865148e+00 -9.468426951363312360e-01
4.486194309326224428e+00 -9.351421813731550792e-01
4.498760679940583707e+00 -1.111940395381954882e+00
4.511327050554942986e+00 -1.017054928358019472e+00
4.523893421169302265e+00 -1.046105382624656466e+00
4.536459791783661544e+00 -1.110531443037324317e+00
4.549026162398019935e+00 -1.057623266095875980e+00
4.561592533012379214e+00 -9.435954590391182339e-01
4.574158903626738493e+00 -9.509353154837257849e-01
4.586725274241097772e+00 -9.567464355618542360e-01
4.599291644855457051e+00 -8.960141054202430677e-01
4.611858015469816330e+00 -8.780930693640160989e-01
4.624424386084175609e+00 -1.097149552707623599e+00
4.636990756698534888e+00 -8.809873439266084905e-01
4.649557127312894167e+00 -1.016430899238152552e+00
4.662123497927252558e+00 -8.950734874806518526e-01
4.674689868541611837e+00 -1.050551593602037537e+00
4.687256239155971116e+00 -8.911700850855097666e-01
4.699822609770330395e+00 -1.035972073523916182e+00
4.712388980384689674e+00 -1.128056245222236686e+00
4.724955350999048953e+00 -1.016548676955107533e+00
4.737521721613408232e+00 -8.864243705784609073e-01
4.750088092227767511e+00 -8.887793495754656714e-01
4.762654462842126790e+00 -9.551571025895644329e-01
4.775220833456485181e+00 -1.012860249579993432e+00
4.787787204070844460e+00 -1.054282842100598971e+00
4.800353574685203739e+00 -9.024826646485023529e-01
4.812919945299563018e+00 -8.266015440225441546e-01
4.825486315913922297e+00 -1.013666936072943336e+00
4.838052686528281576e+00 -9.011083199239477981e-01
4.850619057142640855e+00 -9.203817194611825236e-01
4.863185427757000134e+00 -1.111236455006514356e+00
4.875751798371359413e+00 -9.728614273127430545e-01
4.888318168985717804e+00 -1.053723149209204291e+00
4.900884539600077083e+00 -8.482369206176963994e-01
4.913450910214436362e+00 -1.110713527448498938e+00
4.926017280828795641e+00 -9.121253665369503105e-01
4.938583651443154920e+00 -9.662023517717552856e-01
4.951150022057514200e+00 -9.275444521426974287e-01
4.963716392671873479e+00 -1.201607558801988329e+00
4.976282763286232758e+00 -9.247296997673346564e-01
4.988849133900592037e+00 -9.385949365006425182e-01
5.001415504514951316e+00 -9.367991641047836993e-01
5.013981875129309707e+00 -7.014150350103709464e-01
5.026548245743668986e+00 -1.118419397582786967e+00
5.039114616358028265e+00 -9.271701544164773212e-01
5.051680986972387544e+00 -1.087682642514410825e+00
5.064247357586746823e+00 -1.012894418796549845e+00
5.076813728201106102e+00 -1.017478722907314559e+00
5.089380098815465381e+00 -8.808449152213417843e-01
5.101946469429824660e+00 -8.534401191720872859e-01
5.114512840044183939e+00 -9.601511575767524009e-01
5.127079210658542330e+00 -8.782282956010090125e-01
5.139645581272901609e+00 -9.245015356054083755e-01
5.152211951887260888e+00 -1.032918223064636543e+00
5.164778322501620167e+00 -9.166576781993626133e-01
5.177344693115979446e+00 -9.886576716276274102e-01
5.189911063730338725e+00 -8.389639614385639987e-01
5.202477434344698004e+00 -1.022775475853141769e+00
5.215043804959057283e+00 -7.930140590322558580e-01
5.227610175573416562e+00 -8.879594578870280142e-01
5.240176546187774953e+00 -7.825768708818859887e-01
5.252742916802134232e+00 -8.435104829546595795e-01
5.265309287416492623e+00 -8.609657830168364612e-01
5.277875658030851902e+00 -8.495879342319161420e-01
5.290442028645211181e+00 -7.617185035517384240e-01
5.303008399259570460e+00 -7.796220993975083724e-01
5.315574769873929739e+00 -8.333594233904846327e-01
5.328141140488289018e+00 -6.519981311236204835e-01
5.340707511102648297e+00 -7.972092854601302570e-01
5.353273881717007576e+00 -7.399970244349536319e-01
5.365840252331366855e+00 -9.071813895431172226e-01
5.378406622945726134e+00 -7.078320979912257060e-01
5.390972993560084525e+00 -9.686301437548979765e-01
5.403539364174443804e+00 -9.621788385860734483e-01
5.416105734788803083e+00 -7.930851583166912411e-01
5.428672105403162362e+00 -8.883013138667154029e-01
5.441238476017521641e+00 -7.710287485658796625e-01
5.453804846631880920e+00 -6.927863962025448963e-01
5.466371217246240199e+00 -8.659840346682554646e-01
5.478937587860599479e+00 -3.964456518846434241e-01
5.491503958474958758e+00 -7.408644194403890548e-01
5.504070329089317148e+00 -5.130346717037860271e-01
5.516636699703676427e+00 -6.537082430660625665e-01
5.529203070318035707e+00 -7.139101924361107576e-01
5.541769440932394986e+00 -5.783725162814413734e-01
5.554335811546754265e+00 -5.832226154585041789e-01
5.566902182161113544e+00 -7.005204706642731427e-01
5.579468552775472823e+00 -6.267537859056235838e-01
5.592034923389832102e+00 -6.742809052039991924e-01
5.604601294004191381e+00 -6.209552489904025530e-01
5.617167664618549772e+00 -5.062784539548669249e-01
5.629734035232909051e+00 -5.230743504741788286e-01
5.642300405847268330e+00 -5.792943146813771538e-01
5.654866776461627609e+00 -6.203625448361321792e-01
5.667433147075986888e+00 -6.229222715496469664e-01
5.679999517690346167e+00 -6.194366235732623460e-01
5.692565888304705446e+00 -4.985616261900415180e-01
5.705132258919064725e+00 -5.054757219722917361e-01
5.717698629533424004e+00 -5.434589563262800516e-01
5.730265000147783283e+00 -3.314301671504432112e-01
5.742831370762141674e+00 -5.043422544685648434e-01
5.755397741376500953e+00 -3.668802377627661260e-01
5.767964111990860232e+00 -5.090467436273178325e-01
5.780530482605219511e+00 -4.698973503277878438e-01
5.793096853219578790e+00 -3.605907347268596519e-01
5.805663223833938069e+00 -3.772588010343595477e-01
5.818229594448297348e+00 -4.214050338342360535e-01
5.830795965062656627e+00 -4.115332075327998163e-01
5.843362335677015906e+00 -3.714445753063477240e-01
5.855928706291374297e+00 -4.693147163354237650e-01
5.868495076905733576e+00 -4.295380823536952830e-01
5.881061447520092855e+00 -6.080265910314959221e-01
5.893627818134452134e+00 -3.634760946465206422e-01
5.906194188748811413e+00 -2.413008338609356207e-01
5.918760559363170692e+00 -2.535635356327155532e-01
5.931326929977529971e+00 -3.414462395566449926e-01
5.943893300591889250e+00 -2.771740475937434223e-01
5.956459671206248530e+00 -1.979278232037978702e-01
5.969026041820606920e+00 -3.211500562616717014e-01
5.981592412434966199e+00 -3.313311950691301688e-01
5.994158783049325478e+00 -9.341156558952989908e-02
6.006725153663684758e+00 -2.247118452451833392e-01
6.019291524278044037e+00 -2.211704180820199817e-01
6.031857894892402427e+00 -3.081546847642522846e-01
6.044424265506761706e+00 -2.378222253251454643e-01
6.056990636121120986e+00 -2.226167093021836074e-01
6.069557006735480265e+00 -5.257730460876430811e-01
6.082123377349839544e+00 -2.852453716255741734e-01
6.094689747964198823e+00 -2.596275602725495180e-01
6.107256118578558102e+00 -1.762986022132550512e-01
6.119822489192916493e+00 -1.307006406337082316e-01
6.132388859807275772e+00 -2.505890777458162910e-01
6.144955230421635051e+00 -1.384544883964473339e-01
6.157521601035994330e+00 -1.013465000382852838e-01
6.170087971650353609e+00 -2.671307355120029758e-02
6.182654342264712888e+00 -1.649908511622649732e-02
6.195220712879072167e+00 -1.851056653268460250e-01
6.207787083493431446e+00 -1.575570758185162457e-01
6.220353454107790725e+00 -1.704403384765392493e-01
6.232919824722149116e+00 -1.520682148330214090e-01
6.245486195336508395e+00 2.049362429559331567e-03
6.258052565950867674e+00 9.023684264450129028e-03
6.270618936565226953e+00 -2.781004167669659174e-02
