0.000000000000000000e+00 2.719898944475994396e-02
1.256637061435917323e-02 1.756992772541935977e-01
2.513274122871834645e-02 2.295698586688892096e-02
3.769911184307751795e-02 2.142479767975813063e-02
5.026548245743669291e-02 2.499262433368359959e-01
6.283185307179586787e-02 -7.832502466670791808e-02
7.539822368615503589e-02 8.959650780245445589e-02
8.796459430051420392e-02 6.865734559894240419e-03
1.005309649148733858e-01 1.191098321942884175e-01
1.130973355292325677e-01 1.372396328082307049e-01
1.256637061435917357e-01 -2.772143588226999578e-03
1.382300767579508760e-01 1.332099940508320313e-02
1.507964473723100718e-01 2.152105049205646770e-01
1.633628179866692676e-01 3.109418562806093855e-01
1.759291886010284078e-01 7.367364908448886807e-02
1.884955592153875759e-01 1.447354528295840825e-01
2.010619298297467716e-01 1.888498185713377575e-01
2.136283004441059397e-01 2.401257491642476150e-01
2.261946710584651354e-01 1.461095857025783429e-01
2.387610416728242757e-01 2.190840025125674606e-01
2.513274122871834715e-01 1.816043409535960107e-01
2.638937829015426395e-01 2.590544420443812723e-01
2.764601535159017520e-01 3.093015006074789630e-01
2.890265241302609756e-01 3.333223551660401962e-01
3.015928947446201436e-01 6.307381085663738007e-02
3.141592653589793116e-01 2.586417984950529769e-01
3.267256359733385351e-01 3.203756759439466695e-01
3.392920065876976476e-01 5.139581374345079112e-01
3.518583772020568157e-01 2.857918066832870752e-01
3.644247478164160392e-01 2.877139642334399783e-01
3.769911184307751517e-01 3.207484158512197703e-01
3.895574890451343197e-01 4.497647572008280359e-01
4.021238596594935433e-01 3.600080355635327245e-01
4.146902302738527113e-01 4.348357110336930620e-01
4.272566008882118793e-01 2.370817452726039776e-01
4.398229715025711029e-01 5.214472058976540314e-01
4.523893421169302709e-01 3.024523378315302491e-01
4.649557127312893834e-01 4.644903348899415696e-01
4.775220833456485514e-01 5.829439612374777147e-01
4.900884539600077194e-01 3.934247265375298008e-01
5.026548245743669430e-01 5.859420689009540162e-01
5.152211951887261110e-01 5.683093070977403016e-01
5.277875658030852790e-01 4.273307981399592781e-01
5.403539364174444470e-01 6.119342147895705519e-01
5.529203070318035040e-01 5.002023408654582282e-01
5.654866776461627831e-01 4.750219101300147129e-01
5.780530482605219511e-01 6.071156202877502350e-01
5.906194188748811191e-01 4.791296158221377000e-01
6.031857894892402872e-01 5.815037187649061412e-01
6.157521601035994552e-01 6.528872399092180423e-01
6.283185307179586232e-01 6.527117418811613225e-01
6.408849013323177912e-01 5.149071767596202776e-01
6.534512719466770703e-01 6.880855260936364903e-01
6.660176425610361273e-01 6.511286076738108664e-01
6.785840131753952953e-01 6.623956184850765538e-01
6.911503837897544633e-01 7.640549247510369790e-01
7.037167544041136313e-01 4.861197502052515551e-01
7.162831250184729104e-01 6.014298188873211659e-01
7.288494956328320784e-01 7.529717985398197699e-01
7.414158662471912464e-01 5.940589317476696607e-01
7.539822368615503034e-01 5.911614919591202666e-01
7.665486074759094715e-01 6.839622341254362192e-01
7.791149780902686395e-01 6.332887314402942947e-01
7.916813487046279185e-01 5.767516208560552471e-01
8.042477193189870865e-01 4.630128404773601880e-01
8.168140899333462546e-01 5.799081932184793065e-01
8.293804605477054226e-01 7.949839204500265266e-01
8.419468311620645906e-01 7.741211903879092748e-01
8.545132017764237586e-01 7.352624330643314776e-01
8.670795723907829267e-01 7.715732097247935961e-01
8.796459430051422057e-01 8.583770007850244355e-01
8.922123136195013737e-01 8.875341420016013005e-01
9.047786842338605418e-01 8.639579296760961924e-01
9.173450548482194877e-01 7.738524427331432420e-01
9.299114254625787668e-01 7.528952762859767445e-01
9.424777960769379348e-01 8.065389828634118574e-01
9.550441666912971028e-01 7.441583854345259486e-01
9.676105373056562708e-01 9.131128086691271406e-01
9.801769079200154389e-01 8.249810875764885809e-01
9.927432785343746069e-01 9.109117471616635653e-01
1.005309649148733886e+00 8.192182485096983768e-01
1.017876019763092943e+00 9.355122627467340468e-01
1.030442390377452222e+00 8.985106376881498713e-01
1.043008760991811279e+00 1.037910848647117135e+00
1.055575131606170558e+00 9.355100275825360967e-01
1.068141502220529837e+00 8.663690284250218365e-01
1.080707872834888894e+00 9.454564638856727266e-01
1.093274243449248173e+00 8.263858690739700474e-01
1.105840614063607008e+00 9.021070749186612669e-01
1.118406984677966287e+00 9.745948117130647237e-01
1.130973355292325566e+00 9.279085906218957902e-01
1.143539725906684623e+00 8.381670919816196497e-01
1.156106096521043902e+00 9.081947508815976233e-01
1.168672467135402959e+00 9.773992915117586389e-01
1.181238837749762238e+00 1.103711492542123418e+00
1.193805208364121295e+00 8.857246787382860864e-01
1.206371578978480574e+00 8.511622105382742332e-01
1.218937949592839853e+00 7.512725026088367120e-01
1.231504320207198910e+00 9.282652579555649153e-01
1.244070690821558189e+00 8.890830274432606206e-01
1.256637061435917246e+00 9.192859876501633387e-01
1.269203432050276525e+00 9.004983800286430196e-01
1.281769802664635582e+00 8.546145904750450661e-01
1.294336173278994861e+00 9.318243411518879471e-01
1.306902543893354141e+00 8.802825800687785751e-01
1.319468914507712975e+00 9.057372279728372888e-01
1.332035285122072255e+00 8.544102972820902808e-01
1.344601655736431534e+00 1.102534773824121572e+00
1.357168026350790591e+00 9.560685244665734217e-01
1.369734396965149870e+00 8.607466856235178598e-01
1.382300767579508927e+00 1.063217883298780642e+00
1.394867138193868206e+00 1.130579825376553771e+00
1.407433508808227263e+00 1.030241125972102045e+00
1.419999879422586542e+00 9.576467613260304379e-01
1.432566250036945821e+00 9.007713141656670253e-01
1.445132620651304878e+00 1.120132311717038531e+00
1.457698991265664157e+00 9.632486142256193595e-01
1.470265361880023214e+00 9.287616334388751893e-01
1.482831732494382493e+00 9.404486105248499594e-01
1.495398103108741550e+00 9.944710758984860455e-01
1.507964473723100607e+00 1.078487065421786406e+00
1.520530844337459886e+00 9.957823289946408085e-01
1.533097214951818943e+00 1.080556158630141095e+00
1.545663585566178222e+00 9.623706029307665943e-01
1.558229956180537279e+00 1.120137096662490617e+00
1.570796326794896558e+00 1.135319023497483037e+00
1.583362697409255837e+00 9.705496094782933847e-01
1.595929068023614894e+00 1.015925101972623201e+00
1.608495438637974173e+00 1.008113069699281716e+00
1.621061809252333230e+00 9.371312861223155544e-01
1.633628179866692509e+00 9.978650514079521194e-01
1.646194550481051566e+00 1.020808326469157201e+00
1.658760921095410845e+00 9.163779751990804856e-01
1.671327291709770124e+00 1.141617932034407534e+00
1.683893662324129181e+00 9.064399323756791027e-01
1.696460032938488460e+00 9.294733024100179097e-01
1.709026403552847517e+00 9.736538452373212360e-01
1.721592774167206796e+00 1.183285076333073116e+00
1.734159144781565853e+00 7.919200293752823860e-01
1.746725515395925132e+00 9.219252888215916375e-01
1.759291886010284411e+00 1.064972396989938064e+00
1.771858256624643468e+00 9.990916548011689047e-01
1.784424627239002747e+00 1.020458747972304181e+00
1.796990997853361804e+00 1.096824344428349418e+00
1.809557368467721084e+00 9.113196073499245653e-01
1.822123739082079918e+00 9.131590081414695526e-01
1.834690109696438975e+00 8.653276143500604478e-01
1.847256480310798255e+00 9.299129477307489511e-01
1.859822850925157534e+00 1.236819844081566533e+00
1.872389221539516591e+00 8.521390804001034436e-01
1.884955592153875870e+00 9.182212083871363895e-01
1.897521962768234927e+00 9.743656819663583102e-01
1.910088333382594206e+00 1.003056712969907061e+00
1.922654703996953263e+00 8.785667258879599206e-01
1.935221074611312542e+00 1.039766535739798936e+00
1.947787445225671821e+00 7.665224594176474060e-01
1.960353815840030878e+00 7.935180021484592450e-01
1.972920186454390157e+00 9.093498310491066050e-01
1.985486557068749214e+00 8.905200972406959181e-01
1.998052927683108493e+00 8.876318346630001077e-01
2.010619298297467772e+00 9.178388993126995743e-01
2.023185668911826607e+00 1.068639892584289708e+00
2.035752039526185886e+00 8.222689260400578570e-01
2.048318410140545165e+00 1.058680407747078167e+00
2.060884780754904444e+00 1.034151759005119020e+00
2.073451151369263723e+00 9.593480505952145521e-01
2.086017521983622558e+00 1.022935304387253996e+00
2.098583892597981837e+00 8.518843963641981043e-01
2.111150263212341116e+00 8.152383054851122246e-01
2.123716633826700395e+00 9.610395518300708373e-01
2.136283004441059674e+00 9.810182476989943723e-01
2.148849375055418509e+00 6.841211446477000191e-01
2.161415745669777788e+00 7.354878827780449990e-01
2.173982116284137067e+00 9.952480007059218980e-01
2.186548486898496346e+00 9.010742767477057935e-01
2.199114857512855181e+00 7.049472683803619244e-01
2.211681228127214016e+00 8.399008182505116604e-01
2.224247598741573295e+00 7.914296703086658447e-01
2.236813969355932574e+00 8.964851112731099247e-01
2.249380339970291853e+00 7.964476020429791525e-01
2.261946710584651132e+00 7.878026919163719777e-01
2.274513081199009967e+00 6.090681873377854494e-01
2.287079451813369246e+00 7.605840460701089878e-01
2.299645822427728525e+00 7.890309324240466493e-01
2.312212193042087804e+00 8.803082603775805870e-01
2.324778563656447083e+00 6.723864907112357958e-01
2.337344934270805918e+00 7.494801617434583285e-01
2.349911304885165197e+00 6.983486156191592853e-01
2.362477675499524477e+00 6.920928562371299053e-01
2.375044046113883756e+00 8.819330950320974916e-01
2.387610416728242591e+00 6.388103885035365526e-01
2.400176787342601870e+00 6.371381145583236982e-01
2.412743157956961149e+00 6.054732910043879590e-01
2.425309528571320428e+00 6.969273447340893490e-01
2.437875899185679707e+00 6.348801490688407156e-01
2.450442269800038542e+00 5.997126698868773254e-01
2.463008640414397821e+00 7.792803837369091102e-01
2.475575011028757100e+00 5.350931660510513943e-01
2.488141381643116379e+00 6.440939728055585789e-01
2.500707752257475658e+00 4.898167231891722428e-01
2.513274122871834493e+00 3.547298801465036400e-01
2.525840493486193772e+00 5.383987877896232455e-01
2.538406864100553051e+00 6.520780056882455877e-01
2.550973234714912330e+00 5.447354467109956078e-01
2.563539605329271165e+00 4.651405087130265903e-01
2.576105975943630444e+00 5.304117969693848966e-01
2.588672346557989723e+00 4.905751140978134028e-01
2.601238717172349002e+00 5.727072270532289622e-01
2.613805087786708281e+00 5.800553040636373670e-01
2.626371458401067116e+00 3.759766823273892888e-01
2.638937829015425951e+00 4.996686808487297293e-01
2.651504199629785230e+00 6.355461269445017436e-01
2.664070570244144509e+00 6.630638653685062556e-01
2.676636940858503788e+00 4.678526296177063504e-01
2.689203311472863067e+00 5.715147659438115646e-01
2.701769682087221902e+00 3.877667003234095411e-01
2.714336052701581181e+00 3.230929341838459923e-01
2.726902423315940460e+00 3.889933711232625435e-01
2.739468793930299739e+00 4.198622864269604404e-01
2.752035164544658574e+00 2.934881881367638057e-01
2.764601535159017853e+00 5.220207775772898184e-01
2.777167905773377132e+00 2.612049088158776011e-01
2.789734276387736411e+00 2.768599970951854394e-01
2.802300647002095690e+00 3.026150382833789898e-01
2.814867017616454525e+00 2.574453289400008837e-01
2.827433388230813804e+00 3.520857906147627503e-01
2.839999758845173083e+00 3.439920199964153769e-01
2.852566129459532362e+00 2.305956738310504794e-01
2.865132500073891642e+00 3.133769036730549851e-01
2.877698870688250476e+00 2.860820448228411084e-01
2.890265241302609756e+00 2.932934605909361392e-01
2.902831611916969035e+00 2.356412757155186277e-01
2.915397982531328314e+00 2.488604723182299971e-01
2.927964353145687149e+00 3.628166499949829760e-01
2.940530723760046428e+00 1.995641065802487568e-01
2.953097094374405707e+00 4.315291191512725666e-01
2.965663464988764986e+00 1.244926570294644097e-01
2.978229835603124265e+00 1.812521954592259121e-01
2.990796206217483100e+00 5.050526407745078994e-02
3.003362576831842379e+00 8.774208961362994774e-02
3.015928947446201214e+00 1.357792336900857377e-01
3.028495318060560493e+00 6.272322304616945177e-02
3.041061688674919772e+00 1.577859760917999787e-01
3.053628059289279051e+00 -1.446226410956476249e-02
3.066194429903637886e+00 2.006992937060634447e-02
3.078760800517997165e+00 3.773416196653366778e-02
3.091327171132356444e+00 7.715012140874896729e-02
3.103893541746715723e+00 -6.286977414555747212e-02
3.116459912361074558e+00 -2.883051889295028605e-02
3.129026282975433837e+00 7.252574231919958758e-02
3.141592653589793116e+00 -4.288181715686692486e-02
3.154159024204152395e+00 -2.056419610146168267e-03
3.166725394818511674e+00 -5.313987159893572565e-02
3.179291765432870509e+00 2.591018852948649698e-02
3.191858136047229788e+00 -6.495669678009713399e-02
3.204424506661589067e+00 3.612473978416053111e-02
3.216990877275948346e+00 -6.589336706655193887e-02
3.229557247890307181e+00 -1.718419704276049620e-01
3.242123618504666460e+00 -6.391196814655300540e-02
3.254689989119025739e+00 -2.559199600365132943e-01
3.267256359733385018e+00 4.486711947253746446e-02
3.279822730347744297e+00 -2.775919703692928397e-01
3.292389100962103132e+00 -3.338183312128520930e-01
3.304955471576462411e+00 -1.594076250760407820e-01
3.317521842190821690e+00 -4.181616316721896709e-01
3.330088212805180969e+00 -2.434311702526475996e-03
3.342654583419540248e+00 -1.492111200787896441e-01
3.355220954033899083e+00 -1.464398672050503669e-01
3.367787324648258362e+00 -2.075105267349537097e-01
3.380353695262617642e+00 -1.932037497693603334e-01
3.392920065876976921e+00 -2.570714514462129063e-01
3.405486436491335756e+00 -1.405244705492590951e-01
3.418052807105695035e+00 -1.944095545718922402e-01
3.430619177720054314e+00 -1.508296554480358653e-01
3.443185548334413593e+00 -1.717706085665744176e-01
3.455751918948772872e+00 -3.323708768891089349e-01
3.468318289563131707e+00 -4.230634174434813044e-01
3.480884660177490986e+00 -3.679703405157132012e-01
3.493451030791850265e+00 -3.024534945645183104e-01
3.506017401406209544e+00 -3.031974730344807467e-01
3.518583772020568823e+00 -2.289122971114034844e-01
3.531150142634927658e+00 -3.814991128778675300e-01
3.543716513249286937e+00 -2.330336080041059132e-01
3.556282883863646216e+00 -2.692215922594661803e-01
3.568849254478005495e+00 -3.250191247385967874e-01
3.581415625092364330e+00 -3.675965404225786104e-01
3.593981995706723609e+00 -4.075105796999674013e-01
3.606548366321082888e+00 -5.894209935622767293e-01
3.619114736935442167e+00 -2.370766354161324141e-01
3.631681107549800558e+00 -5.072940886049244202e-01
3.644247478164159837e+00 -4.338053834430151134e-01
3.656813848778519116e+00 -4.680269027027134099e-01
3.669380219392877951e+00 -5.473172760805317116e-01
3.681946590007237230e+00 -5.116156828388519484e-01
3.694512960621596509e+00 -5.743448903096429747e-01
3.707079331235955788e+00 -8.404106174714477406e-01
3.719645701850315067e+00 -5.648677832270365684e-01
3.732212072464673902e+00 -4.247285986755998666e-01
3.744778443079033181e+00 -4.787945166447861167e-01
3.757344813693392460e+00 -6.059232268771082008e-01
3.769911184307751739e+00 -4.630878154889368492e-01
3.782477554922110574e+00 -5.983824096851851904e-01
3.795043925536469853e+00 -7.563188686229594948e-01
3.807610296150829132e+00 -3.772166098588924932e-01
3.820176666765188411e+00 -4.053788357182075974e-01
3.832743037379547690e+00 -5.792059627205777828e-01
3.845309407993906525e+00 -6.877646439390768807e-01
3.857875778608265804e+00 -6.360244989622971801e-01
3.870442149222625083e+00 -5.671305661384129504e-01
3.883008519836984362e+00 -6.863301363842047031e-01
3.895574890451343641e+00 -7.849110433818431432e-01
3.908141261065702476e+00 -5.885897117244953680e-01
3.920707631680061755e+00 -7.689854790159168507e-01
3.933274002294421035e+00 -6.780020235607526757e-01
3.945840372908780314e+00 -6.835370499829860336e-01
3.958406743523139149e+00 -6.612778986845193607e-01
3.970973114137498428e+00 -7.291124285626093826e-01
3.983539484751857707e+00 -7.218749091591964984e-01
3.996105855366216986e+00 -7.313518869147563883e-01
4.008672225980576265e+00 -7.256369690243359427e-01
4.021238596594935544e+00 -9.233544026749710421e-01
4.033804967209294823e+00 -7.598192891756163636e-01
4.046371337823653214e+00 -7.622243698720929661e-01
4.058937708438012493e+00 -8.138746981392011026e-01
4.071504079052371772e+00 -8.068888382795644798e-01
4.084070449666731051e+00 -7.151568665713392559e-01
4.096636820281090330e+00 -8.101101180014143033e-01
4.109203190895449609e+00 -8.816750810597211441e-01
4.121769561509808888e+00 -7.258264899960957806e-01
4.134335932124168167e+00 -6.844645347315767570e-01
4.146902302738527446e+00 -1.026219650844264697e+00
4.159468673352886725e+00 -8.566382439375899160e-01
4.172035043967245116e+00 -7.945920170097328095e-01
4.184601414581604395e+00 -7.991419404345273536e-01
4.197167785195963674e+00 -9.254889589269952310e-01
4.209734155810322953e+00 -9.098538113952822082e-01
4.222300526424682232e+00 -9.879581447863357013e-01
4.234866897039041511e+00 -9.815053399046378413e-01
4.247433267653400790e+00 -8.622716784911176324e-01
4.259999638267760069e+00 -8.743299588253384824e-01
4.272566008882119348e+00 -1.047842796163534596e+00
4.285132379496477739e+00 -9.985478387982520410e-01
4.297698750110837018e+00 -9.602328538854965068e-01
4.310265120725196297e+00 -8.560596915155536113e-01
4.322831491339555576e+00 -9.283727749634804738e-01
4.335397861953914855e+00 -1.015013724034798948e+00
4.347964232568274134e+00 -8.798293611985958940e-01
4.360530603182633413e+00 -9.449703196724097420e-01
4.373096973796992692e+00 -8.808996882658682859e-01
4.385663344411351972e+00 -9.344642044830940852e-01
4.398229715025710362e+00 -9.609992946174302775e-01
4.410796085640069641e+00 -8.621420770715175763e-01
4.423362456254428032e+00 -9.250976842007614387e-01
4.435928826868787311e+00 -1.014798318454898318e+00
4.448495197483146590e+00 -8.322843054991041489e-01
4.461061568097505869e+00 -9.997654038125961540e-01
4.473627938711865148e+00 -1.008898991107609167e+00
4.486194309326224428e+00 -1.006755792750962053e+00
4.498760679940583707e+00 -7.347139842570252766e-01
4.511327050554942986e+00 -9.854816109576668426e-01
4.523893421169302265e+00 -1.034265220701499732e+00
4.536459791783661544e+00 -8.629198194554466017e-01
4.549026162398019935e+00 -1.053029815609359598e+00
4.561592533012379214e+00 -1.025615393599057068e+00
4.574158903626738493e+00 -1.042566800977090091e+00
4.586725274241097772e+00 -1.118730443367437877e+00
4.599291644855457051e+00 -9.251154462501492981e-01
4.611858015469816330e+00 -1.102932081944251852e+00
4.624424386084175609e+00 -1.215542892854444723e+00
4.636990756698534888e+00 -1.029366022786686541e+00
4.649557127312894167e+00 -8.021622788783829838e-01
4.662123497927252558e+00 -1.004176002610671858e+00
4.674689868541611837e+00 -9.718290028594704921e-01
4.687256239155971116e+00 -1.130587702679029638e+00
4.699822609770330395e+00 -8.828083366579507762e-01
4.712388980384689674e+00 -9.128124693162185110e-01
4.724955350999048953e+00 -1.181476078392935225e+00
4.737521721613408232e+00 -1.004227197221063683e+00
4.750088092227767511e+00 -9.499612200465979983e-01
4.762654462842126790e+00 -8.286361612278685396e-01
4.775220833456485181e+00 -9.546008697463171933e-01
4.787787204070844460e+00 -9.685207226253883528e-01
4.800353574685203739e+00 -1.030995579762570946e+00
4.812919945299563018e+00 -1.078780497628397894e+00
4.825486315913922297e+00 -9.282673201539758390e-01
4.838052686528281576e+00 -1.039641053379705804e+00
4.850619057142640855e+00 -1.141366703770967383e+00
4.863185427757000134e+00 -9.974751372560461959e-01
4.875751798371359413e+00 -1.155653449176644365e+00
4.888318168985717804e+00 -9.014135925424238138e-01
4.900884539600077083e+00 -9.586457124195242319e-01
4.913450910214436362e+00 -8.631827300372918454e-01
4.926017280828795641e+00 -9.046535121204044572e-01
4.938583651443154920e+00 -8.785710534687810602e-01
4.951150022057514200e+00 -8.369209432819391115e-01
4.963716392671873479e+00 -8.528511625929470208e-01
4.976282763286232758e+00 -9.588153512381670796e-01
4.988849133900592037e+00 -1.069326624539003401e+00
5.001415504514951316e+00 -8.922281618416791904e-01
5.013981875129309707e+00 -8.237027621939414512e-01
5.026548245743668986e+00 -9.734919734847494732e-01
5.039114616358028265e+00 -7.919030499489599917e-01
5.051680986972387544e+00 -1.050971501438593192e+00
5.064247357586746823e+00 -7.413258636409686408e-01
5.076813728201106102e+00 -9.378563529811895227e-01
5.089380098815465381e+00 -9.442284510129327346e-01
5.101946469429824660e+00 -8.864040590592197066e-01
5.114512840044183939e+00 -1.074607437962090906e+00
5.127079210658542330e+00 -9.736157409193286760e-01
5.139645581272901609e+00 -1.078520264927970818e+00
5.152211951887260888e+00 -8.250244883102735294e-01
5.164778322501620167e+00 -9.718405848888134191e-01
5.177344693115979446e+00 -9.417899208055714455e-01
5.189911063730338725e+00 -8.458509772034104035e-01
5.202477434344698004e+00 -7.501987449794964569e-01
5.215043804959057283e+00 -8.972810306749933185e-01
5.227610175573416562e+00 -7.067610002064979025e-01
5.240176546187774953e+00 -9.269115848876228192e-01
5.252742916802134232e+00 -9.393783617463828950e-01
5.265309287416492623e+00 -7.851621609027887860e-01
5.277875658030851902e+00 -9.223046987347491843e-01
5.290442028645211181e+00 -8.738948917146290851e-01
5.303008399259570460e+00 -7.435516494309233337e-01
5.315574769873929739e+00 -7.783698323351502246e-01
5.328141140488289018e+00 -8.597396669191093022e-01
5.340707511102648297e+00 -8.818582567914603487e-01
5.353273881717007576e+00 -7.468993671670723922e-01
5.365840252331366855e+00 -8.593311129899025014e-01
5.378406622945726134e+00 -7.553512177730717925e-01
5.390972993560084525e+00 -7.440769453529703092e-01
5.403539364174443804e+00 -6.691868964248041118e-01
5.416105734788803083e+00 -9.588940699286274683e-01
5.428672105403162362e+00 -7.031148264066309217e-01
5.441238476017521641e+00 -7.021874890496763166e-01
5.453804846631880920e+00 -7.260959856250895905e-01
5.466371217246240199e+00 -7.835620294448579770e-01
5.478937587860599479e+00 -7.100400415096910223e-01
5.491503958474958758e+00 -7.699797436314880228e-01
5.504070329089317148e+00 -5.800653443518551944e-01
5.516636699703676427e+00 -4.573394146957682205e-01
5.529203070318035707e+00 -6.618655192077881333e-01
5.541769440932394986e+00 -6.978303351626545803e-01
5.554335811546754265e+00 -7.021165743575580320e-01
5.566902182161113544e+00 -6.480326686898578714e-01
5.579468552775472823e+00 -6.379812353099874045e-01
5.592034923389832102e+00 -6.133561283386433916e-01
5.604601294004191381e+00 -5.140027669303812718e-01
5.617167664618549772e+00 -5.816197636373211521e-01
5.629734035232909051e+00 -5.332808265044679530e-01
5.642300405847268330e+00 -6.735106342197341167e-01
5.654866776461627609e+00 -5.526417061211776893e-01
5.667433147075986888e+00 -3.995009891288056059e-01
5.679999517690346167e+00 -5.085762387933339124e-01
5.692565888304705446e+00 -3.339645843412983872e-01
5.705132258919064725e+00 -5.512750565226209876e-01
5.717698629533424004e+00 -5.712627172507955819e-01
5.730265000147783283e+00 -4.217560071233629748e-01
5.742831370762141674e+00 -2.934631393607117222e-01
5.755397741376500953e+00 -5.515416568051246804e-01
5.767964111990860232e+00 -5.011242827436508396e-01
5.780530482605219511e+00 -3.334152738421275464e-01
5.793096853219578790e+00 -4.813809100583387179e-01
5.805663223833938069e+00 -5.055367409705616710e-01
5.818229594448297348e+00 -3.419964837233355759e-01
5.830795965062656627e+00 -1.568778716990061883e-01
5.843362335677015906e+00 -4.220241602276849635e-01
5.855928706291374297e+00 -3.800077117193567666e-01
5.868495076905733576e+00 -3.421948610408068747e-01
5.881061447520092855e+00 -2.836148524280293071e-01
5.893627818134452134e+00 -4.288210946498925424e-01
5.906194188748811413e+00 -4.131435167877040016e-01
5.918760559363170692e+00 -3.664772420614210158e-01
5.931326929977529971e+00 -3.464714761539951504e-01
5.943893300591889250e+00 -2.949763952531738731e-01
5.956459671206248530e+00 -4.684659575347925875e-01
5.969026041820606920e+00 -3.404455404052269540e-01
5.981592412434966199e+00 -1.352595081295643042e-01
5.994158783049325478e+00 -3.767229264417681356e-01
6.006725153663684758e+00 -3.592284494455286192e-01
6.019291524278044037e+00 -2.027492550269260063e-01
6.031857894892402427e+00 -3.000213430346508892e-01
6.044424265506761706e+00 -1.953761279039620269e-01
6.056990636121120986e+00 -2.741498438524492265e-01
6.069557006735480265e+00 -2.774012344231772675e-01
6.082123377349839544e+00 -1.266874271978608024e-01
6.094689747964198823e+00 -3.330507616616792954e-02
6.107256118578558102e+00 -1.953494419888793798e-01
6.119822489192916493e+00 -2.031480101496124235e-01
6.132388859807275772e+00 -1.060382918476351910e-01
6.144955230421635051e+00 -1.660103658591779441e-01
6.157521601035994330e+00 -9.471612200041569507e-02
6.170087971650353609e+00 -5.207214548911406199e-02
6.182654342264712888e+00 -1.754529329472564458e-01
6.195220712879072167e+00 -2.307482270791648693e-01
6.207787083493431446e+00 -3.126024207335978411e-02
6.220353454107790725e+00 -1.489184076848623639e-01
6.232919824722149116e+00 8.658855214350853757e-02
6.245486195336508395e+00 -2.378190717133363552e-01
6.258052565950867674e+00 6.117391304885405612e-02
6.270618936565226953e+00 -4.462162418745366926e-02
