0.000000000000000000e+00 -1.401387204045293211e-01
1.256637061435917323e-02 1.324434708641460956e-01
2.513274122871834645e-02 4.827163053615150801e-02
3.769911184307751795e-02 -3.247343496993863876e-02
5.026548245743669291e-02 2.421607701694274972e-01
6.283185307179586787e-02 6.479351535483200697e-03
7.539822368615503589e-02 1.112422903348230518e-01
8.796459430051420392e-02 -9.165597978780357091e-02
1.005309649148733858e-01 9.782961253293033510e-02
1.130973355292325677e-01 -1.427394765957677725e-02
1.256637061435917357e-01 1.284625286046590098e-01
1.382300767579508760e-01 2.592973199283254981e-02
1.507964473723100718e-01 2.509500012273355729e-01
1.633628179866692676e-01 9.967799185976891629e-02
1.759291886010284078e-01 2.406896521284563883e-01
1.884955592153875759e-01 2.390535108347184023e-01
2.010619298297467716e-01 1.810570119916493081e-01
2.136283004441059397e-01 5.237167374179360624e-02
2.261946710584651354e-01 4.183886736053955557e-01
2.387610416728242757e-01 3.739942162322766883e-01
2.513274122871834715e-01 3.265944131147269225e-01
2.638937829015426395e-01 3.412650384900643430e-01
2.764601535159017520e-01 3.509256842091219575e-01
2.890265241302609756e-01 3.580954218644786247e-01
3.015928947446201436e-01 1.738996097047264267e-01
3.141592653589793116e-01 3.682117704089485355e-01
3.267256359733385351e-01 3.837171640625366420e-01
3.392920065876976476e-01 4.286092880815107753e-01
3.518583772020568157e-01 3.288246649589511295e-01
3.644247478164160392e-01 4.546822870562672869e-01
3.769911184307751517e-01 2.184618310780287731e-01
3.895574890451343197e-01 6.677891452164044228e-01
4.021238596594935433e-01 3.886399613127837771e-01
4.146902302738527113e-01 5.354332794518900096e-01
4.272566008882118793e-01 3.430915531517940709e-01
4.398229715025711029e-01 5.424963980442564226e-01
4.523893421169302709e-01 4.117724244334722283e-01
4.649557127312893834e-01 4.682191725408011984e-01
4.775220833456485514e-01 3.919565587919581762e-01
4.900884539600077194e-01 4.147494714770866842e-01
5.026548245743669430e-01 3.981982639831652682e-01
5.152211951887261110e-01 6.016313760381940545e-01
5.277875658030852790e-01 5.604442949394966567e-01
5.403539364174444470e-01 4.465532847023475083e-01
5.529203070318035040e-01 6.464108780538113663e-01
5.654866776461627831e-01 4.329332536542239152e-01
5.780530482605219511e-01 3.992284372771138790e-01
5.906194188748811191e-01 5.400968210588905638e-01
6.031857894892402872e-01 6.431671770536817601e-01
6.157521601035994552e-01 5.169187697672954496e-01
6.283185307179586232e-01 7.910562786086282605e-01
6.408849013323177912e-01 3.662773025870075250e-01
6.534512719466770703e-01 7.265691239216087727e-01
6.660176425610361273e-01 7.859494787744482069e-01
6.785840131753952953e-01 7.701431665718563302e-01
6.911503837897544633e-01 7.467732756327277732e-01
7.037167544041136313e-01 5.048172333467039197e-01
7.162831250184729104e-01 6.267536379908565936e-01
7.288494956328320784e-01 5.131489603112115994e-01
7.414158662471912464e-01 4.987393388429086638e-01
7.539822368615503034e-01 7.522260005327140453e-01
7.665486074759094715e-01 7.435018419052802363e-01
7.791149780902686395e-01 5.998331894661267372e-01
7.916813487046279185e-01 8.592292182449978721e-01
8.042477193189870865e-01 7.675257649542783778e-01
8.168140899333462546e-01 7.149502513058704212e-01
8.293804605477054226e-01 8.476019497166327188e-01
8.419468311620645906e-01 6.093130295971445065e-01
8.545132017764237586e-01 7.391076901407552802e-01
8.670795723907829267e-01 7.794617962969894176e-01
8.796459430051422057e-01 6.519881315686794077e-01
8.922123136195013737e-01 7.105467794511527435e-01
9.047786842338605418e-01 8.333611820315836027e-01
9.173450548482194877e-01 8.544078150278262562e-01
9.299114254625787668e-01 7.523138053830776828e-01
9.424777960769379348e-01 8.739783735591767355e-01
9.550441666912971028e-01 6.804433918464160014e-01
9.676105373056562708e-01 7.696654732879246730e-01
9.801769079200154389e-01 8.678063922697750732e-01
9.927432785343746069e-01 7.588726291805412139e-01
1.005309649148733886e+00 7.857516403337707622e-01
1.017876019763092943e+00 9.664574169078818944e-01
1.030442390377452222e+00 8.749549303698377356e-01
1.043008760991811279e+00 7.982825752997206870e-01
1.055575131606170558e+00 8.540246855888984356e-01
1.068141502220529837e+00 8.276455213021062240e-01
1.080707872834888894e+00 9.173770240577027169e-01
1.093274243449248173e+00 6.221353404038796331e-01
1.105840614063607008e+00 9.691118621606027439e-01
1.118406984677966287e+00 9.208141012329498221e-01
1.130973355292325566e+00 8.634011794541748275e-01
1.143539725906684623e+00 9.706809932665902974e-01
1.156106096521043902e+00 9.083851530631914528e-01
1.168672467135402959e+00 8.020191630399673421e-01
1.181238837749762238e+00 9.620991214792975477e-01
1.193805208364121295e+00 1.072295712120906908e+00
1.206371578978480574e+00 1.040919036302460077e+00
1.218937949592839853e+00 1.139654806178710622e+00
1.231504320207198910e+00 1.021453590316545812e+00
1.244070690821558189e+00 9.353444767705706431e-01
1.256637061435917246e+00 7.345951328799454894e-01
1.269203432050276525e+00 8.815490231309736080e-01
1.281769802664635582e+00 6.627122405582969167e-01
1.294336173278994861e+00 8.695223400577547501e-01
1.306902543893354141e+00 9.560607863570987908e-01
1.319468914507712975e+00 9.059464028389114798e-01
1.332035285122072255e+00 9.970797447432183658e-01
1.344601655736431534e+00 9.285146261047440008e-01
1.357168026350790591e+00 1.109885348483328205e+00
1.369734396965149870e+00 8.159835154438287441e-01
1.382300767579508927e+00 9.882669747316789044e-01
1.394867138193868206e+00 9.477597333081401176e-01
1.407433508808227263e+00 1.026291901357150538e+00
1.419999879422586542e+00 1.039618064335877445e+00
1.432566250036945821e+00 1.059053515559995162e+00
1.445132620651304878e+00 1.205882973566907879e+00
1.457698991265664157e+00 1.069206313833766631e+00
1.470265361880023214e+00 1.118859422364567591e+00
1.482831732494382493e+00 1.080939006982162498e+00
1.495398103108741550e+00 1.153657656507261819e+00
1.507964473723100607e+00 9.722099355955312605e-01
1.520530844337459886e+00 1.023547656938305739e+00
1.533097214951818943e+00 1.043070491404394451e+00
1.545663585566178222e+00 1.180247367650929968e+00
1.558229956180537279e+00 1.056038784007140352e+00
1.570796326794896558e+00 9.359894951273054486e-01
1.583362697409255837e+00 1.054583511276415253e+00
1.595929068023614894e+00 7.381661036006870180e-01
1.608495438637974173e+00 1.043998790129764709e+00
1.621061809252333230e+00 1.187938643950267270e+00
1.633628179866692509e+00 1.089090329117996525e+00
1.646194550481051566e+00 9.832645144084752875e-01
1.658760921095410845e+00 1.010233832930169218e+00
1.671327291709770124e+00 9.579169251690401454e-01
1.683893662324129181e+00 9.477842147792611138e-01
1.696460032938488460e+00 1.010426897038672056e+00
1.709026403552847517e+00 9.723773075718533665e-01
1.721592774167206796e+00 9.907866943385341685e-01
1.734159144781565853e+00 8.803262172472725577e-01
1.746725515395925132e+00 9.170770014964164663e-01
1.759291886010284411e+00 8.794586519973361938e-01
1.771858256624643468e+00 9.346904772547804940e-01
1.784424627239002747e+00 1.000070576991318072e+00
1.796990997853361804e+00 9.740786704342492275e-01
1.809557368467721084e+00 8.444600709720686549e-01
1.822123739082079918e+00 1.042533537387154041e+00
1.834690109696438975e+00 9.101588792666344130e-01
1.847256480310798255e+00 1.003238200649981593e+00
1.859822850925157534e+00 9.491846936954375646e-01
1.872389221539516591e+00 1.099357030461996176e+00
1.884955592153875870e+00 9.085870305561721816e-01
1.897521962768234927e+00 8.868483320544594539e-01
1.910088333382594206e+00 9.517294757671799221e-01
1.922654703996953263e+00 9.746586924868436697e-01
1.935221074611312542e+00 1.004641194544301452e+00
1.947787445225671821e+00 7.149481177681005217e-01
1.960353815840030878e+00 1.079888390994622638e+00
1.972920186454390157e+00 8.422587135838285333e-01
1.985486557068749214e+00 9.587728339286231138e-01
1.998052927683108493e+00 1.079632715322842662e+00
2.010619298297467772e+00 1.002611973279537994e+00
2.023185668911826607e+00 6.835073349960338884e-01
2.035752039526185886e+00 8.318891319845136412e-01
2.048318410140545165e+00 8.974713218894789790e-01
2.060884780754904444e+00 8.691445548557202860e-01
2.073451151369263723e+00 8.344730482718646369e-01
2.086017521983622558e+00 8.252608166528393463e-01
2.098583892597981837e+00 8.306018866279774038e-01
2.111150263212341116e+00 1.107501420918034718e+00
2.123716633826700395e+00 7.774717849994292607e-01
2.136283004441059674e+00 8.878768562731351732e-01
2.148849375055418509e+00 8.110445387426206132e-01
2.161415745669777788e+00 8.600652388317100439e-01
2.173982116284137067e+00 7.482297546187114401e-01
2.186548486898496346e+00 8.304181699997595922e-01
2.199114857512855181e+00 8.640066112183603098e-01
2.211681228127214016e+00 6.103848968727273450e-01
2.224247598741573295e+00 7.177486978053364552e-01
2.236813969355932574e+00 8.147404566713756235e-01
2.249380339970291853e+00 9.752398270245642431e-01
2.261946710584651132e+00 7.759516735866608395e-01
2.274513081199009967e+00 6.777102351805344149e-01
2.287079451813369246e+00 9.526374302661316795e-01
2.299645822427728525e+00 9.161384212891223733e-01
2.312212193042087804e+00 6.665094804628922676e-01
2.324778563656447083e+00 6.611028424422611405e-01
2.337344934270805918e+00 7.598653172581296689e-01
2.349911304885165197e+00 7.574978948349425645e-01
2.362477675499524477e+00 6.680442891600196775e-01
2.375044046113883756e+00 8.739235879461444423e-01
2.387610416728242591e+00 6.915693091526902148e-01
2.400176787342601870e+00 7.958651875300051248e-01
2.412743157956961149e+00 6.716106366141305628e-01
2.425309528571320428e+00 4.935700981282668542e-01
2.437875899185679707e+00 4.724505229223171510e-01
2.450442269800038542e+00 7.599539038350141551e-01
2.463008640414397821e+00 5.747075584026147821e-01
2.475575011028757100e+00 4.430737561206846697e-01
2.488141381643116379e+00 5.367311754723695927e-01
2.500707752257475658e+00 5.800198743834966697e-01
2.513274122871834493e+00 5.116110476617761194e-01
2.525840493486193772e+00 4.534640513862129296e-01
2.538406864100553051e+00 4.252562652340204918e-01
2.550973234714912330e+00 6.488334478200300515e-01
2.563539605329271165e+00 4.983577973870179090e-01
2.576105975943630444e+00 5.404618105496515890e-01
2.588672346557989723e+00 5.522534772030908146e-01
2.601238717172349002e+00 3.207987399575019105e-01
2.613805087786708281e+00 4.500318018374514506e-01
2.626371458401067116e+00 4.892369903714465784e-01
2.638937829015425951e+00 5.610894385096643067e-01
2.651504199629785230e+00 2.642741090591259612e-01
2.664070570244144509e+00 5.774319591212458969e-01
2.676636940858503788e+00 3.852120460499999233e-01
2.689203311472863067e+00 5.476205710140187310e-01
2.701769682087221902e+00 3.932620244111604269e-01
2.714336052701581181e+00 3.654937057437139813e-01
2.726902423315940460e+00 3.869772666934526706e-01
2.739468793930299739e+00 5.242913057632163643e-01
2.752035164544658574e+00 3.571373491318650673e-01
2.764601535159017853e+00 4.194913355401782562e-01
2.777167905773377132e+00 4.137320421273539273e-01
2.789734276387736411e+00 2.961606498417334032e-01
2.802300647002095690e+00 3.874802273871221781e-01
2.814867017616454525e+00 1.928412184822066167e-01
2.827433388230813804e+00 2.299479122947717391e-01
2.839999758845173083e+00 4.046961374705856374e-01
2.852566129459532362e+00 2.657421626700160466e-01
2.865132500073891642e+00 3.164901793200978752e-01
2.877698870688250476e+00 2.214062163001148109e-01
2.890265241302609756e+00 4.745552726927589893e-01
2.902831611916969035e+00 2.488838335241698452e-01
2.915397982531328314e+00 8.743082438156968283e-03
2.927964353145687149e+00 2.727757978302435826e-01
2.940530723760046428e+00 1.143591685349429760e-01
2.953097094374405707e+00 1.343383055855747465e-01
2.965663464988764986e+00 1.565656226490119984e-01
2.978229835603124265e+00 1.452155158912065980e-01
2.990796206217483100e+00 3.020603479253640422e-02
3.003362576831842379e+00 3.897288434099827059e-01
3.015928947446201214e+00 3.281587101714110444e-02
3.028495318060560493e+00 3.182131263671629517e-02
3.041061688674919772e+00 -2.194986930323869490e-02
3.053628059289279051e+00 5.295324799022171902e-02
3.066194429903637886e+00 7.363243931267288156e-02
3.078760800517997165e+00 -1.060002942910544810e-01
3.091327171132356444e+00 1.807527339407395961e-01
3.103893541746715723e+00 1.590770939794549366e-01
3.116459912361074558e+00 -4.791379925889167890e-02
3.129026282975433837e+00 4.153736008054185330e-02
3.141592653589793116e+00 -1.091136075485523022e-01
3.154159024204152395e+00 8.461460854973212528e-03
3.166725394818511674e+00 -1.890954217689107819e-01
3.179291765432870509e+00 4.217821885050315744e-02
3.191858136047229788e+00 -6.466512821787326337e-03
3.204424506661589067e+00 -2.451937094213174628e-01
3.216990877275948346e+00 4.745128169745704838e-03
3.229557247890307181e+00 3.825008642648133894e-03
3.242123618504666460e+00 -1.417673722954438664e-01
3.254689989119025739e+00 -9.984545700302789595e-02
3.267256359733385018e+00 -1.385455693483798045e-01
3.279822730347744297e+00 3.102355752997643101e-02
3.292389100962103132e+00 -1.839818635843173678e-01
3.304955471576462411e+00 -3.406837699622245474e-01
3.317521842190821690e+00 -2.835017833556756073e-01
3.330088212805180969e+00 -5.939402338123875302e-02
3.342654583419540248e+00 -1.711566808410698026e-01
3.355220954033899083e+00 -1.121086590168612201e-01
3.367787324648258362e+00 -1.292582692581386028e-01
3.380353695262617642e+00 -3.263664892985780330e-01
3.392920065876976921e+00 -2.733840564458472899e-01
3.405486436491335756e+00 -8.493891003906156589e-02
3.418052807105695035e+00 -1.893572078495888711e-01
3.430619177720054314e+00 -2.260967822621449685e-01
3.443185548334413593e+00 -2.854608785367696577e-01
3.455751918948772872e+00 -4.797394512526107491e-01
3.468318289563131707e+00 -1.254102044855163189e-01
3.480884660177490986e+00 -2.875650485116102439e-01
3.493451030791850265e+00 -2.055647149822426578e-01
3.506017401406209544e+00 -2.621617796533383116e-01
3.518583772020568823e+00 -3.545141918834363026e-01
3.531150142634927658e+00 -2.238031203448604955e-01
3.543716513249286937e+00 -4.851510691100096029e-01
3.556282883863646216e+00 -5.330759611115822860e-01
3.568849254478005495e+00 -4.903494087260577561e-01
3.581415625092364330e+00 -2.809890574525992779e-01
3.593981995706723609e+00 -3.608457325071295907e-01
3.606548366321082888e+00 -5.258914933109546386e-01
3.619114736935442167e+00 -4.998685691222051197e-01
3.631681107549800558e+00 -4.859921206606649391e-01
3.644247478164159837e+00 -4.811857581145675411e-01
3.656813848778519116e+00 -7.001057054286806691e-01
3.669380219392877951e+00 -6.085320239111178253e-01
3.681946590007237230e+00 -5.785258858501707291e-01
3.694512960621596509e+00 -5.650931757395105670e-01
3.707079331235955788e+00 -3.906375506083353821e-01
3.719645701850315067e+00 -4.861501041261622746e-01
3.732212072464673902e+00 -5.227666782991239325e-01
3.744778443079033181e+00 -5.173615726818050486e-01
3.757344813693392460e+00 -5.112420223666527264e-01
3.769911184307751739e+00 -6.170851756144001277e-01
3.782477554922110574e+00 -7.290461550195903584e-01
3.795043925536469853e+00 -5.194249474762320240e-01
3.807610296150829132e+00 -6.235531863783445594e-01
3.820176666765188411e+00 -6.249958395503988351e-01
3.832743037379547690e+00 -7.567214136628254151e-01
3.845309407993906525e+00 -6.692676182046999322e-01
3.857875778608265804e+00 -7.014978442861848906e-01
3.870442149222625083e+00 -4.239213428075538914e-01
3.883008519836984362e+00 -7.544416920262358994e-01
3.895574890451343641e+00 -7.895117931386307353e-01
3.908141261065702476e+00 -6.153842425355731116e-01
3.920707631680061755e+00 -5.462135316204441704e-01
3.933274002294421035e+00 -6.222771713262960080e-01
3.945840372908780314e+00 -6.923393281266683186e-01
3.958406743523139149e+00 -6.635414391465919159e-01
3.970973114137498428e+00 -7.639410672691365756e-01
3.983539484751857707e+00 -8.118190655181143356e-01
3.996105855366216986e+00 -7.375158809174536811e-01
4.008672225980576265e+00 -6.711045132731736640e-01
4.021238596594935544e+00 -7.614323172264081396e-01
4.033804967209294823e+00 -8.215434516230902817e-01
4.046371337823653214e+00 -8.335461689890654169e-01
4.058937708438012493e+00 -8.793191767157474414e-01
4.071504079052371772e+00 -8.091012284058355375e-01
4.084070449666731051e+00 -1.025244386726924750e+00
4.096636820281090330e+00 -7.632961369961950293e-01
4.109203190895449609e+00 -7.073736452665145835e-01
4.121769561509808888e+00 -1.011745538105707665e+00
4.134335932124168167e+00 -7.330492736986382596e-01
4.146902302738527446e+00 -8.886301834935869115e-01
4.159468673352886725e+00 -1.006758946531328025e+00
4.172035043967245116e+00 -6.431506380071906337e-01
4.184601414581604395e+00 -1.070168365488850970e+00
4.197167785195963674e+00 -8.205445984991527331e-01
4.209734155810322953e+00 -1.048556932636806049e+00
4.222300526424682232e+00 -9.510411271935292898e-01
4.234866897039041511e+00 -1.019186073436674000e+00
4.247433267653400790e+00 -8.236253747889745735e-01
4.259999638267760069e+00 -8.239069365686215729e-01
4.272566008882119348e+00 -1.003110638709571178e+00
4.285132379496477739e+00 -7.919249688616415428e-01
4.297698750110837018e+00 -9.785109770893138936e-01
4.310265120725196297e+00 -9.551787494326295924e-01
4.322831491339555576e+00 -9.566408829821071436e-01
4.335397861953914855e+00 -1.062317265661043120e+00
4.347964232568274134e+00 -8.544496980887879012e-01
4.360530603182633413e+00 -7.778264253650969406e-01
4.373096973796992692e+00 -1.076883997614750621e+00
4.385663344411351972e+00 -7.859958387093159971e-01
4.398229715025710362e+00 -1.039930019834663932e+00
4.410796085640069641e+00 -1.017890404480236155e+00
4.423362456254428032e+00 -8.969786390043700264e-01
4.435928826868787311e+00 -8.534145642069022042e-01
4.448495197483146590e+00 -1.011492380373824940e+00
4.461061568097505869e+00 -9.816253705180937317e-01
4.473627938711865148e+00 -9.319844553392025999e-01
4.486194309326224428e+00 -1.094374443496705318e+00
4.498760679940583707e+00 -1.049570113134321581e+00
4.511327050554942986e+00 -9.003899102710763991e-01
4.523893421169302265e+00 -1.028524726366712772e+00
4.536459791783661544e+00 -1.002833248712593717e+00
4.549026162398019935e+00 -1.156408931476297752e+00
4.561592533012379214e+00 -9.274515372320085715e-01
4.574158903626738493e+00 -1.006676614077657517e+00
4.586725274241097772e+00 -9.804502112453163942e-01
4.599291644855457051e+00 -1.044571331030341277e+00
4.611858015469816330e+00 -1.039536672214810498e+00
4.624424386084175609e+00 -9.729298230823648641e-01
4.636990756698534888e+00 -9.418821418953238211e-01
4.649557127312894167e+00 -9.346248624982596009e-01
4.662123497927252558e+00 -1.148202148593163718e+00
4.674689868541611837e+00 -8.683104841130270257e-01
4.687256239155971116e+00 -9.888770519590597274e-01
4.699822609770330395e+00 -9.659310351166151554e-01
4.712388980384689674e+00 -9.142463307231318836e-01
4.724955350999048953e+00 -8.764752924267208423e-01
4.737521721613408232e+00 -1.068717509644374619e+00
4.750088092227767511e+00 -1.047008111574077471e+00
4.762654462842126790e+00 -9.003055116482169273e-01
4.775220833456485181e+00 -1.058146203754704029e+00
4.787787204070844460e+00 -1.091543497829174036e+00
4.800353574685203739e+00 -1.106380000436521627e+00
4.812919945299563018e+00 -1.065016371141664031e+00
4.825486315913922297e+00 -1.100088656647393970e+00
4.838052686528281576e+00 -8.920498343109281025e-01
4.850619057142640855e+00 -8.698045707035906293e-01
4.863185427757000134e+00 -9.414746149694763755e-01
4.875751798371359413e+00 -8.441059436190535559e-01
4.888318168985717804e+00 -8.314081547058357335e-01
4.900884539600077083e+00 -9.430437372100682891e-01
4.913450910214436362e+00 -1.034882208711778606e+00
4.926017280828795641e+00 -1.005157570495995190e+00
4.938583651443154920e+00 -1.031473733623387457e+00
4.951150022057514200e+00 -9.807441285125596542e-01
4.963716392671873479e+00 -9.763171738980531700e-01
4.976282763286232758e+00 -8.936242582222934105e-01
4.988849133900592037e+00 -8.775657866418339337e-01
5.001415504514951316e+00 -1.202275717567710567e+00
5.013981875129309707e+00 -9.584377886888084674e-01
5.026548245743668986e+00 -9.063595847156562524e-01
5.039114616358028265e+00 -8.774172890083137277e-01
5.051680986972387544e+00 -1.107493712025661381e+00
5.064247357586746823e+00 -1.053203785858026542e+00
5.076813728201106102e+00 -1.106395908931355976e+00
5.089380098815465381e+00 -1.027997815854646335e+00
5.101946469429824660e+00 -9.809540927394871934e-01
5.114512840044183939e+00 -8.098600287525545838e-01
5.127079210658542330e+00 -1.004205869019136221e+00
5.139645581272901609e+00 -8.598799359343725079e-01
5.152211951887260888e+00 -9.320702742773278038e-01
5.164778322501620167e+00 -1.090620528144207624e+00
5.177344693115979446e+00 -9.829373069912350491e-01
5.189911063730338725e+00 -8.485622276026681954e-01
5.202477434344698004e+00 -9.058602357637738356e-01
5.215043804959057283e+00 -8.650616625434772722e-01
5.227610175573416562e+00 -7.449217902270428571e-01
5.240176546187774953e+00 -8.838826790326718141e-01
5.252742916802134232e+00 -8.911070746911365914e-01
5.265309287416492623e+00 -8.644101721495360824e-01
5.277875658030851902e+00 -9.600148350400782293e-01
5.290442028645211181e+00 -8.975231060383770387e-01
5.303008399259570460e+00 -8.150300233725960020e-01
5.315574769873929739e+00 -7.816556495484094924e-01
5.328141140488289018e+00 -6.733355658391254606e-01
5.340707511102648297e+00 -8.204675753799606230e-01
5.353273881717007576e+00 -8.738331393882634579e-01
5.365840252331366855e+00 -5.855803881099284069e-01
5.378406622945726134e+00 -8.291036316443698428e-01
5.390972993560084525e+00 -9.206464398195208787e-01
5.403539364174443804e+00 -6.974382790136858246e-01
5.416105734788803083e+00 -6.942223223371580820e-01
5.428672105403162362e+00 -8.019914704048203280e-01
5.441238476017521641e+00 -6.280281013927977440e-01
5.453804846631880920e+00 -6.805341106048123923e-01
5.466371217246240199e+00 -8.793098589096091100e-01
5.478937587860599479e+00 -6.141124407205604818e-01
5.491503958474958758e+00 -5.792341773678020278e-01
5.504070329089317148e+00 -7.404893704072907923e-01
5.516636699703676427e+00 -8.002734209725337333e-01
5.529203070318035707e+00 -8.407893885923996002e-01
5.541769440932394986e+00 -4.864760233914263710e-01
5.554335811546754265e+00 -5.773393624251812462e-01
5.566902182161113544e+00 -6.671879418497614900e-01
5.579468552775472823e+00 -6.400756001617718960e-01
5.592034923389832102e+00 -5.625225347660527397e-01
5.604601294004191381e+00 -6.978985042474804557e-01
5.617167664618549772e+00 -6.144246781850707384e-01
5.629734035232909051e+00 -5.364014827518576167e-01
5.642300405847268330e+00 -6.762792406786186650e-01
5.654866776461627609e+00 -4.939670254943540062e-01
5.667433147075986888e+00 -5.730597504271851550e-01
5.679999517690346167e+00 -6.741365599369344430e-01
5.692565888304705446e+00 -6.050290481887375948e-01
5.705132258919064725e+00 -6.657086349694985028e-01
5.717698629533424004e+00 -6.743692383824777536e-01
5.730265000147783283e+00 -5.267812999320431455e-01
5.742831370762141674e+00 -5.375013165249944436e-01
5.755397741376500953e+00 -4.849802644807896801e-01
5.767964111990860232e+00 -4.011809653161725331e-01
5.780530482605219511e+00 -4.189025564882022934e-01
5.793096853219578790e+00 -3.552328812968282845e-01
5.805663223833938069e+00 -6.244913069482908030e-01
5.818229594448297348e+00 -4.613818547202683251e-01
5.830795965062656627e+00 -4.067061797995170647e-01
5.843362335677015906e+00 -4.663007141961045821e-01
5.855928706291374297e+00 -2.992745930238203123e-01
5.868495076905733576e+00 -3.677446890270245072e-01
5.881061447520092855e+00 -5.325977873409928343e-01
5.893627818134452134e+00 -3.844198507660148700e-01
5.906194188748811413e+00 -4.364828821174904783e-01
5.918760559363170692e+00 -3.939922248192664345e-01
5.931326929977529971e+00 -2.364286922833025995e-01
5.943893300591889250e+00 -5.386839011239549224e-01
5.956459671206248530e+00 -4.979008734197675201e-01
5.969026041820606920e+00 -3.268652682339971971e-01
5.981592412434966199e+00 -3.585908780684153863e-01
5.994158783049325478e+00 -3.266241018539027263e-01
6.006725153663684758e+00 -4.532716024386520548e-01
6.019291524278044037e+00 -3.138299104554998498e-01
6.031857894892402427e+00 -3.509792244926595028e-01
6.044424265506761706e+00 -3.315582134215382393e-01
6.056990636121120986e+00 -3.460272858110969296e-01
6.069557006735480265e+00 -1.440223293817843864e-01
6.082123377349839544e+00 -1.569031654893493499e-01
6.094689747964198823e+00 -8.900062459345600696e-02
6.107256118578558102e+00 -2.069425909381680806e-02
6.119822489192916493e+00 -3.562739306757241042e-01
6.132388859807275772e+00 -1.411642172099662751e-01
6.144955230421635051e+00 -2.204432372323793521e-01
6.157521601035994330e+00 -2.084653933712116436e-01
6.170087971650353609e+00 -2.419447573855880163e-01
6.182654342264712888e+00 -8.197843133126483939e-02
6.195220712879072167e+00 -2.397389509449293632e-01
6.207787083493431446e+00 7.290687840602175229e-02
6.220353454107790725e+00 -1.527784801884854438e-01
6.232919824722149116e+00 -1.763923601610214303e-02
6.245486195336508395e+00 -1.590242536253823891e-01
6.258052565950867674e+00 9.487492356473212207e-02
6.270618936565226953e+00 -2.093010324233185449e-02
