0.000000000000000000e+00 9.424540473535431917e-04
1.256637061435917323e-02 -7.598823011303887376e-02
2.513274122871834645e-02 1.952563373559407511e-01
3.769911184307751795e-02 1.016118442759438162e-01
5.026548245743669291e-02 1.939687363950019783e-02
6.283185307179586787e-02 6.970658254760661587e-02
7.539822368615503589e-02 -5.545134046509650472e-03
8.796459430051420392e-02 6.066516426215434049e-02
1.005309649148733858e-01 2.120275304061856603e-01
1.130973355292325677e-01 2.183657452292424028e-01
1.256637061435917357e-01 3.579153873466406344e-01
1.382300767579508760e-01 1.383636433971998370e-01
1.507964473723100718e-01 2.097878706600594945e-02
1.633628179866692676e-01 1.490369788132440421e-01
1.759291886010284078e-01 2.795530181039515560e-01
1.884955592153875759e-01 1.164876306955544838e-01
2.010619298297467716e-01 2.064712184794266214e-01
2.136283004441059397e-01 2.189988718717524874e-01
2.261946710584651354e-01 8.786295584354633648e-02
2.387610416728242757e-01 3.653314920637523722e-01
2.513274122871834715e-01 1.547642692802203013e-01
2.638937829015426395e-01 2.143789131251701563e-01
2.764601535159017520e-01 1.226064391886835248e-01
2.890265241302609756e-01 3.369202838596083716e-01
3.015928947446201436e-01 1.471653875386770005e-01
3.141592653589793116e-01 3.837203362008861363e-01
3.267256359733385351e-01 4.741145389923009934e-01
3.392920065876976476e-01 3.724432556747651057e-01
3.518583772020568157e-01 2.981001489250285075e-01
3.644247478164160392e-01 2.193482359546900240e-01
3.769911184307751517e-01 3.642775526776975692e-01
3.895574890451343197e-01 3.498637837179492394e-01
4.021238596594935433e-01 3.723578378030087954e-01
4.146902302738527113e-01 3.371158802859236525e-01
4.272566008882118793e-01 2.658834965979901543e-01
4.398229715025711029e-01 6.054375404347657197e-01
4.523893421169302709e-01 5.408737801818462865e-01
4.649557127312893834e-01 3.105503893188877873e-01
4.775220833456485514e-01 4.875271714913672616e-01
4.900884539600077194e-01 4.714839031159243632e-01
5.026548245743669430e-01 4.175716683944925567e-01
5.152211951887261110e-01 4.965299248037457480e-01
5.277875658030852790e-01 5.235301176829820768e-01
5.403539364174444470e-01 5.912636320938026158e-01
5.529203070318035040e-01 4.950896373032108722e-01
5.654866776461627831e-01 3.176172178261005286e-01
5.780530482605219511e-01 6.015118649434324505e-01
5.906194188748811191e-01 4.775203691448909327e-01
6.031857894892402872e-01 5.986377958656784459e-01
6.157521601035994552e-01 6.522924175484815512e-01
6.283185307179586232e-01 6.327118594973388799e-01
6.408849013323177912e-01 8.129005022189172980e-01
6.534512719466770703e-01 4.598445720135552750e-01
6.660176425610361273e-01 7.852662571380787382e-01
6.785840131753952953e-01 5.510543669848749770e-01
6.911503837897544633e-01 5.382055766487804371e-01
7.037167544041136313e-01 7.073456356051861516e-01
7.162831250184729104e-01 8.110532793915770089e-01
7.288494956328320784e-01 6.285128331591619544e-01
7.414158662471912464e-01 6.387026139802618463e-01
7.539822368615503034e-01 6.681910928476302303e-01
7.665486074759094715e-01 6.084297335117450078e-01
7.791149780902686395e-01 7.821634927939904447e-01
7.916813487046279185e-01 9.452522088134616141e-01
8.042477193189870865e-01 7.431280652793283981e-01
8.168140899333462546e-01 6.823785964309606600e-01
8.293804605477054226e-01 8.346674918465221138e-01
8.419468311620645906e-01 8.068665205337826052e-01
8.545132017764237586e-01 6.651846261895622003e-01
8.670795723907829267e-01 7.074666212359231876e-01
8.796459430051422057e-01 7.971760841634394357e-01
8.922123136195013737e-01 5.968609783181255679e-01
9.047786842338605418e-01 8.300410159751429040e-01
9.173450548482194877e-01 6.060912767544087698e-01
9.299114254625787668e-01 6.848451837509714757e-01
9.424777960769379348e-01 6.967831607332813926e-01
9.550441666912971028e-01 8.278612704869119376e-01
9.676105373056562708e-01 7.998117950368652807e-01
9.801769079200154389e-01 8.158300877741334611e-01
9.927432785343746069e-01 7.731608006604263617e-01
1.005309649148733886e+00 7.940546442800276994e-01
1.017876019763092943e+00 8.505547061160995126e-01
1.030442390377452222e+00 7.782624791913056450e-01
1.043008760991811279e+00 7.992196084477102280e-01
1.055575131606170558e+00 8.986029897787517484e-01
1.068141502220529837e+00 7.381120244787855444e-01
1.080707872834888894e+00 8.972325489977076574e-01
1.093274243449248173e+00 8.758404127475439838e-01
1.105840614063607008e+00 8.319189407585741991e-01
1.118406984677966287e+00 1.059604432819905018e+00
1.130973355292325566e+00 7.349211299831956978e-01
1.143539725906684623e+00 1.116525288878351674e+00
1.156106096521043902e+00 9.780720282399522070e-01
1.168672467135402959e+00 9.559762330899125304e-01
1.181238837749762238e+00 7.806353739574182216e-01
1.193805208364121295e+00 9.677743669416047911e-01
1.206371578978480574e+00 8.590382293512617284e-01
1.218937949592839853e+00 8.151116060953567111e-01
1.231504320207198910e+00 1.077494628645196073e+00
1.244070690821558189e+00 9.241575192462649913e-01
1.256637061435917246e+00 8.295922533891388895e-01
1.269203432050276525e+00 7.802847364530840490e-01
1.281769802664635582e+00 9.786641726258951124e-01
1.294336173278994861e+00 1.043390742152541906e+00
1.306902543893354141e+00 1.096863702428401144e+00
1.319468914507712975e+00 9.821536315498853309e-01
1.332035285122072255e+00 9.190268534657877186e-01
1.344601655736431534e+00 9.362595178549888431e-01
1.357168026350790591e+00 1.075862736454630930e+00
1.369734396965149870e+00 9.107825477337332387e-01
1.382300767579508927e+00 1.015801906452952652e+00
1.394867138193868206e+00 1.007970010232220215e+00
1.407433508808227263e+00 9.535740512509012223e-01
1.419999879422586542e+00 1.123460068536690670e+00
1.432566250036945821e+00 9.253798957485983578e-01
1.445132620651304878e+00 8.648541817911039598e-01
1.457698991265664157e+00 8.905966412659724885e-01
1.470265361880023214e+00 9.225690108209121387e-01
1.482831732494382493e+00 1.094379346411468834e+00
1.495398103108741550e+00 8.891367645639181028e-01
1.507964473723100607e+00 1.018007772753107387e+00
1.520530844337459886e+00 1.037736807228843094e+00
1.533097214951818943e+00 1.035382731900187592e+00
1.545663585566178222e+00 1.013919265296666872e+00
1.558229956180537279e+00 1.075547546627639850e+00
1.570796326794896558e+00 1.012571263483386552e+00
1.583362697409255837e+00 9.789214902894609605e-01
1.595929068023614894e+00 1.105732532078282260e+00
1.608495438637974173e+00 1.009791637202664960e+00
1.621061809252333230e+00 1.030072950378135843e+00
1.633628179866692509e+00 1.096059900467492021e+00
1.646194550481051566e+00 8.337162885399302947e-01
1.658760921095410845e+00 9.549204965331561379e-01
1.671327291709770124e+00 1.183365051064210194e+00
1.683893662324129181e+00 9.035639680397009599e-01
1.696460032938488460e+00 1.130288582097042749e+00
1.709026403552847517e+00 9.836942198900566758e-01
1.721592774167206796e+00 1.054428072761262936e+00
1.734159144781565853e+00 9.512907516183058965e-01
1.746725515395925132e+00 1.092849382206535491e+00
1.759291886010284411e+00 8.664489702944924154e-01
1.771858256624643468e+00 7.472376008457557450e-01
1.784424627239002747e+00 8.696417069758534124e-01
1.796990997853361804e+00 8.433567085088571336e-01
1.809557368467721084e+00 9.109968617960749748e-01
1.822123739082079918e+00 1.006752265617934627e+00
1.834690109696438975e+00 9.492740592029302871e-01
1.847256480310798255e+00 1.099572063728361915e+00
1.859822850925157534e+00 8.896336253393610782e-01
1.872389221539516591e+00 1.001737144173732608e+00
1.884955592153875870e+00 8.875725793595899971e-01
1.897521962768234927e+00 9.295534361973485371e-01
1.910088333382594206e+00 8.395784508971334548e-01
1.922654703996953263e+00 1.026728001846491267e+00
1.935221074611312542e+00 8.773159831469282688e-01
1.947787445225671821e+00 9.384082991184972133e-01
1.960353815840030878e+00 9.872744217297468872e-01
1.972920186454390157e+00 9.034024601893517747e-01
1.985486557068749214e+00 9.078118914454091914e-01
1.998052927683108493e+00 9.998235538196510452e-01
2.010619298297467772e+00 1.125544868244492847e+00
2.023185668911826607e+00 8.383841474200565136e-01
2.035752039526185886e+00 9.303297628166061761e-01
2.048318410140545165e+00 6.833614858253369562e-01
2.060884780754904444e+00 9.063545717745653540e-01
2.073451151369263723e+00 8.541031060859164414e-01
2.086017521983622558e+00 7.356639756650453776e-01
2.098583892597981837e+00 7.721789248237013181e-01
2.111150263212341116e+00 8.557562727897384258e-01
2.123716633826700395e+00 1.016593255503694282e+00
2.136283004441059674e+00 7.486516559529113879e-01
2.148849375055418509e+00 8.351404494436893700e-01
2.161415745669777788e+00 8.147176057014163808e-01
2.173982116284137067e+00 8.099862557579897704e-01
2.186548486898496346e+00 7.819256958504803290e-01
2.199114857512855181e+00 8.855149059283401458e-01
2.211681228127214016e+00 6.524547495989527768e-01
2.224247598741573295e+00 8.198897071018902416e-01
2.236813969355932574e+00 7.197319136184586741e-01
2.249380339970291853e+00 7.606799207049405043e-01
2.261946710584651132e+00 7.878806305839223256e-01
2.274513081199009967e+00 7.146343064614117946e-01
2.287079451813369246e+00 6.760114932581922087e-01
2.299645822427728525e+00 6.477053692674554775e-01
2.312212193042087804e+00 9.153579247158623033e-01
2.324778563656447083e+00 7.271171162460103865e-01
2.337344934270805918e+00 6.871344920542540313e-01
2.349911304885165197e+00 8.284631442958161340e-01
2.362477675499524477e+00 5.964023308171791937e-01
2.375044046113883756e+00 6.937181053053279589e-01
2.387610416728242591e+00 7.496058727723782233e-01
2.400176787342601870e+00 7.110565258996721649e-01
2.412743157956961149e+00 6.942477540460365582e-01
2.425309528571320428e+00 7.169602258465394007e-01
2.437875899185679707e+00 7.034008271785844313e-01
2.450442269800038542e+00 6.447839038930841538e-01
2.463008640414397821e+00 3.606059297727413626e-01
2.475575011028757100e+00 4.846461938889817800e-01
2.488141381643116379e+00 6.601895807897548707e-01
2.500707752257475658e+00 8.001432501485459259e-01
2.513274122871834493e+00 6.240572083487085919e-01
2.525840493486193772e+00 7.328347532404236864e-01
2.538406864100553051e+00 5.020572651411008280e-01
2.550973234714912330e+00 4.216838987163589181e-01
2.563539605329271165e+00 4.860699849605185641e-01
2.576105975943630444e+00 4.142583416777401717e-01
2.588672346557989723e+00 6.902423282720434594e-01
2.601238717172349002e+00 5.231918933950369111e-01
2.613805087786708281e+00 5.222114439541720721e-01
2.626371458401067116e+00 4.482802906949187038e-01
2.638937829015425951e+00 4.211118893904906013e-01
2.651504199629785230e+00 4.604509490667483829e-01
2.664070570244144509e+00 3.978168461607469730e-01
2.676636940858503788e+00 4.050268132294996271e-01
2.689203311472863067e+00 4.623717708910979884e-01
2.701769682087221902e+00 3.079302351773763879e-01
2.714336052701581181e+00 3.792310145420704215e-01
2.726902423315940460e+00 2.572184802249195545e-01
2.739468793930299739e+00 3.045475719499319278e-01
2.752035164544658574e+00 4.347619753474941673e-01
2.764601535159017853e+00 3.200318774689713264e-01
2.777167905773377132e+00 1.602623502320157101e-01
2.789734276387736411e+00 3.092398936925763175e-01
2.802300647002095690e+00 3.165975449729484525e-01
2.814867017616454525e+00 3.776440356475357363e-01
2.827433388230813804e+00 2.173147972239322656e-01
2.839999758845173083e+00 3.796060373057217330e-01
2.852566129459532362e+00 4.782315991138264000e-01
2.865132500073891642e+00 1.445884690008006901e-01
2.877698870688250476e+00 3.826187791295387886e-01
2.890265241302609756e+00 2.428375930678538519e-01
2.902831611916969035e+00 2.372635828580479667e-01
2.915397982531328314e+00 1.443222619028693143e-01
2.927964353145687149e+00 1.193832371316423391e-01
2.940530723760046428e+00 3.079642309106137010e-02
2.953097094374405707e+00 1.607732543949576265e-01
2.965663464988764986e+00 3.310914898975975684e-01
2.978229835603124265e+00 9.405488440405940231e-02
2.990796206217483100e+00 4.513506008453238572e-02
3.003362576831842379e+00 9.237249070485348268e-02
3.015928947446201214e+00 1.103894000406589193e-01
3.028495318060560493e+00 1.119050943237679119e-01
3.041061688674919772e+00 -5.980410063072005844e-02
3.053628059289279051e+00 1.349833064022239459e-01
3.066194429903637886e+00 1.472284725383505299e-01
3.078760800517997165e+00 8.987747095395448582e-02
3.091327171132356444e+00 2.397582484146736637e-01
3.103893541746715723e+00 1.957171104864775524e-01
3.116459912361074558e+00 3.261990308907537772e-03
3.129026282975433837e+00 -9.519644303485537418e-02
3.141592653589793116e+00 1.363334808771163031e-01
3.154159024204152395e+00 -3.315784434077042458e-02
3.166725394818511674e+00 7.443026362955056097e-02
3.179291765432870509e+00 1.146667121102745712e-02
3.191858136047229788e+00 -8.483026475034861902e-02
3.204424506661589067e+00 -1.171081487854136322e-01
3.216990877275948346e+00 1.867639228268778984e-02
3.229557247890307181e+00 -9.230619650068461191e-02
3.242123618504666460e+00 -7.889177104780736860e-03
3.254689989119025739e+00 -2.582348054811772764e-01
3.267256359733385018e+00 -9.713081181172422696e-02
3.279822730347744297e+00 -9.527971785848121655e-02
3.292389100962103132e+00 -1.910392292012170479e-01
3.304955471576462411e+00 -5.477871659639771407e-02
3.317521842190821690e+00 -1.823989402645575242e-01
3.330088212805180969e+00 -1.325240313139895709e-01
3.342654583419540248e+00 -1.546407573041385652e-01
3.355220954033899083e+00 -2.877217323633592949e-01
3.367787324648258362e+00 -4.075928408690805971e-01
3.380353695262617642e+00 -2.118996101928901643e-01
3.392920065876976921e+00 -3.453688734079873313e-01
3.405486436491335756e+00 -4.149718704039226380e-01
3.418052807105695035e+00 -3.874241934691444178e-01
3.430619177720054314e+00 -2.388045713388340374e-01
3.443185548334413593e+00 -2.788748782412165395e-01
3.455751918948772872e+00 -2.672547950263898242e-01
3.468318289563131707e+00 -3.211297247370783481e-01
3.480884660177490986e+00 -3.291492680717074681e-01
3.493451030791850265e+00 -7.350898807274502955e-02
3.506017401406209544e+00 -2.691590039543527157e-01
3.518583772020568823e+00 -4.750099977238543270e-01
3.531150142634927658e+00 -2.652672675457180551e-01
3.543716513249286937e+00 -3.092002258244309076e-01
3.556282883863646216e+00 -6.254452416050875208e-01
3.568849254478005495e+00 -3.453094460730786741e-01
3.581415625092364330e+00 -3.525938004785684199e-01
3.593981995706723609e+00 -3.810856937309265446e-01
3.606548366321082888e+00 -6.852178851150534378e-01
3.619114736935442167e+00 -3.786899777382289889e-01
3.631681107549800558e+00 -5.313131530589350060e-01
3.644247478164159837e+00 -6.754387697529888879e-01
3.656813848778519116e+00 -6.585133669280095470e-01
3.669380219392877951e+00 -5.728747999531353940e-01
3.681946590007237230e+00 -5.448225664822271552e-01
3.694512960621596509e+00 -5.527738825247564547e-01
3.707079331235955788e+00 -5.701928983055943867e-01
3.719645701850315067e+00 -5.481934188843134992e-01
3.732212072464673902e+00 -5.625461498445510911e-01
3.744778443079033181e+00 -5.406837132418003122e-01
3.757344813693392460e+00 -5.171280331097021232e-01
3.769911184307751739e+00 -6.562257345123798657e-01
3.782477554922110574e+00 -8.057675320154336074e-01
3.795043925536469853e+00 -6.470476813802464866e-01
3.807610296150829132e+00 -5.608683655360960918e-01
3.820176666765188411e+00 -6.600180470365571983e-01
3.832743037379547690e+00 -6.962657126339213409e-01
3.845309407993906525e+00 -5.421115692659411733e-01
3.857875778608265804e+00 -7.168165029044580860e-01
3.870442149222625083e+00 -4.723553674326892438e-01
3.883008519836984362e+00 -6.223336728449857524e-01
3.895574890451343641e+00 -6.091151219038544173e-01
3.908141261065702476e+00 -8.057103808212860985e-01
3.920707631680061755e+00 -6.979930272682717263e-01
3.933274002294421035e+00 -7.713434311596639725e-01
3.945840372908780314e+00 -8.040225988504567933e-01
3.958406743523139149e+00 -9.303047745551128456e-01
3.970973114137498428e+00 -6.216988206391330651e-01
3.983539484751857707e+00 -6.908858169211520295e-01
3.996105855366216986e+00 -7.585092037399896459e-01
4.008672225980576265e+00 -9.130822225612811316e-01
4.021238596594935544e+00 -6.823065671237759089e-01
4.033804967209294823e+00 -6.507030136084860361e-01
4.046371337823653214e+00 -9.466668213453964809e-01
4.058937708438012493e+00 -7.889796635265907687e-01
4.071504079052371772e+00 -7.782977727577052862e-01
4.084070449666731051e+00 -7.715348441609262142e-01
4.096636820281090330e+00 -7.512695020323839623e-01
4.109203190895449609e+00 -5.646427858725517890e-01
4.121769561509808888e+00 -8.127278749502128141e-01
4.134335932124168167e+00 -7.183622784937453432e-01
4.146902302738527446e+00 -8.855445868037871149e-01
4.159468673352886725e+00 -7.754060530274756724e-01
4.172035043967245116e+00 -8.773687102694032180e-01
4.184601414581604395e+00 -1.061340099382119151e+00
4.197167785195963674e+00 -6.413597229989791426e-01
4.209734155810322953e+00 -9.339643281622121984e-01
4.222300526424682232e+00 -7.866388823976687705e-01
4.234866897039041511e+00 -8.388310687376617780e-01
4.247433267653400790e+00 -7.356559918924285846e-01
4.259999638267760069e+00 -1.016307589876907835e+00
4.272566008882119348e+00 -7.392239854152680145e-01
4.285132379496477739e+00 -9.392671078483110225e-01
4.297698750110837018e+00 -9.820404382185272674e-01
4.310265120725196297e+00 -9.105384712854013296e-01
4.322831491339555576e+00 -1.009233515038747919e+00
4.335397861953914855e+00 -9.455889273646163051e-01
4.347964232568274134e+00 -9.737801419132121605e-01
4.360530603182633413e+00 -9.979404352957265134e-01
4.373096973796992692e+00 -1.075146081013811816e+00
4.385663344411351972e+00 -1.104250941155118904e+00
4.398229715025710362e+00 -9.273168746097292248e-01
4.410796085640069641e+00 -1.085309622277676800e+00
4.423362456254428032e+00 -1.020987007598801899e+00
4.435928826868787311e+00 -9.706735432618994741e-01
4.448495197483146590e+00 -1.000181412884986187e+00
4.461061568097505869e+00 -1.019743592987876646e+00
4.473627938711865148e+00 -9.634923679878606428e-01
4.486194309326224428e+00 -9.552851958677393007e-01
4.498760679940583707e+00 -1.061771382907828354e+00
4.511327050554942986e+00 -9.438014194214151553e-01
4.523893421169302265e+00 -8.117935448167588053e-01
4.536459791783661544e+00 -9.340621894773241118e-01
4.549026162398019935e+00 -1.133041764831609122e+00
4.561592533012379214e+00 -1.174005366085926205e+00
4.574158903626738493e+00 -9.756069371711116878e-01
4.586725274241097772e+00 -1.034357189901923268e+00
4.599291644855457051e+00 -9.046554540020611546e-01
4.611858015469816330e+00 -9.587912020367845845e-01
4.624424386084175609e+00 -9.756211822096678699e-01
4.636990756698534888e+00 -9.862541044298637205e-01
4.649557127312894167e+00 -1.006653409364422824e+00
4.662123497927252558e+00 -9.085949965869770661e-01
4.674689868541611837e+00 -1.096282578921750739e+00
4.687256239155971116e+00 -8.658298268593340730e-01
4.699822609770330395e+00 -1.003397981285637286e+00
4.712388980384689674e+00 -9.258992582320555442e-01
4.724955350999048953e+00 -1.034227860328993609e+00
4.737521721613408232e+00 -1.161137235355168107e+00
4.750088092227767511e+00 -1.007245716331066854e+00
4.762654462842126790e+00 -1.004812298524184522e+00
4.775220833456485181e+00 -9.903636552534215154e-01
4.787787204070844460e+00 -9.422056234910880512e-01
4.800353574685203739e+00 -9.831340818028951878e-01
4.812919945299563018e+00 -1.205232091943009953e+00
4.825486315913922297e+00 -8.359513130823859051e-01
4.838052686528281576e+00 -9.180640200736739365e-01
4.850619057142640855e+00 -9.069635841157577261e-01
4.863185427757000134e+00 -1.102738265602503764e+00
4.875751798371359413e+00 -1.013747835771162897e+00
4.888318168985717804e+00 -8.337572586868409186e-01
4.900884539600077083e+00 -9.314926474893314712e-01
4.913450910214436362e+00 -9.701230389284035693e-01
4.926017280828795641e+00 -1.085334789021051627e+00
4.938583651443154920e+00 -8.438789781041969862e-01
4.951150022057514200e+00 -8.510769141939681370e-01
4.963716392671873479e+00 -9.967340509498948675e-01
4.976282763286232758e+00 -9.972433186331853827e-01
4.988849133900592037e+00 -1.027178264603755720e+00
5.001415504514951316e+00 -1.081850937659255774e+00
5.013981875129309707e+00 -9.882231456382258861e-01
5.026548245743668986e+00 -8.138201195231924423e-01
5.039114616358028265e+00 -9.567737004696966752e-01
5.051680986972387544e+00 -9.166806728275725957e-01
5.064247357586746823e+00 -1.247990980452987175e+00
5.076813728201106102e+00 -9.800518550148098473e-01
5.089380098815465381e+00 -9.601857552499435400e-01
5.101946469429824660e+00 -1.016590752158222255e+00
5.114512840044183939e+00 -7.745411454963539999e-01
5.127079210658542330e+00 -9.858889628418737727e-01
5.139645581272901609e+00 -9.396026893499307420e-01
5.152211951887260888e+00 -9.113189732828135270e-01
5.164778322501620167e+00 -8.763975784148505532e-01
5.177344693115979446e+00 -8.836351451048199968e-01
5.189911063730338725e+00 -8.906797914096613589e-01
5.202477434344698004e+00 -9.189127737151285835e-01
5.215043804959057283e+00 -6.741589830486423018e-01
5.227610175573416562e+00 -8.589349424574086456e-01
5.240176546187774953e+00 -7.837903995022846848e-01
5.252742916802134232e+00 -9.843125732853298393e-01
5.265309287416492623e+00 -8.238286749234875472e-01
5.277875658030851902e+00 -1.008755732689563978e+00
5.290442028645211181e+00 -7.779086265446539805e-01
5.303008399259570460e+00 -8.266711781933763215e-01
5.315574769873929739e+00 -8.634938626460662014e-01
5.328141140488289018e+00 -9.199960484953999540e-01
5.340707511102648297e+00 -8.602357549684598315e-01
5.353273881717007576e+00 -8.639579257352282271e-01
5.365840252331366855e+00 -8.429336027159790579e-01
5.378406622945726134e+00 -8.658688924704330825e-01
5.390972993560084525e+00 -9.160443653134375808e-01
5.403539364174443804e+00 -7.405713879318862602e-01
5.416105734788803083e+00 -8.295215339639880892e-01
5.428672105403162362e+00 -9.005408310014535456e-01
5.441238476017521641e+00 -6.997509410403652819e-01
5.453804846631880920e+00 -5.975325232097390415e-01
5.466371217246240199e+00 -7.434654930842748977e-01
5.478937587860599479e+00 -7.646707627984247191e-01
5.491503958474958758e+00 -7.507678338114462946e-01
5.504070329089317148e+00 -7.225995828593677617e-01
5.516636699703676427e+00 -5.792193593404608709e-01
5.529203070318035707e+00 -7.467145420862086880e-01
5.541769440932394986e+00 -6.894011652082797648e-01
5.554335811546754265e+00 -6.874242356946316246e-01
5.566902182161113544e+00 -7.648090276802698151e-01
5.579468552775472823e+00 -6.118505209655811239e-01
5.592034923389832102e+00 -6.243467178447695831e-01
5.604601294004191381e+00 -8.132247224355672044e-01
5.617167664618549772e+00 -5.952701120774699373e-01
5.629734035232909051e+00 -6.171068818736388240e-01
5.642300405847268330e+00 -5.505541826661510818e-01
5.654866776461627609e+00 -6.554441461313205153e-01
5.667433147075986888e+00 -5.256348636599244006e-01
5.679999517690346167e+00 -7.645633657896976354e-01
5.692565888304705446e+00 -3.765766971965037735e-01
5.705132258919064725e+00 -5.661199482859605725e-01
5.717698629533424004e+00 -4.356397371147680553e-01
5.730265000147783283e+00 -6.016817890132006852e-01
5.742831370762141674e+00 -5.388655659617408444e-01
5.755397741376500953e+00 -7.328039371178589612e-01
5.767964111990860232e+00 -3.764742876414827188e-01
5.780530482605219511e+00 -4.595328436417581708e-01
5.793096853219578790e+00 -4.738174365215446215e-01
5.805663223833938069e+00 -4.499734614999581495e-01
5.818229594448297348e+00 -5.721118052404883247e-01
5.830795965062656627e+00 -5.028274588573032888e-01
5.843362335677015906e+00 -3.924544531033808958e-01
5.855928706291374297e+00 -4.117312684523666277e-01
5.868495076905733576e+00 -3.774942298846208355e-01
5.881061447520092855e+00 -3.673003468379366643e-01
5.893627818134452134e+00 -4.330675223196047696e-01
5.906194188748811413e+00 -1.065290822098732271e-01
5.918760559363170692e+00 -3.083858438373688893e-01
5.931326929977529971e+00 -3.940162567865889143e-01
5.943893300591889250e+00 -3.807599135977044469e-01
5.956459671206248530e+00 -1.796172084243636280e-01
5.969026041820606920e+00 -4.842735716375432542e-01
5.981592412434966199e+00 -3.000956305454664519e-01
5.994158783049325478e+00 -1.911215327927852647e-01
6.006725153663684758e+00 -4.200931175128067019e-01
6.019291524278044037e+00 -3.069274642017452703e-01
6.031857894892402427e+00 -1.694845380078592312e-01
6.044424265506761706e+00 -2.881744092720661121e-01
6.056990636121120986e+00 -2.149084057844834750e-01
6.069557006735480265e+00 -3.976488232304196679e-01
6.082123377349839544e+00 -2.667453808103542601e-03
6.094689747964198823e+00 -7.618214124743499793e-02
6.107256118578558102e+00 -9.892145094860711751e-02
6.119822489192916493e+00 -9.878157625055410118e-02
6.132388859807275772e+00 -3.467107623991163567e-01
6.144955230421635051e+00 -1.025001903426797645e-01
6.157521601035994330e+00 -1.597028595031963205e-01
6.170087971650353609e+00 -6.280191093465062324e-02
6.182654342264712888e+00 6.531237674366627277e-03
6.195220712879072167e+00 -4.287267999130302959e-02
6.207787083493431446e+00 -7.206771446732396225e-02
6.220353454107790725e+00 2.305660301373958776e-02
6.232919824722149116e+00 -8.683779421336418336e-02
6.245486195336508395e+00 -4.669546160177823202e-02
6.258052565950867674e+00 1.554550714883782825e-01
6.270618936565226953e+00 -9.397029092466734068e-02
