0.000000000000000000e+00 6.711436712241343472e-02
1.256637061435917323e-02 -8.844856602910952659e-02
2.513274122871834645e-02 2.315391128170512236e-01
3.769911184307751795e-02 1.348762853399581296e-01
5.026548245743669291e-02 1.460578749525869302e-01
6.283185307179586787e-02 -6.255979208546187664e-02
7.539822368615503589e-02 2.550692000428074202e-01
8.796459430051420392e-02 2.732392751084100624e-02
1.005309649148733858e-01 4.095597537094012447e-02
1.130973355292325677e-01 1.323920742885440205e-01
1.256637061435917357e-01 2.068116950075646332e-01
1.382300767579508760e-01 2.159444510630993685e-01
1.507964473723100718e-01 2.486558117846753846e-01
1.633628179866692676e-01 1.774057224925407183e-03
1.759291886010284078e-01 1.654514147176806282e-01
1.884955592153875759e-01 3.753687291056371778e-01
2.010619298297467716e-01 1.865063329189609598e-01
2.136283004441059397e-01 1.044068153091048667e-01
2.261946710584651354e-01 1.233813502552298796e-01
2.387610416728242757e-01 2.920646887636618172e-01
2.513274122871834715e-01 2.288127319245328306e-01
2.638937829015426395e-01 2.725474000206700165e-01
2.764601535159017520e-01 2.135671309040465260e-01
2.890265241302609756e-01 1.744380683769434226e-01
3.015928947446201436e-01 3.410002586298710447e-01
3.141592653589793116e-01 2.593339414924039077e-01
3.267256359733385351e-01 1.205286458382577586e-01
3.392920065876976476e-01 3.236044683463297211e-01
3.518583772020568157e-01 3.198976501243165904e-01
3.644247478164160392e-01 2.408912320621485748e-01
3.769911184307751517e-01 3.682750715458458779e-01
3.895574890451343197e-01 4.568260597468665196e-01
4.021238596594935433e-01 5.042526754348207740e-01
4.146902302738527113e-01 5.412354242102775936e-01
4.272566008882118793e-01 4.904020442861310447e-01
4.398229715025711029e-01 4.593711984944905957e-01
4.523893421169302709e-01 2.972139690367751608e-01
4.649557127312893834e-01 3.935572478687178188e-01
4.775220833456485514e-01 4.065594615475561779e-01
4.900884539600077194e-01 3.458482023697542762e-01
5.026548245743669430e-01 4.370280077812689346e-01
5.152211951887261110e-01 6.139413060461944571e-01
5.277875658030852790e-01 4.369485277605550388e-01
5.403539364174444470e-01 5.587977352663144881e-01
5.529203070318035040e-01 5.245652509270719577e-01
5.654866776461627831e-01 5.639925228826615511e-01
5.780530482605219511e-01 5.925682840784238792e-01
5.906194188748811191e-01 5.093289469995513352e-01
6.031857894892402872e-01 7.959996343163022736e-01
6.157521601035994552e-01 5.364902290199474733e-01
6.283185307179586232e-01 3.992344098815421294e-01
6.408849013323177912e-01 5.070301196481209471e-01
6.534512719466770703e-01 4.662089786764647692e-01
6.660176425610361273e-01 5.499226020989915753e-01
6.785840131753952953e-01 6.118471516719501402e-01
6.911503837897544633e-01 7.913456756490255817e-01
7.037167544041136313e-01 6.697378800225692874e-01
7.162831250184729104e-01 6.200734211266387685e-01
7.288494956328320784e-01 6.178073962327527147e-01
7.414158662471912464e-01 9.304397861345730103e-01
7.539822368615503034e-01 6.382393155159756803e-01
7.665486074759094715e-01 6.882176700898432475e-01
7.791149780902686395e-01 6.990253711323833885e-01
7.916813487046279185e-01 8.245343397186242207e-01
8.042477193189870865e-01 6.387732160564933981e-01
8.168140899333462546e-01 9.920586235763246830e-01
8.293804605477054226e-01 8.181018887344794210e-01
8.419468311620645906e-01 8.122888867888055087e-01
8.545132017764237586e-01 8.952656701262858840e-01
8.670795723907829267e-01 6.888492678578694850e-01
8.796459430051422057e-01 9.660257907479905537e-01
8.922123136195013737e-01 8.461752255651274757e-01
9.047786842338605418e-01 8.229768653674965906e-01
9.173450548482194877e-01 9.664404285851921905e-01
9.299114254625787668e-01 8.929175117145966567e-01
9.424777960769379348e-01 7.245778121993093901e-01
9.550441666912971028e-01 7.580132905306378177e-01
9.676105373056562708e-01 8.837515887858500285e-01
9.801769079200154389e-01 8.750524591726466239e-01
9.927432785343746069e-01 9.533303509970223466e-01
1.005309649148733886e+00 7.991330264903644398e-01
1.017876019763092943e+00 8.143573385326372538e-01
1.030442390377452222e+00 8.620522514747787080e-01
1.043008760991811279e+00 9.433783425433657222e-01
1.055575131606170558e+00 7.947735459751179565e-01
1.068141502220529837e+00 8.456744229521256928e-01
1.080707872834888894e+00 8.107229588257539588e-01
1.093274243449248173e+00 1.005620634488385567e+00
1.105840614063607008e+00 8.723529503684270825e-01
1.118406984677966287e+00 8.136524992333287187e-01
1.130973355292325566e+00 8.722613966756441739e-01
1.143539725906684623e+00 8.338050142477116955e-01
1.156106096521043902e+00 8.801634708212802138e-01
1.168672467135402959e+00 7.986613779949908176e-01
1.181238837749762238e+00 9.613390126158402049e-01
1.193805208364121295e+00 8.929851555664598539e-01
1.206371578978480574e+00 9.013381565056131084e-01
1.218937949592839853e+00 1.082765617274196401e+00
1.231504320207198910e+00 9.689793663964578752e-01
1.244070690821558189e+00 1.087996458069103944e+00
1.256637061435917246e+00 8.897488957357376771e-01
1.269203432050276525e+00 8.821100260347312094e-01
1.281769802664635582e+00 9.055714027259449406e-01
1.294336173278994861e+00 9.640240010322146391e-01
1.306902543893354141e+00 8.712941113518848368e-01
1.319468914507712975e+00 9.074836844090382604e-01
1.332035285122072255e+00 8.725762424518610505e-01
1.344601655736431534e+00 1.045837606376611495e+00
1.357168026350790591e+00 9.914855376266015208e-01
1.369734396965149870e+00 9.580657080525222247e-01
1.382300767579508927e+00 9.621899578069186276e-01
1.394867138193868206e+00 9.324910185193405754e-01
1.407433508808227263e+00 9.366250053203296622e-01
1.419999879422586542e+00 1.154806564780027411e+00
1.432566250036945821e+00 9.399115005223258601e-01
1.445132620651304878e+00 8.624590165139872644e-01
1.457698991265664157e+00 1.058265941950812694e+00
1.470265361880023214e+00 8.470593838120036301e-01
1.482831732494382493e+00 9.639114431001114536e-01
1.495398103108741550e+00 1.069682263253078691e+00
1.507964473723100607e+00 1.258245191427419751e+00
1.520530844337459886e+00 1.002041483220826201e+00
1.533097214951818943e+00 9.239834944596659883e-01
1.545663585566178222e+00 9.326993384269969267e-01
1.558229956180537279e+00 1.143647671964903800e+00
1.570796326794896558e+00 1.005906922472899589e+00
1.583362697409255837e+00 9.073642531183705451e-01
1.595929068023614894e+00 1.115224894707011360e+00
1.608495438637974173e+00 1.122532523306153829e+00
1.621061809252333230e+00 1.030369126769911103e+00
1.633628179866692509e+00 9.381050831130025580e-01
1.646194550481051566e+00 9.186363341250487480e-01
1.658760921095410845e+00 1.169426237695017079e+00
1.671327291709770124e+00 7.138229167409488873e-01
1.683893662324129181e+00 9.097638729617339992e-01
1.696460032938488460e+00 1.082637683631205050e+00
1.709026403552847517e+00 9.811987099119430233e-01
1.721592774167206796e+00 7.857816169543168083e-01
1.734159144781565853e+00 1.009886662887798048e+00
1.746725515395925132e+00 8.210809972389945255e-01
1.759291886010284411e+00 1.040277181659500449e+00
1.771858256624643468e+00 1.042380755012387361e+00
1.784424627239002747e+00 1.112281941991892786e+00
1.796990997853361804e+00 8.586542232264559038e-01
1.809557368467721084e+00 9.876942376272656032e-01
1.822123739082079918e+00 9.092194855840085577e-01
1.834690109696438975e+00 9.403530620981924715e-01
1.847256480310798255e+00 9.758036647376457928e-01
1.859822850925157534e+00 8.832615544456663415e-01
1.872389221539516591e+00 9.821359971011563994e-01
1.884955592153875870e+00 1.093091597761922884e+00
1.897521962768234927e+00 9.843243603743832004e-01
1.910088333382594206e+00 1.105170518770728361e+00
1.922654703996953263e+00 1.055871914852099414e+00
1.935221074611312542e+00 9.926928996622451651e-01
1.947787445225671821e+00 9.392301679788521707e-01
1.960353815840030878e+00 8.054602007239742845e-01
1.972920186454390157e+00 9.807607586426416724e-01
1.985486557068749214e+00 9.333215685259272920e-01
1.998052927683108493e+00 8.966497839538652981e-01
2.010619298297467772e+00 9.405285000000472850e-01
2.023185668911826607e+00 1.031495452026963022e+00
2.035752039526185886e+00 7.629403749563239412e-01
2.048318410140545165e+00 6.856077645911220486e-01
2.060884780754904444e+00 8.112041344849678648e-01
2.073451151369263723e+00 8.568551837550381078e-01
2.086017521983622558e+00 9.167091648230695222e-01
2.098583892597981837e+00 8.077957268551567704e-01
2.111150263212341116e+00 9.051282326687816182e-01
2.123716633826700395e+00 7.573743445760918735e-01
2.136283004441059674e+00 8.428976055847439142e-01
2.148849375055418509e+00 8.557164806968723392e-01
2.161415745669777788e+00 9.564280695128628551e-01
2.173982116284137067e+00 8.557907196685675677e-01
2.186548486898496346e+00 7.263214298438611660e-01
2.199114857512855181e+00 8.594101017192726788e-01
2.211681228127214016e+00 9.786165951538371433e-01
2.224247598741573295e+00 8.434042088012513316e-01
2.236813969355932574e+00 9.245601586324309062e-01
2.249380339970291853e+00 8.290247189613129120e-01
2.261946710584651132e+00 7.977111050626782829e-01
2.274513081199009967e+00 6.400908355021993623e-01
2.287079451813369246e+00 8.080760451329768168e-01
2.299645822427728525e+00 5.913413056800992385e-01
2.312212193042087804e+00 6.541442571243717419e-01
2.324778563656447083e+00 5.901243283280237506e-01
2.337344934270805918e+00 5.984168545950516727e-01
2.349911304885165197e+00 5.464011689761307800e-01
2.362477675499524477e+00 5.879437681210892830e-01
2.375044046113883756e+00 5.798669959443345512e-01
2.387610416728242591e+00 5.132119954576809251e-01
2.400176787342601870e+00 9.002290678999669282e-01
2.412743157956961149e+00 4.130864161968875181e-01
2.425309528571320428e+00 6.141494375123444094e-01
2.437875899185679707e+00 5.742761474219683082e-01
2.450442269800038542e+00 5.905717430374766153e-01
2.463008640414397821e+00 6.839982635940448086e-01
2.475575011028757100e+00 6.333598293402092905e-01
2.488141381643116379e+00 7.665345996501382597e-01
2.500707752257475658e+00 5.535594797722918070e-01
2.513274122871834493e+00 6.134366961988543254e-01
2.525840493486193772e+00 5.346515717998471251e-01
2.538406864100553051e+00 7.073757692241535722e-01
2.550973234714912330e+00 7.028430563993793845e-01
2.563539605329271165e+00 6.229619570996740574e-01
2.576105975943630444e+00 4.162796712981977620e-01
2.588672346557989723e+00 5.356353327573430967e-01
2.601238717172349002e+00 4.426359822371764841e-01
2.613805087786708281e+00 4.309496212563937445e-01
2.626371458401067116e+00 5.907712938051633556e-01
2.638937829015425951e+00 4.249349345871044070e-01
2.651504199629785230e+00 5.881630028778429553e-01
2.664070570244144509e+00 3.523498726447580887e-01
2.676636940858503788e+00 3.101805222748881263e-01
2.689203311472863067e+00 2.913664294103878727e-01
2.701769682087221902e+00 2.607691883379200659e-01
2.714336052701581181e+00 4.700461497038040948e-01
2.726902423315940460e+00 4.243830328895970561e-01
2.739468793930299739e+00 2.859377358644163980e-01
2.752035164544658574e+00 4.715783760009986669e-01
2.764601535159017853e+00 4.200131064809352610e-01
2.777167905773377132e+00 2.792218420594259620e-01
2.789734276387736411e+00 2.278347424057812209e-01
2.802300647002095690e+00 3.335301009402499850e-01
2.814867017616454525e+00 3.400813035338067225e-01
2.827433388230813804e+00 1.092318776081334097e-01
2.839999758845173083e+00 4.186462594075964772e-01
2.852566129459532362e+00 3.432529703061784621e-01
2.865132500073891642e+00 2.377051531847879096e-01
2.877698870688250476e+00 3.952466965989952508e-01
2.890265241302609756e+00 3.993252429065444198e-01
2.902831611916969035e+00 1.168063091155685518e-01
2.915397982531328314e+00 1.900057621240227312e-01
2.927964353145687149e+00 1.840318820508056730e-01
2.940530723760046428e+00 3.389041007660990035e-01
2.953097094374405707e+00 4.437267525692457637e-01
2.965663464988764986e+00 2.710314765613064392e-02
2.978229835603124265e+00 1.419685365537078081e-01
2.990796206217483100e+00 1.483942362033425499e-01
3.003362576831842379e+00 -5.889298760359587548e-02
3.015928947446201214e+00 1.117217683335537670e-01
3.028495318060560493e+00 -1.977204870588858410e-02
3.041061688674919772e+00 -5.856584516649424033e-02
3.053628059289279051e+00 -5.915354469419707717e-02
3.066194429903637886e+00 6.897025078587568081e-02
3.078760800517997165e+00 -9.070713928061491238e-02
3.091327171132356444e+00 6.861754553037108240e-02
3.103893541746715723e+00 -5.105675566964604922e-02
3.116459912361074558e+00 1.104140925374251653e-01
3.129026282975433837e+00 4.406689239706037403e-02
3.141592653589793116e+00 -1.825519463590462299e-01
3.154159024204152395e+00 -1.548645985971448535e-01
3.166725394818511674e+00 -5.532096436795414657e-02
3.179291765432870509e+00 -4.875693294814249790e-03
3.191858136047229788e+00 -1.070247289864944829e-01
3.204424506661589067e+00 -3.776684346927908220e-02
3.216990877275948346e+00 8.491359672808840298e-03
3.229557247890307181e+00 -4.927702958551557350e-02
3.242123618504666460e+00 -1.596906721899216119e-01
3.254689989119025739e+00 -1.615386653672489237e-01
3.267256359733385018e+00 -5.045208082360318202e-02
3.279822730347744297e+00 -1.252141709899983191e-01
3.292389100962103132e+00 -1.991724477048652242e-01
3.304955471576462411e+00 -1.916597429362168481e-01
3.317521842190821690e+00 -1.429012755077551933e-01
3.330088212805180969e+00 -3.024970436045374411e-01
3.342654583419540248e+00 -2.402078413092684495e-01
3.355220954033899083e+00 -9.084410247502108793e-02
3.367787324648258362e+00 -2.480527579850910491e-01
3.380353695262617642e+00 -3.424532704655846582e-01
3.392920065876976921e+00 -2.325085091921182123e-01
3.405486436491335756e+00 -3.758666445398247125e-01
3.418052807105695035e+00 -1.839484941738818713e-01
3.430619177720054314e+00 -1.163918147689593785e-01
3.443185548334413593e+00 -2.225474423232242094e-01
3.455751918948772872e+00 -1.505828652855704941e-01
3.468318289563131707e+00 -3.789307142870322886e-01
3.480884660177490986e+00 -2.231114084984556212e-01
3.493451030791850265e+00 -4.039250991775973354e-01
3.506017401406209544e+00 -3.621887860107267931e-01
3.518583772020568823e+00 -5.306401823254969230e-01
3.531150142634927658e+00 -3.892387964567085024e-01
3.543716513249286937e+00 -3.497399412264027285e-01
3.556282883863646216e+00 -4.139408967494670466e-01
3.568849254478005495e+00 -3.657647380891926314e-01
3.581415625092364330e+00 -5.163970911747045589e-01
3.593981995706723609e+00 -4.199443558506639196e-01
3.606548366321082888e+00 -3.161949286108446944e-01
3.619114736935442167e+00 -5.596681919780424064e-01
3.631681107549800558e+00 -6.631037557567545093e-01
3.644247478164159837e+00 -4.258840291333246819e-01
3.656813848778519116e+00 -3.565472504982047930e-01
3.669380219392877951e+00 -4.016707231293051850e-01
3.681946590007237230e+00 -4.547014617831131589e-01
3.694512960621596509e+00 -4.718264435512082300e-01
3.707079331235955788e+00 -5.379038746550018901e-01
3.719645701850315067e+00 -4.614552574314380040e-01
3.732212072464673902e+00 -5.404572046638416172e-01
3.744778443079033181e+00 -7.062464362102945925e-01
3.757344813693392460e+00 -6.433420023545158850e-01
3.769911184307751739e+00 -5.343366565851965788e-01
3.782477554922110574e+00 -4.813099781848281244e-01
3.795043925536469853e+00 -7.553948846159803665e-01
3.807610296150829132e+00 -4.269050562838975771e-01
3.820176666765188411e+00 -4.992421720255393880e-01
3.832743037379547690e+00 -6.724122382811188459e-01
3.845309407993906525e+00 -7.684239336247812302e-01
3.857875778608265804e+00 -6.824070877528293222e-01
3.870442149222625083e+00 -8.559658124271770641e-01
3.883008519836984362e+00 -6.814821078378034969e-01
3.895574890451343641e+00 -7.512678799165721788e-01
3.908141261065702476e+00 -8.603410157960040827e-01
3.920707631680061755e+00 -7.318524462302757883e-01
3.933274002294421035e+00 -7.172835558217723895e-01
3.945840372908780314e+00 -6.785949780733268044e-01
3.958406743523139149e+00 -5.893374876212338354e-01
3.970973114137498428e+00 -6.490772220938422210e-01
3.983539484751857707e+00 -8.702152034313614948e-01
3.996105855366216986e+00 -7.890964116085515956e-01
4.008672225980576265e+00 -6.189977769562546861e-01
4.021238596594935544e+00 -8.186346196933558250e-01
4.033804967209294823e+00 -7.579713333383245599e-01
4.046371337823653214e+00 -9.057246297479275565e-01
4.058937708438012493e+00 -8.427530232780048314e-01
4.071504079052371772e+00 -1.038624438691388097e+00
4.084070449666731051e+00 -6.960532539357227044e-01
4.096636820281090330e+00 -6.420517292626415351e-01
4.109203190895449609e+00 -9.584279335986689574e-01
4.121769561509808888e+00 -7.523148841623311656e-01
4.134335932124168167e+00 -7.640610733420625245e-01
4.146902302738527446e+00 -7.724350272161260023e-01
4.159468673352886725e+00 -8.879092466231960357e-01
4.172035043967245116e+00 -1.041812937327961652e+00
4.184601414581604395e+00 -7.360504437961332691e-01
4.197167785195963674e+00 -8.720625546773473902e-01
4.209734155810322953e+00 -6.730023873781052490e-01
4.222300526424682232e+00 -8.053553597082255822e-01
4.234866897039041511e+00 -9.279962773334957671e-01
4.247433267653400790e+00 -8.531491219876711218e-01
4.259999638267760069e+00 -8.057532434967075163e-01
4.272566008882119348e+00 -9.554267397408395812e-01
4.285132379496477739e+00 -1.019945135195632568e+00
4.297698750110837018e+00 -7.693602890640632852e-01
4.310265120725196297e+00 -1.211870938286502053e+00
4.322831491339555576e+00 -7.047129053973933965e-01
4.335397861953914855e+00 -9.628508245154991929e-01
4.347964232568274134e+00 -7.451538759724561922e-01
4.360530603182633413e+00 -9.282456468975039954e-01
4.373096973796992692e+00 -1.049085274926629729e+00
4.385663344411351972e+00 -9.814575852516762566e-01
4.398229715025710362e+00 -9.095835297047411006e-01
4.410796085640069641e+00 -9.961488235297158989e-01
4.423362456254428032e+00 -9.985979014539827503e-01
4.435928826868787311e+00 -1.037457878358431174e+00
4.448495197483146590e+00 -1.138920870600087509e+00
4.461061568097505869e+00 -1.040257991503162671e+00
4.473627938711865148e+00 -7.858912859832170028e-01
4.486194309326224428e+00 -8.827437763914982582e-01
4.498760679940583707e+00 -9.484377294113076617e-01
4.511327050554942986e+00 -9.915854629939123699e-01
4.523893421169302265e+00 -1.119811803502208658e+00
4.536459791783661544e+00 -9.893596261797925617e-01
4.549026162398019935e+00 -8.025747553010103008e-01
4.561592533012379214e+00 -9.499899865946456190e-01
4.574158903626738493e+00 -1.178588640012236066e+00
4.586725274241097772e+00 -9.707714327127335840e-01
4.599291644855457051e+00 -1.018664624592731549e+00
4.611858015469816330e+00 -1.074560772921666629e+00
4.624424386084175609e+00 -1.111237647305262755e+00
4.636990756698534888e+00 -9.480791899436252779e-01
4.649557127312894167e+00 -1.166461796753922808e+00
4.662123497927252558e+00 -1.029615769634059319e+00
4.674689868541611837e+00 -1.022997853432481064e+00
4.687256239155971116e+00 -1.035985141293134904e+00
4.699822609770330395e+00 -1.109170775066769199e+00
4.712388980384689674e+00 -1.035913091744848247e+00
4.724955350999048953e+00 -9.034629376343048524e-01
4.737521721613408232e+00 -9.279876922778669268e-01
4.750088092227767511e+00 -1.023453725102000389e+00
4.762654462842126790e+00 -1.133480578909136671e+00
4.775220833456485181e+00 -1.069877311645564211e+00
4.787787204070844460e+00 -1.033007196491353863e+00
4.800353574685203739e+00 -9.192168621133276485e-01
4.812919945299563018e+00 -1.015503087397213289e+00
4.825486315913922297e+00 -1.046065573989699349e+00
4.838052686528281576e+00 -8.533237943634441880e-01
4.850619057142640855e+00 -8.096894659905573555e-01
4.863185427757000134e+00 -1.047424751059794934e+00
4.875751798371359413e+00 -9.726009341470660541e-01
4.888318168985717804e+00 -1.020893933073065085e+00
4.900884539600077083e+00 -9.589047839842930188e-01
4.913450910214436362e+00 -8.221925788041144489e-01
4.926017280828795641e+00 -8.459020262021068604e-01
4.938583651443154920e+00 -8.973795363886314380e-01
4.951150022057514200e+00 -8.383222249157817885e-01
4.963716392671873479e+00 -8.276444670135058024e-01
4.976282763286232758e+00 -1.147477756056689779e+00
4.988849133900592037e+00 -9.449426203753216180e-01
5.001415504514951316e+00 -1.092933271276998575e+00
5.013981875129309707e+00 -9.967460442427675815e-01
5.026548245743668986e+00 -1.056181587982101933e+00
5.039114616358028265e+00 -9.115906989859366982e-01
5.051680986972387544e+00 -9.333728062271956505e-01
5.064247357586746823e+00 -7.868727631696967872e-01
5.076813728201106102e+00 -9.142348127024992888e-01
5.089380098815465381e+00 -8.829517615028310562e-01
5.101946469429824660e+00 -6.835906760310029862e-01
5.114512840044183939e+00 -9.199255229586017490e-01
5.127079210658542330e+00 -9.103617421176259938e-01
5.139645581272901609e+00 -1.064823167475403842e+00
5.152211951887260888e+00 -7.836104702827857427e-01
5.164778322501620167e+00 -8.695894352977426855e-01
5.177344693115979446e+00 -9.974043685974195439e-01
5.189911063730338725e+00 -6.946879349638177548e-01
5.202477434344698004e+00 -7.001670481717816585e-01
5.215043804959057283e+00 -8.160856778378120513e-01
5.227610175573416562e+00 -8.301496714461644721e-01
5.240176546187774953e+00 -8.754692028392812020e-01
5.252742916802134232e+00 -8.840607090571405147e-01
5.265309287416492623e+00 -8.225513172538587714e-01
5.277875658030851902e+00 -8.290159504415028913e-01
5.290442028645211181e+00 -9.324156488482180372e-01
5.303008399259570460e+00 -8.906486301306918429e-01
5.315574769873929739e+00 -8.313032773006900911e-01
5.328141140488289018e+00 -8.436733368756955675e-01
5.340707511102648297e+00 -8.727639395206686634e-01
5.353273881717007576e+00 -9.187687677694673649e-01
5.365840252331366855e+00 -8.842245772063769271e-01
5.378406622945726134e+00 -7.562789632534829831e-01
5.390972993560084525e+00 -7.195921944375854862e-01
5.403539364174443804e+00 -8.317429606988308022e-01
5.416105734788803083e+00 -7.553110238786087116e-01
5.428672105403162362e+00 -9.106974801300852240e-01
5.441238476017521641e+00 -9.030188948869393162e-01
5.453804846631880920e+00 -5.983056020346502191e-01
5.466371217246240199e+00 -7.253649081321651426e-01
5.478937587860599479e+00 -6.887163716214519393e-01
5.491503958474958758e+00 -7.753832304119273600e-01
5.504070329089317148e+00 -6.703553652662592732e-01
5.516636699703676427e+00 -7.161149467011911351e-01
5.529203070318035707e+00 -7.990245078204510909e-01
5.541769440932394986e+00 -8.828245065608310016e-01
5.554335811546754265e+00 -6.373575230790883284e-01
5.566902182161113544e+00 -7.075293676317121472e-01
5.579468552775472823e+00 -4.844745173927041404e-01
5.592034923389832102e+00 -7.510995307915693253e-01
5.604601294004191381e+00 -5.366038275164147775e-01
5.617167664618549772e+00 -6.615958490608929710e-01
5.629734035232909051e+00 -6.041867190488410255e-01
5.642300405847268330e+00 -5.051983792938498086e-01
5.654866776461627609e+00 -5.772108036033061218e-01
5.667433147075986888e+00 -6.047256017818651852e-01
5.679999517690346167e+00 -6.874560987423439240e-01
5.692565888304705446e+00 -4.780859130219342612e-01
5.705132258919064725e+00 -6.744645453138499169e-01
5.717698629533424004e+00 -7.639296221641017626e-01
5.730265000147783283e+00 -3.753831365836974854e-01
5.742831370762141674e+00 -4.905213272513556100e-01
5.755397741376500953e+00 -7.048803722942464933e-01
5.767964111990860232e+00 -3.722490080035496529e-01
5.780530482605219511e+00 -4.409821625140055712e-01
5.793096853219578790e+00 -4.188509400151752549e-01
5.805663223833938069e+00 -5.477684632408497123e-01
5.818229594448297348e+00 -3.490618588045848458e-01
5.830795965062656627e+00 -3.896399529787155647e-01
5.843362335677015906e+00 -4.949194776647908300e-01
5.855928706291374297e+00 -4.611387338933349844e-01
5.868495076905733576e+00 -3.439969406628612947e-01
5.881061447520092855e+00 -3.622452592204395971e-01
5.893627818134452134e+00 -4.623245676675998839e-01
5.906194188748811413e+00 -3.089799541758587731e-01
5.918760559363170692e+00 -3.370952204375254890e-01
5.931326929977529971e+00 -1.661748737475970406e-01
5.943893300591889250e+00 -2.839484577774987750e-01
5.956459671206248530e+00 -3.542232795564225767e-01
5.969026041820606920e+00 -2.422434992173647106e-01
5.981592412434966199e+00 -2.255361514742615370e-01
5.994158783049325478e+00 -2.587695705457292994e-01
6.006725153663684758e+00 -2.751623486337269053e-01
6.019291524278044037e+00 -1.460072515107110058e-01
6.031857894892402427e+00 -1.955184179970533287e-01
6.044424265506761706e+00 -2.473441926101114796e-01
6.056990636121120986e+00 -1.768933632966014358e-01
6.069557006735480265e+00 -2.118287450478673339e-01
6.082123377349839544e+00 -2.323839421539380390e-01
6.094689747964198823e+00 -3.123069508442436470e-01
6.107256118578558102e+00 -1.232656910745734968e-01
6.119822489192916493e+00 -1.614380530937606917e-01
6.132388859807275772e+00 -3.920809454102939795e-01
6.144955230421635051e+00 -1.240588900152256452e-01
6.157521601035994330e+00 -2.967517939315044151e-01
6.170087971650353609e+00 -2.280687162098125609e-01
6.182654342264712888e+00 -1.765696258062264823e-01
6.195220712879072167e+00 -3.804699882794202598e-02
6.207787083493431446e+00 -5.797379392246723717e-02
6.220353454107790725e+00 5.462815128083972627e-02
6.232919824722149116e+00 -5.466050447369004417e-02
6.245486195336508395e+00 3.912206732143908711e-02
6.258052565950867674e+00 -1.547641817579828716e-01
6.270618936565226953e+00 3.604646480787111057e-02
