0.000000000000000000e+00 5.347745796799812518e-02
1.256637061435917323e-02 7.105405966069550106e-02
2.513274122871834645e-02 6.066752433082765739e-02
3.769911184307751795e-02 1.025327436647535534e-01
5.026548245743669291e-02 8.815910183941476352e-02
6.283185307179586787e-02 8.399741379436494182e-02
7.539822368615503589e-02 -5.213092813981526352e-02
8.796459430051420392e-02 3.752336410192756017e-02
1.005309649148733858e-01 1.328661333927251831e-01
1.130973355292325677e-01 3.159674564308150024e-02
1.256637061435917357e-01 1.644447176503464059e-01
1.382300767579508760e-01 1.681687929852637708e-01
1.507964473723100718e-01 1.872021682310400503e-01
1.633628179866692676e-01 1.308506273481574445e-01
1.759291886010284078e-01 3.700404747669279182e-01
1.884955592153875759e-01 2.610725042825261522e-01
2.010619298297467716e-01 1.961444608364196207e-02
2.136283004441059397e-01 2.764413045168875871e-01
2.261946710584651354e-01 2.065003607002399433e-01
2.387610416728242757e-01 2.450793680595934054e-01
2.513274122871834715e-01 1.065131236418791760e-01
2.638937829015426395e-01 9.599064102859969361e-02
2.764601535159017520e-01 1.512035742108215342e-01
2.890265241302609756e-01 1.873172479672822188e-01
3.015928947446201436e-01 2.718746737956920234e-01
3.141592653589793116e-01 1.675733087189548998e-01
3.267256359733385351e-01 2.239061137609677510e-01
3.392920065876976476e-01 3.187395019689036602e-01
3.518583772020568157e-01 2.312587099581845940e-01
3.644247478164160392e-01 4.517916414108096856e-01
3.769911184307751517e-01 2.213513185475534939e-01
3.895574890451343197e-01 2.000249562898566147e-01
4.021238596594935433e-01 4.313444242890256963e-01
4.146902302738527113e-01 4.276209044842462781e-01
4.272566008882118793e-01 4.444659186926583905e-01
4.398229715025711029e-01 4.258022375117792580e-01
4.523893421169302709e-01 4.037755736172574106e-01
4.649557127312893834e-01 4.942755243813736210e-01
4.775220833456485514e-01 3.653725594821375378e-01
4.900884539600077194e-01 4.550815909494547729e-01
5.026548245743669430e-01 5.099026749797890279e-01
5.152211951887261110e-01 7.212795610251070411e-01
5.277875658030852790e-01 5.766590548829807483e-01
5.403539364174444470e-01 5.876818709009071773e-01
5.529203070318035040e-01 6.526101435147567686e-01
5.654866776461627831e-01 5.333622289438291197e-01
5.780530482605219511e-01 5.239996301454189487e-01
5.906194188748811191e-01 6.698347615775851471e-01
6.031857894892402872e-01 4.559155584428929431e-01
6.157521601035994552e-01 6.838705091184344997e-01
6.283185307179586232e-01 4.522090926595688787e-01
6.408849013323177912e-01 4.219012669348721767e-01
6.534512719466770703e-01 3.379013733104294648e-01
6.660176425610361273e-01 5.682076644093381201e-01
6.785840131753952953e-01 6.171941120365022071e-01
6.911503837897544633e-01 5.229977390425744055e-01
7.037167544041136313e-01 4.899399284405557831e-01
7.162831250184729104e-01 7.877547218631560932e-01
7.288494956328320784e-01 6.393242747272449567e-01
7.414158662471912464e-01 6.369258433295232891e-01
7.539822368615503034e-01 7.376671250695919779e-01
7.665486074759094715e-01 7.969265532849494349e-01
7.791149780902686395e-01 7.954435330253690761e-01
7.916813487046279185e-01 7.253540530105809792e-01
8.042477193189870865e-01 7.333689348078903381e-01
8.168140899333462546e-01 6.283006441821825661e-01
8.293804605477054226e-01 7.042203173972357844e-01
8.419468311620645906e-01 6.166472051434713775e-01
8.545132017764237586e-01 7.074302310051748810e-01
8.670795723907829267e-01 6.280003113873982024e-01
8.796459430051422057e-01 7.296289513665606963e-01
8.922123136195013737e-01 7.321071639054272939e-01
9.047786842338605418e-01 5.744938849888370225e-01
9.173450548482194877e-01 7.423692941271720080e-01
9.299114254625787668e-01 5.398976066908736104e-01
9.424777960769379348e-01 7.910140825952315380e-01
9.550441666912971028e-01 8.228040672569563174e-01
9.676105373056562708e-01 9.847697589332449208e-01
9.801769079200154389e-01 7.928965277250509258e-01
9.927432785343746069e-01 7.493782575166476612e-01
1.005309649148733886e+00 8.376434067246022463e-01
1.017876019763092943e+00 1.023991696402360985e+00
1.030442390377452222e+00 8.861890139034676039e-01
1.043008760991811279e+00 7.768480680634169966e-01
1.055575131606170558e+00 8.138066052584431720e-01
1.068141502220529837e+00 8.440253333558831450e-01
1.080707872834888894e+00 8.280784404043517455e-01
1.093274243449248173e+00 1.014277552517524494e+00
1.105840614063607008e+00 9.904016007707011626e-01
1.118406984677966287e+00 8.635006872403514500e-01
1.130973355292325566e+00 7.977603087032399953e-01
1.143539725906684623e+00 7.419864755347655993e-01
1.156106096521043902e+00 7.989480425978094935e-01
1.168672467135402959e+00 1.073357475858272236e+00
1.181238837749762238e+00 1.073924979605832775e+00
1.193805208364121295e+00 9.659004365552443794e-01
1.206371578978480574e+00 7.545719576888236801e-01
1.218937949592839853e+00 9.903688956292281409e-01
1.231504320207198910e+00 9.978638923305304109e-01
1.244070690821558189e+00 1.113070758989479714e+00
1.256637061435917246e+00 1.029590688148651401e+00
1.269203432050276525e+00 9.252897299248555862e-01
1.281769802664635582e+00 8.879503992807282753e-01
1.294336173278994861e+00 1.011620694907886309e+00
1.306902543893354141e+00 1.055206134681551111e+00
1.319468914507712975e+00 1.013499479540151738e+00
1.332035285122072255e+00 7.903745848805249219e-01
1.344601655736431534e+00 1.002070887779664021e+00
1.357168026350790591e+00 9.788349296841849512e-01
1.369734396965149870e+00 9.840117156497764084e-01
1.382300767579508927e+00 9.100761069577474327e-01
1.394867138193868206e+00 9.488094345745478053e-01
1.407433508808227263e+00 1.106831054438439210e+00
1.419999879422586542e+00 9.894842370137649779e-01
1.432566250036945821e+00 1.007639694973680333e+00
1.445132620651304878e+00 9.938818902681249012e-01
1.457698991265664157e+00 1.200880609071299565e+00
1.470265361880023214e+00 9.035437482633054129e-01
1.482831732494382493e+00 8.790688375032854607e-01
1.495398103108741550e+00 9.613587511738895808e-01
1.507964473723100607e+00 1.107086626403138263e+00
1.520530844337459886e+00 9.499707171720244148e-01
1.533097214951818943e+00 9.954425357507719063e-01
1.545663585566178222e+00 1.014121445769217589e+00
1.558229956180537279e+00 9.703600253907640472e-01
1.570796326794896558e+00 9.798265740444083161e-01
1.583362697409255837e+00 1.048109031432654881e+00
1.595929068023614894e+00 9.074347840074533655e-01
1.608495438637974173e+00 1.087483234116162434e+00
1.621061809252333230e+00 1.113749655915356795e+00
1.633628179866692509e+00 1.039181515938872868e+00
1.646194550481051566e+00 8.934569608008384733e-01
1.658760921095410845e+00 1.103085215682766185e+00
1.671327291709770124e+00 1.086178497608635940e+00
1.683893662324129181e+00 1.034749536040848739e+00
1.696460032938488460e+00 9.983119613550872629e-01
1.709026403552847517e+00 1.187973482915252177e+00
1.721592774167206796e+00 8.579072781308453299e-01
1.734159144781565853e+00 8.840947722461198754e-01
1.746725515395925132e+00 1.001503784756688331e+00
1.759291886010284411e+00 8.456042286657290408e-01
1.771858256624643468e+00 1.023333418467378131e+00
1.784424627239002747e+00 8.259394856493306181e-01
1.796990997853361804e+00 8.327787950635552328e-01
1.809557368467721084e+00 9.311544541647231998e-01
1.822123739082079918e+00 7.894322500354286065e-01
1.834690109696438975e+00 8.468383426410617254e-01
1.847256480310798255e+00 9.154479784966320643e-01
1.859822850925157534e+00 9.138850739833170866e-01
1.872389221539516591e+00 8.385252920117052255e-01
1.884955592153875870e+00 8.684568578738049993e-01
1.897521962768234927e+00 8.380598279309683374e-01
1.910088333382594206e+00 9.913245549371938470e-01
1.922654703996953263e+00 9.234521732938205663e-01
1.935221074611312542e+00 1.079456272619237600e+00
1.947787445225671821e+00 1.001615967072576829e+00
1.960353815840030878e+00 8.837759765744721552e-01
1.972920186454390157e+00 9.076918284323545194e-01
1.985486557068749214e+00 1.068474158775305938e+00
1.998052927683108493e+00 8.644018411225870002e-01
2.010619298297467772e+00 9.405058980801692670e-01
2.023185668911826607e+00 9.469385784707763376e-01
2.035752039526185886e+00 8.104005419634101592e-01
2.048318410140545165e+00 8.632723433010207614e-01
2.060884780754904444e+00 1.021292139038214364e+00
2.073451151369263723e+00 1.055545275201404953e+00
2.086017521983622558e+00 8.687546042766502996e-01
2.098583892597981837e+00 8.642130659042009944e-01
2.111150263212341116e+00 9.726233598818321280e-01
2.123716633826700395e+00 8.159387466168381842e-01
2.136283004441059674e+00 8.459495565264317785e-01
2.148849375055418509e+00 7.554158578974701221e-01
2.161415745669777788e+00 8.102572299254655608e-01
2.173982116284137067e+00 6.320703867138838250e-01
2.186548486898496346e+00 9.042210691593348670e-01
2.199114857512855181e+00 7.578699582196877227e-01
2.211681228127214016e+00 8.349447506475209391e-01
2.224247598741573295e+00 6.920350514059354641e-01
2.236813969355932574e+00 8.620815089825681898e-01
2.249380339970291853e+00 6.815623770821893634e-01
2.261946710584651132e+00 6.624803352621300156e-01
2.274513081199009967e+00 6.319870121599763246e-01
2.287079451813369246e+00 7.340125755699610233e-01
2.299645822427728525e+00 7.299117176663819651e-01
2.312212193042087804e+00 6.977370028952816217e-01
2.324778563656447083e+00 6.413149242145234075e-01
2.337344934270805918e+00 6.598047168076233149e-01
2.349911304885165197e+00 6.673135196928476898e-01
2.362477675499524477e+00 7.489113384120689165e-01
2.375044046113883756e+00 8.340002129864418912e-01
2.387610416728242591e+00 8.582005878448709657e-01
2.400176787342601870e+00 5.902269041854094622e-01
2.412743157956961149e+00 6.130910888429030869e-01
2.425309528571320428e+00 7.624088778474569228e-01
2.437875899185679707e+00 7.060007897161584278e-01
2.450442269800038542e+00 5.219291319408382313e-01
2.463008640414397821e+00 6.642868643364850945e-01
2.475575011028757100e+00 6.737523971389329791e-01
2.488141381643116379e+00 6.172728648839191923e-01
2.500707752257475658e+00 6.762262010828355985e-01
2.513274122871834493e+00 6.056606286708158260e-01
2.525840493486193772e+00 5.145488547106029653e-01
2.538406864100553051e+00 6.167855678389869700e-01
2.550973234714912330e+00 5.692132330468515633e-01
2.563539605329271165e+00 5.015342510956910527e-01
2.576105975943630444e+00 6.034299212587809214e-01
2.588672346557989723e+00 3.657981149827113088e-01
2.601238717172349002e+00 5.552625278625180627e-01
2.613805087786708281e+00 5.181446193788081800e-01
2.626371458401067116e+00 4.727559342179811774e-01
2.638937829015425951e+00 4.124039421430947261e-01
2.651504199629785230e+00 5.535279020754648727e-01
2.664070570244144509e+00 1.665945810748170053e-01
2.676636940858503788e+00 3.621423892625208474e-01
2.689203311472863067e+00 5.429750212435171530e-01
2.701769682087221902e+00 3.208111667603479322e-01
2.714336052701581181e+00 3.252410519246746179e-01
2.726902423315940460e+00 3.979989833144623179e-01
2.739468793930299739e+00 3.599214759718064593e-01
2.752035164544658574e+00 4.489573456879792923e-01
2.764601535159017853e+00 5.190107084280488614e-01
2.777167905773377132e+00 3.737682044710344820e-01
2.789734276387736411e+00 2.895063353838717157e-01
2.802300647002095690e+00 4.262148991831774536e-01
2.814867017616454525e+00 3.982927448545037219e-01
2.827433388230813804e+00 2.672529530391231090e-01
2.839999758845173083e+00 3.636795435521081865e-01
2.852566129459532362e+00 3.896051785492241626e-01
2.865132500073891642e+00 3.564484507459073082e-01
2.877698870688250476e+00 3.800226002620827326e-01
2.890265241302609756e+00 2.352366201780813904e-01
2.902831611916969035e+00 1.770750528729864159e-01
2.915397982531328314e+00 1.947996086438191499e-01
2.927964353145687149e+00 5.407430073019409145e-02
2.940530723760046428e+00 2.488892147370501129e-01
2.953097094374405707e+00 4.226575165672639134e-01
2.965663464988764986e+00 1.140263314245017479e-01
2.978229835603124265e+00 1.348906739841372326e-01
2.990796206217483100e+00 1.044393001487949890e-01
3.003362576831842379e+00 1.884102225023834565e-01
3.015928947446201214e+00 1.138270698183581203e-01
3.028495318060560493e+00 1.162302186495195455e-02
3.041061688674919772e+00 9.991901762825235178e-02
3.053628059289279051e+00 6.119490267583083815e-02
3.066194429903637886e+00 1.844419142077793061e-01
3.078760800517997165e+00 -1.290185882006635310e-01
3.091327171132356444e+00 3.703065367104437650e-02
3.103893541746715723e+00 -2.828679058415906750e-02
3.116459912361074558e+00 -9.453170405929192666e-02
3.129026282975433837e+00 -2.536592232403443725e-02
3.141592653589793116e+00 1.058333720781026582e-01
3.154159024204152395e+00 -3.960048236743623357e-02
3.166725394818511674e+00 -1.522408750158914248e-01
3.179291765432870509e+00 1.286574523770683542e-01
3.191858136047229788e+00 -8.067427630878862277e-02
3.204424506661589067e+00 -1.196037010401058143e-01
3.216990877275948346e+00 -1.328957017240762206e-01
3.229557247890307181e+00 -2.623483472425810481e-01
3.242123618504666460e+00 -5.093497631634771872e-02
3.254689989119025739e+00 -3.048847850339723997e-02
3.267256359733385018e+00 -1.632795646841511406e-01
3.279822730347744297e+00 -3.014394829334926529e-01
3.292389100962103132e+00 -1.312835600492376353e-02
3.304955471576462411e+00 -1.334267224178884159e-01
3.317521842190821690e+00 -2.273385792475113854e-01
3.330088212805180969e+00 -1.569592972521915986e-01
3.342654583419540248e+00 -2.287371145801246064e-01
3.355220954033899083e+00 -6.565327254184905037e-05
3.367787324648258362e+00 -1.192747562933944849e-01
3.380353695262617642e+00 -2.213837978183217647e-01
3.392920065876976921e+00 -2.346720382219436019e-01
3.405486436491335756e+00 -1.921328461230317752e-01
3.418052807105695035e+00 -3.692181313282386634e-01
3.430619177720054314e+00 -2.372561826506938976e-01
3.443185548334413593e+00 -1.519840731883850826e-01
3.455751918948772872e+00 -3.153557518764600887e-01
3.468318289563131707e+00 -4.824850788854183614e-01
3.480884660177490986e+00 -1.190361803500545324e-01
3.493451030791850265e+00 -2.754464342905963981e-01
3.506017401406209544e+00 -2.088409176916708188e-01
3.518583772020568823e+00 -5.084025420611106849e-01
3.531150142634927658e+00 -2.815071719043695242e-01
3.543716513249286937e+00 -2.381362410829037657e-01
3.556282883863646216e+00 -4.473462623973318841e-01
3.568849254478005495e+00 -6.758933341754120860e-01
3.581415625092364330e+00 -5.094089494472239243e-01
3.593981995706723609e+00 -3.595420541093029554e-01
3.606548366321082888e+00 -5.011140389236901083e-01
3.619114736935442167e+00 -2.620281755018072367e-01
3.631681107549800558e+00 -6.254208457977766811e-01
3.644247478164159837e+00 -4.364555336012450049e-01
3.656813848778519116e+00 -3.703024031349856915e-01
3.669380219392877951e+00 -4.840388357216108273e-01
3.681946590007237230e+00 -3.876656775110014497e-01
3.694512960621596509e+00 -5.736791702758791134e-01
3.707079331235955788e+00 -5.364378178035590361e-01
3.719645701850315067e+00 -3.214889747737427195e-01
3.732212072464673902e+00 -6.071086147962615476e-01
3.744778443079033181e+00 -5.220178012209895080e-01
3.757344813693392460e+00 -6.380289815421550381e-01
3.769911184307751739e+00 -6.520472333465443526e-01
3.782477554922110574e+00 -5.525326547759475959e-01
3.795043925536469853e+00 -6.730476820061552790e-01
3.807610296150829132e+00 -5.299272398931003103e-01
3.820176666765188411e+00 -6.251210898926997661e-01
3.832743037379547690e+00 -7.149626831230536661e-01
3.845309407993906525e+00 -7.063082648823867382e-01
3.857875778608265804e+00 -5.325113270786655528e-01
3.870442149222625083e+00 -7.669237002241403589e-01
3.883008519836984362e+00 -8.509644629819761441e-01
3.895574890451343641e+00 -6.748864262635198008e-01
3.908141261065702476e+00 -4.861139292058919703e-01
3.920707631680061755e+00 -7.573015690876266914e-01
3.933274002294421035e+00 -6.883706708688236420e-01
3.945840372908780314e+00 -7.381747252432666606e-01
3.958406743523139149e+00 -1.014793924479241438e+00
3.970973114137498428e+00 -9.021629764862153511e-01
3.983539484751857707e+00 -7.475439008722649659e-01
3.996105855366216986e+00 -8.929939459217240971e-01
4.008672225980576265e+00 -9.668661420171131837e-01
4.021238596594935544e+00 -7.621353763821087091e-01
4.033804967209294823e+00 -6.164556075681740799e-01
4.046371337823653214e+00 -9.251833289467663590e-01
4.058937708438012493e+00 -6.849075821939691888e-01
4.071504079052371772e+00 -9.019627592106119751e-01
4.084070449666731051e+00 -7.505423004014372124e-01
4.096636820281090330e+00 -1.034635660053842221e+00
4.109203190895449609e+00 -9.414553607203243191e-01
4.121769561509808888e+00 -1.027590598092410712e+00
4.134335932124168167e+00 -7.536230659357688877e-01
4.146902302738527446e+00 -6.727077345884778792e-01
4.159468673352886725e+00 -7.957207106929772289e-01
4.172035043967245116e+00 -8.565745819581433995e-01
4.184601414581604395e+00 -9.580672151457245711e-01
4.197167785195963674e+00 -8.262317639798976154e-01
4.209734155810322953e+00 -9.323132802096024685e-01
4.222300526424682232e+00 -8.285578224412817328e-01
4.234866897039041511e+00 -7.805413852131227737e-01
4.247433267653400790e+00 -8.062696890634493130e-01
4.259999638267760069e+00 -8.079712134613044050e-01
4.272566008882119348e+00 -9.189844005754534972e-01
4.285132379496477739e+00 -9.184518129710643741e-01
4.297698750110837018e+00 -8.636317484885051021e-01
4.310265120725196297e+00 -1.032445840396275960e+00
4.322831491339555576e+00 -9.166664463170610677e-01
4.335397861953914855e+00 -8.306523279492562528e-01
4.347964232568274134e+00 -1.047635960539405220e+00
4.360530603182633413e+00 -8.563398230280415691e-01
4.373096973796992692e+00 -8.407375666995048347e-01
4.385663344411351972e+00 -8.685358589618292768e-01
4.398229715025710362e+00 -1.016765031505654449e+00
4.410796085640069641e+00 -1.003498875523400446e+00
4.423362456254428032e+00 -8.088194078806423271e-01
4.435928826868787311e+00 -9.292776784051423045e-01
4.448495197483146590e+00 -9.773479453039778386e-01
4.461061568097505869e+00 -9.914144943085105854e-01
4.473627938711865148e+00 -1.147773620248550452e+00
4.486194309326224428e+00 -1.083486877740022170e+00
4.498760679940583707e+00 -9.653926015461210541e-01
4.511327050554942986e+00 -1.043984114113532646e+00
4.523893421169302265e+00 -1.062418449302746204e+00
4.536459791783661544e+00 -7.466835524967130322e-01
4.549026162398019935e+00 -9.347168556987958121e-01
4.561592533012379214e+00 -1.065404289897982748e+00
4.574158903626738493e+00 -9.852258574894550147e-01
4.586725274241097772e+00 -9.695877004492999829e-01
4.599291644855457051e+00 -9.157249809422708386e-01
4.611858015469816330e+00 -1.080575111101889307e+00
4.624424386084175609e+00 -7.062487894707980551e-01
4.636990756698534888e+00 -1.079122572370240896e+00
4.649557127312894167e+00 -7.270589369839053351e-01
4.662123497927252558e+00 -9.023085479945210929e-01
4.674689868541611837e+00 -7.813727997242672085e-01
4.687256239155971116e+00 -8.493372723007295289e-01
4.699822609770330395e+00 -9.228733667164410459e-01
4.712388980384689674e+00 -9.684413192083831667e-01
4.724955350999048953e+00 -1.062302590036366512e+00
4.737521721613408232e+00 -9.908376672726167955e-01
4.750088092227767511e+00 -7.579781595416872353e-01
4.762654462842126790e+00 -1.124376539890662663e+00
4.775220833456485181e+00 -8.030654747936016857e-01
4.787787204070844460e+00 -8.683501529638576466e-01
4.800353574685203739e+00 -9.313079001553696834e-01
4.812919945299563018e+00 -8.593189111279273540e-01
4.825486315913922297e+00 -9.544400626928900566e-01
4.838052686528281576e+00 -1.038824842641491886e+00
4.850619057142640855e+00 -1.109195737163248152e+00
4.863185427757000134e+00 -9.010958246437280605e-01
4.875751798371359413e+00 -1.203941177541806073e+00
4.888318168985717804e+00 -9.987277566054173494e-01
4.900884539600077083e+00 -1.044463345173565205e+00
4.913450910214436362e+00 -1.087041950707753335e+00
4.926017280828795641e+00 -8.774137753810461460e-01
4.938583651443154920e+00 -9.218991319078979618e-01
4.951150022057514200e+00 -9.916839307964930850e-01
4.963716392671873479e+00 -9.533410424634196634e-01
4.976282763286232758e+00 -9.926597528202061316e-01
4.988849133900592037e+00 -7.903297299896195893e-01
5.001415504514951316e+00 -9.125584881081602040e-01
5.013981875129309707e+00 -9.471384880499261749e-01
5.026548245743668986e+00 -9.468300092739281304e-01
5.039114616358028265e+00 -8.769324270813020350e-01
5.051680986972387544e+00 -1.011136076619755908e+00
5.064247357586746823e+00 -8.478902869248986507e-01
5.076813728201106102e+00 -8.697665017283106037e-01
5.089380098815465381e+00 -1.027894922828329172e+00
5.101946469429824660e+00 -9.576740981395870378e-01
5.114512840044183939e+00 -1.160802677887830647e+00
5.127079210658542330e+00 -9.793751484709377619e-01
5.139645581272901609e+00 -8.111339688908569823e-01
5.152211951887260888e+00 -1.022189587792727394e+00
5.164778322501620167e+00 -7.631741983027910958e-01
5.177344693115979446e+00 -1.097973258755562842e+00
5.189911063730338725e+00 -8.168634380667223471e-01
5.202477434344698004e+00 -8.949853848062521156e-01
5.215043804959057283e+00 -8.765358668103699902e-01
5.227610175573416562e+00 -1.000975910848173722e+00
5.240176546187774953e+00 -1.032819616320235223e+00
5.252742916802134232e+00 -8.029489985957085629e-01
5.265309287416492623e+00 -1.013818789090439099e+00
5.277875658030851902e+00 -9.272594014526438500e-01
5.290442028645211181e+00 -6.734879227308399052e-01
5.303008399259570460e+00 -9.435128394584815226e-01
5.315574769873929739e+00 -6.540180051146647910e-01
5.328141140488289018e+00 -9.068239995005946685e-01
5.340707511102648297e+00 -6.612246578803249175e-01
5.353273881717007576e+00 -5.799124312305342643e-01
5.365840252331366855e+00 -7.077353983819687500e-01
5.378406622945726134e+00 -9.775534644908880910e-01
5.390972993560084525e+00 -8.409770604953131778e-01
5.403539364174443804e+00 -6.801534808447039504e-01
5.416105734788803083e+00 -6.946707220007311001e-01
5.428672105403162362e+00 -9.195485764635574766e-01
5.441238476017521641e+00 -6.440154035960801160e-01
5.453804846631880920e+00 -7.552937327250431876e-01
5.466371217246240199e+00 -7.566289322988966060e-01
5.478937587860599479e+00 -7.925990666704071375e-01
5.491503958474958758e+00 -8.423018801317420090e-01
5.504070329089317148e+00 -8.182037896911207309e-01
5.516636699703676427e+00 -5.342288353521733590e-01
5.529203070318035707e+00 -6.765134693432461876e-01
5.541769440932394986e+00 -3.813645155311344292e-01
5.554335811546754265e+00 -7.899839284520895344e-01
5.566902182161113544e+00 -7.739790046885162145e-01
5.579468552775472823e+00 -5.837064417524269189e-01
5.592034923389832102e+00 -7.570255545444053435e-01
5.604601294004191381e+00 -6.492317824024864681e-01
5.617167664618549772e+00 -5.534751115711342706e-01
5.629734035232909051e+00 -7.094269435620983444e-01
5.642300405847268330e+00 -6.646691462590209598e-01
5.654866776461627609e+00 -6.049743164445257060e-01
5.667433147075986888e+00 -6.129167838403076773e-01
5.679999517690346167e+00 -4.429641834422266000e-01
5.692565888304705446e+00 -4.979985005931160114e-01
5.705132258919064725e+00 -5.633234845400533208e-01
5.717698629533424004e+00 -6.358439162149247537e-01
5.730265000147783283e+00 -3.568069070282684496e-01
5.742831370762141674e+00 -5.203764641746481123e-01
5.755397741376500953e+00 -5.965230386979578636e-01
5.767964111990860232e+00 -4.285277509685945230e-01
5.780530482605219511e+00 -4.911335519644270953e-01
5.793096853219578790e+00 -5.633617001645137012e-01
5.805663223833938069e+00 -4.611830045257138133e-01
5.818229594448297348e+00 -5.186066510085506343e-01
5.830795965062656627e+00 -4.253278673117792952e-01
5.843362335677015906e+00 -3.541190415185362372e-01
5.855928706291374297e+00 -4.675056357431414122e-01
5.868495076905733576e+00 -3.226776971473538924e-01
5.881061447520092855e+00 -2.295365009874714146e-01
5.893627818134452134e+00 -1.013018135652688501e-01
5.906194188748811413e+00 -4.477132806076524196e-01
5.918760559363170692e+00 -3.619866916171645133e-01
5.931326929977529971e+00 -5.109979853324759791e-01
5.943893300591889250e+00 -2.307127393242083269e-01
5.956459671206248530e+00 -3.297944387859407245e-01
5.969026041820606920e+00 -3.958517516254120849e-01
5.981592412434966199e+00 -4.052266801190576584e-01
5.994158783049325478e+00 -2.441732297452646472e-01
6.006725153663684758e+00 -2.214265720979688989e-01
6.019291524278044037e+00 -1.961079729029676089e-01
6.031857894892402427e+00 -3.226561750822525831e-01
6.044424265506761706e+00 -3.133142271445581439e-01
6.056990636121120986e+00 -2.964272885056387086e-01
6.069557006735480265e+00 -9.074842611330305453e-02
6.082123377349839544e+00 -5.122149700996392330e-03
6.094689747964198823e+00 -1.985671397551223294e-01
6.107256118578558102e+00 3.822382208268637616e-03
6.119822489192916493e+00 -9.193287318462574353e-02
6.132388859807275772e+00 -1.898398679017319068e-01
6.144955230421635051e+00 -2.336543964258184225e-01
6.157521601035994330e+00 2.921939983563581755e-02
6.170087971650353609e+00 -7.088644174145691812e-02
6.182654342264712888e+00 8.040896173861694640e-03
6.195220712879072167e+00 -3.186219530155222357e-02
6.207787083493431446e+00 -1.963221987623294251e-01
6.220353454107790725e+00 -6.441810129786115779e-02
6.232919824722149116e+00 -1.627219634196872822e-01
6.245486195336508395e+00 5.858449401537742934e-02
6.258052565950867674e+00 1.077848100386678831e-01
6.270618936565226953e+00 8.018385092649167600e-02
