0.000000000000000000e+00 5.269452004428558205e-03
1.256637061435917323e-02 -1.979464821600364355e-01
2.513274122871834645e-02 -1.075470683815697021e-01
3.769911184307751795e-02 1.057730978210252443e-01
5.026548245743669291e-02 -1.348374703350395387e-02
6.283185307179586787e-02 2.362966998420812370e-01
7.539822368615503589e-02 -1.678190334475405943e-02
8.796459430051420392e-02 8.308973227726247635e-02
1.005309649148733858e-01 -3.639052354339600281e-02
1.130973355292325677e-01 1.704463118923598697e-01
1.256637061435917357e-01 1.276674879194289458e-01
1.382300767579508760e-01 1.995415804626690104e-01
1.507964473723100718e-01 2.127242778883898788e-01
1.633628179866692676e-01 2.370839461370880807e-01
1.759291886010284078e-01 2.088419479297810855e-01
1.884955592153875759e-01 1.501362872513220259e-01
2.010619298297467716e-01 3.601845717867123708e-01
2.136283004441059397e-01 1.754588455832152838e-01
2.261946710584651354e-01 4.628924956479399389e-01
2.387610416728242757e-01 4.561143170947479231e-01
2.513274122871834715e-01 3.021411425064739475e-01
2.638937829015426395e-01 2.284351435889840354e-01
2.764601535159017520e-01 2.564191250584674231e-01
2.890265241302609756e-01 2.768110229391890220e-01
3.015928947446201436e-01 1.528436623321901278e-01
3.141592653589793116e-01 2.689774058679152979e-01
3.267256359733385351e-01 2.428919727938541051e-01
3.392920065876976476e-01 2.980839588842577048e-01
3.518583772020568157e-01 3.100546211581216016e-01
3.644247478164160392e-01 1.911890521249889618e-01
3.769911184307751517e-01 3.278564351828127665e-01
3.895574890451343197e-01 4.398425781925225375e-01
4.021238596594935433e-01 5.262544232812178535e-01
4.146902302738527113e-01 4.069413130502727571e-01
4.272566008882118793e-01 5.241062269180654098e-01
4.398229715025711029e-01 5.162166811747868067e-01
4.523893421169302709e-01 3.430129035642808244e-01
4.649557127312893834e-01 3.431783999262397744e-01
4.775220833456485514e-01 3.260230218171189520e-01
4.900884539600077194e-01 4.268293377789715848e-01
5.026548245743669430e-01 4.896663950020606615e-01
5.152211951887261110e-01 3.988323087175018600e-01
5.277875658030852790e-01 4.189074888498990346e-01
5.403539364174444470e-01 4.166321965975339214e-01
5.529203070318035040e-01 5.102209358639651082e-01
5.654866776461627831e-01 4.497515017805615578e-01
5.780530482605219511e-01 5.667224359965585823e-01
5.906194188748811191e-01 5.629265965588454712e-01
6.031857894892402872e-01 5.326004887069281102e-01
6.157521601035994552e-01 5.919015602223937078e-01
6.283185307179586232e-01 6.863861896809843044e-01
6.408849013323177912e-01 5.060265715579503887e-01
6.534512719466770703e-01 6.945726439932129459e-01
6.660176425610361273e-01 5.316065244073865381e-01
6.785840131753952953e-01 5.318950475283182877e-01
6.911503837897544633e-01 5.435776581028137766e-01
7.037167544041136313e-01 4.673215951078809050e-01
7.162831250184729104e-01 5.881439442374549742e-01
7.288494956328320784e-01 6.380093048069048756e-01
7.414158662471912464e-01 8.576456318719903882e-01
7.539822368615503034e-01 4.608392463585625487e-01
7.665486074759094715e-01 7.408658831264214317e-01
7.791149780902686395e-01 7.153724106101591040e-01
7.916813487046279185e-01 7.580046162767992701e-01
8.042477193189870865e-01 8.015742933624896427e-01
8.168140899333462546e-01 6.355447598067845982e-01
8.293804605477054226e-01 8.121765940898356684e-01
8.419468311620645906e-01 8.023329558609905154e-01
8.545132017764237586e-01 8.362448357684322264e-01
8.670795723907829267e-01 8.689577993057484573e-01
8.796459430051422057e-01 8.632346262270416126e-01
8.922123136195013737e-01 5.943239816007171994e-01
9.047786842338605418e-01 7.488461598011059150e-01
9.173450548482194877e-01 7.930215493554417794e-01
9.299114254625787668e-01 9.794486065702741051e-01
9.424777960769379348e-01 7.295147702699611436e-01
9.550441666912971028e-01 8.893246538865128281e-01
9.676105373056562708e-01 7.921179268959851472e-01
9.801769079200154389e-01 1.091456526194746646e+00
9.927432785343746069e-01 7.779263238915161693e-01
1.005309649148733886e+00 9.906908071165516638e-01
1.017876019763092943e+00 1.030740278172029845e+00
1.030442390377452222e+00 9.393047920346093704e-01
1.043008760991811279e+00 9.892138835042417755e-01
1.055575131606170558e+00 1.151314653661817955e+00
1.068141502220529837e+00 9.241515667841591064e-01
1.080707872834888894e+00 8.584571043592365003e-01
1.093274243449248173e+00 9.516613869447759777e-01
1.105840614063607008e+00 1.066542317990553101e+00
1.118406984677966287e+00 8.208107910923378991e-01
1.130973355292325566e+00 8.101144659121595204e-01
1.143539725906684623e+00 8.047861061251341264e-01
1.156106096521043902e+00 9.936312941330630588e-01
1.168672467135402959e+00 1.011855056512867002e+00
1.181238837749762238e+00 1.025650441453116013e+00
1.193805208364121295e+00 9.157874209587464343e-01
1.206371578978480574e+00 8.777420572727467896e-01
1.218937949592839853e+00 1.029981889235871861e+00
1.231504320207198910e+00 1.047827868552120956e+00
1.244070690821558189e+00 1.039446114576297875e+00
1.256637061435917246e+00 1.050555255840928126e+00
1.269203432050276525e+00 9.636306048232113897e-01
1.281769802664635582e+00 1.056616301977273187e+00
1.294336173278994861e+00 1.022845918087863737e+00
1.306902543893354141e+00 1.153913729443665215e+00
1.319468914507712975e+00 8.127008410226668200e-01
1.332035285122072255e+00 7.423172172951111314e-01
1.344601655736431534e+00 1.026201525442335782e+00
1.357168026350790591e+00 9.720233824925362809e-01
1.369734396965149870e+00 9.308166051595907486e-01
1.382300767579508927e+00 1.114864058931851698e+00
1.394867138193868206e+00 8.710395372773347411e-01
1.407433508808227263e+00 9.748218767085168324e-01
1.419999879422586542e+00 9.830783576744903662e-01
1.432566250036945821e+00 1.013964026178914235e+00
1.445132620651304878e+00 8.999853409729998699e-01
1.457698991265664157e+00 1.167314159479441393e+00
1.470265361880023214e+00 1.038900854487144310e+00
1.482831732494382493e+00 1.149471286191311670e+00
1.495398103108741550e+00 9.240983149501134086e-01
1.507964473723100607e+00 1.000691018117515485e+00
1.520530844337459886e+00 1.115708142167082695e+00
1.533097214951818943e+00 9.381202685358981386e-01
1.545663585566178222e+00 9.133271096946932177e-01
1.558229956180537279e+00 1.003445297361368782e+00
1.570796326794896558e+00 1.126057310033818037e+00
1.583362697409255837e+00 9.023849688350591425e-01
1.595929068023614894e+00 9.533541114528580884e-01
1.608495438637974173e+00 8.732900834245689303e-01
1.621061809252333230e+00 1.094982736634738218e+00
1.633628179866692509e+00 9.288349828651381035e-01
1.646194550481051566e+00 1.002033244939819046e+00
1.658760921095410845e+00 1.101661757153501897e+00
1.671327291709770124e+00 1.125135942862430127e+00
1.683893662324129181e+00 9.704162467020875926e-01
1.696460032938488460e+00 1.032197352869672180e+00
1.709026403552847517e+00 9.546173332833230996e-01
1.721592774167206796e+00 1.094420869960800458e+00
1.734159144781565853e+00 1.123502095037287596e+00
1.746725515395925132e+00 1.006095090978879503e+00
1.759291886010284411e+00 9.761649004450412281e-01
1.771858256624643468e+00 1.176282566041248812e+00
1.784424627239002747e+00 9.744631467615446629e-01
1.796990997853361804e+00 9.826859692700743443e-01
1.809557368467721084e+00 8.290947516529588723e-01
1.822123739082079918e+00 9.256064922512227122e-01
1.834690109696438975e+00 1.038650333266189385e+00
1.847256480310798255e+00 1.123372002410086168e+00
1.859822850925157534e+00 1.057772881095200512e+00
1.872389221539516591e+00 1.001816794116993981e+00
1.884955592153875870e+00 9.304825395422973155e-01
1.897521962768234927e+00 8.649628308936807564e-01
1.910088333382594206e+00 1.045368692743963823e+00
1.922654703996953263e+00 1.006482726797293781e+00
1.935221074611312542e+00 1.013080654745180276e+00
1.947787445225671821e+00 1.015487473367011839e+00
1.960353815840030878e+00 8.424742985775197646e-01
1.972920186454390157e+00 1.033204244580030684e+00
1.985486557068749214e+00 1.050634958412843600e+00
1.998052927683108493e+00 9.135119964904410139e-01
2.010619298297467772e+00 9.275564277696447535e-01
2.023185668911826607e+00 1.082341207852705711e+00
2.035752039526185886e+00 8.208068195851613291e-01
2.048318410140545165e+00 9.828233341770326037e-01
2.060884780754904444e+00 6.597890510767623340e-01
2.073451151369263723e+00 9.448491057418638706e-01
2.086017521983622558e+00 9.944214844469688730e-01
2.098583892597981837e+00 9.481188719030140266e-01
2.111150263212341116e+00 8.247580514432854004e-01
2.123716633826700395e+00 7.875770277224632965e-01
2.136283004441059674e+00 9.821357779895596440e-01
2.148849375055418509e+00 9.480618881790907615e-01
2.161415745669777788e+00 9.769799502211599096e-01
2.173982116284137067e+00 8.466263351309901708e-01
2.186548486898496346e+00 8.968595148998412814e-01
2.199114857512855181e+00 1.043408312741975763e+00
2.211681228127214016e+00 9.924447960573263838e-01
2.224247598741573295e+00 7.441306564151974889e-01
2.236813969355932574e+00 6.881200797013822257e-01
2.249380339970291853e+00 6.818115991015140098e-01
2.261946710584651132e+00 8.237875638295332203e-01
2.274513081199009967e+00 6.466152316461675209e-01
2.287079451813369246e+00 8.256719606748864626e-01
2.299645822427728525e+00 7.180053068430202190e-01
2.312212193042087804e+00 8.117648182983131511e-01
2.324778563656447083e+00 6.109235836546214049e-01
2.337344934270805918e+00 7.847722614179163392e-01
2.349911304885165197e+00 5.718144543345908826e-01
2.362477675499524477e+00 6.980454716906213664e-01
2.375044046113883756e+00 7.036468934497304151e-01
2.387610416728242591e+00 5.726013012431865334e-01
2.400176787342601870e+00 4.210122612812838283e-01
2.412743157956961149e+00 7.849910086355736949e-01
2.425309528571320428e+00 7.070310019420129599e-01
2.437875899185679707e+00 5.266089133768760977e-01
2.450442269800038542e+00 5.426395967837405188e-01
2.463008640414397821e+00 7.328948719055834449e-01
2.475575011028757100e+00 5.618682593231466571e-01
2.488141381643116379e+00 4.828861145151788214e-01
2.500707752257475658e+00 6.400286693966985574e-01
2.513274122871834493e+00 5.743289596423142296e-01
2.525840493486193772e+00 6.646952389686633378e-01
2.538406864100553051e+00 6.491330993894686152e-01
2.550973234714912330e+00 5.620191374995651135e-01
2.563539605329271165e+00 6.048733651048718851e-01
2.576105975943630444e+00 5.324045783905813067e-01
2.588672346557989723e+00 3.581518423596401490e-01
2.601238717172349002e+00 4.536063479190126091e-01
2.613805087786708281e+00 4.827154459966810363e-01
2.626371458401067116e+00 4.982569889628557513e-01
2.638937829015425951e+00 4.653246584611211989e-01
2.651504199629785230e+00 2.876586044683773213e-01
2.664070570244144509e+00 4.303185778794494376e-01
2.676636940858503788e+00 5.589111654167263632e-01
2.689203311472863067e+00 6.342575843085469511e-01
2.701769682087221902e+00 6.151061419726524537e-01
2.714336052701581181e+00 5.452116392510184539e-01
2.726902423315940460e+00 2.630245936277743057e-01
2.739468793930299739e+00 5.057477998883450621e-01
2.752035164544658574e+00 2.987738272019474506e-01
2.764601535159017853e+00 3.512061069060723462e-01
2.777167905773377132e+00 3.768528382382141384e-01
2.789734276387736411e+00 4.828457603354265326e-01
2.802300647002095690e+00 4.070173733560547014e-01
2.814867017616454525e+00 3.202941607916453548e-01
2.827433388230813804e+00 2.390609802736951839e-01
2.839999758845173083e+00 2.863121171899234430e-01
2.852566129459532362e+00 2.850821929172415725e-01
2.865132500073891642e+00 4.555746343589380798e-01
2.877698870688250476e+00 5.946009168441479531e-02
2.890265241302609756e+00 2.769920183227747579e-01
2.902831611916969035e+00 2.958186279876999780e-01
2.915397982531328314e+00 2.493419208575867740e-01
2.927964353145687149e+00 2.014508174055459899e-01
2.940530723760046428e+00 1.370097524214426432e-01
2.953097094374405707e+00 1.900640107180278371e-01
2.965663464988764986e+00 1.910269592792627757e-01
2.978229835603124265e+00 1.415499380871268476e-02
2.990796206217483100e+00 6.201710827232270740e-02
3.003362576831842379e+00 2.558877480331025467e-01
3.015928947446201214e+00 -3.313100956086706406e-02
3.028495318060560493e+00 1.797985236798844144e-01
3.041061688674919772e+00 1.363879362255822625e-01
3.053628059289279051e+00 1.035241204712492175e-01
3.066194429903637886e+00 1.272229741085052490e-01
3.078760800517997165e+00 1.369896429396708359e-01
3.091327171132356444e+00 2.474598800821305872e-02
3.103893541746715723e+00 -4.333028706744073560e-02
3.116459912361074558e+00 -1.042240830154761849e-01
3.129026282975433837e+00 1.039430729025853928e-01
3.141592653589793116e+00 -8.357652328921339954e-03
3.154159024204152395e+00 -7.668274828986211544e-02
3.166725394818511674e+00 5.363455091851347667e-02
3.179291765432870509e+00 -7.025343216463697527e-02
3.191858136047229788e+00 -7.981675896975021223e-02
3.204424506661589067e+00 1.369300942307699609e-01
3.216990877275948346e+00 -3.121271296454543320e-02
3.229557247890307181e+00 -9.317371756722317433e-02
3.242123618504666460e+00 -1.469069700999521555e-01
3.254689989119025739e+00 -1.912085748152756726e-01
3.267256359733385018e+00 -1.609908428543525560e-01
3.279822730347744297e+00 -1.639801096169987149e-01
3.292389100962103132e+00 -2.930167632280565870e-01
3.304955471576462411e+00 -2.685039032363995548e-01
3.317521842190821690e+00 -1.587146064486892882e-01
3.330088212805180969e+00 -1.787204315764117368e-01
3.342654583419540248e+00 -2.927389330928427680e-01
3.355220954033899083e+00 -9.053462991865009191e-02
3.367787324648258362e+00 -2.284043316210772334e-01
3.380353695262617642e+00 -1.321166513566752188e-01
3.392920065876976921e+00 -1.903599256230296688e-01
3.405486436491335756e+00 -3.639514019578999893e-01
3.418052807105695035e+00 -1.995796964702619691e-01
3.430619177720054314e+00 -4.284591090620644138e-01
3.443185548334413593e+00 -4.323152184972071099e-01
3.455751918948772872e+00 -4.237062910546036121e-01
3.468318289563131707e+00 -3.683720286413088019e-01
3.480884660177490986e+00 -2.807746015009550122e-01
3.493451030791850265e+00 -1.807579863290250943e-01
3.506017401406209544e+00 -3.327598317787346938e-01
3.518583772020568823e+00 -2.705648278084714642e-01
3.531150142634927658e+00 -4.461530971918756805e-01
3.543716513249286937e+00 -2.651358229950496748e-01
3.556282883863646216e+00 -6.930317596539543601e-01
3.568849254478005495e+00 -3.894464126365126400e-01
3.581415625092364330e+00 -3.755822733611687281e-01
3.593981995706723609e+00 -4.402720832304725107e-01
3.606548366321082888e+00 -6.241458346658532719e-01
3.619114736935442167e+00 -5.377113209748591860e-01
3.631681107549800558e+00 -6.931048338708043488e-01
3.644247478164159837e+00 -3.039059485048774545e-01
3.656813848778519116e+00 -5.861661465211329691e-01
3.669380219392877951e+00 -3.803565903792576752e-01
3.681946590007237230e+00 -6.958320723365005733e-01
3.694512960621596509e+00 -5.047428363248609440e-01
3.707079331235955788e+00 -5.695732865633865716e-01
3.719645701850315067e+00 -6.446242777491605347e-01
3.732212072464673902e+00 -4.358206568684306892e-01
3.744778443079033181e+00 -6.340276056139506622e-01
3.757344813693392460e+00 -4.974869138363617882e-01
3.769911184307751739e+00 -6.225941730316592038e-01
3.782477554922110574e+00 -4.292714244310895655e-01
3.795043925536469853e+00 -5.828456216008442992e-01
3.807610296150829132e+00 -6.508340142933686234e-01
3.820176666765188411e+00 -6.266542818698431772e-01
3.832743037379547690e+00 -6.603405960792353424e-01
3.845309407993906525e+00 -6.248935085929083755e-01
3.857875778608265804e+00 -5.121334421083272304e-01
3.870442149222625083e+00 -5.388916228330402625e-01
3.883008519836984362e+00 -6.045429435716865862e-01
3.895574890451343641e+00 -8.247401740878925747e-01
3.908141261065702476e+00 -6.418861260225957599e-01
3.920707631680061755e+00 -8.194932769683920259e-01
3.933274002294421035e+00 -5.473268368213086710e-01
3.945840372908780314e+00 -7.116761183135545954e-01
3.958406743523139149e+00 -6.132376216364717747e-01
3.970973114137498428e+00 -6.993817853619457292e-01
3.983539484751857707e+00 -9.157945244307382771e-01
3.996105855366216986e+00 -8.094779698849534633e-01
4.008672225980576265e+00 -7.705633659636526023e-01
4.021238596594935544e+00 -6.476226862536026418e-01
4.033804967209294823e+00 -6.271929424777535900e-01
4.046371337823653214e+00 -6.583375334201202467e-01
4.058937708438012493e+00 -9.555828145376581428e-01
4.071504079052371772e+00 -7.959262690455980449e-01
4.084070449666731051e+00 -1.020646952883663028e+00
4.096636820281090330e+00 -8.395034907078949837e-01
4.109203190895449609e+00 -8.809254203114565973e-01
4.121769561509808888e+00 -7.542927652956000761e-01
4.134335932124168167e+00 -8.844030111672591676e-01
4.146902302738527446e+00 -8.247570357973422750e-01
4.159468673352886725e+00 -8.523713437864293141e-01
4.172035043967245116e+00 -8.813339400502407939e-01
4.184601414581604395e+00 -1.103735083078022372e+00
4.197167785195963674e+00 -7.866694441619113132e-01
4.209734155810322953e+00 -1.053358687184709597e+00
4.222300526424682232e+00 -6.932688022446140685e-01
4.234866897039041511e+00 -9.602770162255706010e-01
4.247433267653400790e+00 -8.443039507226902662e-01
4.259999638267760069e+00 -1.020747697175028001e+00
4.272566008882119348e+00 -7.797563332000549963e-01
4.285132379496477739e+00 -1.063949738183626259e+00
4.297698750110837018e+00 -9.789354984733328324e-01
4.310265120725196297e+00 -1.056466962964829781e+00
4.322831491339555576e+00 -8.866149153632938429e-01
4.335397861953914855e+00 -9.202183372631785874e-01
4.347964232568274134e+00 -9.351023628758858841e-01
4.360530603182633413e+00 -9.492045865319159725e-01
4.373096973796992692e+00 -9.233117255385401290e-01
4.385663344411351972e+00 -9.532055894831171772e-01
4.398229715025710362e+00 -9.584706410805089449e-01
4.410796085640069641e+00 -8.491152776829657967e-01
4.423362456254428032e+00 -1.007052068956753921e+00
4.435928826868787311e+00 -7.208675077488210237e-01
4.448495197483146590e+00 -1.146416911350372825e+00
4.461061568097505869e+00 -8.419342996886496344e-01
4.473627938711865148e+00 -9.735779087085694172e-01
4.486194309326224428e+00 -8.176514422365166457e-01
4.498760679940583707e+00 -1.005634258401995496e+00
4.511327050554942986e+00 -1.040763154144904279e+00
4.523893421169302265e+00 -8.228513788911089311e-01
4.536459791783661544e+00 -1.011868980588972011e+00
4.549026162398019935e+00 -9.974714197595236920e-01
4.561592533012379214e+00 -8.501889090252939818e-01
4.574158903626738493e+00 -9.926817459513866959e-01
4.586725274241097772e+00 -1.105284865577843778e+00
4.599291644855457051e+00 -1.035028296513001322e+00
4.611858015469816330e+00 -1.042262288535720227e+00
4.624424386084175609e+00 -8.698551685893654017e-01
4.636990756698534888e+00 -1.101018449575804858e+00
4.649557127312894167e+00 -1.108368584614975560e+00
4.662123497927252558e+00 -1.081580110026570063e+00
4.674689868541611837e+00 -1.005538423432479123e+00
4.687256239155971116e+00 -1.027371530838007363e+00
4.699822609770330395e+00 -1.132999531800865434e+00
4.712388980384689674e+00 -9.950656186641571033e-01
4.724955350999048953e+00 -9.912428654549535478e-01
4.737521721613408232e+00 -8.005842927589182922e-01
4.750088092227767511e+00 -9.424951501569602819e-01
4.762654462842126790e+00 -8.225805853378831412e-01
4.775220833456485181e+00 -1.054935672286979376e+00
4.787787204070844460e+00 -9.057707547575228890e-01
4.800353574685203739e+00 -1.135459921485933332e+00
4.812919945299563018e+00 -9.469461934679070936e-01
4.825486315913922297e+00 -9.175349340487780614e-01
4.838052686528281576e+00 -1.034784406135765611e+00
4.850619057142640855e+00 -9.511912552332554283e-01
4.863185427757000134e+00 -1.020937043535640631e+00
4.875751798371359413e+00 -9.512561762498725759e-01
4.888318168985717804e+00 -1.033535953825148734e+00
4.900884539600077083e+00 -9.342478684151134249e-01
4.913450910214436362e+00 -1.038384246785120313e+00
4.926017280828795641e+00 -1.093550311470861791e+00
4.938583651443154920e+00 -9.245243097808281130e-01
4.951150022057514200e+00 -8.737832925025775799e-01
4.963716392671873479e+00 -8.090794767284752442e-01
4.976282763286232758e+00 -8.097335542745061066e-01
4.988849133900592037e+00 -9.405390131804091114e-01
5.001415504514951316e+00 -1.114295232348954112e+00
5.013981875129309707e+00 -1.103019623932669280e+00
5.026548245743668986e+00 -9.262188947251157600e-01
5.039114616358028265e+00 -9.708690838758372577e-01
5.051680986972387544e+00 -1.034767697908692163e+00
5.064247357586746823e+00 -1.051666859144185118e+00
5.076813728201106102e+00 -9.905291862962541938e-01
5.089380098815465381e+00 -8.505573214034730656e-01
5.101946469429824660e+00 -9.121682359796443595e-01
5.114512840044183939e+00 -7.862734711092618234e-01
5.127079210658542330e+00 -8.489047977720038940e-01
5.139645581272901609e+00 -9.328286104920048283e-01
5.152211951887260888e+00 -8.041773323232423998e-01
5.164778322501620167e+00 -7.635310704826426820e-01
5.177344693115979446e+00 -9.164672185535063242e-01
5.189911063730338725e+00 -7.734916336383494961e-01
5.202477434344698004e+00 -7.868781954050197980e-01
5.215043804959057283e+00 -8.422543383211050783e-01
5.227610175573416562e+00 -9.533627464354382797e-01
5.240176546187774953e+00 -8.286927629311882093e-01
5.252742916802134232e+00 -8.404747312158356021e-01
5.265309287416492623e+00 -7.125709376116107219e-01
5.277875658030851902e+00 -8.369844146173511801e-01
5.290442028645211181e+00 -7.625322376356657994e-01
5.303008399259570460e+00 -8.857231910244354189e-01
5.315574769873929739e+00 -9.667898633758713611e-01
5.328141140488289018e+00 -8.480400126047714648e-01
5.340707511102648297e+00 -8.894974667297014248e-01
5.353273881717007576e+00 -8.821019070942619500e-01
5.365840252331366855e+00 -9.334122511131778266e-01
5.378406622945726134e+00 -7.970875305532607591e-01
5.390972993560084525e+00 -9.755765595620616848e-01
5.403539364174443804e+00 -7.570309842140227063e-01
5.416105734788803083e+00 -7.766359381328720168e-01
5.428672105403162362e+00 -7.750992070994005001e-01
5.441238476017521641e+00 -8.764230276529451080e-01
5.453804846631880920e+00 -6.063191160532404034e-01
5.466371217246240199e+00 -9.243096897270504098e-01
5.478937587860599479e+00 -7.024650567409361779e-01
5.491503958474958758e+00 -6.808080869060505469e-01
5.504070329089317148e+00 -6.954057699256109837e-01
5.516636699703676427e+00 -7.507369530994487672e-01
5.529203070318035707e+00 -6.236397942523895788e-01
5.541769440932394986e+00 -5.519526712103122179e-01
5.554335811546754265e+00 -7.079114386001280623e-01
5.566902182161113544e+00 -7.519009372362668309e-01
5.579468552775472823e+00 -5.044345779363044180e-01
5.592034923389832102e+00 -5.805651737968946513e-01
5.604601294004191381e+00 -6.091511803161071548e-01
5.617167664618549772e+00 -5.548869846316020205e-01
5.629734035232909051e+00 -6.281470332410890034e-01
5.642300405847268330e+00 -7.180984802644443388e-01
5.654866776461627609e+00 -6.421354981394838957e-01
5.667433147075986888e+00 -4.753032828920287223e-01
5.679999517690346167e+00 -6.279102271455865303e-01
5.692565888304705446e+00 -4.616385865648639508e-01
5.705132258919064725e+00 -5.207578569602668850e-01
5.717698629533424004e+00 -4.807608405910146487e-01
5.730265000147783283e+00 -5.049114027949143102e-01
5.742831370762141674e+00 -4.662808649842051234e-01
5.755397741376500953e+00 -3.027078616153195956e-01
5.767964111990860232e+00 -3.765091638875152080e-01
5.780530482605219511e+00 -4.640842713698121180e-01
5.793096853219578790e+00 -6.379619828478346744e-01
5.805663223833938069e+00 -4.224526304325776915e-01
5.818229594448297348e+00 -5.610647408997645469e-01
5.830795965062656627e+00 -5.025022895077840834e-01
5.843362335677015906e+00 -3.835552818337351622e-01
5.855928706291374297e+00 -3.673421568216074795e-01
5.868495076905733576e+00 -3.907026453426304946e-01
5.881061447520092855e+00 -4.259084846763721011e-01
5.893627818134452134e+00 -3.047163486457881154e-01
5.906194188748811413e+00 -4.426116050528541845e-01
5.918760559363170692e+00 -2.626109447373228267e-01
5.931326929977529971e+00 -2.166866433804015002e-01
5.943893300591889250e+00 -3.758206199009034854e-01
5.956459671206248530e+00 -1.837544538303488018e-01
5.969026041820606920e+00 -1.254852011344403939e-01
5.981592412434966199e+00 -3.544456034375114140e-01
5.994158783049325478e+00 -3.050103353680527207e-01
6.006725153663684758e+00 -3.851751368333540260e-01
6.019291524278044037e+00 -2.435578814006818527e-01
6.031857894892402427e+00 -2.676053322042785121e-01
6.044424265506761706e+00 -2.917272325808814015e-01
6.056990636121120986e+00 -2.295607102079472994e-01
6.069557006735480265e+00 -2.182790848699394104e-01
6.082123377349839544e+00 -1.513578511315909203e-01
6.094689747964198823e+00 -6.936763902287056138e-02
6.107256118578558102e+00 -2.023408340444760312e-01
6.119822489192916493e+00 -2.265431571011113920e-01
6.132388859807275772e+00 -1.741385918293785473e-01
6.144955230421635051e+00 -9.674929179311941851e-02
6.157521601035994330e+00 -2.219409459504324555e-01
6.170087971650353609e+00 -7.056315515883283818e-02
6.182654342264712888e+00 -2.009508271891826126e-01
6.195220712879072167e+00 -2.590723187831652785e-01
6.207787083493431446e+00 -3.724423189029599790e-01
6.220353454107790725e+00 -1.987261775017575283e-01
6.232919824722149116e+00 2.952343030782311750e-02
6.245486195336508395e+00 -1.133475535074343621e-01
6.258052565950867674e+00 -5.189702141205805586e-02
6.270618936565226953e+00 -9.365870320741546962e-02
