0.000000000000000000e+00 -5.078540645740639570e-02
1.256637061435917323e-02 1.503089913289397672e-01
2.513274122871834645e-02 -1.443723554394772124e-01
3.769911184307751795e-02 1.588328432478685326e-01
5.026548245743669291e-02 1.239879947057602183e-01
6.283185307179586787e-02 -1.298135490651489699e-01
7.539822368615503589e-02 9.625876949914176361e-02
8.796459430051420392e-02 2.523397606626491818e-01
1.005309649148733858e-01 9.025471636861946700e-02
1.130973355292325677e-01 1.727515501730224612e-01
1.256637061435917357e-01 -6.995653774125973334e-02
1.382300767579508760e-01 1.565576628697464834e-01
1.507964473723100718e-01 9.015888878101900594e-02
1.633628179866692676e-01 2.122685134116421568e-01
1.759291886010284078e-01 3.150011864997012689e-02
1.884955592153875759e-01 1.187182473972182434e-01
2.010619298297467716e-01 2.134216931682300922e-01
2.136283004441059397e-01 3.882202786010745532e-01
2.261946710584651354e-01 1.028595733998222822e-01
2.387610416728242757e-01 1.114282151124674214e-01
2.513274122871834715e-01 4.180864356868847498e-01
2.638937829015426395e-01 1.609144516342731757e-01
2.764601535159017520e-01 3.663430523480817325e-01
2.890265241302609756e-01 2.782012802421081621e-01
3.015928947446201436e-01 2.929781505682074738e-01
3.141592653589793116e-01 4.044618261010670679e-01
3.267256359733385351e-01 4.007283190075201507e-01
3.392920065876976476e-01 4.500091762921381022e-01
3.518583772020568157e-01 4.031428392410834616e-01
3.644247478164160392e-01 2.643205061582503679e-01
3.769911184307751517e-01 3.468193623945568516e-01
3.895574890451343197e-01 4.783624358222570150e-01
4.021238596594935433e-01 2.513265891288994358e-01
4.146902302738527113e-01 4.460336730967447982e-01
4.272566008882118793e-01 3.549184174024505034e-01
4.398229715025711029e-01 4.526369028005597928e-01
4.523893421169302709e-01 3.978186110336051629e-01
4.649557127312893834e-01 5.033987076957767703e-01
4.775220833456485514e-01 4.050175077484244879e-01
4.900884539600077194e-01 4.315330001304565344e-01
5.026548245743669430e-01 5.178316215205853723e-01
5.152211951887261110e-01 5.104706127455166387e-01
5.277875658030852790e-01 5.340351559367931822e-01
5.403539364174444470e-01 5.412110203871602909e-01
5.529203070318035040e-01 5.773846928075834217e-01
5.654866776461627831e-01 7.014594402050664534e-01
5.780530482605219511e-01 5.441227173132923145e-01
5.906194188748811191e-01 6.019902722393698502e-01
6.031857894892402872e-01 4.138905973178562125e-01
6.157521601035994552e-01 2.202020645517424602e-01
6.283185307179586232e-01 6.886680559154206849e-01
6.408849013323177912e-01 5.639814448191438068e-01
6.534512719466770703e-01 6.819190376525103847e-01
6.660176425610361273e-01 6.472483208795233312e-01
6.785840131753952953e-01 6.416552623667788335e-01
6.911503837897544633e-01 6.368984318778296849e-01
7.037167544041136313e-01 7.944559110168775140e-01
7.162831250184729104e-01 6.606186139225187492e-01
7.288494956328320784e-01 7.102524307565759587e-01
7.414158662471912464e-01 6.605396169071402479e-01
7.539822368615503034e-01 7.109730302493065812e-01
7.665486074759094715e-01 6.253789215467171481e-01
7.791149780902686395e-01 6.601652210930804010e-01
7.916813487046279185e-01 7.321047251150381019e-01
8.042477193189870865e-01 6.933665971982042597e-01
8.168140899333462546e-01 7.801032931913884916e-01
8.293804605477054226e-01 9.591022703558804707e-01
8.419468311620645906e-01 8.093877868675847242e-01
8.545132017764237586e-01 6.506660401945312255e-01
8.670795723907829267e-01 8.446066435990075005e-01
8.796459430051422057e-01 7.546586095321605736e-01
8.922123136195013737e-01 7.901772690170187907e-01
9.047786842338605418e-01 7.059796176725008365e-01
9.173450548482194877e-01 8.112892245715486172e-01
9.299114254625787668e-01 8.220726082350530151e-01
9.424777960769379348e-01 7.710336916872638779e-01
9.550441666912971028e-01 8.176937048115697770e-01
9.676105373056562708e-01 6.850766998425686927e-01
9.801769079200154389e-01 9.630203264810648367e-01
9.927432785343746069e-01 9.398939552344844905e-01
1.005309649148733886e+00 8.219763484051157976e-01
1.017876019763092943e+00 9.394546346556861272e-01
1.030442390377452222e+00 7.586486682018979133e-01
1.043008760991811279e+00 7.611773673327378864e-01
1.055575131606170558e+00 9.178194643600681157e-01
1.068141502220529837e+00 1.113230025785739041e+00
1.080707872834888894e+00 9.170273895979591527e-01
1.093274243449248173e+00 9.984891067824586131e-01
1.105840614063607008e+00 9.974085873829532378e-01
1.118406984677966287e+00 8.267869066078781248e-01
1.130973355292325566e+00 1.021882072046778722e+00
1.143539725906684623e+00 8.799716516185679405e-01
1.156106096521043902e+00 1.120704454994901456e+00
1.168672467135402959e+00 8.199371609717633902e-01
1.181238837749762238e+00 8.782949522719722957e-01
1.193805208364121295e+00 8.979665056957010227e-01
1.206371578978480574e+00 1.039731907560700108e+00
1.218937949592839853e+00 9.780444346755512441e-01
1.231504320207198910e+00 1.084027785445563330e+00
1.244070690821558189e+00 9.950809697502425166e-01
1.256637061435917246e+00 9.958639134580107299e-01
1.269203432050276525e+00 8.568469122291298978e-01
1.281769802664635582e+00 9.789388186017690119e-01
1.294336173278994861e+00 9.735808835817956197e-01
1.306902543893354141e+00 9.289635103916664693e-01
1.319468914507712975e+00 8.282125253429164502e-01
1.332035285122072255e+00 9.549469972025992348e-01
1.344601655736431534e+00 8.154215699937198414e-01
1.357168026350790591e+00 9.140510507278970520e-01
1.369734396965149870e+00 1.051929526401317760e+00
1.382300767579508927e+00 9.845100855479236301e-01
1.394867138193868206e+00 9.462743044815709048e-01
1.407433508808227263e+00 8.509455822051017471e-01
1.419999879422586542e+00 8.762455841446692428e-01
1.432566250036945821e+00 9.580676703746767719e-01
1.445132620651304878e+00 1.173396993700781099e+00
1.457698991265664157e+00 9.694455970640186715e-01
1.470265361880023214e+00 1.195571119546663175e+00
1.482831732494382493e+00 1.027420800550017166e+00
1.495398103108741550e+00 8.735484514186500071e-01
1.507964473723100607e+00 1.109024263516430464e+00
1.520530844337459886e+00 1.076414668693905785e+00
1.533097214951818943e+00 8.831170633321466790e-01
1.545663585566178222e+00 1.101055915087765458e+00
1.558229956180537279e+00 1.059924607603751179e+00
1.570796326794896558e+00 1.057709682435407306e+00
1.583362697409255837e+00 1.152434918798671992e+00
1.595929068023614894e+00 1.003670340864315280e+00
1.608495438637974173e+00 1.111275045902291092e+00
1.621061809252333230e+00 8.374134809909090649e-01
1.633628179866692509e+00 8.528385285613091504e-01
1.646194550481051566e+00 9.094274711091921981e-01
1.658760921095410845e+00 9.191011552869753354e-01
1.671327291709770124e+00 8.240208319659377834e-01
1.683893662324129181e+00 9.827486827402879266e-01
1.696460032938488460e+00 8.543384978809160923e-01
1.709026403552847517e+00 9.386438052803494081e-01
1.721592774167206796e+00 9.076541233825484722e-01
1.734159144781565853e+00 9.452514411209197442e-01
1.746725515395925132e+00 1.098678676876556626e+00
1.759291886010284411e+00 9.238952867639586009e-01
1.771858256624643468e+00 9.221521458502267565e-01
1.784424627239002747e+00 9.286801811204208335e-01
1.796990997853361804e+00 9.241873920697437628e-01
1.809557368467721084e+00 9.294965023186254616e-01
1.822123739082079918e+00 8.978103967204444924e-01
1.834690109696438975e+00 1.141406783795701152e+00
1.847256480310798255e+00 1.054254358611803388e+00
1.859822850925157534e+00 9.386381104603405134e-01
1.872389221539516591e+00 9.342369012988833710e-01
1.884955592153875870e+00 8.937975812410093868e-01
1.897521962768234927e+00 9.439928225837074249e-01
1.910088333382594206e+00 1.211084340088615541e+00
1.922654703996953263e+00 1.091611977686818280e+00
1.935221074611312542e+00 8.317652047377355196e-01
1.947787445225671821e+00 8.497722791971289436e-01
1.960353815840030878e+00 8.829949706615470850e-01
1.972920186454390157e+00 7.828868272146187746e-01
1.985486557068749214e+00 7.793066056238043826e-01
1.998052927683108493e+00 8.872201113987731036e-01
2.010619298297467772e+00 8.307103685627872380e-01
2.023185668911826607e+00 1.141959314692476024e+00
2.035752039526185886e+00 9.335473661881243945e-01
2.048318410140545165e+00 1.193134629809672775e+00
2.060884780754904444e+00 1.022036018007054681e+00
2.073451151369263723e+00 9.087550569865247008e-01
2.086017521983622558e+00 8.014568185586447013e-01
2.098583892597981837e+00 1.037393281174517679e+00
2.111150263212341116e+00 1.042696646975779906e+00
2.123716633826700395e+00 8.344321119142212861e-01
2.136283004441059674e+00 9.481385171584959526e-01
2.148849375055418509e+00 8.809684292809346617e-01
2.161415745669777788e+00 7.121729441244945003e-01
2.173982116284137067e+00 8.040206133486861306e-01
2.186548486898496346e+00 6.244985152017863417e-01
2.199114857512855181e+00 8.962192870229561681e-01
2.211681228127214016e+00 7.720527465528475020e-01
2.224247598741573295e+00 7.216926495629515381e-01
2.236813969355932574e+00 1.006613182526036043e+00
2.249380339970291853e+00 6.943356778765630288e-01
2.261946710584651132e+00 7.203648077018320883e-01
2.274513081199009967e+00 7.644927599430363374e-01
2.287079451813369246e+00 6.937733940242576391e-01
2.299645822427728525e+00 8.052272755448347530e-01
2.312212193042087804e+00 8.250249122494526244e-01
2.324778563656447083e+00 7.682210633278965251e-01
2.337344934270805918e+00 7.555433802904631957e-01
2.349911304885165197e+00 7.071282386494645023e-01
2.362477675499524477e+00 5.742066318527472291e-01
2.375044046113883756e+00 8.737659358725164971e-01
2.387610416728242591e+00 5.825436072128629128e-01
2.400176787342601870e+00 7.037424217853623931e-01
2.412743157956961149e+00 7.103818272626912789e-01
2.425309528571320428e+00 7.084411382149911063e-01
2.437875899185679707e+00 5.365666823444669165e-01
2.450442269800038542e+00 7.335190239702283899e-01
2.463008640414397821e+00 4.910488596817930151e-01
2.475575011028757100e+00 8.090905718186516271e-01
2.488141381643116379e+00 6.135050904356164070e-01
2.500707752257475658e+00 5.294771662454104133e-01
2.513274122871834493e+00 7.123689459423550030e-01
2.525840493486193772e+00 5.577251001288126009e-01
2.538406864100553051e+00 6.032249714399008367e-01
2.550973234714912330e+00 4.642060320086575098e-01
2.563539605329271165e+00 6.528486407308519146e-01
2.576105975943630444e+00 3.844193209732411631e-01
2.588672346557989723e+00 6.791791519636486418e-01
2.601238717172349002e+00 4.495189645157113834e-01
2.613805087786708281e+00 5.609882824129461820e-01
2.626371458401067116e+00 4.791513534860303292e-01
2.638937829015425951e+00 4.062614574157903391e-01
2.651504199629785230e+00 4.844786721410559993e-01
2.664070570244144509e+00 2.631651217463959469e-01
2.676636940858503788e+00 4.782794016305130791e-01
2.689203311472863067e+00 3.475969838143815327e-01
2.701769682087221902e+00 5.588492894690657575e-01
2.714336052701581181e+00 5.140124646698750466e-01
2.726902423315940460e+00 3.359920650961578659e-01
2.739468793930299739e+00 3.439701744338688472e-01
2.752035164544658574e+00 4.230227173403553476e-01
2.764601535159017853e+00 3.557359666965335676e-01
2.777167905773377132e+00 2.182097792446252571e-01
2.789734276387736411e+00 3.613956574132053401e-01
2.802300647002095690e+00 2.724975606826057217e-01
2.814867017616454525e+00 2.025871470287844422e-01
2.827433388230813804e+00 3.554690898551786660e-01
2.839999758845173083e+00 3.176293783878514354e-01
2.852566129459532362e+00 2.343618022596679895e-01
2.865132500073891642e+00 3.683254457722663910e-01
2.877698870688250476e+00 2.290498022620309770e-01
2.890265241302609756e+00 2.437856407819622151e-01
2.902831611916969035e+00 2.870009917773089780e-01
2.915397982531328314e+00 6.101842106777002894e-02
2.927964353145687149e+00 2.569361967670547586e-01
2.940530723760046428e+00 1.033893242837480159e-01
2.953097094374405707e+00 2.589531729338111488e-01
2.965663464988764986e+00 1.549911948721544863e-01
2.978229835603124265e+00 2.789450806750725098e-01
2.990796206217483100e+00 5.096821384238967023e-02
3.003362576831842379e+00 9.819647185775474962e-02
3.015928947446201214e+00 2.047015263594582080e-01
3.028495318060560493e+00 1.400222221956807789e-01
3.041061688674919772e+00 1.722085852643512327e-01
3.053628059289279051e+00 7.048161365945809775e-02
3.066194429903637886e+00 1.227389060017407413e-01
3.078760800517997165e+00 8.215802003642994067e-02
3.091327171132356444e+00 1.577731537912281934e-01
3.103893541746715723e+00 4.334242474166195846e-02
3.116459912361074558e+00 -7.833657324077283879e-02
3.129026282975433837e+00 -4.611232822318837854e-03
3.141592653589793116e+00 -1.205612535719368522e-01
3.154159024204152395e+00 6.266380311289120042e-02
3.166725394818511674e+00 3.280651994370438473e-02
3.179291765432870509e+00 -1.079941464981813426e-01
3.191858136047229788e+00 -1.522975285035496062e-01
3.204424506661589067e+00 1.003407907650118586e-01
3.216990877275948346e+00 -7.428770727913493188e-02
3.229557247890307181e+00 -1.363208210467886095e-01
3.242123618504666460e+00 -1.456324344849225239e-01
3.254689989119025739e+00 -8.060701361237571083e-02
3.267256359733385018e+00 -8.571837608854082635e-02
3.279822730347744297e+00 -2.490863288012026833e-01
3.292389100962103132e+00 -3.584638522982818154e-01
3.304955471576462411e+00 -2.538013128684871167e-01
3.317521842190821690e+00 -1.611860867337640557e-01
3.330088212805180969e+00 -2.277006370479129072e-01
3.342654583419540248e+00 -3.581815702850408845e-01
3.355220954033899083e+00 -2.640641235516233976e-01
3.367787324648258362e+00 -3.142529209261505918e-01
3.380353695262617642e+00 -2.712669052160253114e-01
3.392920065876976921e+00 -2.412399936762089914e-01
3.405486436491335756e+00 -2.649958576366614471e-01
3.418052807105695035e+00 -1.625832896844474074e-01
3.430619177720054314e+00 -3.128798201107606536e-01
3.443185548334413593e+00 -6.101120889341831166e-01
3.455751918948772872e+00 -6.261338790788535391e-01
3.468318289563131707e+00 -3.305262094616965296e-01
3.480884660177490986e+00 -4.070709118834968665e-01
3.493451030791850265e+00 -3.226576755027776855e-01
3.506017401406209544e+00 -3.444346383570684456e-01
3.518583772020568823e+00 -3.304267180762013867e-01
3.531150142634927658e+00 -1.979422010873690685e-01
3.543716513249286937e+00 -2.893474052741297209e-01
3.556282883863646216e+00 -3.995750146017236215e-01
3.568849254478005495e+00 -4.928976090703704460e-01
3.581415625092364330e+00 -3.329550001183337882e-01
3.593981995706723609e+00 -3.685718801834189096e-01
3.606548366321082888e+00 -4.085159369628460491e-01
3.619114736935442167e+00 -4.939020184568942984e-01
3.631681107549800558e+00 -6.334250844907641786e-01
3.644247478164159837e+00 -5.350274371437705456e-01
3.656813848778519116e+00 -4.887779611671174695e-01
3.669380219392877951e+00 -3.378490620410462553e-01
3.681946590007237230e+00 -5.610276397392677250e-01
3.694512960621596509e+00 -5.689983457662248778e-01
3.707079331235955788e+00 -5.372699743743210021e-01
3.719645701850315067e+00 -5.078984403185797802e-01
3.732212072464673902e+00 -4.709871549677566160e-01
3.744778443079033181e+00 -5.314026227281793968e-01
3.757344813693392460e+00 -7.980195219352859137e-01
3.769911184307751739e+00 -6.061389794202619585e-01
3.782477554922110574e+00 -6.324975706623192639e-01
3.795043925536469853e+00 -6.128312554961730108e-01
3.807610296150829132e+00 -8.166521243857020051e-01
3.820176666765188411e+00 -7.112726445934286490e-01
3.832743037379547690e+00 -7.266147664180473420e-01
3.845309407993906525e+00 -6.830716276575994339e-01
3.857875778608265804e+00 -8.169764548944868920e-01
3.870442149222625083e+00 -6.607321992869399363e-01
3.883008519836984362e+00 -8.387562111686279742e-01
3.895574890451343641e+00 -7.226142375344536406e-01
3.908141261065702476e+00 -6.894394264302300401e-01
3.920707631680061755e+00 -6.789773529176426070e-01
3.933274002294421035e+00 -6.021001704122452836e-01
3.945840372908780314e+00 -8.304388659074348755e-01
3.958406743523139149e+00 -7.048269760883347779e-01
3.970973114137498428e+00 -7.602998661904746269e-01
3.983539484751857707e+00 -5.836718317510045662e-01
3.996105855366216986e+00 -5.845008939650795377e-01
4.008672225980576265e+00 -5.113476052875502997e-01
4.021238596594935544e+00 -7.037329772667009209e-01
4.033804967209294823e+00 -8.052960991230119214e-01
4.046371337823653214e+00 -7.290242803201258948e-01
4.058937708438012493e+00 -7.012399049688600172e-01
4.071504079052371772e+00 -8.286823392325441962e-01
4.084070449666731051e+00 -6.905108513664772740e-01
4.096636820281090330e+00 -1.000612362012898604e+00
4.109203190895449609e+00 -8.454193180932849661e-01
4.121769561509808888e+00 -7.955932165439570936e-01
4.134335932124168167e+00 -7.918163215999394211e-01
4.146902302738527446e+00 -7.574093123413875306e-01
4.159468673352886725e+00 -8.876701259511949882e-01
4.172035043967245116e+00 -8.279446355065954721e-01
4.184601414581604395e+00 -1.029095656327842612e+00
4.197167785195963674e+00 -1.024504935072334755e+00
4.209734155810322953e+00 -8.244539540392863408e-01
4.222300526424682232e+00 -9.213758054595548863e-01
4.234866897039041511e+00 -1.024647005957744827e+00
4.247433267653400790e+00 -7.318093042349465005e-01
4.259999638267760069e+00 -9.324881904007115141e-01
4.272566008882119348e+00 -8.407077826990956293e-01
4.285132379496477739e+00 -7.800915229082857616e-01
4.297698750110837018e+00 -9.530740201328248284e-01
4.310265120725196297e+00 -9.756092547988487462e-01
4.322831491339555576e+00 -8.786214458528881499e-01
4.335397861953914855e+00 -9.449059350193256268e-01
4.347964232568274134e+00 -1.009852537925455485e+00
4.360530603182633413e+00 -7.499212670481789633e-01
4.373096973796992692e+00 -7.048738937166311169e-01
4.385663344411351972e+00 -8.055443304586475950e-01
4.398229715025710362e+00 -1.056378211671974210e+00
4.410796085640069641e+00 -9.928800036921312522e-01
4.423362456254428032e+00 -9.204497504603923463e-01
4.435928826868787311e+00 -1.016359638330014858e+00
4.448495197483146590e+00 -8.435615964091461860e-01
4.461061568097505869e+00 -8.832780144849349258e-01
4.473627938711865148e+00 -9.037086279468802275e-01
4.486194309326224428e+00 -8.927070254202789101e-01
4.498760679940583707e+00 -1.009900816418979108e+00
4.511327050554942986e+00 -9.431210284598682270e-01
4.523893421169302265e+00 -9.906719136212159826e-01
4.536459791783661544e+00 -9.922126257347358980e-01
4.549026162398019935e+00 -9.573508156755808907e-01
4.561592533012379214e+00 -1.005703754853155107e+00
4.574158903626738493e+00 -7.954448331207717438e-01
4.586725274241097772e+00 -1.039856251379025487e+00
4.599291644855457051e+00 -1.148355729586161056e+00
4.611858015469816330e+00 -9.550344477502840101e-01
4.624424386084175609e+00 -9.929140647178124057e-01
4.636990756698534888e+00 -1.055389039179194910e+00
4.649557127312894167e+00 -8.910136927685408104e-01
4.662123497927252558e+00 -1.208303802406478944e+00
4.674689868541611837e+00 -1.057147854317961322e+00
4.687256239155971116e+00 -1.049414440448949382e+00
4.699822609770330395e+00 -1.039617853837216499e+00
4.712388980384689674e+00 -9.459088397578948593e-01
4.724955350999048953e+00 -9.797275691318443336e-01
4.737521721613408232e+00 -1.011531440525047953e+00
4.750088092227767511e+00 -1.074569758302162725e+00
4.762654462842126790e+00 -8.556081775216276553e-01
4.775220833456485181e+00 -1.070406576791782305e+00
4.787787204070844460e+00 -8.875439015613189042e-01
4.800353574685203739e+00 -1.014186321612545960e+00
4.812919945299563018e+00 -9.272276739616442942e-01
4.825486315913922297e+00 -1.060043975800474048e+00
4.838052686528281576e+00 -1.060887764356349461e+00
4.850619057142640855e+00 -7.814987095868881628e-01
4.863185427757000134e+00 -9.313703836605484732e-01
4.875751798371359413e+00 -8.500862707561217535e-01
4.888318168985717804e+00 -1.112386718474761782e+00
4.900884539600077083e+00 -1.008337844311673059e+00
4.913450910214436362e+00 -1.084867851991227372e+00
4.926017280828795641e+00 -9.478095750889508064e-01
4.938583651443154920e+00 -9.564108996271646346e-01
4.951150022057514200e+00 -1.163229645461985040e+00
4.963716392671873479e+00 -8.892075829379131324e-01
4.976282763286232758e+00 -8.738278492952891163e-01
4.988849133900592037e+00 -1.076136486697246486e+00
5.001415504514951316e+00 -9.558166127518545885e-01
5.013981875129309707e+00 -1.059014684195287659e+00
5.026548245743668986e+00 -9.156542375258293065e-01
5.039114616358028265e+00 -1.055487496664914371e+00
5.051680986972387544e+00 -1.044166913192703383e+00
5.064247357586746823e+00 -9.681053546791873465e-01
5.076813728201106102e+00 -8.749801835103037106e-01
5.089380098815465381e+00 -1.050702838949707729e+00
5.101946469429824660e+00 -9.311656814368972634e-01
5.114512840044183939e+00 -9.207195500115452624e-01
5.127079210658542330e+00 -8.793285517799680484e-01
5.139645581272901609e+00 -8.221430500948365694e-01
5.152211951887260888e+00 -9.148243087228543624e-01
5.164778322501620167e+00 -7.137927030921205063e-01
5.177344693115979446e+00 -9.410778016972216609e-01
5.189911063730338725e+00 -9.608859034884758010e-01
5.202477434344698004e+00 -8.610594293754829653e-01
5.215043804959057283e+00 -7.438844936663886465e-01
5.227610175573416562e+00 -8.217266968204156585e-01
5.240176546187774953e+00 -9.403188257235494119e-01
5.252742916802134232e+00 -7.595258375150653052e-01
5.265309287416492623e+00 -8.271237565654367963e-01
5.277875658030851902e+00 -7.012703710992265194e-01
5.290442028645211181e+00 -7.583440281782698467e-01
5.303008399259570460e+00 -7.427853015535128556e-01
5.315574769873929739e+00 -9.154196886340247863e-01
5.328141140488289018e+00 -8.669080476682381464e-01
5.340707511102648297e+00 -9.004996821834070353e-01
5.353273881717007576e+00 -9.085909401789880047e-01
5.365840252331366855e+00 -5.961259345970320034e-01
5.378406622945726134e+00 -7.128549158184620538e-01
5.390972993560084525e+00 -8.758101259886531542e-01
5.403539364174443804e+00 -7.833507083766828583e-01
5.416105734788803083e+00 -7.438554568102814235e-01
5.428672105403162362e+00 -6.905121262674939198e-01
5.441238476017521641e+00 -8.133263678763323901e-01
5.453804846631880920e+00 -8.093213864670100177e-01
5.466371217246240199e+00 -5.906009744202190825e-01
5.478937587860599479e+00 -6.689315092361830528e-01
5.491503958474958758e+00 -6.620797534434120779e-01
5.504070329089317148e+00 -8.368626114573842756e-01
5.516636699703676427e+00 -4.943747974692606073e-01
5.529203070318035707e+00 -6.954107798942226193e-01
5.541769440932394986e+00 -7.939702043695094913e-01
5.554335811546754265e+00 -7.288737152722353230e-01
5.566902182161113544e+00 -5.733047765667442786e-01
5.579468552775472823e+00 -5.440063933780036054e-01
5.592034923389832102e+00 -5.318031897862287583e-01
5.604601294004191381e+00 -4.893768710839861424e-01
5.617167664618549772e+00 -6.714825095912799746e-01
5.629734035232909051e+00 -5.062021382287124061e-01
5.642300405847268330e+00 -7.330486799430044886e-01
5.654866776461627609e+00 -4.166543236792375482e-01
5.667433147075986888e+00 -6.725935544670544886e-01
5.679999517690346167e+00 -5.500639633904141901e-01
5.692565888304705446e+00 -5.585665861803933430e-01
5.705132258919064725e+00 -4.941043559139894903e-01
5.717698629533424004e+00 -5.095587380498979302e-01
5.730265000147783283e+00 -6.196300168554262910e-01
5.742831370762141674e+00 -4.453252174896673576e-01
5.755397741376500953e+00 -4.212924438981273112e-01
5.767964111990860232e+00 -5.041362605930466145e-01
5.780530482605219511e+00 -4.818181346347587546e-01
5.793096853219578790e+00 -4.459874520857304292e-01
5.805663223833938069e+00 -4.192451974592895092e-01
5.818229594448297348e+00 -3.490407086362961042e-01
5.830795965062656627e+00 -4.143889372491674217e-01
5.843362335677015906e+00 -4.277371189144543173e-01
5.855928706291374297e+00 -4.545236814960782468e-01
5.868495076905733576e+00 -3.338171509825282324e-01
5.881061447520092855e+00 -3.356141669837693908e-01
5.893627818134452134e+00 -4.046780041179856569e-01
5.906194188748811413e+00 -3.942645718084951123e-01
5.918760559363170692e+00 -3.650993440294130199e-01
5.931326929977529971e+00 -4.869151659075603433e-01
5.943893300591889250e+00 -3.940740442442474123e-01
5.956459671206248530e+00 -1.888234797472604087e-01
5.969026041820606920e+00 -3.185062643612818212e-01
5.981592412434966199e+00 -3.418728217245639023e-01
5.994158783049325478e+00 -1.070790542227808839e-01
6.006725153663684758e+00 -8.426463453682075944e-02
6.019291524278044037e+00 -1.903932803031305188e-01
6.031857894892402427e+00 -2.981018771466981132e-01
6.044424265506761706e+00 -1.339218029518565445e-01
6.056990636121120986e+00 -2.484393686476010499e-01
6.069557006735480265e+00 -2.856347308918782413e-01
6.082123377349839544e+00 -1.586709763271841600e-01
6.094689747964198823e+00 -1.085349923024264973e-01
6.107256118578558102e+00 -2.126917840256088987e-01
6.119822489192916493e+00 -3.022634698848642443e-01
6.132388859807275772e+00 -1.239240860123043547e-01
6.144955230421635051e+00 -2.056726588585093274e-01
6.157521601035994330e+00 -1.251978075294854498e-03
6.170087971650353609e+00 1.999652418647672458e-02
6.182654342264712888e+00 -1.244140980252300271e-01
6.195220712879072167e+00 -8.808432574629540546e-02
6.207787083493431446e+00 7.418696173409938810e-02
6.220353454107790725e+00 -1.102559115439618875e-01
6.232919824722149116e+00 -5.515786432357868557e-02
6.245486195336508395e+00 6.579467781105852175e-02
6.258052565950867674e+00 -8.557807486878235559e-02
6.270618936565226953e+00 -7.992478194374354195e-02
