0.000000000000000000e+00 2.124482959950032765e-02
1.256637061435917323e-02 -4.926058127767164035e-02
2.513274122871834645e-02 -6.806285363031376601e-02
3.769911184307751795e-02 2.198377830079955297e-01
5.026548245743669291e-02 6.637448407645277215e-02
6.283185307179586787e-02 5.279651159722297676e-02
7.539822368615503589e-02 5.524191308189450172e-02
8.796459430051420392e-02 6.523818719580527781e-02
1.005309649148733858e-01 6.477773451969542906e-02
1.130973355292325677e-01 1.314650568532077235e-01
1.256637061435917357e-01 2.523065884036721496e-01
1.382300767579508760e-01 2.483507794357628362e-01
1.507964473723100718e-01 1.765152021056283216e-01
1.633628179866692676e-01 1.386513175794092390e-01
1.759291886010284078e-01 1.311814326514243179e-01
1.884955592153875759e-01 2.441169965056571023e-01
2.010619298297467716e-01 1.812060985152585957e-02
2.136283004441059397e-01 2.901728097176389798e-01
2.261946710584651354e-01 1.285367905980321912e-01
2.387610416728242757e-01 3.242418933814539272e-01
2.513274122871834715e-01 2.174281585065960531e-01
2.638937829015426395e-01 2.879120871298758155e-01
2.764601535159017520e-01 4.270841962398810310e-01
2.890265241302609756e-01 3.997555776793914051e-01
3.015928947446201436e-01 1.828924866360189805e-01
3.141592653589793116e-01 2.989475429235627923e-01
3.267256359733385351e-01 1.902987331024775519e-01
3.392920065876976476e-01 3.136713607367677681e-01
3.518583772020568157e-01 4.436922818003243285e-01
3.644247478164160392e-01 4.178337493469473918e-01
3.769911184307751517e-01 3.490572676370690131e-01
3.895574890451343197e-01 2.044273211518514155e-01
4.021238596594935433e-01 5.106779383073529743e-01
4.146902302738527113e-01 4.491435229460627454e-01
4.272566008882118793e-01 4.148183003936896651e-01
4.398229715025711029e-01 4.784135957661986294e-01
4.523893421169302709e-01 6.723682649256177424e-01
4.649557127312893834e-01 4.489598673146606989e-01
4.775220833456485514e-01 3.558973835085521009e-01
4.900884539600077194e-01 4.218066806561832083e-01
5.026548245743669430e-01 5.806771763109657147e-01
5.152211951887261110e-01 4.552378811972982442e-01
5.277875658030852790e-01 5.531830453799546632e-01
5.403539364174444470e-01 5.942005360948903192e-01
5.529203070318035040e-01 2.903454779639872418e-01
5.654866776461627831e-01 4.838501054443687388e-01
5.780530482605219511e-01 4.323861632377432040e-01
5.906194188748811191e-01 5.488445895981683975e-01
6.031857894892402872e-01 5.108342872357555242e-01
6.157521601035994552e-01 6.589490500008484686e-01
6.283185307179586232e-01 5.145291631473456473e-01
6.408849013323177912e-01 7.708607281994077631e-01
6.534512719466770703e-01 5.421632749584368582e-01
6.660176425610361273e-01 5.256037433433035089e-01
6.785840131753952953e-01 4.351690874207540527e-01
6.911503837897544633e-01 7.618717995609367577e-01
7.037167544041136313e-01 6.994829477048353228e-01
7.162831250184729104e-01 6.426392588328319055e-01
7.288494956328320784e-01 6.592266537413152827e-01
7.414158662471912464e-01 7.049875532333007566e-01
7.539822368615503034e-01 6.837648160330491720e-01
7.665486074759094715e-01 8.252169769248868247e-01
7.791149780902686395e-01 5.860272373607525731e-01
7.916813487046279185e-01 7.023320861867685672e-01
8.042477193189870865e-01 6.933452949949781008e-01
8.168140899333462546e-01 7.710403183921723524e-01
8.293804605477054226e-01 6.570726028200031266e-01
8.419468311620645906e-01 7.717510054754599391e-01
8.545132017764237586e-01 8.304830802538756274e-01
8.670795723907829267e-01 7.322636637832641293e-01
8.796459430051422057e-01 5.601018205330979827e-01
8.922123136195013737e-01 7.694657211254321005e-01
9.047786842338605418e-01 7.451515667636082751e-01
9.173450548482194877e-01 9.116026202022995406e-01
9.299114254625787668e-01 6.765006976269347660e-01
9.424777960769379348e-01 6.339403307604947191e-01
9.550441666912971028e-01 9.465515626868763466e-01
9.676105373056562708e-01 7.724701330177108360e-01
9.801769079200154389e-01 9.302411890067140421e-01
9.927432785343746069e-01 8.785824985740677828e-01
1.005309649148733886e+00 1.004190502927253092e+00
1.017876019763092943e+00 8.463003987180194310e-01
1.030442390377452222e+00 7.377602043193814962e-01
1.043008760991811279e+00 9.384855132773535225e-01
1.055575131606170558e+00 6.270892707982221870e-01
1.068141502220529837e+00 9.594312240951796689e-01
1.080707872834888894e+00 8.249759173183979222e-01
1.093274243449248173e+00 8.397209846899345020e-01
1.105840614063607008e+00 6.786060441967624035e-01
1.118406984677966287e+00 1.165119720465256581e+00
1.130973355292325566e+00 9.234296059862352468e-01
1.143539725906684623e+00 9.445946184209240704e-01
1.156106096521043902e+00 9.823640357557057445e-01
1.168672467135402959e+00 7.098078359341859489e-01
1.181238837749762238e+00 9.232118601982982620e-01
1.193805208364121295e+00 8.775145625497339230e-01
1.206371578978480574e+00 1.191861205305490667e+00
1.218937949592839853e+00 9.887606984595320725e-01
1.231504320207198910e+00 9.586223926665395911e-01
1.244070690821558189e+00 1.024891353183345455e+00
1.256637061435917246e+00 9.661070474142166020e-01
1.269203432050276525e+00 9.979914389052323420e-01
1.281769802664635582e+00 9.482515964453260837e-01
1.294336173278994861e+00 1.094687393248913398e+00
1.306902543893354141e+00 8.787192490692382618e-01
1.319468914507712975e+00 1.066513790298904807e+00
1.332035285122072255e+00 1.112935832323211027e+00
1.344601655736431534e+00 1.167307957336988888e+00
1.357168026350790591e+00 1.089260682693446336e+00
1.369734396965149870e+00 7.555408434637513881e-01
1.382300767579508927e+00 9.509183924717783398e-01
1.394867138193868206e+00 1.007369672904947500e+00
1.407433508808227263e+00 9.542900381148150535e-01
1.419999879422586542e+00 9.504724068721092101e-01
1.432566250036945821e+00 1.131118564565570583e+00
1.445132620651304878e+00 1.008090146364099216e+00
1.457698991265664157e+00 9.879896426743418614e-01
1.470265361880023214e+00 8.976463371618779163e-01
1.482831732494382493e+00 9.076952218400456962e-01
1.495398103108741550e+00 9.716102342985577511e-01
1.507964473723100607e+00 9.823544099322816248e-01
1.520530844337459886e+00 1.028811171483937414e+00
1.533097214951818943e+00 1.053077562498326181e+00
1.545663585566178222e+00 9.010025032715227589e-01
1.558229956180537279e+00 1.202330998330134015e+00
1.570796326794896558e+00 8.852300395266330391e-01
1.583362697409255837e+00 9.911418269089737887e-01
1.595929068023614894e+00 9.262839501041105761e-01
1.608495438637974173e+00 1.120445788578583679e+00
1.621061809252333230e+00 1.011269307034293075e+00
1.633628179866692509e+00 9.277012242395811237e-01
1.646194550481051566e+00 1.186604951784244744e+00
1.658760921095410845e+00 1.198567105061981941e+00
1.671327291709770124e+00 9.097765722114996567e-01
1.683893662324129181e+00 1.072849018337558302e+00
1.696460032938488460e+00 9.136794636411557091e-01
1.709026403552847517e+00 1.018823288539930205e+00
1.721592774167206796e+00 1.037971356582195082e+00
1.734159144781565853e+00 1.017276307507185562e+00
1.746725515395925132e+00 9.285094057261462641e-01
1.759291886010284411e+00 1.118410285542459803e+00
1.771858256624643468e+00 9.897305296324987456e-01
1.784424627239002747e+00 9.322226252637592081e-01
1.796990997853361804e+00 9.840934128230590661e-01
1.809557368467721084e+00 7.852939937405390980e-01
1.822123739082079918e+00 8.591757720006978349e-01
1.834690109696438975e+00 9.271353972610278937e-01
1.847256480310798255e+00 1.124108288685399692e+00
1.859822850925157534e+00 8.765537925901705218e-01
1.872389221539516591e+00 9.228828068846947064e-01
1.884955592153875870e+00 8.638642142280940073e-01
1.897521962768234927e+00 8.320744101500642254e-01
1.910088333382594206e+00 8.622437353231264812e-01
1.922654703996953263e+00 9.784861033026120980e-01
1.935221074611312542e+00 8.980454980329318770e-01
1.947787445225671821e+00 8.994185012664761558e-01
1.960353815840030878e+00 8.881505666410128841e-01
1.972920186454390157e+00 8.524533947098255071e-01
1.985486557068749214e+00 1.020154420364755232e+00
1.998052927683108493e+00 8.423035831707118559e-01
2.010619298297467772e+00 8.992481741644744453e-01
2.023185668911826607e+00 1.017119175356958394e+00
2.035752039526185886e+00 8.921547280850434802e-01
2.048318410140545165e+00 9.285442147879775510e-01
2.060884780754904444e+00 8.369776684570441327e-01
2.073451151369263723e+00 8.923720552699493380e-01
2.086017521983622558e+00 8.589047206215933983e-01
2.098583892597981837e+00 7.196205129682026191e-01
2.111150263212341116e+00 8.428280285290675744e-01
2.123716633826700395e+00 7.357505215803863408e-01
2.136283004441059674e+00 8.264143642696951675e-01
2.148849375055418509e+00 9.060834465065348287e-01
2.161415745669777788e+00 8.143288121406787594e-01
2.173982116284137067e+00 8.660504557575802176e-01
2.186548486898496346e+00 7.701059283430685687e-01
2.199114857512855181e+00 9.669083401432654323e-01
2.211681228127214016e+00 8.917664293531210040e-01
2.224247598741573295e+00 7.344035269763534712e-01
2.236813969355932574e+00 8.989923779907638135e-01
2.249380339970291853e+00 8.204034324942183209e-01
2.261946710584651132e+00 1.004644948268750060e+00
2.274513081199009967e+00 7.425558501818342316e-01
2.287079451813369246e+00 5.954198688382484894e-01
2.299645822427728525e+00 8.269273051893363258e-01
2.312212193042087804e+00 7.655510236534428525e-01
2.324778563656447083e+00 6.351405572944288647e-01
2.337344934270805918e+00 7.596852573266029696e-01
2.349911304885165197e+00 7.876699939604214773e-01
2.362477675499524477e+00 5.539550507325967654e-01
2.375044046113883756e+00 6.394586477229305954e-01
2.387610416728242591e+00 7.008186982635378204e-01
2.400176787342601870e+00 7.711265563945295387e-01
2.412743157956961149e+00 5.025105689399376185e-01
2.425309528571320428e+00 5.408894670646690050e-01
2.437875899185679707e+00 7.007035728880803838e-01
2.450442269800038542e+00 5.486411918317988246e-01
2.463008640414397821e+00 4.594589741043068054e-01
2.475575011028757100e+00 6.426674741982340011e-01
2.488141381643116379e+00 7.928052056767223021e-01
2.500707752257475658e+00 3.963054141552491139e-01
2.513274122871834493e+00 6.490794446513129534e-01
2.525840493486193772e+00 4.802011508506966453e-01
2.538406864100553051e+00 5.132682408898940896e-01
2.550973234714912330e+00 4.349306619005966490e-01
2.563539605329271165e+00 5.303050110529553551e-01
2.576105975943630444e+00 3.710633428563053782e-01
2.588672346557989723e+00 4.251127585802377817e-01
2.601238717172349002e+00 5.128565564874476568e-01
2.613805087786708281e+00 6.139859797343814041e-01
2.626371458401067116e+00 4.618390054652959376e-01
2.638937829015425951e+00 5.249467049455368572e-01
2.651504199629785230e+00 3.544961465154319313e-01
2.664070570244144509e+00 2.507520381904917439e-01
2.676636940858503788e+00 5.225383547557551633e-01
2.689203311472863067e+00 4.436570646675588869e-01
2.701769682087221902e+00 5.133891706438871161e-01
2.714336052701581181e+00 3.414999533853316782e-01
2.726902423315940460e+00 5.936996467353958806e-01
2.739468793930299739e+00 5.063034584188697007e-01
2.752035164544658574e+00 3.090873397938992961e-01
2.764601535159017853e+00 2.527034211979151679e-01
2.777167905773377132e+00 3.115293383597141919e-01
2.789734276387736411e+00 2.947690057828288301e-01
2.802300647002095690e+00 2.743806981011496227e-01
2.814867017616454525e+00 4.157408118337295178e-01
2.827433388230813804e+00 4.172940276969201445e-01
2.839999758845173083e+00 2.783236619102880671e-01
2.852566129459532362e+00 3.102062115772290518e-01
2.865132500073891642e+00 4.139149136619405533e-01
2.877698870688250476e+00 2.176209018304123277e-01
2.890265241302609756e+00 2.575163097092737496e-01
2.902831611916969035e+00 3.508903315321685312e-01
2.915397982531328314e+00 1.479767196558181563e-01
2.927964353145687149e+00 1.558948386256876206e-01
2.940530723760046428e+00 2.415787905592477747e-01
2.953097094374405707e+00 1.217779110771234491e-01
2.965663464988764986e+00 2.840738707321566192e-01
2.978229835603124265e+00 1.946077863560541354e-01
2.990796206217483100e+00 1.027234817725699995e-01
3.003362576831842379e+00 1.132676537279499046e-01
3.015928947446201214e+00 5.306372315577041754e-02
3.028495318060560493e+00 -1.062105924360324249e-01
3.041061688674919772e+00 5.364324611489670880e-02
3.053628059289279051e+00 7.206925883182557779e-03
3.066194429903637886e+00 1.092673238567877236e-01
3.078760800517997165e+00 1.326439772146506824e-01
3.091327171132356444e+00 -6.811133737497107599e-02
3.103893541746715723e+00 -2.391132404512087695e-03
3.116459912361074558e+00 -1.000092811502386117e-02
3.129026282975433837e+00 -7.380750516984804083e-03
3.141592653589793116e+00 3.117058912078738905e-02
3.154159024204152395e+00 5.640227652844562872e-02
3.166725394818511674e+00 6.980293436129096640e-02
3.179291765432870509e+00 8.529892699134322687e-02
3.191858136047229788e+00 2.360342133183657154e-02
3.204424506661589067e+00 3.839851637674362994e-02
3.216990877275948346e+00 -1.382393423075910788e-01
3.229557247890307181e+00 -1.392047976923659891e-01
3.242123618504666460e+00 -1.814786886570662616e-01
3.254689989119025739e+00 -2.044610608881750613e-01
3.267256359733385018e+00 -1.347479780636187952e-01
3.279822730347744297e+00 -4.827412579429015693e-01
3.292389100962103132e+00 -5.291766864443167573e-02
3.304955471576462411e+00 -4.417378013067230214e-02
3.317521842190821690e+00 -9.777001178532646053e-02
3.330088212805180969e+00 -4.076695577087772193e-01
3.342654583419540248e+00 -4.570855008579955969e-01
3.355220954033899083e+00 5.368842641674162475e-02
3.367787324648258362e+00 -4.512930536434887063e-01
3.380353695262617642e+00 -3.525262092149262227e-01
3.392920065876976921e+00 -1.826088976734980829e-01
3.405486436491335756e+00 -2.582093880168618294e-01
3.418052807105695035e+00 -2.044838673969551490e-01
3.430619177720054314e+00 -2.443450112728934864e-01
3.443185548334413593e+00 -2.445696631138194743e-01
3.455751918948772872e+00 -3.474902248589952225e-01
3.468318289563131707e+00 -2.809452569334749406e-01
3.480884660177490986e+00 -3.698217487448815510e-01
3.493451030791850265e+00 -5.072521026163939739e-01
3.506017401406209544e+00 -2.814787948712166310e-01
3.518583772020568823e+00 -4.859060536470157787e-01
3.531150142634927658e+00 -3.294314543546211782e-01
3.543716513249286937e+00 -4.666100215417937069e-01
3.556282883863646216e+00 -3.617540753720038804e-01
3.568849254478005495e+00 -1.987782023497164652e-01
3.581415625092364330e+00 -4.470347429784339299e-01
3.593981995706723609e+00 -6.598195805979625295e-01
3.606548366321082888e+00 -4.205840729436334802e-01
3.619114736935442167e+00 -3.509532785963656032e-01
3.631681107549800558e+00 -6.847965057562183100e-01
3.644247478164159837e+00 -4.901384591615954300e-01
3.656813848778519116e+00 -1.587210492669635653e-01
3.669380219392877951e+00 -4.482767207449887548e-01
3.681946590007237230e+00 -4.611887174415280066e-01
3.694512960621596509e+00 -6.041716055663015617e-01
3.707079331235955788e+00 -5.002211922134258693e-01
3.719645701850315067e+00 -4.918338221389894072e-01
3.732212072464673902e+00 -7.279792839031232754e-01
3.744778443079033181e+00 -5.219405388096252096e-01
3.757344813693392460e+00 -4.321768056331413144e-01
3.769911184307751739e+00 -7.282001214049493854e-01
3.782477554922110574e+00 -4.980666557077367274e-01
3.795043925536469853e+00 -7.439962954654453231e-01
3.807610296150829132e+00 -7.747385626101461753e-01
3.820176666765188411e+00 -6.315289605069827061e-01
3.832743037379547690e+00 -5.955495027162590604e-01
3.845309407993906525e+00 -7.579017811115267289e-01
3.857875778608265804e+00 -7.687510521713231126e-01
3.870442149222625083e+00 -6.964688908668785761e-01
3.883008519836984362e+00 -6.833794308865497324e-01
3.895574890451343641e+00 -8.009029970501790885e-01
3.908141261065702476e+00 -7.088256619601859265e-01
3.920707631680061755e+00 -8.179809396181999537e-01
3.933274002294421035e+00 -7.088938963239017621e-01
3.945840372908780314e+00 -6.590499100489775053e-01
3.958406743523139149e+00 -7.130852505677928166e-01
3.970973114137498428e+00 -5.746888640127039150e-01
3.983539484751857707e+00 -8.319407701706771352e-01
3.996105855366216986e+00 -8.205961351291922723e-01
4.008672225980576265e+00 -6.905520995453454658e-01
4.021238596594935544e+00 -6.271190136761551903e-01
4.033804967209294823e+00 -8.551415812506826253e-01
4.046371337823653214e+00 -7.818604359671563753e-01
4.058937708438012493e+00 -6.762541619855783059e-01
4.071504079052371772e+00 -7.811342915038483881e-01
4.084070449666731051e+00 -8.408257563151975145e-01
4.096636820281090330e+00 -9.331890122016399669e-01
4.109203190895449609e+00 -8.905149333473274531e-01
4.121769561509808888e+00 -6.418339934647380174e-01
4.134335932124168167e+00 -7.182880492770845615e-01
4.146902302738527446e+00 -7.911963566765609635e-01
4.159468673352886725e+00 -7.882728757801309438e-01
4.172035043967245116e+00 -7.610612410804266093e-01
4.184601414581604395e+00 -7.491460598671317861e-01
4.197167785195963674e+00 -8.593792737721599462e-01
4.209734155810322953e+00 -1.062590333197324766e+00
4.222300526424682232e+00 -1.076929409775160495e+00
4.234866897039041511e+00 -9.038325200905902301e-01
4.247433267653400790e+00 -8.635350399780932218e-01
4.259999638267760069e+00 -9.941704019501530487e-01
4.272566008882119348e+00 -8.029109686732009976e-01
4.285132379496477739e+00 -8.009603813015202523e-01
4.297698750110837018e+00 -8.325159434413889059e-01
4.310265120725196297e+00 -1.048509249408457134e+00
4.322831491339555576e+00 -7.380497175039038016e-01
4.335397861953914855e+00 -9.182915993775356833e-01
4.347964232568274134e+00 -1.016124758833312658e+00
4.360530603182633413e+00 -8.875140583388123616e-01
4.373096973796992692e+00 -9.165258257616840654e-01
4.385663344411351972e+00 -9.664336511193115653e-01
4.398229715025710362e+00 -9.966665006362717127e-01
4.410796085640069641e+00 -9.866091824880961481e-01
4.423362456254428032e+00 -7.681736059042900688e-01
4.435928826868787311e+00 -9.850997582754041915e-01
4.448495197483146590e+00 -9.728023679623072351e-01
4.461061568097505869e+00 -9.043158223341470903e-01
4.473627938711865148e+00 -1.039986341754957966e+00
4.486194309326224428e+00 -9.876244780688391289e-01
4.498760679940583707e+00 -9.932887690546099435e-01
4.511327050554942986e+00 -9.633191110406840174e-01
4.523893421169302265e+00 -1.013288396453091211e+00
4.536459791783661544e+00 -1.039511015379989800e+00
4.549026162398019935e+00 -1.170927631039383021e+00
4.561592533012379214e+00 -1.024182004178928906e+00
4.574158903626738493e+00 -1.104340906611682716e+00
4.586725274241097772e+00 -9.450947069082092922e-01
4.599291644855457051e+00 -9.181042127489775773e-01
4.611858015469816330e+00 -1.118917045915624797e+00
4.624424386084175609e+00 -1.051587610484710833e+00
4.636990756698534888e+00 -1.035129259854869144e+00
4.649557127312894167e+00 -9.027015919608107897e-01
4.662123497927252558e+00 -1.039564955144986591e+00
4.674689868541611837e+00 -1.006246211194796958e+00
4.687256239155971116e+00 -1.029688049096088243e+00
4.699822609770330395e+00 -9.486159856809572855e-01
4.712388980384689674e+00 -9.146254718961747132e-01
4.724955350999048953e+00 -9.693204570257110131e-01
4.737521721613408232e+00 -1.084608432572354175e+00
4.750088092227767511e+00 -1.077270892777204558e+00
4.762654462842126790e+00 -1.039954869162158735e+00
4.775220833456485181e+00 -9.245098527364301599e-01
4.787787204070844460e+00 -1.130218454399612993e+00
4.800353574685203739e+00 -9.661568991687867758e-01
4.812919945299563018e+00 -1.068342705793276393e+00
4.825486315913922297e+00 -9.599202941914805054e-01
4.838052686528281576e+00 -8.394203072932914234e-01
4.850619057142640855e+00 -9.297399363752821833e-01
4.863185427757000134e+00 -9.053220332676182869e-01
4.875751798371359413e+00 -1.021142859421938054e+00
4.888318168985717804e+00 -1.128173199193357457e+00
4.900884539600077083e+00 -8.101871801978256515e-01
4.913450910214436362e+00 -1.101293347258979871e+00
4.926017280828795641e+00 -1.016205772051107736e+00
4.938583651443154920e+00 -9.013816988796571339e-01
4.951150022057514200e+00 -1.048487704292634159e+00
4.963716392671873479e+00 -1.053313601056834470e+00
4.976282763286232758e+00 -1.057026719779954993e+00
4.988849133900592037e+00 -9.431977082817679658e-01
5.001415504514951316e+00 -9.779158958890757924e-01
5.013981875129309707e+00 -1.064289617888606321e+00
5.026548245743668986e+00 -1.074960919719539554e+00
5.039114616358028265e+00 -9.579156066779822565e-01
5.051680986972387544e+00 -9.360258077230853013e-01
5.064247357586746823e+00 -8.245732880735366921e-01
5.076813728201106102e+00 -8.057466027560521438e-01
5.089380098815465381e+00 -8.795228348183211642e-01
5.101946469429824660e+00 -9.367739152878302722e-01
5.114512840044183939e+00 -9.387540810079078035e-01
5.127079210658542330e+00 -8.350614585387553523e-01
5.139645581272901609e+00 -7.194209712769004117e-01
5.152211951887260888e+00 -8.380031493584857438e-01
5.164778322501620167e+00 -8.821952350576540702e-01
5.177344693115979446e+00 -1.021584620232424134e+00
5.189911063730338725e+00 -8.993632673109487330e-01
5.202477434344698004e+00 -1.090989273019401740e+00
5.215043804959057283e+00 -8.940437584138632987e-01
5.227610175573416562e+00 -8.697598070315510910e-01
5.240176546187774953e+00 -8.665299291495867084e-01
5.252742916802134232e+00 -8.242871527508839335e-01
5.265309287416492623e+00 -9.711857258157341466e-01
5.277875658030851902e+00 -8.662191844784979944e-01
5.290442028645211181e+00 -8.313326679632584426e-01
5.303008399259570460e+00 -1.287171786631915893e+00
5.315574769873929739e+00 -7.295641058212947172e-01
5.328141140488289018e+00 -9.286361510492293636e-01
5.340707511102648297e+00 -8.844943706635146619e-01
5.353273881717007576e+00 -1.052596467152927318e+00
5.365840252331366855e+00 -8.585846546888814546e-01
5.378406622945726134e+00 -7.557447300657503808e-01
5.390972993560084525e+00 -5.825294859576457540e-01
5.403539364174443804e+00 -8.629769625348078232e-01
5.416105734788803083e+00 -8.345787600421101793e-01
5.428672105403162362e+00 -6.802738260972960305e-01
5.441238476017521641e+00 -8.025420809394469002e-01
5.453804846631880920e+00 -7.457394151699645590e-01
5.466371217246240199e+00 -8.454995689467970088e-01
5.478937587860599479e+00 -7.124164930272125495e-01
5.491503958474958758e+00 -7.030184017776851535e-01
5.504070329089317148e+00 -9.098787501211971218e-01
5.516636699703676427e+00 -5.494985364091166113e-01
5.529203070318035707e+00 -5.177284800351930061e-01
5.541769440932394986e+00 -8.322020272217333092e-01
5.554335811546754265e+00 -7.249052318621669322e-01
5.566902182161113544e+00 -7.487179109998854942e-01
5.579468552775472823e+00 -6.085958070737280678e-01
5.592034923389832102e+00 -6.809507985120454299e-01
5.604601294004191381e+00 -5.887890538007071184e-01
5.617167664618549772e+00 -5.412253081708722213e-01
5.629734035232909051e+00 -6.482290263026099231e-01
5.642300405847268330e+00 -5.257217179861187750e-01
5.654866776461627609e+00 -6.010767438620927550e-01
5.667433147075986888e+00 -6.272442384141848626e-01
5.679999517690346167e+00 -6.289515891883864507e-01
5.692565888304705446e+00 -6.442417034496630279e-01
5.705132258919064725e+00 -3.890272349341989955e-01
5.717698629533424004e+00 -3.776171041693554553e-01
5.730265000147783283e+00 -4.369864373002127489e-01
5.742831370762141674e+00 -5.171208620236755760e-01
5.755397741376500953e+00 -5.579270753411537109e-01
5.767964111990860232e+00 -4.453525737176322608e-01
5.780530482605219511e+00 -4.581799171570897222e-01
5.793096853219578790e+00 -3.906126890787195993e-01
5.805663223833938069e+00 -6.036952871627229156e-01
5.818229594448297348e+00 -4.905008527169492649e-01
5.830795965062656627e+00 -5.406252236718730453e-01
5.843362335677015906e+00 -4.537402685590049001e-01
5.855928706291374297e+00 -5.778487929896367614e-01
5.868495076905733576e+00 -4.678562752226223531e-01
5.881061447520092855e+00 -4.807228671431540978e-01
5.893627818134452134e+00 -4.875994446070809341e-01
5.906194188748811413e+00 -3.165174769268949695e-01
5.918760559363170692e+00 -3.539002835245025902e-01
5.931326929977529971e+00 -3.217115047307164133e-01
5.943893300591889250e+00 -2.287891878213419994e-01
5.956459671206248530e+00 -4.862555339342770622e-01
5.969026041820606920e+00 -2.402925067152922867e-01
5.981592412434966199e+00 -4.196821953603095401e-01
5.994158783049325478e+00 -1.908668521282479158e-01
6.006725153663684758e+00 -2.206683571664856403e-01
6.019291524278044037e+00 -2.826502680403382151e-01
6.031857894892402427e+00 -2.788947503111126602e-01
6.044424265506761706e+00 -2.205415426145422852e-01
6.056990636121120986e+00 -8.905795496814239431e-02
6.069557006735480265e+00 -2.195306620289422528e-01
6.082123377349839544e+00 -9.093510879812211067e-02
6.094689747964198823e+00 -2.762012793316037662e-01
6.107256118578558102e+00 -4.776667071336254677e-02
6.119822489192916493e+00 -8.355997441223908528e-02
6.132388859807275772e+00 -1.426679976498961278e-01
6.144955230421635051e+00 -5.880650521314673140e-02
6.157521601035994330e+00 -1.165435305737288485e-01
6.170087971650353609e+00 -1.556939661788958595e-01
6.182654342264712888e+00 -1.795757677307357469e-01
6.195220712879072167e+00 -1.522235752830725097e-01
6.207787083493431446e+00 -1.307063792864418816e-01
6.220353454107790725e+00 -7.627679093682333822e-02
6.232919824722149116e+00 8.093335588725815433e-02
6.245486195336508395e+00 -1.345394685780162969e-01
6.258052565950867674e+00 9.410459704407830861e-02
6.270618936565226953e+00 3.556847761116928297e-02
