0.000000000000000000e+00 5.968531252041434781e-02
1.256637061435917323e-02 1.017940078895545608e-01
2.513274122871834645e-02 4.165618240966539182e-02
3.769911184307751795e-02 -5.843379252024961945e-02
5.026548245743669291e-02 1.008850453812218384e-01
6.283185307179586787e-02 1.067069868684492190e-01
7.539822368615503589e-02 -6.266008552647228669e-02
8.796459430051420392e-02 1.069264865727693331e-01
1.005309649148733858e-01 1.408340754598818301e-01
1.130973355292325677e-01 7.636864859017632179e-02
1.256637061435917357e-01 2.659736597407362235e-01
1.382300767579508760e-01 7.904780508036599040e-02
1.507964473723100718e-01 1.852826283866857160e-01
1.633628179866692676e-01 4.225935963148126639e-02
1.759291886010284078e-01 2.488202163547090784e-01
1.884955592153875759e-01 3.710054777076074450e-02
2.010619298297467716e-01 3.654277138726821361e-01
2.136283004441059397e-01 2.338877394392245568e-01
2.261946710584651354e-01 2.036728249715896999e-01
2.387610416728242757e-01 2.381488263712335240e-01
2.513274122871834715e-01 4.441615171624491709e-01
2.638937829015426395e-01 3.046969093879114410e-01
2.764601535159017520e-01 2.490130763442002793e-01
2.890265241302609756e-01 9.363540567417044658e-02
3.015928947446201436e-01 7.910924236230729156e-02
3.141592653589793116e-01 1.824344860585511985e-01
3.267256359733385351e-01 3.298730469181467284e-01
3.392920065876976476e-01 4.035846467770340396e-01
3.518583772020568157e-01 4.798207136065624212e-01
3.644247478164160392e-01 4.504075029991167489e-01
3.769911184307751517e-01 4.282749624613578776e-01
3.895574890451343197e-01 3.161342121709925790e-01
4.021238596594935433e-01 3.681306019101076576e-01
4.146902302738527113e-01 1.908797843205992106e-01
4.272566008882118793e-01 4.491906524594705963e-01
4.398229715025711029e-01 5.973873746684034147e-01
4.523893421169302709e-01 3.460442821772449218e-01
4.649557127312893834e-01 2.063451782959339620e-01
4.775220833456485514e-01 4.168905135877866708e-01
4.900884539600077194e-01 6.009405629013843120e-01
5.026548245743669430e-01 4.713487987481535524e-01
5.152211951887261110e-01 4.764861245398138156e-01
5.277875658030852790e-01 3.856654736748206247e-01
5.403539364174444470e-01 6.170517788084534105e-01
5.529203070318035040e-01 5.918376487404173325e-01
5.654866776461627831e-01 5.690853387520327100e-01
5.780530482605219511e-01 3.848106687672193660e-01
5.906194188748811191e-01 4.489119259042405607e-01
6.031857894892402872e-01 5.301037186081317687e-01
6.157521601035994552e-01 6.934214297700280749e-01
6.283185307179586232e-01 4.813668005101459646e-01
6.408849013323177912e-01 5.724658138549729713e-01
6.534512719466770703e-01 6.996306584135945084e-01
6.660176425610361273e-01 5.863294093341758773e-01
6.785840131753952953e-01 5.699201606530235331e-01
6.911503837897544633e-01 6.331773901682595795e-01
7.037167544041136313e-01 5.967147096437589449e-01
7.162831250184729104e-01 5.290946015064894592e-01
7.288494956328320784e-01 7.029949086431114269e-01
7.414158662471912464e-01 7.102693252464655771e-01
7.539822368615503034e-01 6.642804002789178819e-01
7.665486074759094715e-01 7.515045543902815206e-01
7.791149780902686395e-01 5.595321741280016026e-01
7.916813487046279185e-01 6.584215858620825479e-01
8.042477193189870865e-01 7.101270487517628016e-01
8.168140899333462546e-01 7.487082160009196352e-01
8.293804605477054226e-01 7.237345332824721700e-01
8.419468311620645906e-01 6.702346755727119909e-01
8.545132017764237586e-01 7.489040163804836503e-01
8.670795723907829267e-01 5.847039266206213171e-01
8.796459430051422057e-01 8.408847218126206391e-01
8.922123136195013737e-01 8.452877425856911708e-01
9.047786842338605418e-01 8.531208826828329261e-01
9.173450548482194877e-01 6.400490241432611471e-01
9.299114254625787668e-01 9.883767807685591711e-01
9.424777960769379348e-01 5.059839336602177662e-01
9.550441666912971028e-01 9.519048680126170892e-01
9.676105373056562708e-01 8.394717047675330779e-01
9.801769079200154389e-01 7.258279696499770894e-01
9.927432785343746069e-01 6.364479171357775300e-01
1.005309649148733886e+00 9.216746910891989719e-01
1.017876019763092943e+00 9.032073653243921640e-01
1.030442390377452222e+00 8.046713405572260003e-01
1.043008760991811279e+00 8.683561367399087461e-01
1.055575131606170558e+00 9.287628075645179004e-01
1.068141502220529837e+00 8.481911120376732782e-01
1.080707872834888894e+00 9.743450486973892488e-01
1.093274243449248173e+00 9.104885349709371800e-01
1.105840614063607008e+00 9.244959464995426979e-01
1.118406984677966287e+00 7.369994432260721373e-01
1.130973355292325566e+00 8.621306927633310968e-01
1.143539725906684623e+00 8.576092535451417254e-01
1.156106096521043902e+00 9.456386014829484266e-01
1.168672467135402959e+00 9.011138299770957705e-01
1.181238837749762238e+00 8.937850547234045262e-01
1.193805208364121295e+00 9.418156274319688936e-01
1.206371578978480574e+00 9.483249168448250055e-01
1.218937949592839853e+00 8.462180583834479908e-01
1.231504320207198910e+00 9.933264413146383198e-01
1.244070690821558189e+00 9.660625382849555853e-01
1.256637061435917246e+00 9.671050690250443393e-01
1.269203432050276525e+00 1.136798500144326596e+00
1.281769802664635582e+00 7.112863454135454067e-01
1.294336173278994861e+00 8.875988803807407512e-01
1.306902543893354141e+00 9.263452520813921787e-01
1.319468914507712975e+00 1.083441569991604903e+00
1.332035285122072255e+00 9.583549990102486760e-01
1.344601655736431534e+00 1.061096380614919843e+00
1.357168026350790591e+00 1.027368929232997941e+00
1.369734396965149870e+00 1.009630994565241524e+00
1.382300767579508927e+00 9.686332124986284375e-01
1.394867138193868206e+00 1.051980458370366689e+00
1.407433508808227263e+00 9.633359363944191678e-01
1.419999879422586542e+00 1.218462424347255713e+00
1.432566250036945821e+00 8.192843527915253388e-01
1.445132620651304878e+00 1.087388708141452831e+00
1.457698991265664157e+00 1.046619986336229102e+00
1.470265361880023214e+00 1.019311395639985296e+00
1.482831732494382493e+00 8.648685291101656514e-01
1.495398103108741550e+00 1.155556755272904468e+00
1.507964473723100607e+00 1.041849281912239134e+00
1.520530844337459886e+00 1.054936801372766686e+00
1.533097214951818943e+00 1.353585183578982498e+00
1.545663585566178222e+00 1.061274549071671292e+00
1.558229956180537279e+00 1.022519295484969559e+00
1.570796326794896558e+00 1.043677836344122367e+00
1.583362697409255837e+00 1.135297850572300371e+00
1.595929068023614894e+00 9.706162207474703374e-01
1.608495438637974173e+00 9.220729457718691569e-01
1.621061809252333230e+00 9.845092134090115410e-01
1.633628179866692509e+00 1.057713092461967985e+00
1.646194550481051566e+00 1.088762721191500527e+00
1.658760921095410845e+00 9.126293547937138761e-01
1.671327291709770124e+00 1.105595123911047306e+00
1.683893662324129181e+00 1.161055129750670378e+00
1.696460032938488460e+00 1.008735972322900354e+00
1.709026403552847517e+00 1.156787239526407607e+00
1.721592774167206796e+00 1.011974621622235615e+00
1.734159144781565853e+00 9.950402327962863946e-01
1.746725515395925132e+00 1.018142923895962060e+00
1.759291886010284411e+00 9.776846714680893502e-01
1.771858256624643468e+00 9.297428090154272740e-01
1.784424627239002747e+00 8.225943849658690077e-01
1.796990997853361804e+00 1.033136607876658397e+00
1.809557368467721084e+00 8.755782269370312454e-01
1.822123739082079918e+00 1.073332909903727206e+00
1.834690109696438975e+00 8.714625772428108430e-01
1.847256480310798255e+00 9.336554600297675144e-01
1.859822850925157534e+00 1.023216929409164866e+00
1.872389221539516591e+00 1.067088534829070401e+00
1.884955592153875870e+00 9.819830183212776564e-01
1.897521962768234927e+00 8.510221479590078797e-01
1.910088333382594206e+00 8.772898866841390975e-01
1.922654703996953263e+00 9.094178342843055596e-01
1.935221074611312542e+00 9.613432238985275546e-01
1.947787445225671821e+00 1.006355102705507987e+00
1.960353815840030878e+00 8.096997026024238542e-01
1.972920186454390157e+00 7.687572289560195005e-01
1.985486557068749214e+00 7.777272464498083959e-01
1.998052927683108493e+00 8.074704770509953944e-01
2.010619298297467772e+00 9.328885391101838787e-01
2.023185668911826607e+00 7.773768369316444993e-01
2.035752039526185886e+00 9.457727248011021937e-01
2.048318410140545165e+00 1.076352924362524055e+00
2.060884780754904444e+00 7.565693535218537269e-01
2.073451151369263723e+00 8.392621954138693718e-01
2.086017521983622558e+00 9.911432767473249417e-01
2.098583892597981837e+00 6.503013446961332100e-01
2.111150263212341116e+00 9.482824424918673278e-01
2.123716633826700395e+00 7.800040838740037730e-01
2.136283004441059674e+00 9.143878685563638919e-01
2.148849375055418509e+00 7.161614407487735257e-01
2.161415745669777788e+00 9.955975363500300102e-01
2.173982116284137067e+00 9.384642146470374424e-01
2.186548486898496346e+00 7.272377120933625205e-01
2.199114857512855181e+00 6.722422902008649004e-01
2.211681228127214016e+00 9.263759640879845048e-01
2.224247598741573295e+00 9.284323111229495495e-01
2.236813969355932574e+00 7.361906341231901907e-01
2.249380339970291853e+00 6.694376924241953741e-01
2.261946710584651132e+00 5.946973886151813993e-01
2.274513081199009967e+00 6.527698918783219062e-01
2.287079451813369246e+00 5.728387358372140081e-01
2.299645822427728525e+00 7.143187783303740490e-01
2.312212193042087804e+00 7.776693682500461779e-01
2.324778563656447083e+00 6.535960321569824760e-01
2.337344934270805918e+00 7.528450468453898869e-01
2.349911304885165197e+00 7.927965126003440055e-01
2.362477675499524477e+00 7.411690129363638357e-01
2.375044046113883756e+00 6.223042155322472402e-01
2.387610416728242591e+00 5.838351366801869391e-01
2.400176787342601870e+00 7.040961886167963479e-01
2.412743157956961149e+00 7.377417190277922865e-01
2.425309528571320428e+00 6.844990541558489960e-01
2.437875899185679707e+00 5.276199574396973624e-01
2.450442269800038542e+00 5.287208279436454994e-01
2.463008640414397821e+00 5.855775181143985098e-01
2.475575011028757100e+00 5.707398154598517515e-01
2.488141381643116379e+00 5.519832084066065292e-01
2.500707752257475658e+00 7.119898603457063269e-01
2.513274122871834493e+00 4.182844318648782922e-01
2.525840493486193772e+00 6.772959689251205617e-01
2.538406864100553051e+00 6.733773969962170147e-01
2.550973234714912330e+00 4.831078711454275809e-01
2.563539605329271165e+00 5.681070016525753275e-01
2.576105975943630444e+00 5.027976325545424618e-01
2.588672346557989723e+00 5.511832763537817259e-01
2.601238717172349002e+00 5.551501197141170962e-01
2.613805087786708281e+00 6.621838287538071022e-01
2.626371458401067116e+00 4.403784246217493648e-01
2.638937829015425951e+00 5.042936222760056042e-01
2.651504199629785230e+00 3.896256140292264081e-01
2.664070570244144509e+00 3.364847402400170662e-01
2.676636940858503788e+00 3.874506055907701030e-01
2.689203311472863067e+00 4.748257899408137028e-01
2.701769682087221902e+00 4.624783360548260780e-01
2.714336052701581181e+00 2.638473023175270660e-01
2.726902423315940460e+00 4.686278350790249458e-01
2.739468793930299739e+00 3.639858266969661083e-01
2.752035164544658574e+00 4.623219482072301600e-01
2.764601535159017853e+00 4.159625489863184034e-01
2.777167905773377132e+00 3.419564907308002555e-01
2.789734276387736411e+00 7.991915373648106335e-02
2.802300647002095690e+00 2.944601536278008691e-01
2.814867017616454525e+00 5.609002493611098261e-01
2.827433388230813804e+00 4.074245426556533656e-01
2.839999758845173083e+00 2.444693115854701393e-01
2.852566129459532362e+00 2.151409710753596771e-01
2.865132500073891642e+00 3.177604167494759713e-01
2.877698870688250476e+00 1.056654706689948153e-01
2.890265241302609756e+00 3.447278890048760536e-01
2.902831611916969035e+00 2.780001762824421685e-01
2.915397982531328314e+00 1.391679435978663559e-01
2.927964353145687149e+00 3.400164643480370064e-01
2.940530723760046428e+00 1.098317575137873064e-01
2.953097094374405707e+00 5.213695868737505679e-02
2.965663464988764986e+00 2.154468910078015664e-01
2.978229835603124265e+00 1.594500216705373452e-01
2.990796206217483100e+00 -4.867970236992566480e-02
3.003362576831842379e+00 3.063971973582377828e-01
3.015928947446201214e+00 -8.655110929116582863e-03
3.028495318060560493e+00 2.072407895703152758e-01
3.041061688674919772e+00 1.056638714701377824e-01
3.053628059289279051e+00 6.174416667092243183e-02
3.066194429903637886e+00 2.727080830039772530e-01
3.078760800517997165e+00 3.524326064850270834e-02
3.091327171132356444e+00 -3.592524550845842962e-02
3.103893541746715723e+00 2.691468756211144731e-03
3.116459912361074558e+00 -5.982610555420790621e-02
3.129026282975433837e+00 -9.978805437192934946e-02
3.141592653589793116e+00 -2.044573436127943289e-01
3.154159024204152395e+00 8.994562502193615902e-03
3.166725394818511674e+00 1.045937963286780042e-01
3.179291765432870509e+00 1.225132928437065172e-01
3.191858136047229788e+00 -1.530303307380944944e-01
3.204424506661589067e+00 -7.626914174751156517e-02
3.216990877275948346e+00 4.260546796635122924e-02
3.229557247890307181e+00 -1.592538092978227349e-01
3.242123618504666460e+00 -2.251362142985759152e-01
3.254689989119025739e+00 1.027091585959562653e-01
3.267256359733385018e+00 -1.320036876523851266e-01
3.279822730347744297e+00 -1.127648072677433499e-01
3.292389100962103132e+00 -2.603217712838303000e-02
3.304955471576462411e+00 -2.057763405152819025e-01
3.317521842190821690e+00 -1.100340352935028077e-01
3.330088212805180969e+00 2.272123087921112949e-02
3.342654583419540248e+00 -2.967307087069604998e-01
3.355220954033899083e+00 -1.998528511737902025e-01
3.367787324648258362e+00 -1.620187862474394558e-01
3.380353695262617642e+00 -1.978730544210643427e-01
3.392920065876976921e+00 -1.705451793091261603e-01
3.405486436491335756e+00 -2.641452718772520081e-01
3.418052807105695035e+00 -3.569581705538835137e-01
3.430619177720054314e+00 -2.571533357424942157e-01
3.443185548334413593e+00 -2.192208089470915611e-01
3.455751918948772872e+00 -3.076643499103337565e-02
3.468318289563131707e+00 -2.075531740288326099e-01
3.480884660177490986e+00 -3.108247125883291662e-01
3.493451030791850265e+00 -2.931114664976076645e-01
3.506017401406209544e+00 -2.720055681011870341e-01
3.518583772020568823e+00 -3.327425855499687724e-01
3.531150142634927658e+00 -4.153183711905639730e-01
3.543716513249286937e+00 -3.774441428434529011e-01
3.556282883863646216e+00 -3.122375803555290652e-01
3.568849254478005495e+00 -4.114821101818639248e-01
3.581415625092364330e+00 -2.753927741335469581e-01
3.593981995706723609e+00 -3.265582237263405241e-01
3.606548366321082888e+00 -4.490184986356899333e-01
3.619114736935442167e+00 -4.555784620394373041e-01
3.631681107549800558e+00 -4.115533882529486265e-01
3.644247478164159837e+00 -4.186363853894150555e-01
3.656813848778519116e+00 -2.543500293795890599e-01
3.669380219392877951e+00 -5.788694758454734357e-01
3.681946590007237230e+00 -5.656068654328771927e-01
3.694512960621596509e+00 -6.792756525919085853e-01
3.707079331235955788e+00 -5.032858099539696539e-01
3.719645701850315067e+00 -3.955131174944919170e-01
3.732212072464673902e+00 -4.068815801347420713e-01
3.744778443079033181e+00 -4.628034468671476942e-01
3.757344813693392460e+00 -7.650784666773446929e-01
3.769911184307751739e+00 -3.848813304395026780e-01
3.782477554922110574e+00 -4.306984588713117512e-01
3.795043925536469853e+00 -6.522710754851045456e-01
3.807610296150829132e+00 -5.226964867145281746e-01
3.820176666765188411e+00 -5.062125630729886749e-01
3.832743037379547690e+00 -8.312717285888866492e-01
3.845309407993906525e+00 -6.097224754741683572e-01
3.857875778608265804e+00 -5.265632526027871352e-01
3.870442149222625083e+00 -4.560954477823239706e-01
3.883008519836984362e+00 -6.143708895782047374e-01
3.895574890451343641e+00 -6.888903706608959787e-01
3.908141261065702476e+00 -6.958626115741991525e-01
3.920707631680061755e+00 -7.846678519495514648e-01
3.933274002294421035e+00 -6.525804916699559088e-01
3.945840372908780314e+00 -6.752153372598674874e-01
3.958406743523139149e+00 -7.935390891251646872e-01
3.970973114137498428e+00 -8.893679097482252160e-01
3.983539484751857707e+00 -5.655683068538943647e-01
3.996105855366216986e+00 -7.961033415875021779e-01
4.008672225980576265e+00 -9.164429741329414014e-01
4.021238596594935544e+00 -7.420114795424664900e-01
4.033804967209294823e+00 -7.304176056869214895e-01
4.046371337823653214e+00 -7.451738519013365591e-01
4.058937708438012493e+00 -7.971016571156763764e-01
4.071504079052371772e+00 -7.131767885955746511e-01
4.084070449666731051e+00 -7.695156848480295686e-01
4.096636820281090330e+00 -7.970112321575899550e-01
4.109203190895449609e+00 -8.380426882262176358e-01
4.121769561509808888e+00 -8.850917403193119259e-01
4.134335932124168167e+00 -8.130195843141253542e-01
4.146902302738527446e+00 -6.453835633306801434e-01
4.159468673352886725e+00 -7.921149525965860416e-01
4.172035043967245116e+00 -8.071716575334696442e-01
4.184601414581604395e+00 -8.488784630157989453e-01
4.197167785195963674e+00 -8.715876198349835624e-01
4.209734155810322953e+00 -7.718079496728977862e-01
4.222300526424682232e+00 -9.095939436735718253e-01
4.234866897039041511e+00 -1.050477139482376421e+00
4.247433267653400790e+00 -9.408570362507695517e-01
4.259999638267760069e+00 -1.005668689045216890e+00
4.272566008882119348e+00 -9.001735780623655314e-01
4.285132379496477739e+00 -5.849595438111945267e-01
4.297698750110837018e+00 -9.756200841602779006e-01
4.310265120725196297e+00 -9.924898248737850093e-01
4.322831491339555576e+00 -8.935139009618345840e-01
4.335397861953914855e+00 -9.620566343528078601e-01
4.347964232568274134e+00 -9.851284117426655218e-01
4.360530603182633413e+00 -1.151845571949535074e+00
4.373096973796992692e+00 -8.055302208681925924e-01
4.385663344411351972e+00 -1.100940425942238177e+00
4.398229715025710362e+00 -1.065729294169820429e+00
4.410796085640069641e+00 -1.045716083331069912e+00
4.423362456254428032e+00 -9.285916650054584220e-01
4.435928826868787311e+00 -1.046906881398755651e+00
4.448495197483146590e+00 -8.188142809373930575e-01
4.461061568097505869e+00 -9.061509974943908752e-01
4.473627938711865148e+00 -8.752435668691643800e-01
4.486194309326224428e+00 -1.047440093201182698e+00
4.498760679940583707e+00 -8.371639084538839981e-01
4.511327050554942986e+00 -9.832689807612378097e-01
4.523893421169302265e+00 -9.022068930140372256e-01
4.536459791783661544e+00 -1.003414727011276097e+00
4.549026162398019935e+00 -9.845494057823976908e-01
4.561592533012379214e+00 -1.044863056637221677e+00
4.574158903626738493e+00 -1.141057541485325455e+00
4.586725274241097772e+00 -1.008829927778486013e+00
4.599291644855457051e+00 -1.117895074677345280e+00
4.611858015469816330e+00 -1.109176761587624016e+00
4.624424386084175609e+00 -9.428558733439399431e-01
4.636990756698534888e+00 -8.625181073936779574e-01
4.649557127312894167e+00 -9.319923040443818252e-01
4.662123497927252558e+00 -1.168254861780326337e+00
4.674689868541611837e+00 -9.975235065474942209e-01
4.687256239155971116e+00 -9.576853445592909964e-01
4.699822609770330395e+00 -1.063246161164483006e+00
4.712388980384689674e+00 -9.955305242640658525e-01
4.724955350999048953e+00 -1.090288558652031892e+00
4.737521721613408232e+00 -1.058497202795734671e+00
4.750088092227767511e+00 -1.053396042254469256e+00
4.762654462842126790e+00 -7.204635743675307236e-01
4.775220833456485181e+00 -8.556805661771100802e-01
4.787787204070844460e+00 -7.425632507084996003e-01
4.800353574685203739e+00 -7.534767874048104996e-01
4.812919945299563018e+00 -9.511139438411116975e-01
4.825486315913922297e+00 -1.106321595961130999e+00
4.838052686528281576e+00 -1.151139725875502284e+00
4.850619057142640855e+00 -1.042144997217962388e+00
4.863185427757000134e+00 -8.203790132067626528e-01
4.875751798371359413e+00 -1.077924666985212276e+00
4.888318168985717804e+00 -1.142999463562895501e+00
4.900884539600077083e+00 -9.193166034478504889e-01
4.913450910214436362e+00 -1.034433329907111343e+00
4.926017280828795641e+00 -8.753438209609699650e-01
4.938583651443154920e+00 -9.175247685005487597e-01
4.951150022057514200e+00 -8.397475639463329866e-01
4.963716392671873479e+00 -9.361440777568552640e-01
4.976282763286232758e+00 -9.319460534368616544e-01
4.988849133900592037e+00 -9.598367344357293662e-01
5.001415504514951316e+00 -1.003048993605704986e+00
5.013981875129309707e+00 -8.980946042456464662e-01
5.026548245743668986e+00 -9.674748596110848142e-01
5.039114616358028265e+00 -9.074138586613156310e-01
5.051680986972387544e+00 -8.547556164312364313e-01
5.064247357586746823e+00 -9.894320444704000073e-01
5.076813728201106102e+00 -9.342801908296634039e-01
5.089380098815465381e+00 -9.244007318108820037e-01
5.101946469429824660e+00 -1.018340866144058943e+00
5.114512840044183939e+00 -7.877917208016622652e-01
5.127079210658542330e+00 -8.609253805523717773e-01
5.139645581272901609e+00 -1.029371934872044925e+00
5.152211951887260888e+00 -8.903107364052592620e-01
5.164778322501620167e+00 -8.658347894300572056e-01
5.177344693115979446e+00 -1.016124000623439994e+00
5.189911063730338725e+00 -9.177297710825472743e-01
5.202477434344698004e+00 -8.008513396335481538e-01
5.215043804959057283e+00 -7.898821184195321532e-01
5.227610175573416562e+00 -9.166744628910687975e-01
5.240176546187774953e+00 -9.470760138009131079e-01
5.252742916802134232e+00 -8.209880562850250252e-01
5.265309287416492623e+00 -7.813411988438682121e-01
5.277875658030851902e+00 -8.665078259457713594e-01
5.290442028645211181e+00 -7.508031140755626609e-01
5.303008399259570460e+00 -8.223514409277598025e-01
5.315574769873929739e+00 -7.515230385876962016e-01
5.328141140488289018e+00 -6.726514242486456574e-01
5.340707511102648297e+00 -8.120028501629510398e-01
5.353273881717007576e+00 -8.014998003168756213e-01
5.365840252331366855e+00 -6.414069618856466093e-01
5.378406622945726134e+00 -8.065897188760784431e-01
5.390972993560084525e+00 -6.034646470416068498e-01
5.403539364174443804e+00 -7.455215747325396602e-01
5.416105734788803083e+00 -7.643469269515650311e-01
5.428672105403162362e+00 -7.669108598215030881e-01
5.441238476017521641e+00 -6.572392841783024631e-01
5.453804846631880920e+00 -7.220420451971569786e-01
5.466371217246240199e+00 -5.686229264009405870e-01
5.478937587860599479e+00 -7.927823695981841556e-01
5.491503958474958758e+00 -5.412331143920101617e-01
5.504070329089317148e+00 -7.312092577221288581e-01
5.516636699703676427e+00 -7.459988904627090633e-01
5.529203070318035707e+00 -7.151009021034817614e-01
5.541769440932394986e+00 -7.795573089875214023e-01
5.554335811546754265e+00 -7.654565306309057959e-01
5.566902182161113544e+00 -7.441408806827800593e-01
5.579468552775472823e+00 -4.885432632747065407e-01
5.592034923389832102e+00 -7.718695375631151601e-01
5.604601294004191381e+00 -6.405198232569925265e-01
5.617167664618549772e+00 -6.923597790638235105e-01
5.629734035232909051e+00 -5.906034780070081869e-01
5.642300405847268330e+00 -5.782677134776670336e-01
5.654866776461627609e+00 -6.180412759316528115e-01
5.667433147075986888e+00 -5.166318358175530090e-01
5.679999517690346167e+00 -6.069413107523691231e-01
5.692565888304705446e+00 -5.091480040995859380e-01
5.705132258919064725e+00 -5.356565126963708234e-01
5.717698629533424004e+00 -5.904608794437670172e-01
5.730265000147783283e+00 -3.279953757512528156e-01
5.742831370762141674e+00 -5.778806269346175029e-01
5.755397741376500953e+00 -3.948259976065640608e-01
5.767964111990860232e+00 -4.307479288114932636e-01
5.780530482605219511e+00 -5.656982357308085740e-01
5.793096853219578790e+00 -4.850109951152878351e-01
5.805663223833938069e+00 -5.054803667480447515e-01
5.818229594448297348e+00 -4.700618966910207197e-01
5.830795965062656627e+00 -5.394150546415868996e-01
5.843362335677015906e+00 -3.864509592149043549e-01
5.855928706291374297e+00 -5.070100123507100820e-01
5.868495076905733576e+00 -4.078090067215609515e-01
5.881061447520092855e+00 -2.189942942988838404e-01
5.893627818134452134e+00 -4.929022365876661316e-01
5.906194188748811413e+00 -3.833666783726140115e-01
5.918760559363170692e+00 -2.271955185845671021e-01
5.931326929977529971e+00 -2.350021794681358966e-01
5.943893300591889250e+00 -3.349689554952521853e-01
5.956459671206248530e+00 -1.989141645085060750e-01
5.969026041820606920e+00 -3.249041803642987447e-01
5.981592412434966199e+00 -3.304330118099100266e-01
5.994158783049325478e+00 -1.528961538294479894e-01
6.006725153663684758e+00 -2.832489931422164653e-01
6.019291524278044037e+00 -3.849022991496926505e-01
6.031857894892402427e+00 -3.293027931010297782e-01
6.044424265506761706e+00 4.362734589200917279e-03
6.056990636121120986e+00 -2.034051355935459493e-01
6.069557006735480265e+00 -3.384037785696758505e-01
6.082123377349839544e+00 6.666103750478036272e-02
6.094689747964198823e+00 -2.587904954994825202e-01
6.107256118578558102e+00 -1.512444494437794607e-01
6.119822489192916493e+00 -4.750333430845235516e-02
6.132388859807275772e+00 -8.825004662282254220e-02
6.144955230421635051e+00 -8.804882403406519287e-02
6.157521601035994330e+00 7.820524589812591354e-02
6.170087971650353609e+00 -6.591413372740412280e-02
6.182654342264712888e+00 -1.930014769306520606e-01
6.195220712879072167e+00 -1.871636729289920531e-01
6.207787083493431446e+00 -5.832378254812732588e-02
6.220353454107790725e+00 -9.774244432553919060e-02
6.232919824722149116e+00 -7.442397011898208015e-02
6.245486195336508395e+00 -6.906189740854992709e-02
6.258052565950867674e+00 -3.051853192002576196e-02
6.270618936565226953e+00 -6.943742521780411556e-03
