0.000000000000000000e+00 4.367346624833035040e-02
1.256637061435917323e-02 3.314549788785121215e-02
2.513274122871834645e-02 3.621232167662717660e-02
3.769911184307751795e-02 -3.110904134887383654e-02
5.026548245743669291e-02 -9.953055995010669232e-02
6.283185307179586787e-02 1.229421943636769821e-01
7.539822368615503589e-02 -1.823224563153064137e-02
8.796459430051420392e-02 1.439538404795919213e-01
1.005309649148733858e-01 4.804326370585587647e-03
1.130973355292325677e-01 -7.204390984842141965e-02
1.256637061435917357e-01 1.247853436637245128e-01
1.382300767579508760e-01 2.146387744127636332e-01
1.507964473723100718e-01 1.015841530148716421e-01
1.633628179866692676e-01 3.752041644509535034e-01
1.759291886010284078e-01 2.719766845783050391e-02
1.884955592153875759e-01 1.771245208907860913e-01
2.010619298297467716e-01 1.774510600213345390e-01
2.136283004441059397e-01 3.034075311739568015e-01
2.261946710584651354e-01 1.160388519239535787e-02
2.387610416728242757e-01 2.792337149335880064e-01
2.513274122871834715e-01 2.841359206710273866e-01
2.638937829015426395e-01 3.267895444815135386e-01
2.764601535159017520e-01 3.441060017569793072e-01
2.890265241302609756e-01 1.239846704450646708e-01
3.015928947446201436e-01 3.927298265535831834e-01
3.141592653589793116e-01 2.301998284457752453e-01
3.267256359733385351e-01 3.627090191297089872e-01
3.392920065876976476e-01 3.142434637381184559e-01
3.518583772020568157e-01 1.909286290349153647e-01
3.644247478164160392e-01 2.144404531437059946e-01
3.769911184307751517e-01 4.751989826103389936e-01
3.895574890451343197e-01 1.642486825947280793e-01
4.021238596594935433e-01 3.177876169020896202e-01
4.146902302738527113e-01 2.789369342857558332e-01
4.272566008882118793e-01 4.143326661526449683e-01
4.398229715025711029e-01 4.233937171287381895e-01
4.523893421169302709e-01 4.383366858513066400e-01
4.649557127312893834e-01 2.933715077956677297e-01
4.775220833456485514e-01 3.968334546943931840e-01
4.900884539600077194e-01 4.143384480453531360e-01
5.026548245743669430e-01 5.030008958351308568e-01
5.152211951887261110e-01 4.585075194856058634e-01
5.277875658030852790e-01 6.226778277211639789e-01
5.403539364174444470e-01 5.181534986162656953e-01
5.529203070318035040e-01 5.357826572356215733e-01
5.654866776461627831e-01 7.441182529792275124e-01
5.780530482605219511e-01 5.868866556803773449e-01
5.906194188748811191e-01 6.734737979675899933e-01
6.031857894892402872e-01 5.642039417994174633e-01
6.157521601035994552e-01 6.653563830994088102e-01
6.283185307179586232e-01 5.193932371585759933e-01
6.408849013323177912e-01 5.789399667785478654e-01
6.534512719466770703e-01 5.982899664400057604e-01
6.660176425610361273e-01 7.175172190559797603e-01
6.785840131753952953e-01 5.992083097532765468e-01
6.911503837897544633e-01 6.899343048283925750e-01
7.037167544041136313e-01 5.463999607427668659e-01
7.162831250184729104e-01 7.495021719104748570e-01
7.288494956328320784e-01 7.967393956442894165e-01
7.414158662471912464e-01 7.593583331620425980e-01
7.539822368615503034e-01 7.281477444514458108e-01
7.665486074759094715e-01 7.147152355761943188e-01
7.791149780902686395e-01 7.088260672048593003e-01
7.916813487046279185e-01 9.576175176925862953e-01
8.042477193189870865e-01 7.757907876967606864e-01
8.168140899333462546e-01 7.469443581556105549e-01
8.293804605477054226e-01 6.383880888897355277e-01
8.419468311620645906e-01 7.449279767303338406e-01
8.545132017764237586e-01 7.006387641474454142e-01
8.670795723907829267e-01 8.358278581742862867e-01
8.796459430051422057e-01 8.544778796398077025e-01
8.922123136195013737e-01 7.082093130277820059e-01
9.047786842338605418e-01 7.572402439435962362e-01
9.173450548482194877e-01 8.060109375330388737e-01
9.299114254625787668e-01 8.734719676806681488e-01
9.424777960769379348e-01 7.726755387659876018e-01
9.550441666912971028e-01 9.643876363531836970e-01
9.676105373056562708e-01 7.878731636746328926e-01
9.801769079200154389e-01 9.717329796956079013e-01
9.927432785343746069e-01 7.530486375032331425e-01
1.005309649148733886e+00 9.250527567347023306e-01
1.017876019763092943e+00 6.395756173465578787e-01
1.030442390377452222e+00 8.371042841265605716e-01
1.043008760991811279e+00 6.444802577980320857e-01
1.055575131606170558e+00 8.781390375718534091e-01
1.068141502220529837e+00 8.681880637777217302e-01
1.080707872834888894e+00 7.798289311954792469e-01
1.093274243449248173e+00 9.287149215740899688e-01
1.105840614063607008e+00 7.727858855644290648e-01
1.118406984677966287e+00 9.167745202285532136e-01
1.130973355292325566e+00 9.600266204691131344e-01
1.143539725906684623e+00 9.260962077794016034e-01
1.156106096521043902e+00 9.691747356806674762e-01
1.168672467135402959e+00 8.327823042596327330e-01
1.181238837749762238e+00 8.262456567326362800e-01
1.193805208364121295e+00 6.071422834900186416e-01
1.206371578978480574e+00 8.398513758622175862e-01
1.218937949592839853e+00 7.889932374478803023e-01
1.231504320207198910e+00 8.784094877663305434e-01
1.244070690821558189e+00 8.925904527759787044e-01
1.256637061435917246e+00 9.176093241293359348e-01
1.269203432050276525e+00 8.265990839916221855e-01
1.281769802664635582e+00 9.304404922024390734e-01
1.294336173278994861e+00 8.215990500508497663e-01
1.306902543893354141e+00 9.311218845711117797e-01
1.319468914507712975e+00 1.081264331214193186e+00
1.332035285122072255e+00 7.804460016125873700e-01
1.344601655736431534e+00 1.037650393184733399e+00
1.357168026350790591e+00 8.799595846470704696e-01
1.369734396965149870e+00 1.231775053205842685e+00
1.382300767579508927e+00 1.154641580693600345e+00
1.394867138193868206e+00 1.035433232067229037e+00
1.407433508808227263e+00 1.028490763439505740e+00
1.419999879422586542e+00 9.932790921521754690e-01
1.432566250036945821e+00 8.540412619795618721e-01
1.445132620651304878e+00 1.035630442554853259e+00
1.457698991265664157e+00 1.092751818150313969e+00
1.470265361880023214e+00 1.043717279626069194e+00
1.482831732494382493e+00 1.033018520892953651e+00
1.495398103108741550e+00 8.535947865238243670e-01
1.507964473723100607e+00 1.117491382710264824e+00
1.520530844337459886e+00 1.376021310302122380e+00
1.533097214951818943e+00 9.660459495411697350e-01
1.545663585566178222e+00 1.122692017646559792e+00
1.558229956180537279e+00 8.107441340784209416e-01
1.570796326794896558e+00 1.023419962688163265e+00
1.583362697409255837e+00 1.083340131966584519e+00
1.595929068023614894e+00 7.544890929230259058e-01
1.608495438637974173e+00 1.065905377591650938e+00
1.621061809252333230e+00 8.705505707825469397e-01
1.633628179866692509e+00 9.076180037230481279e-01
1.646194550481051566e+00 8.599656494586620514e-01
1.658760921095410845e+00 9.574319484666524716e-01
1.671327291709770124e+00 1.007783737317517581e+00
1.683893662324129181e+00 1.029847614252479282e+00
1.696460032938488460e+00 9.466774327082967400e-01
1.709026403552847517e+00 9.420066449035535694e-01
1.721592774167206796e+00 1.060049065526640355e+00
1.734159144781565853e+00 9.338106839493101052e-01
1.746725515395925132e+00 8.970665850762575833e-01
1.759291886010284411e+00 9.089827389102921318e-01
1.771858256624643468e+00 8.471299059145225296e-01
1.784424627239002747e+00 7.934253086669407207e-01
1.796990997853361804e+00 7.456058982843746241e-01
1.809557368467721084e+00 1.079050767530600252e+00
1.822123739082079918e+00 1.105423940170695118e+00
1.834690109696438975e+00 9.582158711109622917e-01
1.847256480310798255e+00 9.850921730824756528e-01
1.859822850925157534e+00 1.089237056311354479e+00
1.872389221539516591e+00 1.044794232853711202e+00
1.884955592153875870e+00 1.071770512640110917e+00
1.897521962768234927e+00 9.426936004028495519e-01
1.910088333382594206e+00 8.844545012809033047e-01
1.922654703996953263e+00 1.078371317814703634e+00
1.935221074611312542e+00 1.079286774647981506e+00
1.947787445225671821e+00 1.012980661721468945e+00
1.960353815840030878e+00 1.032114066064040436e+00
1.972920186454390157e+00 8.313428083576245298e-01
1.985486557068749214e+00 9.239878660494785789e-01
1.998052927683108493e+00 7.736101113808421248e-01
2.010619298297467772e+00 9.144433646930267834e-01
2.023185668911826607e+00 8.796055221444082362e-01
2.035752039526185886e+00 8.088785885749968374e-01
2.048318410140545165e+00 1.000743993660766495e+00
2.060884780754904444e+00 1.032678683161759370e+00
2.073451151369263723e+00 1.034195656169434319e+00
2.086017521983622558e+00 7.806231036340094409e-01
2.098583892597981837e+00 8.266399687795205065e-01
2.111150263212341116e+00 9.639749462261716362e-01
2.123716633826700395e+00 8.051479015771976222e-01
2.136283004441059674e+00 8.431741956951811501e-01
2.148849375055418509e+00 7.549389391549434780e-01
2.161415745669777788e+00 9.265375958128960754e-01
2.173982116284137067e+00 8.053217511185575272e-01
2.186548486898496346e+00 9.833542423619600070e-01
2.199114857512855181e+00 6.708211494469077385e-01
2.211681228127214016e+00 6.141785316710578480e-01
2.224247598741573295e+00 8.320442622043723313e-01
2.236813969355932574e+00 9.923916986725187517e-01
2.249380339970291853e+00 8.417251651713729688e-01
2.261946710584651132e+00 6.895112439311451569e-01
2.274513081199009967e+00 9.075672365574077860e-01
2.287079451813369246e+00 7.519719990575758350e-01
2.299645822427728525e+00 9.322118645784499558e-01
2.312212193042087804e+00 7.273423149611719651e-01
2.324778563656447083e+00 6.796453655619616452e-01
2.337344934270805918e+00 7.944038568711678794e-01
2.349911304885165197e+00 7.535689660937174850e-01
2.362477675499524477e+00 6.198891115057660883e-01
2.375044046113883756e+00 5.938596911010448620e-01
2.387610416728242591e+00 6.099160240890914020e-01
2.400176787342601870e+00 6.638075629808447564e-01
2.412743157956961149e+00 7.173194443794519426e-01
2.425309528571320428e+00 5.351874284654309921e-01
2.437875899185679707e+00 5.748703547098847899e-01
2.450442269800038542e+00 5.538743968904218384e-01
2.463008640414397821e+00 5.639826518809188949e-01
2.475575011028757100e+00 5.015003545301940369e-01
2.488141381643116379e+00 5.135950156305036929e-01
2.500707752257475658e+00 6.598403037810323113e-01
2.513274122871834493e+00 5.332957291060538285e-01
2.525840493486193772e+00 4.846027184492200934e-01
2.538406864100553051e+00 7.873353380121963507e-01
2.550973234714912330e+00 8.041314252995026557e-01
2.563539605329271165e+00 6.031601968568017780e-01
2.576105975943630444e+00 4.835160595116833049e-01
2.588672346557989723e+00 4.425024631733375791e-01
2.601238717172349002e+00 4.910124547523448957e-01
2.613805087786708281e+00 5.174812349964796887e-01
2.626371458401067116e+00 5.367913174060985337e-01
2.638937829015425951e+00 7.147739693910138969e-01
2.651504199629785230e+00 5.352535306867095555e-01
2.664070570244144509e+00 4.503974135302964976e-01
2.676636940858503788e+00 5.230008195133948323e-01
2.689203311472863067e+00 4.913843163915871948e-01
2.701769682087221902e+00 4.090926076090546926e-01
2.714336052701581181e+00 4.431814341832649440e-01
2.726902423315940460e+00 3.742499074896573075e-01
2.739468793930299739e+00 4.869765705244111231e-01
2.752035164544658574e+00 2.908673414002407309e-01
2.764601535159017853e+00 1.915913110839984057e-01
2.777167905773377132e+00 2.695438105301700138e-01
2.789734276387736411e+00 3.773762866141109895e-01
2.802300647002095690e+00 3.044772620610712299e-01
2.814867017616454525e+00 3.754276077427783354e-01
2.827433388230813804e+00 3.791514170964871977e-01
2.839999758845173083e+00 2.087115185629899727e-01
2.852566129459532362e+00 4.299193235961062398e-01
2.865132500073891642e+00 3.016305994152315151e-01
2.877698870688250476e+00 3.574564748191654817e-01
2.890265241302609756e+00 2.922541722234501260e-01
2.902831611916969035e+00 -2.616375559862973987e-02
2.915397982531328314e+00 3.973825959418075815e-01
2.927964353145687149e+00 2.746538945737684867e-01
2.940530723760046428e+00 1.838819066946532910e-01
2.953097094374405707e+00 1.020589639174212110e-01
2.965663464988764986e+00 1.977774766651656524e-01
2.978229835603124265e+00 9.432885855960666810e-02
2.990796206217483100e+00 3.095534527920952295e-01
3.003362576831842379e+00 1.362750733874440179e-01
3.015928947446201214e+00 2.936035175566601430e-01
3.028495318060560493e+00 1.907689358940706792e-01
3.041061688674919772e+00 8.597417572986562617e-02
3.053628059289279051e+00 -1.304643357347982924e-02
3.066194429903637886e+00 -4.379937914249787401e-04
3.078760800517997165e+00 8.538349898222359624e-02
3.091327171132356444e+00 -7.556311541857010927e-02
3.103893541746715723e+00 1.646659010297015224e-01
3.116459912361074558e+00 3.532783607690170857e-02
3.129026282975433837e+00 -3.014097036957062020e-02
3.141592653589793116e+00 -1.294697655921219492e-01
3.154159024204152395e+00 -1.029873334390415535e-01
3.166725394818511674e+00 -5.034885269268533914e-02
3.179291765432870509e+00 -1.743636121568301334e-01
3.191858136047229788e+00 -7.561539928538453526e-03
3.204424506661589067e+00 1.857577343983814189e-02
3.216990877275948346e+00 -1.008684628454729060e-01
3.229557247890307181e+00 -3.994076319918948154e-02
3.242123618504666460e+00 -2.749256719517773062e-01
3.254689989119025739e+00 -2.502009794935756981e-02
3.267256359733385018e+00 -1.642606082656575262e-01
3.279822730347744297e+00 -4.419986923671809231e-02
3.292389100962103132e+00 -1.004979697138500411e-01
3.304955471576462411e+00 -1.411109238946863798e-01
3.317521842190821690e+00 -2.933574734657358185e-01
3.330088212805180969e+00 -1.312333393232592293e-01
3.342654583419540248e+00 -1.622724215642675494e-01
3.355220954033899083e+00 -1.843250426532967445e-01
3.367787324648258362e+00 -2.038016469579018719e-01
3.380353695262617642e+00 -2.286691156140096826e-01
3.392920065876976921e+00 -1.850999542727336800e-01
3.405486436491335756e+00 -5.234857253993218107e-01
3.418052807105695035e+00 -2.880485831392905482e-01
3.430619177720054314e+00 -2.859415213969734859e-01
3.443185548334413593e+00 -7.080843607426010045e-02
3.455751918948772872e+00 -2.217853730715564908e-01
3.468318289563131707e+00 -3.186765364533166167e-01
3.480884660177490986e+00 -2.540648931364736796e-01
3.493451030791850265e+00 -2.468058695175285866e-01
3.506017401406209544e+00 -2.049953387506262825e-01
3.518583772020568823e+00 -3.912678681999513519e-01
3.531150142634927658e+00 -4.375552696878775016e-01
3.543716513249286937e+00 -3.366641304402686607e-01
3.556282883863646216e+00 -4.890824700150556703e-01
3.568849254478005495e+00 -4.712220386943776762e-01
3.581415625092364330e+00 -3.364312765219718560e-01
3.593981995706723609e+00 -5.254821064747892123e-01
3.606548366321082888e+00 -4.956305571636905882e-01
3.619114736935442167e+00 -4.490262205574103715e-01
3.631681107549800558e+00 -6.237444524974182780e-01
3.644247478164159837e+00 -4.959850074138217879e-01
3.656813848778519116e+00 -5.857944519626336888e-01
3.669380219392877951e+00 -6.715629675438022916e-01
3.681946590007237230e+00 -5.911226827605217116e-01
3.694512960621596509e+00 -5.471974107680471766e-01
3.707079331235955788e+00 -4.429539326313170489e-01
3.719645701850315067e+00 -4.683804037765306738e-01
3.732212072464673902e+00 -5.901258158943929466e-01
3.744778443079033181e+00 -5.313648056751281157e-01
3.757344813693392460e+00 -5.940084105493661504e-01
3.769911184307751739e+00 -5.265443313020706784e-01
3.782477554922110574e+00 -4.930150893467982187e-01
3.795043925536469853e+00 -6.225351412645163673e-01
3.807610296150829132e+00 -5.747757914439775018e-01
3.820176666765188411e+00 -6.135859725834121869e-01
3.832743037379547690e+00 -7.341362711645229577e-01
3.845309407993906525e+00 -6.309108222580445124e-01
3.857875778608265804e+00 -5.744899122913478262e-01
3.870442149222625083e+00 -5.871524259748808205e-01
3.883008519836984362e+00 -6.043931856715941686e-01
3.895574890451343641e+00 -7.932642569757645257e-01
3.908141261065702476e+00 -6.799080723453446717e-01
3.920707631680061755e+00 -7.369336086130156005e-01
3.933274002294421035e+00 -6.462492535719331910e-01
3.945840372908780314e+00 -7.814944508945651513e-01
3.958406743523139149e+00 -7.780458005484133244e-01
3.970973114137498428e+00 -7.518643280556188691e-01
3.983539484751857707e+00 -5.702429253342161664e-01
3.996105855366216986e+00 -7.020666353591120679e-01
4.008672225980576265e+00 -7.050956850265915898e-01
4.021238596594935544e+00 -8.747933070998361593e-01
4.033804967209294823e+00 -7.084022429112128982e-01
4.046371337823653214e+00 -8.651554815551614208e-01
4.058937708438012493e+00 -8.197393744783122438e-01
4.071504079052371772e+00 -1.032270354540185009e+00
4.084070449666731051e+00 -8.706944519238394298e-01
4.096636820281090330e+00 -8.404394445080095588e-01
4.109203190895449609e+00 -8.088283427436436801e-01
4.121769561509808888e+00 -8.778318092442893850e-01
4.134335932124168167e+00 -7.913764533045091198e-01
4.146902302738527446e+00 -9.813822120706294783e-01
4.159468673352886725e+00 -8.735443533374903646e-01
4.172035043967245116e+00 -9.206639170151476037e-01
4.184601414581604395e+00 -9.273857602629751451e-01
4.197167785195963674e+00 -8.027597649389914825e-01
4.209734155810322953e+00 -1.017799847918657408e+00
4.222300526424682232e+00 -5.792279435192326797e-01
4.234866897039041511e+00 -7.811820200295737093e-01
4.247433267653400790e+00 -1.006122325562188280e+00
4.259999638267760069e+00 -9.640774555932355439e-01
4.272566008882119348e+00 -1.012310844490336148e+00
4.285132379496477739e+00 -6.603347392239349301e-01
4.297698750110837018e+00 -8.970901378590697695e-01
4.310265120725196297e+00 -9.100444830111861227e-01
4.322831491339555576e+00 -9.939507146213857336e-01
4.335397861953914855e+00 -1.142030691163413270e+00
4.347964232568274134e+00 -8.586242518079664210e-01
4.360530603182633413e+00 -8.531463226059941007e-01
4.373096973796992692e+00 -8.744444787010544617e-01
4.385663344411351972e+00 -8.709663558930371696e-01
4.398229715025710362e+00 -8.483927974951138706e-01
4.410796085640069641e+00 -9.260609104509127665e-01
4.423362456254428032e+00 -7.837749280909878102e-01
4.435928826868787311e+00 -8.657534926438754663e-01
4.448495197483146590e+00 -9.353256664070344062e-01
4.461061568097505869e+00 -9.708613431933030835e-01
4.473627938711865148e+00 -9.011613097315865906e-01
4.486194309326224428e+00 -9.306225075860845575e-01
4.498760679940583707e+00 -9.286003294305683609e-01
4.511327050554942986e+00 -1.035110990615272009e+00
4.523893421169302265e+00 -1.066460967613804156e+00
4.536459791783661544e+00 -9.709626601396050827e-01
4.549026162398019935e+00 -9.598424158626073233e-01
4.561592533012379214e+00 -9.853835440821330227e-01
4.574158903626738493e+00 -1.019444608360094540e+00
4.586725274241097772e+00 -9.347862363400402108e-01
4.599291644855457051e+00 -9.620106007201247866e-01
4.611858015469816330e+00 -1.174158552654409382e+00
4.624424386084175609e+00 -8.490909047212593652e-01
4.636990756698534888e+00 -1.058299585424059108e+00
4.649557127312894167e+00 -1.053642134482774217e+00
4.662123497927252558e+00 -1.087175152195026584e+00
4.674689868541611837e+00 -8.753192388532486934e-01
4.687256239155971116e+00 -9.579374047098505596e-01
4.699822609770330395e+00 -7.903900881289245284e-01
4.712388980384689674e+00 -9.318945435799225185e-01
4.724955350999048953e+00 -9.031066541156603789e-01
4.737521721613408232e+00 -1.026711393161260366e+00
4.750088092227767511e+00 -8.606502335765028322e-01
4.762654462842126790e+00 -1.118839225877622745e+00
4.775220833456485181e+00 -1.111358831011374226e+00
4.787787204070844460e+00 -9.776707938519353380e-01
4.800353574685203739e+00 -1.036486018981694457e+00
4.812919945299563018e+00 -1.088565182847704982e+00
4.825486315913922297e+00 -1.047941298313601166e+00
4.838052686528281576e+00 -9.895911380401427593e-01
4.850619057142640855e+00 -9.872849143698099184e-01
4.863185427757000134e+00 -9.192467262745882550e-01
4.875751798371359413e+00 -9.422782159827376436e-01
4.888318168985717804e+00 -8.280064082956595239e-01
4.900884539600077083e+00 -9.734622370537133751e-01
4.913450910214436362e+00 -1.208672498056464928e+00
4.926017280828795641e+00 -8.469412234102524639e-01
4.938583651443154920e+00 -1.000053444777417644e+00
4.951150022057514200e+00 -1.005565827290371583e+00
4.963716392671873479e+00 -1.068371054300697898e+00
4.976282763286232758e+00 -9.862091143447178077e-01
4.988849133900592037e+00 -9.119322737178543470e-01
5.001415504514951316e+00 -9.789807453118779534e-01
5.013981875129309707e+00 -1.066361893063605404e+00
5.026548245743668986e+00 -1.191677860801714006e+00
5.039114616358028265e+00 -8.956377487146832683e-01
5.051680986972387544e+00 -1.018950268823658689e+00
5.064247357586746823e+00 -1.038293007474975438e+00
5.076813728201106102e+00 -9.170322707694985587e-01
5.089380098815465381e+00 -9.191780050480597986e-01
5.101946469429824660e+00 -7.048074704510006727e-01
5.114512840044183939e+00 -8.951570423307397828e-01
5.127079210658542330e+00 -7.696126930875420991e-01
5.139645581272901609e+00 -9.076600544790949243e-01
5.152211951887260888e+00 -9.608034620945330451e-01
5.164778322501620167e+00 -9.563963609430962132e-01
5.177344693115979446e+00 -8.354944634445913287e-01
5.189911063730338725e+00 -7.270900430604647635e-01
5.202477434344698004e+00 -1.087433938016881818e+00
5.215043804959057283e+00 -7.420051322087379830e-01
5.227610175573416562e+00 -8.907834043328329843e-01
5.240176546187774953e+00 -8.503915599029848726e-01
5.252742916802134232e+00 -8.314620789366566900e-01
5.265309287416492623e+00 -8.046196790977280244e-01
5.277875658030851902e+00 -9.704685038250724372e-01
5.290442028645211181e+00 -7.649271646423853044e-01
5.303008399259570460e+00 -8.784340663857839182e-01
5.315574769873929739e+00 -8.190867594794002393e-01
5.328141140488289018e+00 -7.275632634110035246e-01
5.340707511102648297e+00 -7.176890300471818751e-01
5.353273881717007576e+00 -9.114230468373076821e-01
5.365840252331366855e+00 -8.545347367059875632e-01
5.378406622945726134e+00 -9.770725698214350885e-01
5.390972993560084525e+00 -8.164831032379634701e-01
5.403539364174443804e+00 -7.701492064178223629e-01
5.416105734788803083e+00 -8.635818255637430774e-01
5.428672105403162362e+00 -7.684841865672483729e-01
5.441238476017521641e+00 -7.510193776499641816e-01
5.453804846631880920e+00 -9.147372530886483943e-01
5.466371217246240199e+00 -6.270938803925412142e-01
5.478937587860599479e+00 -8.556291660656265563e-01
5.491503958474958758e+00 -7.747393030400271385e-01
5.504070329089317148e+00 -7.053902583158764283e-01
5.516636699703676427e+00 -7.070144574808365778e-01
5.529203070318035707e+00 -6.799090396080454957e-01
5.541769440932394986e+00 -3.982612106887219450e-01
5.554335811546754265e+00 -6.708933117988381545e-01
5.566902182161113544e+00 -6.972602328641984704e-01
5.579468552775472823e+00 -7.005625953272114348e-01
5.592034923389832102e+00 -7.193992969996818587e-01
5.604601294004191381e+00 -5.250041663181369556e-01
5.617167664618549772e+00 -7.231581344285360480e-01
5.629734035232909051e+00 -5.067969605690015866e-01
5.642300405847268330e+00 -6.747140785704536237e-01
5.654866776461627609e+00 -5.969194589988853217e-01
5.667433147075986888e+00 -7.109448161963035639e-01
5.679999517690346167e+00 -6.064491781129922598e-01
5.692565888304705446e+00 -3.787693929156806805e-01
5.705132258919064725e+00 -5.459160786253904885e-01
5.717698629533424004e+00 -2.929442023046144317e-01
5.730265000147783283e+00 -4.556793128848224961e-01
5.742831370762141674e+00 -5.517220580658594997e-01
5.755397741376500953e+00 -4.766491604859060538e-01
5.767964111990860232e+00 -4.821904936366446792e-01
5.780530482605219511e+00 -4.508165426854613411e-01
5.793096853219578790e+00 -3.756027262386237298e-01
5.805663223833938069e+00 -5.801003796746049268e-01
5.818229594448297348e+00 -3.497682330533801731e-01
5.830795965062656627e+00 -4.807049547089817798e-01
5.843362335677015906e+00 -4.421859910589003850e-01
5.855928706291374297e+00 -4.026669179265450205e-01
5.868495076905733576e+00 -4.650601275216616481e-01
5.881061447520092855e+00 -3.888633380500700620e-01
5.893627818134452134e+00 -4.548611580087683626e-01
5.906194188748811413e+00 -4.905418382218927897e-01
5.918760559363170692e+00 -3.117495321150963727e-01
5.931326929977529971e+00 -5.143630384511216347e-01
5.943893300591889250e+00 -3.401827741335677890e-01
5.956459671206248530e+00 -3.616244018667464366e-01
5.969026041820606920e+00 -6.700456275108856996e-02
5.981592412434966199e+00 -4.286781057443164178e-01
5.994158783049325478e+00 -2.570280131700256043e-01
6.006725153663684758e+00 -2.543969316349343202e-01
6.019291524278044037e+00 -2.417102606612816784e-01
6.031857894892402427e+00 -2.227260222999515593e-01
6.044424265506761706e+00 -2.055518296766917219e-01
6.056990636121120986e+00 -3.854552352468632037e-01
6.069557006735480265e+00 -3.666159400464465423e-01
6.082123377349839544e+00 2.032940220041976609e-01
6.094689747964198823e+00 -1.765130232997044468e-01
6.107256118578558102e+00 -4.394381739748093318e-01
6.119822489192916493e+00 -2.763461451687187487e-01
6.132388859807275772e+00 -6.463582568650592941e-02
6.144955230421635051e+00 -2.550669083147707461e-01
6.157521601035994330e+00 -1.202472899853311988e-01
6.170087971650353609e+00 -1.739088417168091760e-01
6.182654342264712888e+00 -1.353916770354797738e-01
6.195220712879072167e+00 -2.150735348064757857e-01
6.207787083493431446e+00 1.967591382381738974e-01
6.220353454107790725e+00 -2.389659058206851372e-03
6.232919824722149116e+00 1.573140257351913762e-01
6.245486195336508395e+00 -6.475236322640157138e-02
6.258052565950867674e+00 -5.805758830291102290e-02
6.270618936565226953e+00 -1.488704804611626908e-01
