0.000000000000000000e+00 -1.423588427019481517e-02
1.256637061435917323e-02 2.182882136415021102e-01
2.513274122871834645e-02 5.345628955394089721e-02
3.769911184307751795e-02 1.706713804955890534e-01
5.026548245743669291e-02 3.478213307502667911e-02
6.283185307179586787e-02 5.588743361630478523e-02
7.539822368615503589e-02 1.508448540357245904e-01
8.796459430051420392e-02 1.704158614020053752e-01
1.005309649148733858e-01 8.905479388108260286e-02
1.130973355292325677e-01 -1.239273745993290238e-01
1.256637061435917357e-01 1.086282903036509540e-01
1.382300767579508760e-01 2.063300874359114134e-01
1.507964473723100718e-01 1.525755999692500198e-01
1.633628179866692676e-01 2.082572931439954089e-01
1.759291886010284078e-01 2.020723371819177494e-01
1.884955592153875759e-01 4.388050019908121269e-02
2.010619298297467716e-01 2.879916951328839181e-01
2.136283004441059397e-01 1.539989435280275654e-01
2.261946710584651354e-01 1.741142305544205460e-01
2.387610416728242757e-01 2.955943264694769756e-01
2.513274122871834715e-01 1.755282621195678461e-01
2.638937829015426395e-01 2.870170524270528323e-01
2.764601535159017520e-01 1.873723776157435461e-01
2.890265241302609756e-01 2.662666712396662971e-01
3.015928947446201436e-01 2.596929526335399196e-01
3.141592653589793116e-01 2.628198977090495658e-01
3.267256359733385351e-01 2.392969993867709311e-01
3.392920065876976476e-01 3.283072142716463859e-01
3.518583772020568157e-01 3.567757008049489142e-01
3.644247478164160392e-01 4.490071566655009505e-01
3.769911184307751517e-01 3.107425830566816760e-01
3.895574890451343197e-01 3.850494065263971866e-01
4.021238596594935433e-01 6.121047255288072364e-01
4.146902302738527113e-01 4.420886226610689640e-01
4.272566008882118793e-01 4.626469237658360489e-01
4.398229715025711029e-01 4.691126936757093469e-01
4.523893421169302709e-01 2.666865972290287656e-01
4.649557127312893834e-01 4.239924094551300038e-01
4.775220833456485514e-01 2.456094814930730452e-01
4.900884539600077194e-01 5.568361974697383365e-01
5.026548245743669430e-01 6.517821138654761315e-01
5.152211951887261110e-01 4.398488612383674168e-01
5.277875658030852790e-01 6.799709933806208362e-01
5.403539364174444470e-01 4.022787510309748793e-01
5.529203070318035040e-01 4.059812132783915395e-01
5.654866776461627831e-01 5.910999867540529529e-01
5.780530482605219511e-01 4.647962518477077309e-01
5.906194188748811191e-01 5.072109315653621220e-01
6.031857894892402872e-01 6.758915054574339276e-01
6.157521601035994552e-01 4.801051757544517185e-01
6.283185307179586232e-01 5.595716705014147641e-01
6.408849013323177912e-01 5.861835680637467183e-01
6.534512719466770703e-01 6.457850243306871851e-01
6.660176425610361273e-01 6.910790778081616903e-01
6.785840131753952953e-01 6.173342578290151872e-01
6.911503837897544633e-01 5.175533617329440839e-01
7.037167544041136313e-01 7.480595191973706815e-01
7.162831250184729104e-01 9.441217887403787756e-01
7.288494956328320784e-01 7.480431317957427773e-01
7.414158662471912464e-01 7.313939587144745458e-01
7.539822368615503034e-01 6.469828859976110014e-01
7.665486074759094715e-01 6.684428759487237581e-01
7.791149780902686395e-01 5.636886250816710575e-01
7.916813487046279185e-01 7.732689048946697064e-01
8.042477193189870865e-01 7.067303201112155042e-01
8.168140899333462546e-01 8.577591230988395044e-01
8.293804605477054226e-01 6.338136776207314860e-01
8.419468311620645906e-01 8.823743591887045490e-01
8.545132017764237586e-01 7.232557170747117015e-01
8.670795723907829267e-01 7.013307991188432178e-01
8.796459430051422057e-01 7.222026650101638356e-01
8.922123136195013737e-01 7.175639328099835401e-01
9.047786842338605418e-01 5.774549023719106611e-01
9.173450548482194877e-01 8.579225984627337764e-01
9.299114254625787668e-01 8.789973801376382845e-01
9.424777960769379348e-01 9.368739344625740539e-01
9.550441666912971028e-01 8.868668526516115813e-01
9.676105373056562708e-01 8.891303357114090922e-01
9.801769079200154389e-01 6.627456956206683181e-01
9.927432785343746069e-01 8.558390267926220263e-01
1.005309649148733886e+00 7.310055166793384407e-01
1.017876019763092943e+00 8.230859106956289750e-01
1.030442390377452222e+00 9.971886461116886702e-01
1.043008760991811279e+00 8.671453614998853032e-01
1.055575131606170558e+00 6.088176775108524730e-01
1.068141502220529837e+00 7.761489170244278979e-01
1.080707872834888894e+00 8.255401257967276418e-01
1.093274243449248173e+00 8.655706459448202494e-01
1.105840614063607008e+00 9.876438046815739780e-01
1.118406984677966287e+00 9.830836641594143943e-01
1.130973355292325566e+00 9.860418999980257171e-01
1.143539725906684623e+00 9.333366679987290526e-01
1.156106096521043902e+00 8.857304053040558900e-01
1.168672467135402959e+00 8.840642469177039109e-01
1.181238837749762238e+00 9.682887142983237494e-01
1.193805208364121295e+00 1.023172340641730349e+00
1.206371578978480574e+00 1.089592328127669374e+00
1.218937949592839853e+00 9.480961983998106302e-01
1.231504320207198910e+00 9.724731189352523453e-01
1.244070690821558189e+00 1.095641381821324867e+00
1.256637061435917246e+00 8.423680009789544787e-01
1.269203432050276525e+00 1.036980826051009608e+00
1.281769802664635582e+00 8.797268688252988245e-01
1.294336173278994861e+00 1.121408836793089892e+00
1.306902543893354141e+00 1.105972075105758012e+00
1.319468914507712975e+00 1.133058817874513347e+00
1.332035285122072255e+00 1.125791603621367987e+00
1.344601655736431534e+00 1.058587636536881149e+00
1.357168026350790591e+00 8.749586837236462689e-01
1.369734396965149870e+00 1.029332282577841484e+00
1.382300767579508927e+00 1.071860510518079845e+00
1.394867138193868206e+00 1.032299535893059561e+00
1.407433508808227263e+00 9.752328919300725651e-01
1.419999879422586542e+00 1.004341487977544300e+00
1.432566250036945821e+00 1.029221092280137029e+00
1.445132620651304878e+00 8.894920430980701731e-01
1.457698991265664157e+00 1.061525600622088117e+00
1.470265361880023214e+00 1.050442054146278226e+00
1.482831732494382493e+00 9.829619165446649154e-01
1.495398103108741550e+00 1.063948328334230808e+00
1.507964473723100607e+00 1.114390701196348310e+00
1.520530844337459886e+00 8.970702341944356561e-01
1.533097214951818943e+00 1.146356305499658834e+00
1.545663585566178222e+00 1.101316301789320828e+00
1.558229956180537279e+00 1.100532083368035874e+00
1.570796326794896558e+00 1.099733244736650573e+00
1.583362697409255837e+00 1.071363242457788578e+00
1.595929068023614894e+00 9.997491486326278709e-01
1.608495438637974173e+00 9.259599803695013343e-01
1.621061809252333230e+00 1.049980687348787134e+00
1.633628179866692509e+00 1.011317485053763843e+00
1.646194550481051566e+00 9.277936530539321325e-01
1.658760921095410845e+00 1.172096508090622491e+00
1.671327291709770124e+00 1.079003875618637309e+00
1.683893662324129181e+00 9.625222942814753990e-01
1.696460032938488460e+00 8.346721012630574643e-01
1.709026403552847517e+00 9.066542197928028068e-01
1.721592774167206796e+00 1.037510944543562852e+00
1.734159144781565853e+00 9.609131073544227020e-01
1.746725515395925132e+00 8.528167009289234768e-01
1.759291886010284411e+00 1.008976371065450683e+00
1.771858256624643468e+00 9.639808654793724507e-01
1.784424627239002747e+00 9.370061628756025662e-01
1.796990997853361804e+00 8.500359977822962154e-01
1.809557368467721084e+00 1.005098245031724735e+00
1.822123739082079918e+00 8.613283657248534952e-01
1.834690109696438975e+00 9.441165355945877469e-01
1.847256480310798255e+00 1.078084362573611177e+00
1.859822850925157534e+00 1.082969775744992980e+00
1.872389221539516591e+00 9.420563300821209740e-01
1.884955592153875870e+00 6.431110300383802159e-01
1.897521962768234927e+00 1.022620630313119561e+00
1.910088333382594206e+00 8.500971583120942032e-01
1.922654703996953263e+00 7.993966140321520086e-01
1.935221074611312542e+00 1.008321563269426013e+00
1.947787445225671821e+00 7.447979723219649850e-01
1.960353815840030878e+00 9.963243116324197457e-01
1.972920186454390157e+00 1.010739911935969904e+00
1.985486557068749214e+00 9.655063454021077796e-01
1.998052927683108493e+00 9.310618763229469019e-01
2.010619298297467772e+00 8.936093937810958288e-01
2.023185668911826607e+00 8.510244238357230762e-01
2.035752039526185886e+00 7.856437797479267626e-01
2.048318410140545165e+00 1.124993881922669470e+00
2.060884780754904444e+00 8.378302840523362827e-01
2.073451151369263723e+00 7.839606206181497505e-01
2.086017521983622558e+00 8.608587674417527147e-01
2.098583892597981837e+00 9.216814358151196318e-01
2.111150263212341116e+00 9.596037756694043575e-01
2.123716633826700395e+00 8.281925270557558560e-01
2.136283004441059674e+00 8.252991181207641747e-01
2.148849375055418509e+00 7.574121029758869028e-01
2.161415745669777788e+00 8.049859079234051862e-01
2.173982116284137067e+00 9.100619501266563605e-01
2.186548486898496346e+00 8.101257991457493368e-01
2.199114857512855181e+00 7.723079695266340527e-01
2.211681228127214016e+00 8.186665798342590561e-01
2.224247598741573295e+00 7.158221839691600863e-01
2.236813969355932574e+00 5.705678619905513171e-01
2.249380339970291853e+00 7.298036766254935026e-01
2.261946710584651132e+00 4.716306015880514235e-01
2.274513081199009967e+00 7.359976056865070726e-01
2.287079451813369246e+00 7.954058923865936492e-01
2.299645822427728525e+00 8.446967512798296829e-01
2.312212193042087804e+00 7.905021168017709599e-01
2.324778563656447083e+00 7.325970004403705715e-01
2.337344934270805918e+00 6.177423107555164439e-01
2.349911304885165197e+00 6.016544558655642083e-01
2.362477675499524477e+00 6.816493606492467494e-01
2.375044046113883756e+00 6.071504607424625943e-01
2.387610416728242591e+00 5.883302536628887136e-01
2.400176787342601870e+00 6.797980927376410243e-01
2.412743157956961149e+00 5.808402166935928701e-01
2.425309528571320428e+00 4.749064267293072739e-01
2.437875899185679707e+00 6.252221145688122705e-01
2.450442269800038542e+00 5.424581616841458453e-01
2.463008640414397821e+00 6.794477905399852746e-01
2.475575011028757100e+00 7.472577618241961206e-01
2.488141381643116379e+00 6.839303923002572061e-01
2.500707752257475658e+00 6.415496789659240751e-01
2.513274122871834493e+00 7.243486160792277362e-01
2.525840493486193772e+00 4.794907934669452865e-01
2.538406864100553051e+00 5.096169586211003466e-01
2.550973234714912330e+00 5.754266107680249265e-01
2.563539605329271165e+00 5.068270170770695637e-01
2.576105975943630444e+00 5.503445315242189162e-01
2.588672346557989723e+00 4.873638268479850155e-01
2.601238717172349002e+00 4.882153094766345514e-01
2.613805087786708281e+00 4.608907929316622409e-01
2.626371458401067116e+00 5.671285328128493619e-01
2.638937829015425951e+00 4.631381005280163499e-01
2.651504199629785230e+00 3.396592520191696885e-01
2.664070570244144509e+00 4.473979451435187160e-01
2.676636940858503788e+00 3.874988967340751156e-01
2.689203311472863067e+00 5.815050031548827381e-01
2.701769682087221902e+00 4.620119168436419566e-01
2.714336052701581181e+00 5.414473610373663481e-01
2.726902423315940460e+00 4.140117354101358615e-01
2.739468793930299739e+00 4.834671252749282444e-01
2.752035164544658574e+00 4.562677010094494667e-01
2.764601535159017853e+00 4.239289625221707158e-01
2.777167905773377132e+00 1.824385435099153963e-01
2.789734276387736411e+00 3.646031180335898569e-01
2.802300647002095690e+00 4.688971693579817579e-01
2.814867017616454525e+00 3.222896457836812445e-01
2.827433388230813804e+00 4.260162051663419214e-01
2.839999758845173083e+00 2.490097228069083624e-01
2.852566129459532362e+00 2.543368348127664214e-01
2.865132500073891642e+00 3.418090544945538434e-01
2.877698870688250476e+00 1.194875289043806077e-01
2.890265241302609756e+00 4.159417606735678064e-01
2.902831611916969035e+00 2.089665980013161173e-01
2.915397982531328314e+00 3.556124268873096517e-01
2.927964353145687149e+00 1.522105017677351790e-01
2.940530723760046428e+00 2.748859686456124329e-01
2.953097094374405707e+00 1.458002658429950749e-01
2.965663464988764986e+00 2.116605775150953717e-02
2.978229835603124265e+00 1.202986359495504531e-01
2.990796206217483100e+00 1.388710540441070729e-01
3.003362576831842379e+00 1.857768446946295726e-01
3.015928947446201214e+00 4.635447683791160678e-02
3.028495318060560493e+00 1.648225838088905881e-01
3.041061688674919772e+00 7.443157441600985191e-02
3.053628059289279051e+00 -1.100481768879381789e-01
3.066194429903637886e+00 1.737826150949640658e-01
3.078760800517997165e+00 1.705916497138657006e-01
3.091327171132356444e+00 1.451618525024807316e-02
3.103893541746715723e+00 1.895672079718891886e-02
3.116459912361074558e+00 -2.726779717544855833e-02
3.129026282975433837e+00 5.060975994568886471e-02
3.141592653589793116e+00 -5.897170866447291188e-02
3.154159024204152395e+00 7.060580750479920897e-02
3.166725394818511674e+00 -3.957833762899379271e-02
3.179291765432870509e+00 -1.674938966429152243e-01
3.191858136047229788e+00 1.838594593904346874e-02
3.204424506661589067e+00 -1.573290838077317372e-02
3.216990877275948346e+00 -2.601162206498480733e-01
3.229557247890307181e+00 -6.926875977913049542e-02
3.242123618504666460e+00 -4.424540153401353149e-02
3.254689989119025739e+00 -1.222031426764066536e-01
3.267256359733385018e+00 -1.732885075943135234e-01
3.279822730347744297e+00 -1.493456595397370246e-02
3.292389100962103132e+00 -2.163604458182054047e-01
3.304955471576462411e+00 1.168632645055053820e-02
3.317521842190821690e+00 -2.472010066991182642e-01
3.330088212805180969e+00 -9.336974896952393577e-02
3.342654583419540248e+00 -1.925558281407785399e-02
3.355220954033899083e+00 -3.402594589270465653e-01
3.367787324648258362e+00 -1.764949140049955623e-01
3.380353695262617642e+00 -3.086055975444869093e-01
3.392920065876976921e+00 -1.685165674524306545e-01
3.405486436491335756e+00 -1.172585428458206291e-01
3.418052807105695035e+00 -9.544910218377239408e-02
3.430619177720054314e+00 -1.823584942962069577e-01
3.443185548334413593e+00 -3.301965093933575957e-01
3.455751918948772872e+00 -2.368069404227405306e-01
3.468318289563131707e+00 -5.761311741655533725e-02
3.480884660177490986e+00 -2.067844263304849384e-01
3.493451030791850265e+00 -1.212430591642394417e-01
3.506017401406209544e+00 -2.398714166178194107e-01
3.518583772020568823e+00 -4.856556588547852327e-01
3.531150142634927658e+00 -4.051938144012575682e-01
3.543716513249286937e+00 -3.182073525928557634e-01
3.556282883863646216e+00 -4.943612508137095185e-01
3.568849254478005495e+00 -3.428320337679811036e-01
3.581415625092364330e+00 -6.159259033642187076e-01
3.593981995706723609e+00 -4.418425345710365049e-01
3.606548366321082888e+00 -3.866226598952505755e-01
3.619114736935442167e+00 -6.424644875064668970e-01
3.631681107549800558e+00 -4.125477193404487597e-01
3.644247478164159837e+00 -3.879931440946053911e-01
3.656813848778519116e+00 -3.958120392749741034e-01
3.669380219392877951e+00 -6.640311477158088449e-01
3.681946590007237230e+00 -6.530454924691477814e-01
3.694512960621596509e+00 -4.065344209936843090e-01
3.707079331235955788e+00 -4.170209195104190858e-01
3.719645701850315067e+00 -6.470005728283212409e-01
3.732212072464673902e+00 -6.846101349105976341e-01
3.744778443079033181e+00 -4.652303332414298165e-01
3.757344813693392460e+00 -7.677146107114694029e-01
3.769911184307751739e+00 -5.160063385423745430e-01
3.782477554922110574e+00 -7.573879849925886365e-01
3.795043925536469853e+00 -7.462823288485769258e-01
3.807610296150829132e+00 -6.037116341734701797e-01
3.820176666765188411e+00 -5.565021447274393074e-01
3.832743037379547690e+00 -5.635107570002152455e-01
3.845309407993906525e+00 -6.286850344602419316e-01
3.857875778608265804e+00 -7.396069881776584642e-01
3.870442149222625083e+00 -7.433766204141205591e-01
3.883008519836984362e+00 -6.486524287146484546e-01
3.895574890451343641e+00 -6.131637103342088002e-01
3.908141261065702476e+00 -7.806950034810609118e-01
3.920707631680061755e+00 -7.698163095043288884e-01
3.933274002294421035e+00 -7.700829995364192326e-01
3.945840372908780314e+00 -7.138673723616782985e-01
3.958406743523139149e+00 -8.223313917580268306e-01
3.970973114137498428e+00 -7.382899633784100191e-01
3.983539484751857707e+00 -7.245112249641284530e-01
3.996105855366216986e+00 -7.025385309359148955e-01
4.008672225980576265e+00 -7.163567431766952875e-01
4.021238596594935544e+00 -8.952553916464831563e-01
4.033804967209294823e+00 -7.719134755074225085e-01
4.046371337823653214e+00 -7.413785419700346102e-01
4.058937708438012493e+00 -8.623456847815236248e-01
4.071504079052371772e+00 -8.404931470707174279e-01
4.084070449666731051e+00 -6.690169950313960001e-01
4.096636820281090330e+00 -1.012972587627326559e+00
4.109203190895449609e+00 -6.063985828746953910e-01
4.121769561509808888e+00 -7.082756604022517610e-01
4.134335932124168167e+00 -8.674641781954693931e-01
4.146902302738527446e+00 -6.812021431683006334e-01
4.159468673352886725e+00 -9.467546043542470757e-01
4.172035043967245116e+00 -8.044889948414870595e-01
4.184601414581604395e+00 -1.002538682970124384e+00
4.197167785195963674e+00 -7.120979503169777569e-01
4.209734155810322953e+00 -9.396246539495446415e-01
4.222300526424682232e+00 -7.948433310147332564e-01
4.234866897039041511e+00 -8.659593424936284922e-01
4.247433267653400790e+00 -9.299862172238355651e-01
4.259999638267760069e+00 -9.525032503670619599e-01
4.272566008882119348e+00 -6.499495766182379342e-01
4.285132379496477739e+00 -9.759745046257377599e-01
4.297698750110837018e+00 -8.606475448976984577e-01
4.310265120725196297e+00 -8.506275942112307975e-01
4.322831491339555576e+00 -8.083393626605385185e-01
4.335397861953914855e+00 -8.173660833500302481e-01
4.347964232568274134e+00 -1.043047819071251547e+00
4.360530603182633413e+00 -9.378472665136566855e-01
4.373096973796992692e+00 -8.736870013264449453e-01
4.385663344411351972e+00 -9.142148671123795367e-01
4.398229715025710362e+00 -1.018039653966634983e+00
4.410796085640069641e+00 -9.994204243814707178e-01
4.423362456254428032e+00 -9.620717088724738408e-01
4.435928826868787311e+00 -1.073324622717217292e+00
4.448495197483146590e+00 -9.671991917608550038e-01
4.461061568097505869e+00 -9.076711170076631197e-01
4.473627938711865148e+00 -9.153816040575273316e-01
4.486194309326224428e+00 -9.216087968961741428e-01
4.498760679940583707e+00 -1.064900280872015825e+00
4.511327050554942986e+00 -1.141516822669124576e+00
4.523893421169302265e+00 -9.464104045713597202e-01
4.536459791783661544e+00 -1.054875189244469880e+00
4.549026162398019935e+00 -9.461524597266678382e-01
4.561592533012379214e+00 -8.292905079121685175e-01
4.574158903626738493e+00 -9.696234185870945543e-01
4.586725274241097772e+00 -1.013190640664509923e+00
4.599291644855457051e+00 -1.066313391861455573e+00
4.611858015469816330e+00 -1.088344097130791610e+00
4.624424386084175609e+00 -8.664107611892748473e-01
4.636990756698534888e+00 -1.239839233913433425e+00
4.649557127312894167e+00 -1.015944117776524491e+00
4.662123497927252558e+00 -8.785969925858145846e-01
4.674689868541611837e+00 -1.099849923182607325e+00
4.687256239155971116e+00 -1.005520382674091273e+00
4.699822609770330395e+00 -1.026487325167501963e+00
4.712388980384689674e+00 -9.420037342668827751e-01
4.724955350999048953e+00 -8.545588481119458235e-01
4.737521721613408232e+00 -1.042584641046643057e+00
4.750088092227767511e+00 -1.099345875319918786e+00
4.762654462842126790e+00 -1.063078777231338812e+00
4.775220833456485181e+00 -8.018008315604350233e-01
4.787787204070844460e+00 -7.991542805231950375e-01
4.800353574685203739e+00 -9.532649508062749355e-01
4.812919945299563018e+00 -9.328759522365116519e-01
4.825486315913922297e+00 -1.056058948319428481e+00
4.838052686528281576e+00 -8.902123993380469669e-01
4.850619057142640855e+00 -1.015130291480393243e+00
4.863185427757000134e+00 -1.072929066565049938e+00
4.875751798371359413e+00 -9.612018416317692493e-01
4.888318168985717804e+00 -1.014342819112025840e+00
4.900884539600077083e+00 -9.603904450237938928e-01
4.913450910214436362e+00 -9.824858310402118100e-01
4.926017280828795641e+00 -9.417565617882317497e-01
4.938583651443154920e+00 -9.614196205803815509e-01
4.951150022057514200e+00 -7.836737115025703693e-01
4.963716392671873479e+00 -8.933113894831286039e-01
4.976282763286232758e+00 -9.981678979242185612e-01
4.988849133900592037e+00 -9.083537621963994058e-01
5.001415504514951316e+00 -1.016317104790412928e+00
5.013981875129309707e+00 -9.550194847681445776e-01
5.026548245743668986e+00 -1.051182635176896696e+00
5.039114616358028265e+00 -1.049078685195810268e+00
5.051680986972387544e+00 -9.281388558414545020e-01
5.064247357586746823e+00 -1.079268794132847376e+00
5.076813728201106102e+00 -9.199352687336821432e-01
5.089380098815465381e+00 -9.674017114228939951e-01
5.101946469429824660e+00 -9.198806544994393430e-01
5.114512840044183939e+00 -8.481996606236109626e-01
5.127079210658542330e+00 -8.140967377667935878e-01
5.139645581272901609e+00 -8.686525295456531959e-01
5.152211951887260888e+00 -9.912463589675201137e-01
5.164778322501620167e+00 -8.351996656850381173e-01
5.177344693115979446e+00 -7.467196537490261576e-01
5.189911063730338725e+00 -8.559871644523182610e-01
5.202477434344698004e+00 -1.070216314763023258e+00
5.215043804959057283e+00 -1.001198119978905954e+00
5.227610175573416562e+00 -8.363410395543249276e-01
5.240176546187774953e+00 -8.938354733789881656e-01
5.252742916802134232e+00 -6.284892057596255244e-01
5.265309287416492623e+00 -8.989698556264346108e-01
5.277875658030851902e+00 -8.670775027416288694e-01
5.290442028645211181e+00 -7.819397309267372975e-01
5.303008399259570460e+00 -1.069286247512173382e+00
5.315574769873929739e+00 -7.348321826249905042e-01
5.328141140488289018e+00 -8.412433720489254085e-01
5.340707511102648297e+00 -9.501379251192836328e-01
5.353273881717007576e+00 -8.427632034354364254e-01
5.365840252331366855e+00 -6.770653675530375892e-01
5.378406622945726134e+00 -7.575982716212339430e-01
5.390972993560084525e+00 -1.052091016407464608e+00
5.403539364174443804e+00 -7.251202720205488506e-01
5.416105734788803083e+00 -7.933593056328090976e-01
5.428672105403162362e+00 -7.328198732383895964e-01
5.441238476017521641e+00 -8.736547224195334582e-01
5.453804846631880920e+00 -6.375464111285360502e-01
5.466371217246240199e+00 -6.304127600006678156e-01
5.478937587860599479e+00 -7.058615654935858075e-01
5.491503958474958758e+00 -7.101582998350161047e-01
5.504070329089317148e+00 -5.891357730206222554e-01
5.516636699703676427e+00 -6.446496970661620418e-01
5.529203070318035707e+00 -7.102373773478328767e-01
5.541769440932394986e+00 -6.931408034315398314e-01
5.554335811546754265e+00 -6.185566054110711587e-01
5.566902182161113544e+00 -4.720146645208065372e-01
5.579468552775472823e+00 -6.933139433821583486e-01
5.592034923389832102e+00 -6.803016570477499192e-01
5.604601294004191381e+00 -5.467116504716875713e-01
5.617167664618549772e+00 -6.698945006103905753e-01
5.629734035232909051e+00 -6.999650321252296470e-01
5.642300405847268330e+00 -7.026831733034015759e-01
5.654866776461627609e+00 -4.420861302634883083e-01
5.667433147075986888e+00 -6.625249197299273307e-01
5.679999517690346167e+00 -5.898514105086112291e-01
5.692565888304705446e+00 -7.052260113229097405e-01
5.705132258919064725e+00 -5.538227865235676450e-01
5.717698629533424004e+00 -5.756969018909282587e-01
5.730265000147783283e+00 -5.419383755423218263e-01
5.742831370762141674e+00 -5.564404679746940419e-01
5.755397741376500953e+00 -4.998026758072022235e-01
5.767964111990860232e+00 -5.106141149841217919e-01
5.780530482605219511e+00 -5.020062832825207266e-01
5.793096853219578790e+00 -5.399899429705476983e-01
5.805663223833938069e+00 -5.267953588689184841e-01
5.818229594448297348e+00 -3.629520282639631668e-01
5.830795965062656627e+00 -4.495377878705269503e-01
5.843362335677015906e+00 -3.064914575755482429e-01
5.855928706291374297e+00 -4.565963508400316950e-01
5.868495076905733576e+00 -4.591161371814718728e-01
5.881061447520092855e+00 -2.849929574461455561e-01
5.893627818134452134e+00 -3.939274268852384076e-01
5.906194188748811413e+00 -3.970424090293828145e-01
5.918760559363170692e+00 -3.910474825338873250e-01
5.931326929977529971e+00 -2.046261895473160120e-01
5.943893300591889250e+00 -3.271314975867609665e-01
5.956459671206248530e+00 -2.557137461336725925e-01
5.969026041820606920e+00 -1.990686732243515666e-01
5.981592412434966199e+00 -2.532713310122197137e-01
5.994158783049325478e+00 -3.900248000032030538e-01
6.006725153663684758e+00 -2.344102050427188111e-01
6.019291524278044037e+00 -1.302020612593687010e-01
6.031857894892402427e+00 -1.607067352204687716e-01
6.044424265506761706e+00 -2.127249589071104618e-01
6.056990636121120986e+00 -2.746428295680162224e-01
6.069557006735480265e+00 -1.194471775862282481e-01
6.082123377349839544e+00 -3.829954466817068748e-01
6.094689747964198823e+00 -7.808096494648739117e-02
6.107256118578558102e+00 -4.668664509867911927e-02
6.119822489192916493e+00 -2.486015575360568108e-01
6.132388859807275772e+00 -1.393340450596814717e-01
6.144955230421635051e+00 -3.151240071553974564e-01
6.157521601035994330e+00 -1.301544330794435489e-01
6.170087971650353609e+00 -1.719975579248115838e-01
6.182654342264712888e+00 -2.313945294001073516e-01
6.195220712879072167e+00 -6.095584269199155053e-02
6.207787083493431446e+00 8.958765789995201678e-02
6.220353454107790725e+00 3.316352467739613896e-02
6.232919824722149116e+00 -9.032770736638559561e-02
6.245486195336508395e+00 1.093554160542635767e-01
6.258052565950867674e+00 6.848054743142602263e-02
6.270618936565226953e+00 1.926335175993062199e-01
