0.000000000000000000e+00 -3.117836734875166493e-02
1.256637061435917323e-02 8.546643224460301336e-02
2.513274122871834645e-02 4.691217425093768129e-02
3.769911184307751795e-02 -5.221899698477935892e-02
5.026548245743669291e-02 -1.984337469830169676e-01
6.283185307179586787e-02 1.541156716529021864e-01
7.539822368615503589e-02 1.880331781251159684e-01
8.796459430051420392e-02 -6.355812631227841791e-02
1.005309649148733858e-01 2.642908231449839773e-01
1.130973355292325677e-01 6.986702457284689471e-02
1.256637061435917357e-01 3.884612892906861847e-01
1.382300767579508760e-01 1.979725156802242536e-01
1.507964473723100718e-01 1.166374276265325638e-01
1.633628179866692676e-01 2.864109495174482767e-01
1.759291886010284078e-01 1.861358756520256896e-01
1.884955592153875759e-01 2.002964393760761630e-01
2.010619298297467716e-01 2.073227417359407576e-01
2.136283004441059397e-01 1.964942940661934256e-01
2.261946710584651354e-01 2.876932952661736542e-01
2.387610416728242757e-01 3.175644973663316328e-01
2.513274122871834715e-01 2.841707480620881965e-01
2.638937829015426395e-01 4.421005376708995183e-01
2.764601535159017520e-01 1.373043550894541553e-01
2.890265241302609756e-01 2.386560658808427049e-01
3.015928947446201436e-01 3.795069660414412405e-01
3.141592653589793116e-01 1.913738463332365081e-01
3.267256359733385351e-01 4.773925757654869928e-01
3.392920065876976476e-01 4.040900539765150956e-01
3.518583772020568157e-01 3.265422633882908987e-01
3.644247478164160392e-01 4.098318312719497203e-01
3.769911184307751517e-01 3.094632567028516856e-01
3.895574890451343197e-01 2.315937686429478393e-01
4.021238596594935433e-01 4.770984286809337171e-01
4.146902302738527113e-01 4.972163344509830107e-01
4.272566008882118793e-01 4.258197244201805676e-01
4.398229715025711029e-01 4.235836232057159645e-01
4.523893421169302709e-01 2.244013120001368267e-01
4.649557127312893834e-01 3.649424692695378836e-01
4.775220833456485514e-01 4.130290296265898276e-01
4.900884539600077194e-01 4.940749912419264422e-01
5.026548245743669430e-01 6.202571966978793760e-01
5.152211951887261110e-01 4.407646328808786929e-01
5.277875658030852790e-01 4.256079877734712524e-01
5.403539364174444470e-01 6.100004928368538692e-01
5.529203070318035040e-01 5.125009921589909201e-01
5.654866776461627831e-01 3.989655126466493673e-01
5.780530482605219511e-01 6.682424113278735422e-01
5.906194188748811191e-01 4.711254726601883935e-01
6.031857894892402872e-01 5.111218614817394368e-01
6.157521601035994552e-01 4.742207134826713633e-01
6.283185307179586232e-01 6.236623478671613485e-01
6.408849013323177912e-01 7.052731172577362262e-01
6.534512719466770703e-01 5.703798252512437550e-01
6.660176425610361273e-01 6.574963703963641048e-01
6.785840131753952953e-01 5.805467336054117578e-01
6.911503837897544633e-01 8.710847709662147276e-01
7.037167544041136313e-01 7.973345146832114816e-01
7.162831250184729104e-01 5.970397838550075553e-01
7.288494956328320784e-01 7.188459730845210283e-01
7.414158662471912464e-01 7.693152878792312022e-01
7.539822368615503034e-01 7.271756446014180364e-01
7.665486074759094715e-01 6.178376027979951557e-01
7.791149780902686395e-01 6.864132721488133138e-01
7.916813487046279185e-01 7.842166732984382493e-01
8.042477193189870865e-01 7.647173217788691968e-01
8.168140899333462546e-01 6.432863635033676530e-01
8.293804605477054226e-01 7.822059598071311459e-01
8.419468311620645906e-01 6.444763467423556547e-01
8.545132017764237586e-01 5.410190410555066887e-01
8.670795723907829267e-01 7.798288178094738843e-01
8.796459430051422057e-01 8.656333682892330961e-01
8.922123136195013737e-01 8.226520402801394960e-01
9.047786842338605418e-01 9.331901714686618998e-01
9.173450548482194877e-01 9.689420337408765072e-01
9.299114254625787668e-01 8.369200470367541556e-01
9.424777960769379348e-01 7.446832651188939334e-01
9.550441666912971028e-01 8.116155453249458418e-01
9.676105373056562708e-01 6.786286189804027202e-01
9.801769079200154389e-01 8.269769226163565801e-01
9.927432785343746069e-01 8.284433414580787414e-01
1.005309649148733886e+00 8.619569594955193148e-01
1.017876019763092943e+00 9.604565232435744448e-01
1.030442390377452222e+00 6.448791972311521681e-01
1.043008760991811279e+00 9.390683004309684501e-01
1.055575131606170558e+00 8.161230502885428173e-01
1.068141502220529837e+00 9.556289156217823155e-01
1.080707872834888894e+00 8.996565612218958563e-01
1.093274243449248173e+00 7.845930202170883216e-01
1.105840614063607008e+00 9.812682631591634896e-01
1.118406984677966287e+00 8.254480438551646815e-01
1.130973355292325566e+00 9.571215877935729255e-01
1.143539725906684623e+00 8.509183225713297105e-01
1.156106096521043902e+00 8.674924620204409464e-01
1.168672467135402959e+00 9.314848150097877477e-01
1.181238837749762238e+00 1.115551439102835385e+00
1.193805208364121295e+00 9.991918005013062931e-01
1.206371578978480574e+00 9.323708086380765314e-01
1.218937949592839853e+00 1.105018142883680277e+00
1.231504320207198910e+00 9.460513787759469162e-01
1.244070690821558189e+00 9.173483844080031480e-01
1.256637061435917246e+00 8.542427526635336665e-01
1.269203432050276525e+00 9.715712178122938303e-01
1.281769802664635582e+00 9.701819855673654569e-01
1.294336173278994861e+00 8.938019391393087210e-01
1.306902543893354141e+00 7.739795237820554785e-01
1.319468914507712975e+00 9.545929296527810859e-01
1.332035285122072255e+00 9.831241916009730852e-01
1.344601655736431534e+00 9.350264086462145574e-01
1.357168026350790591e+00 8.819364971183961677e-01
1.369734396965149870e+00 8.725723168289005738e-01
1.382300767579508927e+00 9.338426901860846785e-01
1.394867138193868206e+00 1.120858120060123309e+00
1.407433508808227263e+00 1.001954721220628786e+00
1.419999879422586542e+00 8.253896849366803012e-01
1.432566250036945821e+00 1.054791570288063252e+00
1.445132620651304878e+00 9.473251965154326770e-01
1.457698991265664157e+00 1.227514733326540375e+00
1.470265361880023214e+00 9.636187305034153994e-01
1.482831732494382493e+00 9.901718528375913486e-01
1.495398103108741550e+00 1.016575733448134899e+00
1.507964473723100607e+00 1.026714658274740621e+00
1.520530844337459886e+00 1.003922925878445671e+00
1.533097214951818943e+00 1.004444567074627592e+00
1.545663585566178222e+00 9.777254638630196171e-01
1.558229956180537279e+00 9.445953944224838583e-01
1.570796326794896558e+00 9.626089130121695536e-01
1.583362697409255837e+00 8.814793583443421010e-01
1.595929068023614894e+00 9.468668714954641130e-01
1.608495438637974173e+00 9.329360838904006137e-01
1.621061809252333230e+00 9.553633082161427925e-01
1.633628179866692509e+00 9.535023209968209734e-01
1.646194550481051566e+00 9.829629776669233099e-01
1.658760921095410845e+00 1.041373703400206852e+00
1.671327291709770124e+00 9.640047603839335677e-01
1.683893662324129181e+00 1.002691006913987160e+00
1.696460032938488460e+00 1.019141360216653247e+00
1.709026403552847517e+00 9.590122430224682359e-01
1.721592774167206796e+00 9.741541870438527040e-01
1.734159144781565853e+00 1.022223000644973734e+00
1.746725515395925132e+00 8.146723757588113513e-01
1.759291886010284411e+00 1.048013007688402665e+00
1.771858256624643468e+00 9.326174894301278995e-01
1.784424627239002747e+00 6.082445577788115898e-01
1.796990997853361804e+00 1.027911031090451788e+00
1.809557368467721084e+00 8.514965934617134691e-01
1.822123739082079918e+00 1.057748434433519291e+00
1.834690109696438975e+00 8.669088457893087130e-01
1.847256480310798255e+00 9.409649742782505433e-01
1.859822850925157534e+00 1.025137581441362578e+00
1.872389221539516591e+00 8.752397199120428573e-01
1.884955592153875870e+00 8.515145338580086820e-01
1.897521962768234927e+00 9.356855890198058079e-01
1.910088333382594206e+00 1.080008688221351543e+00
1.922654703996953263e+00 1.048699191643421402e+00
1.935221074611312542e+00 1.074387088143816449e+00
1.947787445225671821e+00 9.682472903362960848e-01
1.960353815840030878e+00 9.739056182897337655e-01
1.972920186454390157e+00 1.027262820461863679e+00
1.985486557068749214e+00 9.720965128691810841e-01
1.998052927683108493e+00 8.296094134269074161e-01
2.010619298297467772e+00 9.830900911599407266e-01
2.023185668911826607e+00 8.500633974048884545e-01
2.035752039526185886e+00 8.118528279919466906e-01
2.048318410140545165e+00 9.020078176891059840e-01
2.060884780754904444e+00 8.743186615409226370e-01
2.073451151369263723e+00 9.635732287565913490e-01
2.086017521983622558e+00 8.980354348497595618e-01
2.098583892597981837e+00 8.211694039352521735e-01
2.111150263212341116e+00 8.515173955375530124e-01
2.123716633826700395e+00 7.941456526441578179e-01
2.136283004441059674e+00 8.119620284811184252e-01
2.148849375055418509e+00 9.641383771727216612e-01
2.161415745669777788e+00 8.719522335072180663e-01
2.173982116284137067e+00 7.861949186974624970e-01
2.186548486898496346e+00 7.843226213354487220e-01
2.199114857512855181e+00 7.496974108250451518e-01
2.211681228127214016e+00 7.828012393954353332e-01
2.224247598741573295e+00 6.453511890351071312e-01
2.236813969355932574e+00 8.474778737187184108e-01
2.249380339970291853e+00 7.514778951999981915e-01
2.261946710584651132e+00 8.397625533285485444e-01
2.274513081199009967e+00 8.585758435824023538e-01
2.287079451813369246e+00 7.857599445929422943e-01
2.299645822427728525e+00 6.444745951176528154e-01
2.312212193042087804e+00 6.152555457595166866e-01
2.324778563656447083e+00 8.112498869285873493e-01
2.337344934270805918e+00 8.039565099134207138e-01
2.349911304885165197e+00 5.737262394998012827e-01
2.362477675499524477e+00 6.081070891053854677e-01
2.375044046113883756e+00 8.027819530342094057e-01
2.387610416728242591e+00 6.919568791901131721e-01
2.400176787342601870e+00 8.784088430332107622e-01
2.412743157956961149e+00 7.177013380285097721e-01
2.425309528571320428e+00 7.494714920551430737e-01
2.437875899185679707e+00 6.386388603084783844e-01
2.450442269800038542e+00 5.925674199798645070e-01
2.463008640414397821e+00 4.826985685318473385e-01
2.475575011028757100e+00 3.471665341078045142e-01
2.488141381643116379e+00 7.194996754782551074e-01
2.500707752257475658e+00 6.773153088120772436e-01
2.513274122871834493e+00 5.373585540411862649e-01
2.525840493486193772e+00 6.828236967831460280e-01
2.538406864100553051e+00 4.205636104233611006e-01
2.550973234714912330e+00 7.142860322629440706e-01
2.563539605329271165e+00 5.936280851197119901e-01
2.576105975943630444e+00 7.035197990841606241e-01
2.588672346557989723e+00 3.560535396295539390e-01
2.601238717172349002e+00 6.572202778689608671e-01
2.613805087786708281e+00 5.964792474490443475e-01
2.626371458401067116e+00 5.266743522002296229e-01
2.638937829015425951e+00 3.948754687088556481e-01
2.651504199629785230e+00 5.061876984904973842e-01
2.664070570244144509e+00 4.858607404226865656e-01
2.676636940858503788e+00 3.874797370470383084e-01
2.689203311472863067e+00 3.000105576032907617e-01
2.701769682087221902e+00 3.189168140886924352e-01
2.714336052701581181e+00 3.613055088380221491e-01
2.726902423315940460e+00 5.166006626582306804e-01
2.739468793930299739e+00 5.100794856203332284e-01
2.752035164544658574e+00 5.488686783879083153e-01
2.764601535159017853e+00 4.171526892328286107e-01
2.777167905773377132e+00 2.118588603473245124e-01
2.789734276387736411e+00 2.703328422130515940e-01
2.802300647002095690e+00 2.174151027895493971e-01
2.814867017616454525e+00 2.951762029876909277e-01
2.827433388230813804e+00 4.466983987270936596e-01
2.839999758845173083e+00 2.791435084147615986e-01
2.852566129459532362e+00 2.419562710821216989e-01
2.865132500073891642e+00 3.258591828333629037e-01
2.877698870688250476e+00 3.341779193898639089e-01
2.890265241302609756e+00 3.453614722064696219e-01
2.902831611916969035e+00 1.429715868139382340e-01
2.915397982531328314e+00 1.364499345127982433e-01
2.927964353145687149e+00 1.664342838819536929e-01
2.940530723760046428e+00 2.740175711409300607e-01
2.953097094374405707e+00 2.067110987393177002e-01
2.965663464988764986e+00 7.789072475961641984e-02
2.978229835603124265e+00 3.523243836283794228e-01
2.990796206217483100e+00 9.589519421869885374e-02
3.003362576831842379e+00 1.254108226168400564e-01
3.015928947446201214e+00 1.156753489194927709e-01
3.028495318060560493e+00 3.085492419426892619e-02
3.041061688674919772e+00 9.680404227735640854e-02
3.053628059289279051e+00 9.348623719361226492e-02
3.066194429903637886e+00 1.015256178441775459e-01
3.078760800517997165e+00 9.434774250391458894e-02
3.091327171132356444e+00 -3.034716258418175550e-03
3.103893541746715723e+00 -5.484006051729631986e-02
3.116459912361074558e+00 1.345220728751766182e-01
3.129026282975433837e+00 -9.235629991084671336e-03
3.141592653589793116e+00 1.097737593429467251e-01
3.154159024204152395e+00 3.277591901687804121e-02
3.166725394818511674e+00 2.431494315698979058e-01
3.179291765432870509e+00 -4.728097481294837867e-02
3.191858136047229788e+00 -2.156618404555124546e-01
3.204424506661589067e+00 -9.432891712938995532e-02
3.216990877275948346e+00 4.583778935535391674e-02
3.229557247890307181e+00 1.022665565235871682e-01
3.242123618504666460e+00 7.471910358870553770e-02
3.254689989119025739e+00 -4.596404483525221019e-02
3.267256359733385018e+00 3.503917476455772895e-02
3.279822730347744297e+00 -2.357759923013220127e-01
3.292389100962103132e+00 -2.053480361193955883e-01
3.304955471576462411e+00 -2.537391412784262279e-01
3.317521842190821690e+00 -1.128833326707963935e-01
3.330088212805180969e+00 -5.412828210235107185e-02
3.342654583419540248e+00 -1.926740461356613032e-01
3.355220954033899083e+00 -1.668249313160539704e-01
3.367787324648258362e+00 -2.664509689671466508e-01
3.380353695262617642e+00 -2.695001792925769135e-01
3.392920065876976921e+00 -2.322808140550038092e-01
3.405486436491335756e+00 -1.024111883495151809e-01
3.418052807105695035e+00 -2.212233102435503251e-01
3.430619177720054314e+00 -2.291461047410845164e-01
3.443185548334413593e+00 -1.851787087656386332e-01
3.455751918948772872e+00 -2.402331612529557403e-01
3.468318289563131707e+00 -3.885148472715568846e-01
3.480884660177490986e+00 -1.543519737019852234e-01
3.493451030791850265e+00 -3.537745255023672097e-01
3.506017401406209544e+00 -3.502945636396749829e-01
3.518583772020568823e+00 -3.714134830961998701e-01
3.531150142634927658e+00 -3.151229274602973529e-01
3.543716513249286937e+00 -4.087332871309564131e-01
3.556282883863646216e+00 -3.618163628838633739e-01
3.568849254478005495e+00 -2.389347362982189027e-01
3.581415625092364330e+00 -5.005017775291503712e-01
3.593981995706723609e+00 -6.191116005138003198e-01
3.606548366321082888e+00 -3.167240511515371226e-01
3.619114736935442167e+00 -4.293209119771055904e-01
3.631681107549800558e+00 -3.993648262721704034e-01
3.644247478164159837e+00 -4.080347181444627380e-01
3.656813848778519116e+00 -5.263473458823846318e-01
3.669380219392877951e+00 -4.826389106688067088e-01
3.681946590007237230e+00 -6.838324685074160803e-01
3.694512960621596509e+00 -5.316091885256074567e-01
3.707079331235955788e+00 -5.256872552420503997e-01
3.719645701850315067e+00 -6.619849129059373061e-01
3.732212072464673902e+00 -6.249406188718209521e-01
3.744778443079033181e+00 -5.787560225963290783e-01
3.757344813693392460e+00 -5.448854656950171682e-01
3.769911184307751739e+00 -6.046255667086569696e-01
3.782477554922110574e+00 -4.585917244138651983e-01
3.795043925536469853e+00 -5.335432294561573974e-01
3.807610296150829132e+00 -5.364363911264388163e-01
3.820176666765188411e+00 -8.033288346474076747e-01
3.832743037379547690e+00 -6.774016606162392984e-01
3.845309407993906525e+00 -6.268106730298785845e-01
3.857875778608265804e+00 -6.943465210954350431e-01
3.870442149222625083e+00 -6.431437687715590990e-01
3.883008519836984362e+00 -7.321571257842937053e-01
3.895574890451343641e+00 -7.680468155722293133e-01
3.908141261065702476e+00 -6.985665414457281619e-01
3.920707631680061755e+00 -6.939012539822912995e-01
3.933274002294421035e+00 -7.408644914985315078e-01
3.945840372908780314e+00 -7.244136955287238111e-01
3.958406743523139149e+00 -6.322296658065738040e-01
3.970973114137498428e+00 -6.869886496534833853e-01
3.983539484751857707e+00 -6.643088575509703553e-01
3.996105855366216986e+00 -6.937884906041590360e-01
4.008672225980576265e+00 -7.504933625262303343e-01
4.021238596594935544e+00 -8.022375756837250016e-01
4.033804967209294823e+00 -5.940527425672927908e-01
4.046371337823653214e+00 -7.708387046921666430e-01
4.058937708438012493e+00 -7.134322706373048550e-01
4.071504079052371772e+00 -8.603859909333495537e-01
4.084070449666731051e+00 -9.478419362002644677e-01
4.096636820281090330e+00 -9.350911199894859083e-01
4.109203190895449609e+00 -8.510639912669545337e-01
4.121769561509808888e+00 -9.448459835135414320e-01
4.134335932124168167e+00 -7.547309406729409975e-01
4.146902302738527446e+00 -8.817161260490555819e-01
4.159468673352886725e+00 -8.940113748465177146e-01
4.172035043967245116e+00 -6.916301200574680452e-01
4.184601414581604395e+00 -8.953891152724757774e-01
4.197167785195963674e+00 -9.117319678084461199e-01
4.209734155810322953e+00 -6.048687089055121424e-01
4.222300526424682232e+00 -8.357499910579049285e-01
4.234866897039041511e+00 -8.731455903027500742e-01
4.247433267653400790e+00 -9.323889326217266182e-01
4.259999638267760069e+00 -7.692468408941927072e-01
4.272566008882119348e+00 -7.811951581820514301e-01
4.285132379496477739e+00 -1.144870073267534094e+00
4.297698750110837018e+00 -9.128506886554407229e-01
4.310265120725196297e+00 -8.877411141516978743e-01
4.322831491339555576e+00 -8.629592832201575803e-01
4.335397861953914855e+00 -1.051809205404371284e+00
4.347964232568274134e+00 -9.311057596975950146e-01
4.360530603182633413e+00 -7.609810279085775786e-01
4.373096973796992692e+00 -8.225267220874704632e-01
4.385663344411351972e+00 -1.039898523239792816e+00
4.398229715025710362e+00 -9.114455991740124663e-01
4.410796085640069641e+00 -1.021297617650571921e+00
4.423362456254428032e+00 -8.686541237655815983e-01
4.435928826868787311e+00 -1.245485301568581171e+00
4.448495197483146590e+00 -8.671870316353438302e-01
4.461061568097505869e+00 -9.339562741893082665e-01
4.473627938711865148e+00 -8.571484091458781984e-01
4.486194309326224428e+00 -1.082359712827169806e+00
4.498760679940583707e+00 -9.931783146364938641e-01
4.511327050554942986e+00 -1.079150837854906619e+00
4.523893421169302265e+00 -9.234063496029856211e-01
4.536459791783661544e+00 -9.517690794792108555e-01
4.549026162398019935e+00 -7.822163889068931564e-01
4.561592533012379214e+00 -9.010374594170522666e-01
4.574158903626738493e+00 -1.200829652741415288e+00
4.586725274241097772e+00 -9.481417611749604069e-01
4.599291644855457051e+00 -9.688999056935791998e-01
4.611858015469816330e+00 -8.798807539101295427e-01
4.624424386084175609e+00 -9.150275905961773315e-01
4.636990756698534888e+00 -1.062415422970985679e+00
4.649557127312894167e+00 -1.015493852647586293e+00
4.662123497927252558e+00 -8.747224538497941904e-01
4.674689868541611837e+00 -1.061969592976324650e+00
4.687256239155971116e+00 -9.720044731875525645e-01
4.699822609770330395e+00 -1.091151507943729504e+00
4.712388980384689674e+00 -8.758289008734569947e-01
4.724955350999048953e+00 -8.732058028509450676e-01
4.737521721613408232e+00 -9.810593807898910779e-01
4.750088092227767511e+00 -1.083969557458545729e+00
4.762654462842126790e+00 -1.037480368260554231e+00
4.775220833456485181e+00 -1.007606650397798287e+00
4.787787204070844460e+00 -1.021630710661344699e+00
4.800353574685203739e+00 -9.605997846171439036e-01
4.812919945299563018e+00 -1.133658608007109603e+00
4.825486315913922297e+00 -1.112930378142168220e+00
4.838052686528281576e+00 -1.079290295095498564e+00
4.850619057142640855e+00 -8.987267392035921398e-01
4.863185427757000134e+00 -1.100902973209635594e+00
4.875751798371359413e+00 -9.671321248140933857e-01
4.888318168985717804e+00 -8.933011510764634622e-01
4.900884539600077083e+00 -1.123684873002874118e+00
4.913450910214436362e+00 -1.169003683070072519e+00
4.926017280828795641e+00 -1.161170703606070331e+00
4.938583651443154920e+00 -9.244353616782324812e-01
4.951150022057514200e+00 -9.335919396152807526e-01
4.963716392671873479e+00 -9.910688072950573080e-01
4.976282763286232758e+00 -1.069812140453620719e+00
4.988849133900592037e+00 -9.588693392814710004e-01
5.001415504514951316e+00 -1.114257791556138022e+00
5.013981875129309707e+00 -9.108996866603801257e-01
5.026548245743668986e+00 -9.505289696391263643e-01
5.039114616358028265e+00 -9.507171262184553884e-01
5.051680986972387544e+00 -8.042719907838907778e-01
5.064247357586746823e+00 -1.046056404977750320e+00
5.076813728201106102e+00 -1.049061628090605325e+00
5.089380098815465381e+00 -8.896919252682371493e-01
5.101946469429824660e+00 -8.176087307438439922e-01
5.114512840044183939e+00 -1.019122906047753352e+00
5.127079210658542330e+00 -1.022192817845031909e+00
5.139645581272901609e+00 -9.304010514265921294e-01
5.152211951887260888e+00 -8.500176180085688982e-01
5.164778322501620167e+00 -9.785908969347394404e-01
5.177344693115979446e+00 -8.010871216387722704e-01
5.189911063730338725e+00 -6.797914088820578016e-01
5.202477434344698004e+00 -8.967158962344984330e-01
5.215043804959057283e+00 -9.337649248190735829e-01
5.227610175573416562e+00 -6.569999534405092101e-01
5.240176546187774953e+00 -1.001079357338221509e+00
5.252742916802134232e+00 -7.488916697476570850e-01
5.265309287416492623e+00 -7.532278413487455415e-01
5.277875658030851902e+00 -1.000184597887311178e+00
5.290442028645211181e+00 -7.749948847822650810e-01
5.303008399259570460e+00 -6.907473886375287142e-01
5.315574769873929739e+00 -8.700532232372020225e-01
5.328141140488289018e+00 -1.053686458658310121e+00
5.340707511102648297e+00 -8.940611213915208300e-01
5.353273881717007576e+00 -6.161299982965781075e-01
5.365840252331366855e+00 -9.042956196220366394e-01
5.378406622945726134e+00 -6.918443275158401295e-01
5.390972993560084525e+00 -9.123797523550406519e-01
5.403539364174443804e+00 -8.268903393248359102e-01
5.416105734788803083e+00 -8.449018482716017520e-01
5.428672105403162362e+00 -7.723577107074015569e-01
5.441238476017521641e+00 -7.032738630761891097e-01
5.453804846631880920e+00 -7.376663384262032164e-01
5.466371217246240199e+00 -8.213453760369830992e-01
5.478937587860599479e+00 -7.334118370128934750e-01
5.491503958474958758e+00 -7.338443479293496052e-01
5.504070329089317148e+00 -7.469475471202275951e-01
5.516636699703676427e+00 -7.549625469974984293e-01
5.529203070318035707e+00 -7.571979541915478951e-01
5.541769440932394986e+00 -6.534307764635598481e-01
5.554335811546754265e+00 -4.568528347939871392e-01
5.566902182161113544e+00 -6.549664250772871954e-01
5.579468552775472823e+00 -6.279411459293704478e-01
5.592034923389832102e+00 -7.288970260130590573e-01
5.604601294004191381e+00 -6.898800701943820224e-01
5.617167664618549772e+00 -4.788738934333697239e-01
5.629734035232909051e+00 -6.469895790084394527e-01
5.642300405847268330e+00 -5.593904470870738610e-01
5.654866776461627609e+00 -5.072059630078291637e-01
5.667433147075986888e+00 -6.399574592204225754e-01
5.679999517690346167e+00 -4.621592697551464290e-01
5.692565888304705446e+00 -4.880909583904213256e-01
5.705132258919064725e+00 -4.914242523757149650e-01
5.717698629533424004e+00 -6.259943122245342773e-01
5.730265000147783283e+00 -5.158171943240281720e-01
5.742831370762141674e+00 -7.100504677783912033e-01
5.755397741376500953e+00 -4.985209593588245114e-01
5.767964111990860232e+00 -4.851131997357741588e-01
5.780530482605219511e+00 -5.291026072502501565e-01
5.793096853219578790e+00 -4.404043579536667252e-01
5.805663223833938069e+00 -6.056784674782197397e-01
5.818229594448297348e+00 -5.244696902495269430e-01
5.830795965062656627e+00 -5.899598622245325608e-01
5.843362335677015906e+00 -4.229316107988807527e-01
5.855928706291374297e+00 -4.684080671972472021e-01
5.868495076905733576e+00 -3.102830144064632756e-01
5.881061447520092855e+00 -4.778338334325056280e-01
5.893627818134452134e+00 -3.382606903850804980e-01
5.906194188748811413e+00 -3.794775374538690293e-01
5.918760559363170692e+00 -3.375842582113901535e-01
5.931326929977529971e+00 -2.808434076486614472e-01
5.943893300591889250e+00 -1.902940411323920389e-01
5.956459671206248530e+00 -1.983617163663555782e-01
5.969026041820606920e+00 -4.539104874992383465e-01
5.981592412434966199e+00 -2.578185724730298611e-01
5.994158783049325478e+00 -3.994808037409133261e-01
6.006725153663684758e+00 -2.547928001584325863e-01
6.019291524278044037e+00 -3.594823558758621362e-01
6.031857894892402427e+00 -1.654313053990345006e-01
6.044424265506761706e+00 -1.709055516082076398e-01
6.056990636121120986e+00 -2.314158621432816920e-01
6.069557006735480265e+00 -3.242331548827960264e-01
6.082123377349839544e+00 -3.716061693784674658e-01
6.094689747964198823e+00 -3.389245498333393058e-01
6.107256118578558102e+00 -2.172831840351089894e-01
6.119822489192916493e+00 -1.178897960137981482e-01
6.132388859807275772e+00 -7.092172442435125401e-02
6.144955230421635051e+00 -4.983545372381245619e-02
6.157521601035994330e+00 -2.321015823957128521e-01
6.170087971650353609e+00 -1.356739217136953557e-01
6.182654342264712888e+00 -3.069010530800135583e-02
6.195220712879072167e+00 -4.986523087186812975e-02
6.207787083493431446e+00 -1.031868666022947301e-01
6.220353454107790725e+00 -2.054355376509625075e-01
6.232919824722149116e+00 1.096277627201355936e-01
6.245486195336508395e+00 -6.228403541975818802e-02
6.258052565950867674e+00 -2.046471146219583648e-01
6.270618936565226953e+00 5.088702999163847648e-03
