0.000000000000000000e+00 -1.969297430068284518e-02
1.256637061435917323e-02 -1.159157695480438066e-01
2.513274122871834645e-02 -1.318991911720394650e-01
3.769911184307751795e-02 -5.021818403447989021e-02
5.026548245743669291e-02 -8.376008480824072289e-02
6.283185307179586787e-02 1.062050933790014279e-01
7.539822368615503589e-02 4.529934346029550890e-02
8.796459430051420392e-02 4.265456342168378462e-02
1.005309649148733858e-01 1.327277737519933221e-01
1.130973355292325677e-01 5.468435273264724006e-03
1.256637061435917357e-01 1.054549187052932768e-01
1.382300767579508760e-01 5.196016020406381275e-02
1.507964473723100718e-01 2.575727696477419504e-01
1.633628179866692676e-01 1.337047573478427065e-01
1.759291886010284078e-01 3.069170666342535547e-01
1.884955592153875759e-01 9.913446516521796925e-02
2.010619298297467716e-01 2.533304145297846088e-01
2.136283004441059397e-01 2.010351539623118633e-01
2.261946710584651354e-01 2.160359451818111287e-01
2.387610416728242757e-01 1.759086661399436313e-01
2.513274122871834715e-01 2.066020214318173842e-01
2.638937829015426395e-01 1.957354477806791393e-01
2.764601535159017520e-01 5.345325526138261507e-02
2.890265241302609756e-01 1.485693607895095525e-01
3.015928947446201436e-01 3.680241288519705001e-01
3.141592653589793116e-01 6.574618759760306186e-02
3.267256359733385351e-01 3.928276294428320048e-01
3.392920065876976476e-01 2.730881408144180122e-01
3.518583772020568157e-01 3.673339437175477395e-01
3.644247478164160392e-01 5.216847673367164262e-01
3.769911184307751517e-01 2.750951171645454330e-01
3.895574890451343197e-01 2.882744357121105327e-01
4.021238596594935433e-01 3.480783248778647199e-01
4.146902302738527113e-01 2.078044336868642150e-01
4.272566008882118793e-01 4.228234504060495169e-01
4.398229715025711029e-01 5.874101289940543147e-01
4.523893421169302709e-01 4.019740608285204964e-01
4.649557127312893834e-01 4.060741185274110432e-01
4.775220833456485514e-01 3.347900057003396213e-01
4.900884539600077194e-01 6.744302748684738447e-01
5.026548245743669430e-01 3.499770792381445839e-01
5.152211951887261110e-01 5.655698605091984410e-01
5.277875658030852790e-01 5.366671945213979944e-01
5.403539364174444470e-01 7.569765785228202981e-01
5.529203070318035040e-01 3.583593885429505743e-01
5.654866776461627831e-01 3.905618862490647381e-01
5.780530482605219511e-01 4.333814063616151513e-01
5.906194188748811191e-01 4.509080827429103877e-01
6.031857894892402872e-01 4.807935036827070130e-01
6.157521601035994552e-01 4.620367879569867164e-01
6.283185307179586232e-01 5.072894668529832618e-01
6.408849013323177912e-01 7.106371428252455935e-01
6.534512719466770703e-01 5.853787752759772589e-01
6.660176425610361273e-01 5.356478555941612818e-01
6.785840131753952953e-01 7.016497522138208653e-01
6.911503837897544633e-01 5.327930198759213143e-01
7.037167544041136313e-01 6.544020414090436777e-01
7.162831250184729104e-01 6.146273493364785567e-01
7.288494956328320784e-01 7.377518086817944631e-01
7.414158662471912464e-01 7.355684485536178041e-01
7.539822368615503034e-01 7.545416964192219744e-01
7.665486074759094715e-01 5.578127002898799480e-01
7.791149780902686395e-01 7.760702282014194653e-01
7.916813487046279185e-01 7.307456157615425107e-01
8.042477193189870865e-01 7.849989815654735414e-01
8.168140899333462546e-01 6.948857815205831123e-01
8.293804605477054226e-01 7.024563120431079888e-01
8.419468311620645906e-01 6.629698700758323016e-01
8.545132017764237586e-01 5.828122547035117229e-01
8.670795723907829267e-01 7.211053455469635942e-01
8.796459430051422057e-01 8.329122794991498102e-01
8.922123136195013737e-01 8.280287807153390300e-01
9.047786842338605418e-01 8.723383019479636902e-01
9.173450548482194877e-01 9.302605620799723196e-01
9.299114254625787668e-01 7.473439246223924082e-01
9.424777960769379348e-01 5.884019823393191739e-01
9.550441666912971028e-01 8.634305855351379622e-01
9.676105373056562708e-01 8.326389593487124596e-01
9.801769079200154389e-01 8.327882038961345046e-01
9.927432785343746069e-01 7.407116032537239825e-01
1.005309649148733886e+00 8.802925514576341870e-01
1.017876019763092943e+00 8.740630813949616940e-01
1.030442390377452222e+00 9.164917245821304626e-01
1.043008760991811279e+00 7.159243521507631103e-01
1.055575131606170558e+00 9.191054343493659795e-01
1.068141502220529837e+00 8.048121496532795183e-01
1.080707872834888894e+00 8.589175788954790391e-01
1.093274243449248173e+00 9.369427635936319332e-01
1.105840614063607008e+00 8.001775872359480068e-01
1.118406984677966287e+00 8.456828105517735228e-01
1.130973355292325566e+00 9.176193691996318291e-01
1.143539725906684623e+00 1.037853014886302105e+00
1.156106096521043902e+00 9.665535872956386720e-01
1.168672467135402959e+00 9.365425482984475192e-01
1.181238837749762238e+00 8.870011654994706118e-01
1.193805208364121295e+00 8.844170308018962645e-01
1.206371578978480574e+00 9.691474276871265836e-01
1.218937949592839853e+00 9.577546512706550663e-01
1.231504320207198910e+00 1.054043750587754680e+00
1.244070690821558189e+00 1.000220184114969380e+00
1.256637061435917246e+00 1.012298589513304092e+00
1.269203432050276525e+00 9.342387049814557809e-01
1.281769802664635582e+00 1.034240436962023724e+00
1.294336173278994861e+00 1.045560874414871444e+00
1.306902543893354141e+00 9.316228618943913631e-01
1.319468914507712975e+00 1.114304781198148131e+00
1.332035285122072255e+00 1.054304095132097885e+00
1.344601655736431534e+00 8.350734879923630283e-01
1.357168026350790591e+00 1.052901847637307764e+00
1.369734396965149870e+00 1.054638935834750546e+00
1.382300767579508927e+00 9.430037839750913253e-01
1.394867138193868206e+00 9.578106381837475647e-01
1.407433508808227263e+00 1.085385288288874817e+00
1.419999879422586542e+00 1.050984547007065562e+00
1.432566250036945821e+00 1.077612000129176906e+00
1.445132620651304878e+00 1.051299265462608323e+00
1.457698991265664157e+00 7.749415329316049483e-01
1.470265361880023214e+00 9.785332990197723735e-01
1.482831732494382493e+00 1.066047182549192618e+00
1.495398103108741550e+00 1.110572596524305844e+00
1.507964473723100607e+00 9.221620943215127486e-01
1.520530844337459886e+00 8.623979064887811186e-01
1.533097214951818943e+00 9.970240672012704586e-01
1.545663585566178222e+00 9.987097728557264853e-01
1.558229956180537279e+00 1.131873969102527910e+00
1.570796326794896558e+00 1.031118006309983404e+00
1.583362697409255837e+00 8.600839602529691819e-01
1.595929068023614894e+00 9.912644348652391857e-01
1.608495438637974173e+00 9.708505800822240239e-01
1.621061809252333230e+00 8.626564582165814343e-01
1.633628179866692509e+00 9.938381601772847684e-01
1.646194550481051566e+00 9.835900836270803360e-01
1.658760921095410845e+00 9.027823595538749801e-01
1.671327291709770124e+00 1.052369176964759845e+00
1.683893662324129181e+00 1.154937087414684704e+00
1.696460032938488460e+00 9.889209769274358575e-01
1.709026403552847517e+00 1.121529560304847850e+00
1.721592774167206796e+00 1.030766427918902828e+00
1.734159144781565853e+00 1.036695053162899338e+00
1.746725515395925132e+00 8.758917882914138975e-01
1.759291886010284411e+00 1.024708633045913864e+00
1.771858256624643468e+00 1.003289222687038462e+00
1.784424627239002747e+00 1.032817474451785289e+00
1.796990997853361804e+00 1.030815833505988932e+00
1.809557368467721084e+00 1.011722626990893881e+00
1.822123739082079918e+00 1.161009082313521068e+00
1.834690109696438975e+00 9.475958125685938205e-01
1.847256480310798255e+00 9.818801332970977791e-01
1.859822850925157534e+00 9.878375290601144609e-01
1.872389221539516591e+00 1.001465619824539521e+00
1.884955592153875870e+00 8.556063107026015135e-01
1.897521962768234927e+00 8.672082148670456903e-01
1.910088333382594206e+00 7.745781650393082085e-01
1.922654703996953263e+00 1.108069583244940315e+00
1.935221074611312542e+00 1.148530099064830834e+00
1.947787445225671821e+00 9.257212544899610096e-01
1.960353815840030878e+00 1.053601597440635196e+00
1.972920186454390157e+00 9.105801235902922786e-01
1.985486557068749214e+00 1.075381880861052686e+00
1.998052927683108493e+00 8.912985246380330517e-01
2.010619298297467772e+00 1.029799429634372432e+00
2.023185668911826607e+00 9.621930173070030179e-01
2.035752039526185886e+00 8.450552279767050701e-01
2.048318410140545165e+00 8.873186103666715896e-01
2.060884780754904444e+00 7.932370742116655604e-01
2.073451151369263723e+00 8.335941411673075674e-01
2.086017521983622558e+00 8.401167165249825430e-01
2.098583892597981837e+00 8.357949559817211549e-01
2.111150263212341116e+00 7.387555432942723987e-01
2.123716633826700395e+00 7.744574480828148033e-01
2.136283004441059674e+00 8.538635861547948513e-01
2.148849375055418509e+00 8.324571574212170644e-01
2.161415745669777788e+00 9.178659250209268983e-01
2.173982116284137067e+00 8.812000066325460512e-01
2.186548486898496346e+00 7.899491142938368515e-01
2.199114857512855181e+00 7.821862952197181640e-01
2.211681228127214016e+00 6.757789932892445117e-01
2.224247598741573295e+00 7.549025634289272535e-01
2.236813969355932574e+00 8.759113142103909233e-01
2.249380339970291853e+00 8.041995552981393569e-01
2.261946710584651132e+00 7.836034192678318355e-01
2.274513081199009967e+00 9.569577422177723003e-01
2.287079451813369246e+00 6.814684787431591895e-01
2.299645822427728525e+00 5.639978211530005670e-01
2.312212193042087804e+00 7.899274518907503095e-01
2.324778563656447083e+00 7.959418138720099067e-01
2.337344934270805918e+00 7.904015952088032648e-01
2.349911304885165197e+00 6.485002075115945397e-01
2.362477675499524477e+00 8.391807678146809835e-01
2.375044046113883756e+00 6.098891588596669910e-01
2.387610416728242591e+00 6.084237078795707854e-01
2.400176787342601870e+00 5.770964372357151317e-01
2.412743157956961149e+00 6.311054527763485522e-01
2.425309528571320428e+00 7.002692176478184649e-01
2.437875899185679707e+00 7.034981739662369282e-01
2.450442269800038542e+00 4.259334630760387985e-01
2.463008640414397821e+00 6.061729150696020252e-01
2.475575011028757100e+00 5.799597446332287465e-01
2.488141381643116379e+00 6.391576300100865193e-01
2.500707752257475658e+00 4.943681911354840808e-01
2.513274122871834493e+00 6.096401276327929608e-01
2.525840493486193772e+00 4.487464375596555977e-01
2.538406864100553051e+00 5.206221437252513962e-01
2.550973234714912330e+00 4.467687992863634272e-01
2.563539605329271165e+00 5.943003856391346762e-01
2.576105975943630444e+00 5.611615332059953776e-01
2.588672346557989723e+00 5.018441250436918022e-01
2.601238717172349002e+00 5.493684565504223238e-01
2.613805087786708281e+00 3.931796844861479845e-01
2.626371458401067116e+00 4.105529659802797937e-01
2.638937829015425951e+00 5.409543167605784797e-01
2.651504199629785230e+00 5.338653761871917647e-01
2.664070570244144509e+00 3.282823128352647668e-01
2.676636940858503788e+00 4.778537621745636010e-01
2.689203311472863067e+00 4.331247979277618732e-01
2.701769682087221902e+00 2.686694218899353670e-01
2.714336052701581181e+00 4.342220274115631828e-01
2.726902423315940460e+00 6.564103968289385360e-01
2.739468793930299739e+00 4.530330063715697353e-01
2.752035164544658574e+00 3.864656321575571929e-01
2.764601535159017853e+00 2.945919789701064717e-01
2.777167905773377132e+00 2.897685517285497614e-01
2.789734276387736411e+00 4.271469173293798161e-01
2.802300647002095690e+00 3.820708880474478764e-01
2.814867017616454525e+00 2.549451018631233579e-01
2.827433388230813804e+00 2.689359560340855437e-01
2.839999758845173083e+00 2.569541622475859377e-01
2.852566129459532362e+00 2.834972429326148013e-01
2.865132500073891642e+00 2.801696514123040438e-01
2.877698870688250476e+00 3.596525662059303352e-01
2.890265241302609756e+00 3.040596804392917685e-01
2.902831611916969035e+00 2.054781558845260869e-01
2.915397982531328314e+00 1.007381054376127599e-01
2.927964353145687149e+00 1.940426691613020005e-01
2.940530723760046428e+00 4.499614169662877194e-02
2.953097094374405707e+00 1.160902207164794114e-01
2.965663464988764986e+00 4.020917191043696381e-01
2.978229835603124265e+00 1.895641808180758558e-01
2.990796206217483100e+00 2.095242504549741647e-01
3.003362576831842379e+00 4.994476063981750924e-02
3.015928947446201214e+00 8.069619712517420163e-02
3.028495318060560493e+00 2.402580894394524269e-01
3.041061688674919772e+00 2.794543597212952035e-02
3.053628059289279051e+00 7.582487743373113320e-02
3.066194429903637886e+00 2.177898496751632940e-01
3.078760800517997165e+00 1.481809790849640263e-01
3.091327171132356444e+00 -6.072675478218921702e-02
3.103893541746715723e+00 8.824573124143469949e-02
3.116459912361074558e+00 9.858947368177375936e-02
3.129026282975433837e+00 -1.865460265172919768e-02
3.141592653589793116e+00 -4.649514164317813253e-02
3.154159024204152395e+00 9.497183277763306467e-03
3.166725394818511674e+00 -4.308186120092048765e-02
3.179291765432870509e+00 7.180808650672859672e-02
3.191858136047229788e+00 -1.643586782944713998e-01
3.204424506661589067e+00 -5.648025954973200091e-02
3.216990877275948346e+00 -2.826168966569996277e-01
3.229557247890307181e+00 -1.429519725024770704e-01
3.242123618504666460e+00 2.127271547360883031e-02
3.254689989119025739e+00 -6.885899697231431804e-02
3.267256359733385018e+00 -1.160907965854946905e-01
3.279822730347744297e+00 3.676266066256650422e-02
3.292389100962103132e+00 -1.096413810201030681e-01
3.304955471576462411e+00 -2.043636458773936682e-01
3.317521842190821690e+00 -8.003234532617031771e-03
3.330088212805180969e+00 -3.098936014967861308e-01
3.342654583419540248e+00 -4.730424499947377681e-02
3.355220954033899083e+00 -3.812242997058832294e-01
3.367787324648258362e+00 -2.286847778729650393e-01
3.380353695262617642e+00 -3.772831783075331069e-01
3.392920065876976921e+00 -1.969546666801665347e-01
3.405486436491335756e+00 -1.969251771941539775e-01
3.418052807105695035e+00 -4.297700761519051005e-01
3.430619177720054314e+00 -3.584004413394199506e-01
3.443185548334413593e+00 -1.283924568773293085e-01
3.455751918948772872e+00 -3.089289676970719545e-01
3.468318289563131707e+00 -2.820743583861503589e-01
3.480884660177490986e+00 -2.421790382729927527e-01
3.493451030791850265e+00 -4.467909784771186832e-01
3.506017401406209544e+00 -2.543216969221929746e-01
3.518583772020568823e+00 -6.130714421579002149e-01
3.531150142634927658e+00 -4.959907227090985526e-01
3.543716513249286937e+00 -5.283334424159122911e-01
3.556282883863646216e+00 -4.996397575904104049e-01
3.568849254478005495e+00 -4.458007967758279011e-01
3.581415625092364330e+00 -3.746875332032648109e-01
3.593981995706723609e+00 -4.430992374506175779e-01
3.606548366321082888e+00 -5.176154281297772330e-01
3.619114736935442167e+00 -4.230709571489223442e-01
3.631681107549800558e+00 -4.341581729616912355e-01
3.644247478164159837e+00 -6.523257891164938593e-01
3.656813848778519116e+00 -5.286738643074435640e-01
3.669380219392877951e+00 -4.889812712274282935e-01
3.681946590007237230e+00 -4.418541536509992262e-01
3.694512960621596509e+00 -3.609434891111036325e-01
3.707079331235955788e+00 -5.131758578575075225e-01
3.719645701850315067e+00 -5.779153058379477015e-01
3.732212072464673902e+00 -5.377910181270258994e-01
3.744778443079033181e+00 -6.068989002996744153e-01
3.757344813693392460e+00 -6.240436793396629822e-01
3.769911184307751739e+00 -7.661599880653101602e-01
3.782477554922110574e+00 -5.484545985623602293e-01
3.795043925536469853e+00 -5.782262691012846068e-01
3.807610296150829132e+00 -6.031163045138887568e-01
3.820176666765188411e+00 -6.252814104203920920e-01
3.832743037379547690e+00 -4.469359387973682596e-01
3.845309407993906525e+00 -7.579080147411935142e-01
3.857875778608265804e+00 -7.886438594459819207e-01
3.870442149222625083e+00 -5.567288975661862649e-01
3.883008519836984362e+00 -6.456685555953010081e-01
3.895574890451343641e+00 -6.927138143233818601e-01
3.908141261065702476e+00 -6.983883530808263629e-01
3.920707631680061755e+00 -5.204247689010149669e-01
3.933274002294421035e+00 -7.051039807331027642e-01
3.945840372908780314e+00 -7.008127657804079647e-01
3.958406743523139149e+00 -6.785559844768643822e-01
3.970973114137498428e+00 -7.248816747726769538e-01
3.983539484751857707e+00 -8.348004294478701404e-01
3.996105855366216986e+00 -5.797353182803197669e-01
4.008672225980576265e+00 -6.176630521121502237e-01
4.021238596594935544e+00 -6.731282181615119153e-01
4.033804967209294823e+00 -6.495749953529779130e-01
4.046371337823653214e+00 -7.634423665745839749e-01
4.058937708438012493e+00 -7.334113731935210101e-01
4.071504079052371772e+00 -7.368552297071004897e-01
4.084070449666731051e+00 -8.739525866184080227e-01
4.096636820281090330e+00 -8.116522786334661177e-01
4.109203190895449609e+00 -8.050520328743789866e-01
4.121769561509808888e+00 -7.690262414235625732e-01
4.134335932124168167e+00 -8.191363328218764783e-01
4.146902302738527446e+00 -8.513521629487672548e-01
4.159468673352886725e+00 -8.763635300731292821e-01
4.172035043967245116e+00 -8.686686019773887102e-01
4.184601414581604395e+00 -1.190424519483846977e+00
4.197167785195963674e+00 -1.077725833184008497e+00
4.209734155810322953e+00 -8.622798144949128663e-01
4.222300526424682232e+00 -9.024934418817204262e-01
4.234866897039041511e+00 -9.268097059180099295e-01
4.247433267653400790e+00 -8.483411045716137133e-01
4.259999638267760069e+00 -8.268044116715298486e-01
4.272566008882119348e+00 -8.178054675615120672e-01
4.285132379496477739e+00 -9.245577406582244917e-01
4.297698750110837018e+00 -1.117742265160576842e+00
4.310265120725196297e+00 -9.865547394266307446e-01
4.322831491339555576e+00 -9.463728432930346157e-01
4.335397861953914855e+00 -1.042744985643215605e+00
4.347964232568274134e+00 -8.862513130606616274e-01
4.360530603182633413e+00 -8.339587504475300950e-01
4.373096973796992692e+00 -9.536761872172404564e-01
4.385663344411351972e+00 -9.196072563950026257e-01
4.398229715025710362e+00 -9.796947344030695337e-01
4.410796085640069641e+00 -1.124667090530918845e+00
4.423362456254428032e+00 -8.747485378149522095e-01
4.435928826868787311e+00 -1.175924591003744801e+00
4.448495197483146590e+00 -8.102752880682078107e-01
4.461061568097505869e+00 -1.012405084146746015e+00
4.473627938711865148e+00 -1.030118226301764972e+00
4.486194309326224428e+00 -9.687414700704217729e-01
4.498760679940583707e+00 -9.476563185610314966e-01
4.511327050554942986e+00 -1.147118886630045020e+00
4.523893421169302265e+00 -8.908014123080476576e-01
4.536459791783661544e+00 -9.379032573365186920e-01
4.549026162398019935e+00 -8.727492242927615829e-01
4.561592533012379214e+00 -1.015073639360003055e+00
4.574158903626738493e+00 -9.475007778656395763e-01
4.586725274241097772e+00 -9.981343263448243519e-01
4.599291644855457051e+00 -1.037803816942058033e+00
4.611858015469816330e+00 -9.833943823675352913e-01
4.624424386084175609e+00 -1.024585516454265655e+00
4.636990756698534888e+00 -9.684393972349898405e-01
4.649557127312894167e+00 -1.012594373386798807e+00
4.662123497927252558e+00 -9.239605137002936397e-01
4.674689868541611837e+00 -8.534647304092281006e-01
4.687256239155971116e+00 -1.011618862566145527e+00
4.699822609770330395e+00 -9.510261767202605743e-01
4.712388980384689674e+00 -1.027021516336851015e+00
4.724955350999048953e+00 -1.154685650729855073e+00
4.737521721613408232e+00 -9.674510876542981030e-01
4.750088092227767511e+00 -8.655758209999949715e-01
4.762654462842126790e+00 -9.925341490345792606e-01
4.775220833456485181e+00 -9.213474716981363555e-01
4.787787204070844460e+00 -8.508147383039917910e-01
4.800353574685203739e+00 -9.524158031772782529e-01
4.812919945299563018e+00 -1.152429486287391613e+00
4.825486315913922297e+00 -9.578901845557317163e-01
4.838052686528281576e+00 -9.573420525409476189e-01
4.850619057142640855e+00 -1.057500399781207134e+00
4.863185427757000134e+00 -9.558096593303946342e-01
4.875751798371359413e+00 -1.055388389965276730e+00
4.888318168985717804e+00 -9.195023951348698654e-01
4.900884539600077083e+00 -8.707273089017343315e-01
4.913450910214436362e+00 -9.478892450402893743e-01
4.926017280828795641e+00 -1.020556834893705522e+00
4.938583651443154920e+00 -1.140381939237885112e+00
4.951150022057514200e+00 -1.070662081430232115e+00
4.963716392671873479e+00 -1.028715423226459924e+00
4.976282763286232758e+00 -9.712838827287009202e-01
4.988849133900592037e+00 -1.010754842957258592e+00
5.001415504514951316e+00 -8.627059567928092587e-01
5.013981875129309707e+00 -8.260563842495746156e-01
5.026548245743668986e+00 -8.148167571283262411e-01
5.039114616358028265e+00 -8.785380646592667597e-01
5.051680986972387544e+00 -1.012256046759731909e+00
5.064247357586746823e+00 -7.380922923629185117e-01
5.076813728201106102e+00 -9.662202631732039748e-01
5.089380098815465381e+00 -9.680525841011446975e-01
5.101946469429824660e+00 -8.221818085632365269e-01
5.114512840044183939e+00 -1.095763799980497000e+00
5.127079210658542330e+00 -1.023349921383980954e+00
5.139645581272901609e+00 -8.993599527895922430e-01
5.152211951887260888e+00 -9.110107669480258519e-01
5.164778322501620167e+00 -9.646074250731657695e-01
5.177344693115979446e+00 -9.329439663607588251e-01
5.189911063730338725e+00 -8.511010469211301999e-01
5.202477434344698004e+00 -7.649295970403655609e-01
5.215043804959057283e+00 -8.599728922400509123e-01
5.227610175573416562e+00 -8.647559161498868940e-01
5.240176546187774953e+00 -8.817997515336242209e-01
5.252742916802134232e+00 -8.483521861545344489e-01
5.265309287416492623e+00 -8.426422701393571080e-01
5.277875658030851902e+00 -7.842450870350277103e-01
5.290442028645211181e+00 -7.526528273309956996e-01
5.303008399259570460e+00 -6.793602359044037531e-01
5.315574769873929739e+00 -8.028171166567852346e-01
5.328141140488289018e+00 -6.778329605114645773e-01
5.340707511102648297e+00 -7.990536876799462229e-01
5.353273881717007576e+00 -8.688345744163052942e-01
5.365840252331366855e+00 -6.510331217725496833e-01
5.378406622945726134e+00 -6.342043504496301942e-01
5.390972993560084525e+00 -8.420831339647344427e-01
5.403539364174443804e+00 -7.756887644092765877e-01
5.416105734788803083e+00 -8.032874266530378726e-01
5.428672105403162362e+00 -7.767316281908744902e-01
5.441238476017521641e+00 -6.567750026180146916e-01
5.453804846631880920e+00 -6.870928526285835503e-01
5.466371217246240199e+00 -4.552579490644000360e-01
5.478937587860599479e+00 -5.712564295299142891e-01
5.491503958474958758e+00 -8.890139591004888597e-01
5.504070329089317148e+00 -7.189100435156227098e-01
5.516636699703676427e+00 -7.164175424655550017e-01
5.529203070318035707e+00 -8.517024594872248944e-01
5.541769440932394986e+00 -6.979149775040079939e-01
5.554335811546754265e+00 -6.774454053877836390e-01
5.566902182161113544e+00 -5.773086296638140213e-01
5.579468552775472823e+00 -6.142146745800578511e-01
5.592034923389832102e+00 -7.141520370027725217e-01
5.604601294004191381e+00 -6.536960214083076259e-01
5.617167664618549772e+00 -6.721021428573664691e-01
5.629734035232909051e+00 -6.926224480473298639e-01
5.642300405847268330e+00 -6.378697157318905520e-01
5.654866776461627609e+00 -6.393001794149824057e-01
5.667433147075986888e+00 -5.484079772878673875e-01
5.679999517690346167e+00 -6.499798408926203974e-01
5.692565888304705446e+00 -6.471796151611730608e-01
5.705132258919064725e+00 -5.371133900837439246e-01
5.717698629533424004e+00 -6.335390923822979969e-01
5.730265000147783283e+00 -4.939938321577612146e-01
5.742831370762141674e+00 -5.205764621991737506e-01
5.755397741376500953e+00 -5.926833091865847392e-01
5.767964111990860232e+00 -5.764089527704682192e-01
5.780530482605219511e+00 -4.979994531746312902e-01
5.793096853219578790e+00 -4.906311238099241856e-01
5.805663223833938069e+00 -4.579553761637994991e-01
5.818229594448297348e+00 -4.170511654488839315e-01
5.830795965062656627e+00 -3.524465889791952300e-01
5.843362335677015906e+00 -5.177743751103667247e-01
5.855928706291374297e+00 -5.547485782308440028e-01
5.868495076905733576e+00 -5.047510007827442635e-01
5.881061447520092855e+00 -3.971479875135169313e-01
5.893627818134452134e+00 -3.562758300459625826e-01
5.906194188748811413e+00 -4.593517354051327994e-01
5.918760559363170692e+00 -4.900157402915824023e-01
5.931326929977529971e+00 -2.826941668491889104e-01
5.943893300591889250e+00 -2.579413311957839960e-01
5.956459671206248530e+00 -2.815080928355183643e-01
5.969026041820606920e+00 -5.110915575180071668e-01
5.981592412434966199e+00 -3.097698522030660762e-01
5.994158783049325478e+00 -2.066286719986681619e-01
6.006725153663684758e+00 -4.127193867709437747e-01
6.019291524278044037e+00 -3.433210675368874032e-01
6.031857894892402427e+00 -3.491509506687201503e-01
6.044424265506761706e+00 -3.484996239152743924e-01
6.056990636121120986e+00 -1.940615127644722548e-01
6.069557006735480265e+00 -3.631727342174219109e-01
6.082123377349839544e+00 -2.559937246889501528e-01
6.094689747964198823e+00 -2.216672351779784000e-01
6.107256118578558102e+00 -1.740011870524603432e-01
6.119822489192916493e+00 -3.042781945020830991e-02
6.132388859807275772e+00 -6.259187017179357326e-02
6.144955230421635051e+00 -9.531916351450858693e-02
6.157521601035994330e+00 -1.962036011248013967e-02
6.170087971650353609e+00 -1.305111007634880693e-02
6.182654342264712888e+00 -1.152150368618457682e-01
6.195220712879072167e+00 -6.277293308714160247e-02
6.207787083493431446e+00 4.364142219694264191e-03
6.220353454107790725e+00 -6.489866885901932059e-03
6.232919824722149116e+00 -4.190043331126847015e-02
6.245486195336508395e+00 -7.381300778151572706e-02
6.258052565950867674e+00 -1.630316807008333757e-01
6.270618936565226953e+00 -1.043705825639917179e-02
