0.000000000000000000e+00 -2.244866681993266944e-02
1.256637061435917323e-02 -1.018635406964330317e-02
2.513274122871834645e-02 -3.400979765308319303e-02
3.769911184307751795e-02 -4.223258273998789503e-02
5.026548245743669291e-02 1.692552682457400259e-01
6.283185307179586787e-02 -7.379896701846459794e-02
7.539822368615503589e-02 1.474223952626714795e-01
8.796459430051420392e-02 -4.470497869798684132e-02
1.005309649148733858e-01 2.860548796615472456e-01
1.130973355292325677e-01 2.375744186022304416e-01
1.256637061435917357e-01 -1.009260287575061699e-02
1.382300767579508760e-01 6.374294359871075788e-02
1.507964473723100718e-01 1.736331317733352253e-01
1.633628179866692676e-01 2.641368948725245080e-02
1.759291886010284078e-01 1.764106003865114902e-01
1.884955592153875759e-01 3.183377361475126510e-01
2.010619298297467716e-01 3.079175283990684409e-01
2.136283004441059397e-01 2.902019841338389083e-01
2.261946710584651354e-01 9.822991708455314219e-02
2.387610416728242757e-01 3.924710598979609388e-01
2.513274122871834715e-01 2.906145165777186956e-01
2.638937829015426395e-01 2.692800889839729872e-01
2.764601535159017520e-01 3.698789383375914452e-01
2.890265241302609756e-01 4.343609399603283183e-01
3.015928947446201436e-01 4.618861145946628888e-01
3.141592653589793116e-01 3.990956701488608815e-01
3.267256359733385351e-01 3.064413016998874806e-01
3.392920065876976476e-01 4.556596161208649187e-01
3.518583772020568157e-01 4.028362952012903841e-01
3.644247478164160392e-01 3.624972426170391948e-01
3.769911184307751517e-01 3.549148899925084200e-01
3.895574890451343197e-01 1.973227514166080165e-01
4.021238596594935433e-01 4.328669967524857443e-01
4.146902302738527113e-01 5.245435834241832795e-01
4.272566008882118793e-01 3.020096518505698269e-01
4.398229715025711029e-01 6.081532483612349660e-01
4.523893421169302709e-01 3.668811593260106751e-01
4.649557127312893834e-01 5.492784380321907856e-01
4.775220833456485514e-01 4.045249718557960561e-01
4.900884539600077194e-01 6.135416243737461528e-01
5.026548245743669430e-01 5.399275334846507235e-01
5.152211951887261110e-01 6.367960179651492858e-01
5.277875658030852790e-01 7.121376127097496234e-01
5.403539364174444470e-01 3.867609957060166304e-01
5.529203070318035040e-01 5.954795213328880621e-01
5.654866776461627831e-01 5.490078606720855126e-01
5.780530482605219511e-01 5.613064552260260687e-01
5.906194188748811191e-01 5.630489538323832921e-01
6.031857894892402872e-01 5.628312048347320351e-01
6.157521601035994552e-01 5.230040634716783821e-01
6.283185307179586232e-01 5.163461201674999224e-01
6.408849013323177912e-01 6.215431418959163068e-01
6.534512719466770703e-01 5.872206143360942932e-01
6.660176425610361273e-01 6.355881224259413154e-01
6.785840131753952953e-01 7.014163117358587218e-01
6.911503837897544633e-01 6.681203486765998623e-01
7.037167544041136313e-01 6.469697288255056300e-01
7.162831250184729104e-01 5.395125833818592564e-01
7.288494956328320784e-01 4.574720601041619150e-01
7.414158662471912464e-01 6.469730614547243297e-01
7.539822368615503034e-01 6.907579095539452263e-01
7.665486074759094715e-01 6.201705000279895685e-01
7.791149780902686395e-01 5.650971036106322565e-01
7.916813487046279185e-01 8.024873858906601543e-01
8.042477193189870865e-01 7.346708748405148537e-01
8.168140899333462546e-01 6.341192504204149483e-01
8.293804605477054226e-01 7.076919096210498861e-01
8.419468311620645906e-01 7.118298824664242019e-01
8.545132017764237586e-01 7.731168586453837088e-01
8.670795723907829267e-01 6.355629606731678649e-01
8.796459430051422057e-01 7.751435889019183678e-01
8.922123136195013737e-01 7.793808490184694904e-01
9.047786842338605418e-01 7.726897864552380035e-01
9.173450548482194877e-01 8.639680663020243845e-01
9.299114254625787668e-01 7.974035261094961635e-01
9.424777960769379348e-01 6.838621186517409578e-01
9.550441666912971028e-01 8.728388711016218382e-01
9.676105373056562708e-01 7.221906310549984775e-01
9.801769079200154389e-01 8.004402248528149633e-01
9.927432785343746069e-01 8.951961928895277865e-01
1.005309649148733886e+00 9.086558521688233858e-01
1.017876019763092943e+00 8.043348207680979245e-01
1.030442390377452222e+00 8.947395926356616069e-01
1.043008760991811279e+00 8.652673037642611975e-01
1.055575131606170558e+00 8.918770225827145071e-01
1.068141502220529837e+00 9.554750925229357206e-01
1.080707872834888894e+00 7.789245515006949505e-01
1.093274243449248173e+00 9.872469570931512450e-01
1.105840614063607008e+00 7.203053720201095800e-01
1.118406984677966287e+00 7.629290016406685693e-01
1.130973355292325566e+00 1.083689154203537619e+00
1.143539725906684623e+00 9.321355324874255333e-01
1.156106096521043902e+00 9.796656591548562609e-01
1.168672467135402959e+00 9.252449845612840118e-01
1.181238837749762238e+00 9.848220501360215318e-01
1.193805208364121295e+00 8.496896700247288381e-01
1.206371578978480574e+00 8.481680385899987851e-01
1.218937949592839853e+00 9.231781840068119527e-01
1.231504320207198910e+00 9.248464552453132814e-01
1.244070690821558189e+00 7.690748111188712155e-01
1.256637061435917246e+00 9.135601246227331718e-01
1.269203432050276525e+00 9.586637790823262506e-01
1.281769802664635582e+00 8.218266744377028532e-01
1.294336173278994861e+00 9.486350993617073124e-01
1.306902543893354141e+00 1.099798219883303618e+00
1.319468914507712975e+00 1.162836542689457797e+00
1.332035285122072255e+00 9.573525348820682845e-01
1.344601655736431534e+00 1.119259100135759466e+00
1.357168026350790591e+00 1.146301328170181044e+00
1.369734396965149870e+00 9.635533386356355257e-01
1.382300767579508927e+00 1.099001751013543027e+00
1.394867138193868206e+00 1.036464497297229670e+00
1.407433508808227263e+00 8.620878974211085843e-01
1.419999879422586542e+00 8.933311917285423620e-01
1.432566250036945821e+00 9.566342602597324163e-01
1.445132620651304878e+00 9.603787975158540879e-01
1.457698991265664157e+00 9.224739528382228659e-01
1.470265361880023214e+00 1.096231046538319376e+00
1.482831732494382493e+00 8.705611026095853022e-01
1.495398103108741550e+00 1.120086885115965547e+00
1.507964473723100607e+00 9.088934178120779972e-01
1.520530844337459886e+00 8.513895789357147637e-01
1.533097214951818943e+00 1.062482211338575011e+00
1.545663585566178222e+00 8.902919490383275347e-01
1.558229956180537279e+00 8.347719810710813038e-01
1.570796326794896558e+00 9.943179989078326786e-01
1.583362697409255837e+00 8.752222639650845126e-01
1.595929068023614894e+00 1.121480986396249380e+00
1.608495438637974173e+00 9.739449238110959861e-01
1.621061809252333230e+00 1.086544889557480076e+00
1.633628179866692509e+00 9.613881802139997435e-01
1.646194550481051566e+00 9.723162135184312271e-01
1.658760921095410845e+00 1.119621261869677253e+00
1.671327291709770124e+00 9.081740484226383803e-01
1.683893662324129181e+00 9.071141840245200427e-01
1.696460032938488460e+00 9.019020535210234835e-01
1.709026403552847517e+00 1.318235011101048570e+00
1.721592774167206796e+00 1.041537473235414790e+00
1.734159144781565853e+00 1.050859227877707580e+00
1.746725515395925132e+00 7.900541330396553263e-01
1.759291886010284411e+00 9.427378456794986983e-01
1.771858256624643468e+00 9.076484382905991577e-01
1.784424627239002747e+00 9.883933872695396250e-01
1.796990997853361804e+00 1.117107720712910979e+00
1.809557368467721084e+00 9.479209874234638677e-01
1.822123739082079918e+00 9.255513072796912599e-01
1.834690109696438975e+00 9.117880914572509266e-01
1.847256480310798255e+00 1.059167421561620692e+00
1.859822850925157534e+00 9.989406797055779830e-01
1.872389221539516591e+00 1.071487424893871498e+00
1.884955592153875870e+00 1.064715365404846459e+00
1.897521962768234927e+00 1.072371582358994324e+00
1.910088333382594206e+00 7.913679593229931974e-01
1.922654703996953263e+00 8.911131634395016432e-01
1.935221074611312542e+00 1.005568360089512892e+00
1.947787445225671821e+00 9.770255728551202612e-01
1.960353815840030878e+00 8.962182334262073224e-01
1.972920186454390157e+00 1.015432154442058810e+00
1.985486557068749214e+00 8.466366403396333729e-01
1.998052927683108493e+00 1.003970128539321660e+00
2.010619298297467772e+00 9.125973500608738354e-01
2.023185668911826607e+00 8.271574031902360069e-01
2.035752039526185886e+00 8.212429594510344266e-01
2.048318410140545165e+00 1.058130808103494136e+00
2.060884780754904444e+00 9.472337644324098083e-01
2.073451151369263723e+00 1.060206318447912688e+00
2.086017521983622558e+00 9.251352589833731210e-01
2.098583892597981837e+00 9.681892174329387313e-01
2.111150263212341116e+00 9.077673158796085717e-01
2.123716633826700395e+00 1.100466638632986438e+00
2.136283004441059674e+00 8.550443689749946952e-01
2.148849375055418509e+00 9.939549665497792175e-01
2.161415745669777788e+00 7.766786998099202144e-01
2.173982116284137067e+00 9.749773810375109706e-01
2.186548486898496346e+00 8.339472118274322554e-01
2.199114857512855181e+00 8.052748251364529875e-01
2.211681228127214016e+00 7.720937012868472893e-01
2.224247598741573295e+00 9.305187382798961737e-01
2.236813969355932574e+00 7.099284801959976354e-01
2.249380339970291853e+00 7.653779619204220674e-01
2.261946710584651132e+00 8.454855988195857375e-01
2.274513081199009967e+00 7.040542264439708653e-01
2.287079451813369246e+00 8.786058103805046704e-01
2.299645822427728525e+00 5.506789358597181661e-01
2.312212193042087804e+00 5.820347387013906637e-01
2.324778563656447083e+00 7.083521686236289305e-01
2.337344934270805918e+00 7.106228605573001733e-01
2.349911304885165197e+00 6.095851097104094674e-01
2.362477675499524477e+00 6.003454489605917210e-01
2.375044046113883756e+00 5.702502996932311552e-01
2.387610416728242591e+00 7.102518505491960399e-01
2.400176787342601870e+00 7.866073248867826440e-01
2.412743157956961149e+00 5.867937051288114603e-01
2.425309528571320428e+00 6.891255144722636672e-01
2.437875899185679707e+00 6.262282890135615343e-01
2.450442269800038542e+00 4.439978976426806057e-01
2.463008640414397821e+00 5.718021179915913077e-01
2.475575011028757100e+00 7.178266694846630047e-01
2.488141381643116379e+00 4.460774360927448612e-01
2.500707752257475658e+00 8.266096097150803512e-01
2.513274122871834493e+00 8.245991338364584422e-01
2.525840493486193772e+00 4.514281197722911920e-01
2.538406864100553051e+00 4.840225145680477903e-01
2.550973234714912330e+00 4.327243585910545143e-01
2.563539605329271165e+00 5.690260452683600922e-01
2.576105975943630444e+00 6.895563410389895509e-01
2.588672346557989723e+00 4.795631786755997217e-01
2.601238717172349002e+00 4.205284714054060013e-01
2.613805087786708281e+00 4.539673068868883554e-01
2.626371458401067116e+00 4.421948619571233752e-01
2.638937829015425951e+00 4.098058857639582109e-01
2.651504199629785230e+00 5.005741315497189703e-01
2.664070570244144509e+00 3.348549757408001426e-01
2.676636940858503788e+00 3.216789769598448201e-01
2.689203311472863067e+00 4.786024880399637471e-01
2.701769682087221902e+00 4.396710014799899424e-01
2.714336052701581181e+00 5.236107245109513642e-01
2.726902423315940460e+00 4.930781481589824877e-01
2.739468793930299739e+00 4.463623432656391166e-01
2.752035164544658574e+00 4.033727308512657372e-01
2.764601535159017853e+00 4.163426851079561342e-01
2.777167905773377132e+00 2.884164700444674656e-01
2.789734276387736411e+00 2.116435125416248342e-01
2.802300647002095690e+00 2.901336595517292616e-01
2.814867017616454525e+00 3.842562688579266306e-01
2.827433388230813804e+00 1.381299885595798638e-01
2.839999758845173083e+00 2.509032864031142118e-01
2.852566129459532362e+00 4.225987356730825928e-01
2.865132500073891642e+00 1.633450457569982084e-01
2.877698870688250476e+00 3.931328090245558293e-01
2.890265241302609756e+00 1.848250204734990798e-01
2.902831611916969035e+00 1.036391995804182842e-01
2.915397982531328314e+00 2.559989892192257033e-01
2.927964353145687149e+00 2.295260288268678450e-01
2.940530723760046428e+00 3.547068972686473476e-01
2.953097094374405707e+00 2.421146089898872922e-01
2.965663464988764986e+00 -2.138285303569159579e-03
2.978229835603124265e+00 1.494368418553619904e-01
2.990796206217483100e+00 1.955532282004533995e-01
3.003362576831842379e+00 -3.798254327084751858e-02
3.015928947446201214e+00 7.731468570871496970e-02
3.028495318060560493e+00 8.164916429529564534e-02
3.041061688674919772e+00 8.406452100677315464e-02
3.053628059289279051e+00 5.859814266354478052e-02
3.066194429903637886e+00 4.084002081167797948e-03
3.078760800517997165e+00 -1.356003634461315499e-01
3.091327171132356444e+00 1.104500993451490998e-01
3.103893541746715723e+00 -1.364621375162237138e-01
3.116459912361074558e+00 1.352633933895906193e-01
3.129026282975433837e+00 1.279652926555210346e-01
3.141592653589793116e+00 -1.369082298861215852e-01
3.154159024204152395e+00 -1.738391699050981232e-01
3.166725394818511674e+00 5.816492864000818996e-02
3.179291765432870509e+00 -7.094641330525780498e-02
3.191858136047229788e+00 -1.572022113415800226e-01
3.204424506661589067e+00 2.648837731346083413e-02
3.216990877275948346e+00 -1.002144200911207761e-01
3.229557247890307181e+00 -2.518900941602812416e-01
3.242123618504666460e+00 -3.065641256793383285e-01
3.254689989119025739e+00 -1.690759547467408641e-01
3.267256359733385018e+00 -1.618425604203788393e-01
3.279822730347744297e+00 -2.350976227564344767e-01
3.292389100962103132e+00 -1.198503246898646873e-01
3.304955471576462411e+00 -8.322038880666993155e-02
3.317521842190821690e+00 -3.040809015258387760e-01
3.330088212805180969e+00 -2.749456710174603691e-01
3.342654583419540248e+00 -1.458840555020889385e-01
3.355220954033899083e+00 -1.991453715668974889e-01
3.367787324648258362e+00 -1.230549034053854962e-01
3.380353695262617642e+00 -1.496707190971402202e-01
3.392920065876976921e+00 -3.298119050047484957e-01
3.405486436491335756e+00 -2.079134139262209247e-01
3.418052807105695035e+00 -2.943055590768899332e-01
3.430619177720054314e+00 -4.322919008522947415e-01
3.443185548334413593e+00 -3.806686631985438662e-01
3.455751918948772872e+00 -2.908279523696746804e-01
3.468318289563131707e+00 -2.458406142598474897e-01
3.480884660177490986e+00 -2.247994952573794669e-01
3.493451030791850265e+00 -3.137493768684261330e-01
3.506017401406209544e+00 -1.945830452332494576e-01
3.518583772020568823e+00 -3.596217420541693022e-01
3.531150142634927658e+00 -4.768279808928597152e-01
3.543716513249286937e+00 -2.336982430565666125e-01
3.556282883863646216e+00 -3.729846775711831985e-01
3.568849254478005495e+00 -3.719868197512092300e-01
3.581415625092364330e+00 -4.997974402907510716e-01
3.593981995706723609e+00 -5.917489771930224407e-01
3.606548366321082888e+00 -4.384926204103167802e-01
3.619114736935442167e+00 -4.931764067161544807e-01
3.631681107549800558e+00 -3.723435080139290143e-01
3.644247478164159837e+00 -5.235983916565530860e-01
3.656813848778519116e+00 -6.523599413551923742e-01
3.669380219392877951e+00 -6.348758359831701004e-01
3.681946590007237230e+00 -4.800614081374093844e-01
3.694512960621596509e+00 -6.378728643957145561e-01
3.707079331235955788e+00 -5.654616870419707508e-01
3.719645701850315067e+00 -6.117070301748022132e-01
3.732212072464673902e+00 -6.232961652954130960e-01
3.744778443079033181e+00 -5.460047018915928918e-01
3.757344813693392460e+00 -6.135350001902933892e-01
3.769911184307751739e+00 -6.129066823951414555e-01
3.782477554922110574e+00 -3.551765274801312877e-01
3.795043925536469853e+00 -6.900598919164084855e-01
3.807610296150829132e+00 -6.012748188267871274e-01
3.820176666765188411e+00 -5.962745868300675101e-01
3.832743037379547690e+00 -5.978001246550244119e-01
3.845309407993906525e+00 -5.704000321495162895e-01
3.857875778608265804e+00 -8.050625895309724278e-01
3.870442149222625083e+00 -7.409013637530582619e-01
3.883008519836984362e+00 -5.919423943913111330e-01
3.895574890451343641e+00 -5.391134002445843176e-01
3.908141261065702476e+00 -6.509266973045217952e-01
3.920707631680061755e+00 -6.789073046498375064e-01
3.933274002294421035e+00 -6.150543486873806254e-01
3.945840372908780314e+00 -5.473983054209229371e-01
3.958406743523139149e+00 -6.248357363599301717e-01
3.970973114137498428e+00 -7.664820197397240742e-01
3.983539484751857707e+00 -6.208542911941050679e-01
3.996105855366216986e+00 -5.947416343233280500e-01
4.008672225980576265e+00 -8.758030143365439502e-01
4.021238596594935544e+00 -7.868326414931563484e-01
4.033804967209294823e+00 -6.631030716901232802e-01
4.046371337823653214e+00 -8.098392661325100050e-01
4.058937708438012493e+00 -8.666304757881605481e-01
4.071504079052371772e+00 -9.463791305406349386e-01
4.084070449666731051e+00 -6.722618929360130169e-01
4.096636820281090330e+00 -8.056262351002624333e-01
4.109203190895449609e+00 -7.571517310330035944e-01
4.121769561509808888e+00 -8.931806880766532952e-01
4.134335932124168167e+00 -8.789352604115256984e-01
4.146902302738527446e+00 -7.947019105593809973e-01
4.159468673352886725e+00 -9.630815126792713343e-01
4.172035043967245116e+00 -8.377434525506382013e-01
4.184601414581604395e+00 -8.331639817138162263e-01
4.197167785195963674e+00 -9.277138373011526440e-01
4.209734155810322953e+00 -7.569246198704336903e-01
4.222300526424682232e+00 -7.354471132561979374e-01
4.234866897039041511e+00 -8.518164165732358128e-01
4.247433267653400790e+00 -9.983327779471357077e-01
4.259999638267760069e+00 -1.015285164956781339e+00
4.272566008882119348e+00 -9.257871113934538210e-01
4.285132379496477739e+00 -9.956292822817487398e-01
4.297698750110837018e+00 -1.114345195421792445e+00
4.310265120725196297e+00 -1.053043355956458260e+00
4.322831491339555576e+00 -8.195498331482350407e-01
4.335397861953914855e+00 -9.775193408017168739e-01
4.347964232568274134e+00 -8.570755680843922253e-01
4.360530603182633413e+00 -6.398323489362593985e-01
4.373096973796992692e+00 -8.800573929899203618e-01
4.385663344411351972e+00 -8.887125965209908829e-01
4.398229715025710362e+00 -1.048032201599007118e+00
4.410796085640069641e+00 -9.397777316245637946e-01
4.423362456254428032e+00 -1.063026959849839415e+00
4.435928826868787311e+00 -1.055074448298052081e+00
4.448495197483146590e+00 -9.002881757651325367e-01
4.461061568097505869e+00 -8.686774504361390870e-01
4.473627938711865148e+00 -9.963645840858561531e-01
4.486194309326224428e+00 -1.131155157273354250e+00
4.498760679940583707e+00 -9.996165042325741990e-01
4.511327050554942986e+00 -1.011021164563021824e+00
4.523893421169302265e+00 -1.076860441501129362e+00
4.536459791783661544e+00 -1.231461983153043338e+00
4.549026162398019935e+00 -1.115873437832674231e+00
4.561592533012379214e+00 -1.022495175147067226e+00
4.574158903626738493e+00 -1.048005680830167208e+00
4.586725274241097772e+00 -9.228916381827528825e-01
4.599291644855457051e+00 -9.855269366759499272e-01
4.611858015469816330e+00 -8.083558882162817927e-01
4.624424386084175609e+00 -1.019445615160843754e+00
4.636990756698534888e+00 -9.382570722930178020e-01
4.649557127312894167e+00 -1.075127323485890241e+00
4.662123497927252558e+00 -9.222503501007576210e-01
4.674689868541611837e+00 -9.859232473154032617e-01
4.687256239155971116e+00 -1.030514731988816601e+00
4.699822609770330395e+00 -9.860609918610795388e-01
4.712388980384689674e+00 -1.030060778953932665e+00
4.724955350999048953e+00 -9.970558557484725526e-01
4.737521721613408232e+00 -1.001754899161154011e+00
4.750088092227767511e+00 -9.766833589694685624e-01
4.762654462842126790e+00 -8.702257307023780752e-01
4.775220833456485181e+00 -1.069695649419159178e+00
4.787787204070844460e+00 -1.055025293004539400e+00
4.800353574685203739e+00 -9.109992783623259704e-01
4.812919945299563018e+00 -1.009874332222778559e+00
4.825486315913922297e+00 -8.469638868130699993e-01
4.838052686528281576e+00 -9.346429264031848039e-01
4.850619057142640855e+00 -1.142952811704161853e+00
4.863185427757000134e+00 -8.230811291413914210e-01
4.875751798371359413e+00 -8.639369581432299050e-01
4.888318168985717804e+00 -7.731426645361415551e-01
4.900884539600077083e+00 -9.412274073081200454e-01
4.913450910214436362e+00 -1.100799608047330125e+00
4.926017280828795641e+00 -9.894902973544424940e-01
4.938583651443154920e+00 -1.007049840259807594e+00
4.951150022057514200e+00 -9.728649378022486971e-01
4.963716392671873479e+00 -8.610011222478102244e-01
4.976282763286232758e+00 -1.046575182328906228e+00
4.988849133900592037e+00 -1.039066016813960713e+00
5.001415504514951316e+00 -9.628221492808870519e-01
5.013981875129309707e+00 -9.289179125036025608e-01
5.026548245743668986e+00 -9.468537545406258138e-01
5.039114616358028265e+00 -7.993987670385933608e-01
5.051680986972387544e+00 -7.932275966096702380e-01
5.064247357586746823e+00 -9.036941836085994328e-01
5.076813728201106102e+00 -1.119425165672450984e+00
5.089380098815465381e+00 -9.681046181919128468e-01
5.101946469429824660e+00 -9.731516848323812363e-01
5.114512840044183939e+00 -8.563796799268567073e-01
5.127079210658542330e+00 -7.833008557164048424e-01
5.139645581272901609e+00 -9.025092414170559074e-01
5.152211951887260888e+00 -8.831342671693080959e-01
5.164778322501620167e+00 -1.116378085699040845e+00
5.177344693115979446e+00 -1.028787387132005238e+00
5.189911063730338725e+00 -9.467965164150827784e-01
5.202477434344698004e+00 -8.076149873182720818e-01
5.215043804959057283e+00 -9.329104502400632493e-01
5.227610175573416562e+00 -8.112135704699084959e-01
5.240176546187774953e+00 -9.042389965093480253e-01
5.252742916802134232e+00 -8.885997867504110692e-01
5.265309287416492623e+00 -7.469173933613603156e-01
5.277875658030851902e+00 -8.117182239384711506e-01
5.290442028645211181e+00 -8.725992334157115504e-01
5.303008399259570460e+00 -8.763215329185829461e-01
5.315574769873929739e+00 -8.299213009995499712e-01
5.328141140488289018e+00 -7.808648762760179718e-01
5.340707511102648297e+00 -5.982080104806339893e-01
5.353273881717007576e+00 -8.307649965815965265e-01
5.365840252331366855e+00 -7.968879337439788157e-01
5.378406622945726134e+00 -7.287793909543252013e-01
5.390972993560084525e+00 -8.529461059837663006e-01
5.403539364174443804e+00 -9.494812222827710979e-01
5.416105734788803083e+00 -6.184847318831335761e-01
5.428672105403162362e+00 -5.727136165413186930e-01
5.441238476017521641e+00 -6.249472516605247829e-01
5.453804846631880920e+00 -8.729537682751091765e-01
5.466371217246240199e+00 -6.864207623767940580e-01
5.478937587860599479e+00 -6.658979016201244105e-01
5.491503958474958758e+00 -8.296561648465783367e-01
5.504070329089317148e+00 -6.554474630451064820e-01
5.516636699703676427e+00 -8.205905827720167967e-01
5.529203070318035707e+00 -5.464800926210477972e-01
5.541769440932394986e+00 -5.619316393432614021e-01
5.554335811546754265e+00 -5.771222915093968675e-01
5.566902182161113544e+00 -6.298077646652725514e-01
5.579468552775472823e+00 -8.237561039474214919e-01
5.592034923389832102e+00 -3.696984076304362099e-01
5.604601294004191381e+00 -5.528273191149273291e-01
5.617167664618549772e+00 -6.558897793719302705e-01
5.629734035232909051e+00 -6.042928065854599184e-01
5.642300405847268330e+00 -6.807317077071646239e-01
5.654866776461627609e+00 -4.964397418539537865e-01
5.667433147075986888e+00 -8.083626655351668910e-01
5.679999517690346167e+00 -5.208698179956018359e-01
5.692565888304705446e+00 -6.914041313826786439e-01
5.705132258919064725e+00 -5.622735373175605789e-01
5.717698629533424004e+00 -5.528272811846205448e-01
5.730265000147783283e+00 -5.243348210741782811e-01
5.742831370762141674e+00 -2.635671851710689739e-01
5.755397741376500953e+00 -6.342263123685401016e-01
5.767964111990860232e+00 -6.416768982535335786e-01
5.780530482605219511e+00 -1.002739081198057991e-01
5.793096853219578790e+00 -5.267191700297354506e-01
5.805663223833938069e+00 -4.289188676348884011e-01
5.818229594448297348e+00 -4.814558550539286830e-01
5.830795965062656627e+00 -4.595264588747945411e-01
5.843362335677015906e+00 -2.945775440130311562e-01
5.855928706291374297e+00 -7.276763541757318432e-01
5.868495076905733576e+00 -3.235299949946041087e-01
5.881061447520092855e+00 -3.916086671291998944e-01
5.893627818134452134e+00 -4.820272139367499098e-01
5.906194188748811413e+00 -3.985453508325503269e-01
5.918760559363170692e+00 -3.646077454149829200e-01
5.931326929977529971e+00 -3.347387713527854580e-01
5.943893300591889250e+00 -2.761909785697373443e-01
5.956459671206248530e+00 -4.755560216210233393e-01
5.969026041820606920e+00 -1.763842280359285974e-01
5.981592412434966199e+00 -2.422078697381170598e-01
5.994158783049325478e+00 -2.682063718719666090e-01
6.006725153663684758e+00 -1.857797902906337950e-01
6.019291524278044037e+00 -3.460445217687439512e-01
6.031857894892402427e+00 -1.457648061766692316e-01
6.044424265506761706e+00 -2.955239578299676539e-01
6.056990636121120986e+00 -2.256905928835312714e-01
6.069557006735480265e+00 -3.957683253032410198e-01
6.082123377349839544e+00 -1.588191788476749355e-01
6.094689747964198823e+00 -2.735394189699673073e-01
6.107256118578558102e+00 -3.305672786736377766e-01
6.119822489192916493e+00 -1.366992343723612557e-01
6.132388859807275772e+00 -2.512957592588259681e-01
6.144955230421635051e+00 -7.999909558761791883e-02
6.157521601035994330e+00 -1.908865521602059467e-01
6.170087971650353609e+00 1.159073623151014726e-01
6.182654342264712888e+00 -4.998859717926122659e-02
6.195220712879072167e+00 -4.278555127402366293e-02
6.207787083493431446e+00 -2.003184167331281129e-01
6.220353454107790725e+00 -8.657569620363053664e-02
6.232919824722149116e+00 -2.894986001492709793e-01
6.245486195336508395e+00 5.358651956466689570e-04
6.258052565950867674e+00 -1.294555632731720918e-01
6.270618936565226953e+00 -1.735637094342807329e-01
