0.000000000000000000e+00 8.439806610918245897e-03
1.256637061435917323e-02 -4.172545303970908587e-02
2.513274122871834645e-02 1.794711935542574188e-01
3.769911184307751795e-02 5.128723854900859441e-02
5.026548245743669291e-02 2.603381391766989572e-01
6.283185307179586787e-02 -5.813121697566804580e-02
7.539822368615503589e-02 1.722861930521596696e-01
8.796459430051420392e-02 1.985935189558042935e-01
1.005309649148733858e-01 3.722514937193781293e-02
1.130973355292325677e-01 2.244958084723505942e-01
1.256637061435917357e-01 1.895544718729939848e-01
1.382300767579508760e-01 8.168119235376247733e-02
1.507964473723100718e-01 5.883693844168277898e-02
1.633628179866692676e-01 2.019014260072402589e-01
1.759291886010284078e-01 1.083385280057726913e-01
1.884955592153875759e-01 1.353671414799458017e-01
2.010619298297467716e-01 4.323721563132908452e-01
2.136283004441059397e-01 2.316116700212449420e-01
2.261946710584651354e-01 1.773705569701925222e-01
2.387610416728242757e-01 3.310753277241929027e-01
2.513274122871834715e-01 7.191729880555397525e-02
2.638937829015426395e-01 6.225116567040999138e-01
2.764601535159017520e-01 1.510104582757836322e-01
2.890265241302609756e-01 4.692153884283656873e-01
3.015928947446201436e-01 1.899457102157224297e-01
3.141592653589793116e-01 4.776079282093686484e-01
3.267256359733385351e-01 2.240923526147546307e-01
3.392920065876976476e-01 2.725004037602031248e-01
3.518583772020568157e-01 4.350680166276313376e-01
3.644247478164160392e-01 4.345873691295764063e-01
3.769911184307751517e-01 3.832497839930864569e-01
3.895574890451343197e-01 3.586585592497314456e-01
4.021238596594935433e-01 3.002145120053930638e-01
4.146902302738527113e-01 4.704857842161010995e-01
4.272566008882118793e-01 2.361047976813569205e-01
4.398229715025711029e-01 6.592712655560873936e-01
4.523893421169302709e-01 6.117368151225142103e-01
4.649557127312893834e-01 5.795216982909089376e-01
4.775220833456485514e-01 2.991957949921399962e-01
4.900884539600077194e-01 6.843811911713475471e-01
5.026548245743669430e-01 6.448240368643592957e-01
5.152211951887261110e-01 5.221664641311533073e-01
5.277875658030852790e-01 6.218717171598227011e-01
5.403539364174444470e-01 6.389235677174713857e-01
5.529203070318035040e-01 6.175317303990379703e-01
5.654866776461627831e-01 5.400795538141907048e-01
5.780530482605219511e-01 7.231835412891705062e-01
5.906194188748811191e-01 5.341872358217675254e-01
6.031857894892402872e-01 6.228447331474259441e-01
6.157521601035994552e-01 6.625812297439360732e-01
6.283185307179586232e-01 6.616938579606791437e-01
6.408849013323177912e-01 7.149339540158501372e-01
6.534512719466770703e-01 6.162948015642879529e-01
6.660176425610361273e-01 6.652967505596565356e-01
6.785840131753952953e-01 5.971757706985861835e-01
6.911503837897544633e-01 5.175729518084568603e-01
7.037167544041136313e-01 6.102724904368294068e-01
7.162831250184729104e-01 6.770509268652489254e-01
7.288494956328320784e-01 6.160077744637764141e-01
7.414158662471912464e-01 8.209908103672475255e-01
7.539822368615503034e-01 6.680451365294424182e-01
7.665486074759094715e-01 5.742286385644503888e-01
7.791149780902686395e-01 6.337557016727491943e-01
7.916813487046279185e-01 6.030559672523547743e-01
8.042477193189870865e-01 6.496696608516019378e-01
8.168140899333462546e-01 7.388581372300777605e-01
8.293804605477054226e-01 8.151908967091312519e-01
8.419468311620645906e-01 8.276098003809754244e-01
8.545132017764237586e-01 5.506301504583247519e-01
8.670795723907829267e-01 9.074098290877518069e-01
8.796459430051422057e-01 9.822385548445697889e-01
8.922123136195013737e-01 8.439994969594655227e-01
9.047786842338605418e-01 7.778931664246292454e-01
9.173450548482194877e-01 9.040868140981607182e-01
9.299114254625787668e-01 7.442976204989707467e-01
9.424777960769379348e-01 8.440897337818964452e-01
9.550441666912971028e-01 7.246236480887457976e-01
9.676105373056562708e-01 9.574838290869521762e-01
9.801769079200154389e-01 9.945369309505649458e-01
9.927432785343746069e-01 8.818732524231932546e-01
1.005309649148733886e+00 8.123632270747473960e-01
1.017876019763092943e+00 1.000503253650158575e+00
1.030442390377452222e+00 6.749201903618379239e-01
1.043008760991811279e+00 8.792521930218409887e-01
1.055575131606170558e+00 9.533561461088562172e-01
1.068141502220529837e+00 8.091554925266457587e-01
1.080707872834888894e+00 9.425325520163132520e-01
1.093274243449248173e+00 9.429445001266404391e-01
1.105840614063607008e+00 8.495955518484041846e-01
1.118406984677966287e+00 8.610362520643882744e-01
1.130973355292325566e+00 8.682767034098903824e-01
1.143539725906684623e+00 1.115689451127910958e+00
1.156106096521043902e+00 1.085393126883122061e+00
1.168672467135402959e+00 1.176092568497129287e+00
1.181238837749762238e+00 1.109455414922304373e+00
1.193805208364121295e+00 1.222750487954881171e+00
1.206371578978480574e+00 9.991266539581116213e-01
1.218937949592839853e+00 8.854990534212626718e-01
1.231504320207198910e+00 1.016067858604686958e+00
1.244070690821558189e+00 1.129489568675739797e+00
1.256637061435917246e+00 1.023624194102675133e+00
1.269203432050276525e+00 1.066151603960370897e+00
1.281769802664635582e+00 8.997807358426720414e-01
1.294336173278994861e+00 9.574187258224098329e-01
1.306902543893354141e+00 9.604078006074135976e-01
1.319468914507712975e+00 9.803464355031082933e-01
1.332035285122072255e+00 9.214985570442151275e-01
1.344601655736431534e+00 9.550727159779700548e-01
1.357168026350790591e+00 1.018794290326339835e+00
1.369734396965149870e+00 8.137764475047826185e-01
1.382300767579508927e+00 1.095060423462972166e+00
1.394867138193868206e+00 1.080883278755884191e+00
1.407433508808227263e+00 9.387428237946913168e-01
1.419999879422586542e+00 8.873904087330731771e-01
1.432566250036945821e+00 1.296481933340249304e+00
1.445132620651304878e+00 1.039658109993133461e+00
1.457698991265664157e+00 9.956600973226690243e-01
1.470265361880023214e+00 1.047177630539891657e+00
1.482831732494382493e+00 9.431269935574204677e-01
1.495398103108741550e+00 9.634240593645199136e-01
1.507964473723100607e+00 7.844883151170460867e-01
1.520530844337459886e+00 1.147862204378724771e+00
1.533097214951818943e+00 1.218878844962922203e+00
1.545663585566178222e+00 1.136416615177580303e+00
1.558229956180537279e+00 9.752742635479031419e-01
1.570796326794896558e+00 1.209357860931458140e+00
1.583362697409255837e+00 9.175397107626489523e-01
1.595929068023614894e+00 8.691561747855498510e-01
1.608495438637974173e+00 1.035724925163487686e+00
1.621061809252333230e+00 9.059116385688322781e-01
1.633628179866692509e+00 1.063899057860570485e+00
1.646194550481051566e+00 9.940742626262816239e-01
1.658760921095410845e+00 9.623900167478259826e-01
1.671327291709770124e+00 9.464859115023281921e-01
1.683893662324129181e+00 1.115812280303958071e+00
1.696460032938488460e+00 9.360337709139225915e-01
1.709026403552847517e+00 1.119676553900156524e+00
1.721592774167206796e+00 1.083544194020948925e+00
1.734159144781565853e+00 8.931844083393037925e-01
1.746725515395925132e+00 1.081105803894384376e+00
1.759291886010284411e+00 1.014426129764402384e+00
1.771858256624643468e+00 8.928701524159111669e-01
1.784424627239002747e+00 9.430518060313251016e-01
1.796990997853361804e+00 7.285153118511021875e-01
1.809557368467721084e+00 8.973545109008574938e-01
1.822123739082079918e+00 9.802264916795176974e-01
1.834690109696438975e+00 8.548341161301125091e-01
1.847256480310798255e+00 9.041647683571438776e-01
1.859822850925157534e+00 9.651552447998031914e-01
1.872389221539516591e+00 8.120188977539537500e-01
1.884955592153875870e+00 1.005221801782683277e+00
1.897521962768234927e+00 8.027382188393884510e-01
1.910088333382594206e+00 9.290055387581398483e-01
1.922654703996953263e+00 7.577483254242775024e-01
1.935221074611312542e+00 8.482225717825870870e-01
1.947787445225671821e+00 9.742680408571884332e-01
1.960353815840030878e+00 1.044056835241189640e+00
1.972920186454390157e+00 7.862218088583592390e-01
1.985486557068749214e+00 8.450708809656347631e-01
1.998052927683108493e+00 8.279058111437689327e-01
2.010619298297467772e+00 9.050917066810938438e-01
2.023185668911826607e+00 7.946924080031364523e-01
2.035752039526185886e+00 8.353852407196508123e-01
2.048318410140545165e+00 7.581799793360119999e-01
2.060884780754904444e+00 8.959253336879168250e-01
2.073451151369263723e+00 9.571229468110600269e-01
2.086017521983622558e+00 8.871956142838383075e-01
2.098583892597981837e+00 1.009932462227336236e+00
2.111150263212341116e+00 9.805765195391615840e-01
2.123716633826700395e+00 8.545940576714392556e-01
2.136283004441059674e+00 8.369895783999137251e-01
2.148849375055418509e+00 8.243376576671271883e-01
2.161415745669777788e+00 9.319285114873111509e-01
2.173982116284137067e+00 7.630556437250965995e-01
2.186548486898496346e+00 7.745970647362746542e-01
2.199114857512855181e+00 6.835231080429572392e-01
2.211681228127214016e+00 9.313606033046420984e-01
2.224247598741573295e+00 6.796691251270171596e-01
2.236813969355932574e+00 8.847809878617831636e-01
2.249380339970291853e+00 8.341400026771341736e-01
2.261946710584651132e+00 6.717785111981708912e-01
2.274513081199009967e+00 5.333175197828631253e-01
2.287079451813369246e+00 8.129193565675140176e-01
2.299645822427728525e+00 6.237409250317895726e-01
2.312212193042087804e+00 7.937661101665550722e-01
2.324778563656447083e+00 6.891255874226019928e-01
2.337344934270805918e+00 6.610440012898637363e-01
2.349911304885165197e+00 6.414512514637575880e-01
2.362477675499524477e+00 7.166474644974619723e-01
2.375044046113883756e+00 6.864671087489290224e-01
2.387610416728242591e+00 6.560549498520280576e-01
2.400176787342601870e+00 7.499609061631514750e-01
2.412743157956961149e+00 7.373936923882258299e-01
2.425309528571320428e+00 5.303856241567448393e-01
2.437875899185679707e+00 6.826782448526718117e-01
2.450442269800038542e+00 6.088846056389936034e-01
2.463008640414397821e+00 6.664760442065833512e-01
2.475575011028757100e+00 7.398787770240604633e-01
2.488141381643116379e+00 6.006718731046488680e-01
2.500707752257475658e+00 6.242771559900209821e-01
2.513274122871834493e+00 5.422210157793645458e-01
2.525840493486193772e+00 6.157978845128980749e-01
2.538406864100553051e+00 5.022140261700114294e-01
2.550973234714912330e+00 5.432429365396668208e-01
2.563539605329271165e+00 4.236507588520792011e-01
2.576105975943630444e+00 4.214989797147531414e-01
2.588672346557989723e+00 4.811301224218338390e-01
2.601238717172349002e+00 5.499316349518071911e-01
2.613805087786708281e+00 5.011506945662994594e-01
2.626371458401067116e+00 5.490610394620913937e-01
2.638937829015425951e+00 5.244336156136054639e-01
2.651504199629785230e+00 3.829468380124485538e-01
2.664070570244144509e+00 4.893976625191564511e-01
2.676636940858503788e+00 2.472417143235452752e-01
2.689203311472863067e+00 4.235893567109745850e-01
2.701769682087221902e+00 3.923134434896135003e-01
2.714336052701581181e+00 3.395811604374709414e-01
2.726902423315940460e+00 2.271191800287933882e-01
2.739468793930299739e+00 5.405938640656623440e-01
2.752035164544658574e+00 5.004412917781088099e-01
2.764601535159017853e+00 2.413698620933977523e-01
2.777167905773377132e+00 3.418081152470990314e-01
2.789734276387736411e+00 3.023755565429683267e-01
2.802300647002095690e+00 4.015926108794100613e-01
2.814867017616454525e+00 4.406719737399326098e-01
2.827433388230813804e+00 3.457368914769286539e-01
2.839999758845173083e+00 3.599283487873334297e-01
2.852566129459532362e+00 3.445568850282186291e-01
2.865132500073891642e+00 4.227163275936553499e-01
2.877698870688250476e+00 3.513725867323369001e-01
2.890265241302609756e+00 7.865399404574277553e-02
2.902831611916969035e+00 1.237987094477450284e-01
2.915397982531328314e+00 2.672346972672596244e-01
2.927964353145687149e+00 3.697141625291531786e-01
2.940530723760046428e+00 6.655006943644564688e-02
2.953097094374405707e+00 5.515158157158722707e-03
2.965663464988764986e+00 4.553569857277289801e-02
2.978229835603124265e+00 3.793152565767311801e-02
2.990796206217483100e+00 1.655200418849018529e-01
3.003362576831842379e+00 1.656815919325703435e-01
3.015928947446201214e+00 2.549937817437989418e-01
3.028495318060560493e+00 1.840222417593617432e-01
3.041061688674919772e+00 3.127446508632691913e-02
3.053628059289279051e+00 1.436387278430764636e-01
3.066194429903637886e+00 1.142196221985411209e-01
3.078760800517997165e+00 2.129625586462337850e-01
3.091327171132356444e+00 -1.452516373329670180e-02
3.103893541746715723e+00 -8.926104347859248334e-02
3.116459912361074558e+00 1.328261158612524806e-01
3.129026282975433837e+00 7.438147239623764395e-02
3.141592653589793116e+00 -1.400835686483922760e-01
3.154159024204152395e+00 7.171274567038665726e-02
3.166725394818511674e+00 1.887801162258238297e-01
3.179291765432870509e+00 -9.198877985017406278e-02
3.191858136047229788e+00 6.663341959480871546e-02
3.204424506661589067e+00 -4.805955729786021841e-02
3.216990877275948346e+00 1.092047420556502973e-01
3.229557247890307181e+00 -1.193020972261151780e-01
3.242123618504666460e+00 -1.338831330573278522e-01
3.254689989119025739e+00 -1.497458503183253797e-01
3.267256359733385018e+00 -3.172514687454454085e-01
3.279822730347744297e+00 -1.679205547348941452e-01
3.292389100962103132e+00 -9.877276863785462713e-02
3.304955471576462411e+00 -1.407475965780421723e-01
3.317521842190821690e+00 -2.193838669923445783e-01
3.330088212805180969e+00 -9.338299510936867720e-02
3.342654583419540248e+00 -1.854420351448958504e-01
3.355220954033899083e+00 -3.000981350804038383e-01
3.367787324648258362e+00 -1.702963024960194582e-01
3.380353695262617642e+00 -1.894208154808020572e-01
3.392920065876976921e+00 -1.830473360353773171e-01
3.405486436491335756e+00 -1.992334536456316363e-01
3.418052807105695035e+00 -2.428323132497137160e-01
3.430619177720054314e+00 -4.461780185118643383e-01
3.443185548334413593e+00 -4.612400788046940869e-01
3.455751918948772872e+00 -4.894177139251575381e-01
3.468318289563131707e+00 -2.799358160984108390e-01
3.480884660177490986e+00 -3.148931482493410039e-01
3.493451030791850265e+00 -3.980102844579295196e-01
3.506017401406209544e+00 -3.962999787620637426e-01
3.518583772020568823e+00 -3.579878304272403611e-01
3.531150142634927658e+00 -3.626772789898010108e-01
3.543716513249286937e+00 -3.962682305747409206e-01
3.556282883863646216e+00 -2.469053228907562847e-01
3.568849254478005495e+00 -3.061086432913164845e-01
3.581415625092364330e+00 -4.143057772821303053e-01
3.593981995706723609e+00 -4.078199336175583056e-01
3.606548366321082888e+00 -4.725357783317735150e-01
3.619114736935442167e+00 -5.483151219350029804e-01
3.631681107549800558e+00 -4.183767141962068115e-01
3.644247478164159837e+00 -4.200771388835378706e-01
3.656813848778519116e+00 -3.800979139055166711e-01
3.669380219392877951e+00 -4.720901023638396921e-01
3.681946590007237230e+00 -6.464343405898410611e-01
3.694512960621596509e+00 -4.338131997030867937e-01
3.707079331235955788e+00 -3.870946164074798856e-01
3.719645701850315067e+00 -3.849863734068316168e-01
3.732212072464673902e+00 -5.699982518065315196e-01
3.744778443079033181e+00 -6.213103824669230502e-01
3.757344813693392460e+00 -7.167715339174158817e-01
3.769911184307751739e+00 -6.658935409947337458e-01
3.782477554922110574e+00 -6.148644128056434122e-01
3.795043925536469853e+00 -5.581314840695418278e-01
3.807610296150829132e+00 -6.425282315938037891e-01
3.820176666765188411e+00 -7.768051766446625317e-01
3.832743037379547690e+00 -7.874781688847418692e-01
3.845309407993906525e+00 -5.569236589362112078e-01
3.857875778608265804e+00 -6.698178981575653168e-01
3.870442149222625083e+00 -7.022926444441194294e-01
3.883008519836984362e+00 -7.054323232963327639e-01
3.895574890451343641e+00 -6.766900556061024030e-01
3.908141261065702476e+00 -7.912557745528117081e-01
3.920707631680061755e+00 -9.008069584028044474e-01
3.933274002294421035e+00 -6.842717378723958133e-01
3.945840372908780314e+00 -7.923367967654321165e-01
3.958406743523139149e+00 -6.866246966469435886e-01
3.970973114137498428e+00 -7.293348716756546946e-01
3.983539484751857707e+00 -8.241428861822496232e-01
3.996105855366216986e+00 -7.312889665505186709e-01
4.008672225980576265e+00 -6.634793108137966300e-01
4.021238596594935544e+00 -8.477654057586843095e-01
4.033804967209294823e+00 -6.862037477676056207e-01
4.046371337823653214e+00 -8.712455378943978479e-01
4.058937708438012493e+00 -8.409056746655672043e-01
4.071504079052371772e+00 -9.155775026031801600e-01
4.084070449666731051e+00 -8.624921237577730659e-01
4.096636820281090330e+00 -8.618995675364915510e-01
4.109203190895449609e+00 -8.973929714640966893e-01
4.121769561509808888e+00 -8.314332747073360785e-01
4.134335932124168167e+00 -9.173963646260931970e-01
4.146902302738527446e+00 -8.112946139375878385e-01
4.159468673352886725e+00 -8.855740726658637429e-01
4.172035043967245116e+00 -8.104323774643770184e-01
4.184601414581604395e+00 -8.205618225536494004e-01
4.197167785195963674e+00 -7.369862234425248460e-01
4.209734155810322953e+00 -7.893736996409640438e-01
4.222300526424682232e+00 -9.873981551280609503e-01
4.234866897039041511e+00 -1.099651005529209469e+00
4.247433267653400790e+00 -8.213353182272415953e-01
4.259999638267760069e+00 -7.593256350475516836e-01
4.272566008882119348e+00 -9.511975234509931765e-01
4.285132379496477739e+00 -8.329741943120843040e-01
4.297698750110837018e+00 -9.912216370587245695e-01
4.310265120725196297e+00 -9.688618808268978366e-01
4.322831491339555576e+00 -8.759523018035794140e-01
4.335397861953914855e+00 -8.107722969489622455e-01
4.347964232568274134e+00 -1.076114701311966737e+00
4.360530603182633413e+00 -1.018238305595947635e+00
4.373096973796992692e+00 -9.755054723365402802e-01
4.385663344411351972e+00 -8.763506925573173456e-01
4.398229715025710362e+00 -1.056103292902112356e+00
4.410796085640069641e+00 -9.157108402688177717e-01
4.423362456254428032e+00 -9.101816474107137234e-01
4.435928826868787311e+00 -9.548070891410501693e-01
4.448495197483146590e+00 -9.692457403573976338e-01
4.461061568097505869e+00 -1.016754460818933614e+00
4.473627938711865148e+00 -1.059714528064491734e+00
4.486194309326224428e+00 -1.027226662964495940e+00
4.498760679940583707e+00 -9.969142658122411849e-01
4.511327050554942986e+00 -1.017942228370331659e+00
4.523893421169302265e+00 -7.620320751583312680e-01
4.536459791783661544e+00 -9.247923056155262778e-01
4.549026162398019935e+00 -8.897921458017880036e-01
4.561592533012379214e+00 -1.072733465990272528e+00
4.574158903626738493e+00 -9.850632203378434371e-01
4.586725274241097772e+00 -1.179312238755829689e+00
4.599291644855457051e+00 -1.094223895354758724e+00
4.611858015469816330e+00 -9.109055074987547629e-01
4.624424386084175609e+00 -9.820157462820165994e-01
4.636990756698534888e+00 -9.588141173374497006e-01
4.649557127312894167e+00 -1.013757067573666459e+00
4.662123497927252558e+00 -1.059733148744100628e+00
4.674689868541611837e+00 -1.095189718405361390e+00
4.687256239155971116e+00 -1.054190034769795226e+00
4.699822609770330395e+00 -9.219960825033718388e-01
4.712388980384689674e+00 -9.466431892008989601e-01
4.724955350999048953e+00 -9.529806527184027098e-01
4.737521721613408232e+00 -1.124679972249976068e+00
4.750088092227767511e+00 -1.098591665293322306e+00
4.762654462842126790e+00 -9.636886305425310661e-01
4.775220833456485181e+00 -9.297226776479966537e-01
4.787787204070844460e+00 -1.130724761227250630e+00
4.800353574685203739e+00 -1.000236158474728576e+00
4.812919945299563018e+00 -1.064794388452434459e+00
4.825486315913922297e+00 -8.460124625353642180e-01
4.838052686528281576e+00 -1.203844628623166768e+00
4.850619057142640855e+00 -7.940344548392246349e-01
4.863185427757000134e+00 -9.292300719785352436e-01
4.875751798371359413e+00 -1.069575513264874322e+00
4.888318168985717804e+00 -9.545427554589455132e-01
4.900884539600077083e+00 -1.165633651186777975e+00
4.913450910214436362e+00 -1.019195243125138095e+00
4.926017280828795641e+00 -8.722216240609695914e-01
4.938583651443154920e+00 -9.411932105595743892e-01
4.951150022057514200e+00 -9.074626844023893080e-01
4.963716392671873479e+00 -9.161183242184003372e-01
4.976282763286232758e+00 -1.009153820306327720e+00
4.988849133900592037e+00 -9.246014484978931636e-01
5.001415504514951316e+00 -1.078193823036558641e+00
5.013981875129309707e+00 -9.685386584396253884e-01
5.026548245743668986e+00 -1.075106591192149574e+00
5.039114616358028265e+00 -9.415794133817534384e-01
5.051680986972387544e+00 -1.028560794452706428e+00
5.064247357586746823e+00 -7.712682861051486372e-01
5.076813728201106102e+00 -1.005611008899401249e+00
5.089380098815465381e+00 -1.004697114078717535e+00
5.101946469429824660e+00 -9.875087862476285006e-01
5.114512840044183939e+00 -8.331868293805564374e-01
5.127079210658542330e+00 -8.992845601280216039e-01
5.139645581272901609e+00 -9.538075846150014803e-01
5.152211951887260888e+00 -8.497721393574836357e-01
5.164778322501620167e+00 -1.026232328345335398e+00
5.177344693115979446e+00 -7.828169386868126800e-01
5.189911063730338725e+00 -8.217994029546890067e-01
5.202477434344698004e+00 -8.776322408692192045e-01
5.215043804959057283e+00 -8.474021655991534896e-01
5.227610175573416562e+00 -7.565187675806054335e-01
5.240176546187774953e+00 -8.462775250838512342e-01
5.252742916802134232e+00 -8.657623769462857721e-01
5.265309287416492623e+00 -8.080345103070877277e-01
5.277875658030851902e+00 -8.972749028604474208e-01
5.290442028645211181e+00 -1.024049996602744539e+00
5.303008399259570460e+00 -6.360389746987348270e-01
5.315574769873929739e+00 -6.684770756913930301e-01
5.328141140488289018e+00 -8.045680851659021693e-01
5.340707511102648297e+00 -9.396784043583851220e-01
5.353273881717007576e+00 -5.575964857388368001e-01
5.365840252331366855e+00 -7.497243391274880375e-01
5.378406622945726134e+00 -8.297799995882852997e-01
5.390972993560084525e+00 -7.587189943130313585e-01
5.403539364174443804e+00 -7.687409430406880739e-01
5.416105734788803083e+00 -6.230078114157657776e-01
5.428672105403162362e+00 -6.557482697264248594e-01
5.441238476017521641e+00 -9.379322077685973147e-01
5.453804846631880920e+00 -7.873355714417861195e-01
5.466371217246240199e+00 -8.322885620937975348e-01
5.478937587860599479e+00 -7.158772805550415175e-01
5.491503958474958758e+00 -7.402100903879744731e-01
5.504070329089317148e+00 -8.508399103585613243e-01
5.516636699703676427e+00 -6.906321102517216648e-01
5.529203070318035707e+00 -7.484004039634341021e-01
5.541769440932394986e+00 -5.115593322318561231e-01
5.554335811546754265e+00 -6.144646696511626427e-01
5.566902182161113544e+00 -6.644598899061309183e-01
5.579468552775472823e+00 -5.543712098505455543e-01
5.592034923389832102e+00 -5.388044206713045181e-01
5.604601294004191381e+00 -5.856015662562199520e-01
5.617167664618549772e+00 -4.560712669155985721e-01
5.629734035232909051e+00 -6.308942102506522875e-01
5.642300405847268330e+00 -4.407302268069981377e-01
5.654866776461627609e+00 -4.732063777972538299e-01
5.667433147075986888e+00 -7.392997330142762058e-01
5.679999517690346167e+00 -4.295754213860959458e-01
5.692565888304705446e+00 -6.542826020194496550e-01
5.705132258919064725e+00 -4.326777858944046429e-01
5.717698629533424004e+00 -4.797343108729551497e-01
5.730265000147783283e+00 -4.818821960568877572e-01
5.742831370762141674e+00 -4.705213299202974375e-01
5.755397741376500953e+00 -6.295682368624031522e-01
5.767964111990860232e+00 -4.883576812725566874e-01
5.780530482605219511e+00 -5.631098516317577518e-01
5.793096853219578790e+00 -6.906842947615650097e-01
5.805663223833938069e+00 -5.365388340078636187e-01
5.818229594448297348e+00 -4.993307444434709197e-01
5.830795965062656627e+00 -4.372563547058309630e-01
5.843362335677015906e+00 -3.858178242165064553e-01
5.855928706291374297e+00 -4.522467182209016223e-01
5.868495076905733576e+00 -3.250969027231626618e-01
5.881061447520092855e+00 -5.559310938753603271e-01
5.893627818134452134e+00 -3.416448315795791446e-01
5.906194188748811413e+00 -4.089744663575223815e-01
5.918760559363170692e+00 -4.404116671071839351e-01
5.931326929977529971e+00 -4.613230513068122263e-01
5.943893300591889250e+00 -3.002059704035763277e-01
5.956459671206248530e+00 -3.606457717923302053e-01
5.969026041820606920e+00 -5.443604565533413098e-01
5.981592412434966199e+00 -3.081523281119701863e-01
5.994158783049325478e+00 -2.831350675121831473e-01
6.006725153663684758e+00 -5.192249879600827622e-01
6.019291524278044037e+00 -2.256034182647823072e-01
6.031857894892402427e+00 -2.627500484125818159e-01
6.044424265506761706e+00 -2.617747800728867924e-01
6.056990636121120986e+00 -4.164113169523893099e-01
6.069557006735480265e+00 -2.034982160133165796e-01
6.082123377349839544e+00 -1.686169381465535688e-01
6.094689747964198823e+00 -2.325585086592857065e-01
6.107256118578558102e+00 -2.889256521192914429e-01
6.119822489192916493e+00 -1.914045358412208575e-01
6.132388859807275772e+00 -1.677527668996015020e-02
6.144955230421635051e+00 -8.992405810404197064e-02
6.157521601035994330e+00 -1.848055611558319100e-01
6.170087971650353609e+00 -3.467494757873504363e-02
6.182654342264712888e+00 -2.338466801529204275e-01
6.195220712879072167e+00 7.919789466544133183e-03
6.207787083493431446e+00 -9.388598488835234179e-02
6.220353454107790725e+00 -2.144257109388314486e-03
6.232919824722149116e+00 3.816785127457497651e-02
6.245486195336508395e+00 1.873089809683022716e-02
6.258052565950867674e+00 -2.229609327098826255e-02
6.270618936565226953e+00 -3.486785356807903247e-02
