0.000000000000000000e+00 4.549223612158969504e-02
1.256637061435917323e-02 -6.923187248105894254e-02
2.513274122871834645e-02 1.664841229294305724e-01
3.769911184307751795e-02 1.593592005027165692e-01
5.026548245743669291e-02 -3.973011949882250538e-02
6.283185307179586787e-02 1.594702318413495634e-01
7.539822368615503589e-02 1.770213002754603415e-01
8.796459430051420392e-02 -1.153020583657393128e-01
1.005309649148733858e-01 7.379679232922772836e-02
1.130973355292325677e-01 -3.526378546815926718e-02
1.256637061435917357e-01 1.017685267894362505e-01
1.382300767579508760e-01 8.901830668534237156e-02
1.507964473723100718e-01 3.146314698489334483e-02
1.633628179866692676e-01 1.519742709780026457e-01
1.759291886010284078e-01 2.574358572262058220e-01
1.884955592153875759e-01 2.259234760698222710e-01
2.010619298297467716e-01 8.761184499144078486e-02
2.136283004441059397e-01 2.321209932555044486e-01
2.261946710584651354e-01 2.350616571440496405e-01
2.387610416728242757e-01 7.455791515808157799e-02
2.513274122871834715e-01 2.188090611432529364e-01
2.638937829015426395e-01 5.975644988343314923e-02
2.764601535159017520e-01 2.017057573279057714e-01
2.890265241302609756e-01 3.246616861899178641e-01
3.015928947446201436e-01 4.350355319361489670e-01
3.141592653589793116e-01 3.571512415475486257e-01
3.267256359733385351e-01 4.924756832721849942e-01
3.392920065876976476e-01 3.378991253362649827e-01
3.518583772020568157e-01 3.735113577477667257e-01
3.644247478164160392e-01 2.169671266387188657e-01
3.769911184307751517e-01 3.088045622183204220e-01
3.895574890451343197e-01 2.287694511774061579e-01
4.021238596594935433e-01 3.219699072224971870e-01
4.146902302738527113e-01 2.468830720515141908e-01
4.272566008882118793e-01 6.199956470193476177e-01
4.398229715025711029e-01 4.949012006627417914e-01
4.523893421169302709e-01 6.176367476608939366e-01
4.649557127312893834e-01 5.833263145376262893e-01
4.775220833456485514e-01 3.947680198363884285e-01
4.900884539600077194e-01 4.361929872928081986e-01
5.026548245743669430e-01 3.752372378766990479e-01
5.152211951887261110e-01 5.322583481340278366e-01
5.277875658030852790e-01 4.543729470487445909e-01
5.403539364174444470e-01 4.534296099791240153e-01
5.529203070318035040e-01 3.753563118705929291e-01
5.654866776461627831e-01 5.441565594442872023e-01
5.780530482605219511e-01 6.138134494758671345e-01
5.906194188748811191e-01 5.863508661854164306e-01
6.031857894892402872e-01 6.383031484982915060e-01
6.157521601035994552e-01 5.554902576495064359e-01
6.283185307179586232e-01 4.361211420086413271e-01
6.408849013323177912e-01 7.191599551124364664e-01
6.534512719466770703e-01 5.779838240999513044e-01
6.660176425610361273e-01 7.013715081832900822e-01
6.785840131753952953e-01 5.591500470449447535e-01
6.911503837897544633e-01 4.866931957843941836e-01
7.037167544041136313e-01 7.496238081931571040e-01
7.162831250184729104e-01 8.084180908297814439e-01
7.288494956328320784e-01 8.075706297619460461e-01
7.414158662471912464e-01 6.860042907554344538e-01
7.539822368615503034e-01 7.377609144021552989e-01
7.665486074759094715e-01 8.656179614718962911e-01
7.791149780902686395e-01 6.722277057795043032e-01
7.916813487046279185e-01 7.321162110530090583e-01
8.042477193189870865e-01 8.537182093049853204e-01
8.168140899333462546e-01 7.707459811107439940e-01
8.293804605477054226e-01 6.406571116647516995e-01
8.419468311620645906e-01 6.155110461263122446e-01
8.545132017764237586e-01 6.716703591378970772e-01
8.670795723907829267e-01 9.121384515903051549e-01
8.796459430051422057e-01 7.906466249657128076e-01
8.922123136195013737e-01 7.165474241030347358e-01
9.047786842338605418e-01 9.116023400450399272e-01
9.173450548482194877e-01 8.705992392174406458e-01
9.299114254625787668e-01 7.424299593580238055e-01
9.424777960769379348e-01 9.426397847293831456e-01
9.550441666912971028e-01 8.409397898213022415e-01
9.676105373056562708e-01 6.122008951470058191e-01
9.801769079200154389e-01 8.866249845965531451e-01
9.927432785343746069e-01 9.550238408768433329e-01
1.005309649148733886e+00 7.591634469024921561e-01
1.017876019763092943e+00 9.606195974660428627e-01
1.030442390377452222e+00 7.790424492800995804e-01
1.043008760991811279e+00 9.120391288575249167e-01
1.055575131606170558e+00 9.281783386776822908e-01
1.068141502220529837e+00 8.526025430398297411e-01
1.080707872834888894e+00 9.213852394842039217e-01
1.093274243449248173e+00 7.669532795342486331e-01
1.105840614063607008e+00 1.010463436175454754e+00
1.118406984677966287e+00 7.335640161633140144e-01
1.130973355292325566e+00 8.698384507913691222e-01
1.143539725906684623e+00 9.923697459114321218e-01
1.156106096521043902e+00 9.288439807913119184e-01
1.168672467135402959e+00 9.302875271464148277e-01
1.181238837749762238e+00 1.044353628407292733e+00
1.193805208364121295e+00 1.079918854770000713e+00
1.206371578978480574e+00 9.332864900944304321e-01
1.218937949592839853e+00 1.079462881991560597e+00
1.231504320207198910e+00 8.843676752171614197e-01
1.244070690821558189e+00 9.165067978696238571e-01
1.256637061435917246e+00 1.017219486987963828e+00
1.269203432050276525e+00 9.589115471127731549e-01
1.281769802664635582e+00 1.055577693950727536e+00
1.294336173278994861e+00 1.083838842457846008e+00
1.306902543893354141e+00 9.346254428138611736e-01
1.319468914507712975e+00 1.001940250684680400e+00
1.332035285122072255e+00 1.143145166584044858e+00
1.344601655736431534e+00 7.697178779005151572e-01
1.357168026350790591e+00 1.089475934939504898e+00
1.369734396965149870e+00 8.223061527780367586e-01
1.382300767579508927e+00 8.949725567077981836e-01
1.394867138193868206e+00 1.042632016062148059e+00
1.407433508808227263e+00 8.733624838491284015e-01
1.419999879422586542e+00 1.020814430223826230e+00
1.432566250036945821e+00 1.091434764220243547e+00
1.445132620651304878e+00 1.129948550508610428e+00
1.457698991265664157e+00 9.740676121228264428e-01
1.470265361880023214e+00 8.305308251002017084e-01
1.482831732494382493e+00 8.801158506461802533e-01
1.495398103108741550e+00 1.032458139017220500e+00
1.507964473723100607e+00 8.776230967366664970e-01
1.520530844337459886e+00 1.044086211916792406e+00
1.533097214951818943e+00 9.901021358212642731e-01
1.545663585566178222e+00 9.279959014268321926e-01
1.558229956180537279e+00 9.717988125785036457e-01
1.570796326794896558e+00 9.623946104014738934e-01
1.583362697409255837e+00 1.045405010099625054e+00
1.595929068023614894e+00 1.122948572464630423e+00
1.608495438637974173e+00 9.638072326841984339e-01
1.621061809252333230e+00 8.517047088618611150e-01
1.633628179866692509e+00 9.617056143521278688e-01
1.646194550481051566e+00 9.369926776027138748e-01
1.658760921095410845e+00 8.443598932038410831e-01
1.671327291709770124e+00 1.167404433105132977e+00
1.683893662324129181e+00 1.271995414244425859e+00
1.696460032938488460e+00 1.048823309894558964e+00
1.709026403552847517e+00 9.556264617708454256e-01
1.721592774167206796e+00 8.813286429088003082e-01
1.734159144781565853e+00 8.799678408258000406e-01
1.746725515395925132e+00 1.013137022165844670e+00
1.759291886010284411e+00 1.086396412220314911e+00
1.771858256624643468e+00 8.345622996744428423e-01
1.784424627239002747e+00 9.650985176022768286e-01
1.796990997853361804e+00 9.662400420481536134e-01
1.809557368467721084e+00 9.897571957375954632e-01
1.822123739082079918e+00 1.000407595485309331e+00
1.834690109696438975e+00 9.376451058244817949e-01
1.847256480310798255e+00 1.113481068876251978e+00
1.859822850925157534e+00 9.605524643634323345e-01
1.872389221539516591e+00 9.060387874410595899e-01
1.884955592153875870e+00 9.728248413889559743e-01
1.897521962768234927e+00 8.076478840011706017e-01
1.910088333382594206e+00 9.294454749752705247e-01
1.922654703996953263e+00 1.011108256207604139e+00
1.935221074611312542e+00 1.036133838061501278e+00
1.947787445225671821e+00 8.869634399729641183e-01
1.960353815840030878e+00 7.989923423689876403e-01
1.972920186454390157e+00 8.157444645920780557e-01
1.985486557068749214e+00 1.014238291222024912e+00
1.998052927683108493e+00 9.910495197778672605e-01
2.010619298297467772e+00 8.842134906225664892e-01
2.023185668911826607e+00 1.056227919618047073e+00
2.035752039526185886e+00 8.209984935116152460e-01
2.048318410140545165e+00 9.304408581531952160e-01
2.060884780754904444e+00 7.986494165446389459e-01
2.073451151369263723e+00 9.645084830494410344e-01
2.086017521983622558e+00 8.751685457895398423e-01
2.098583892597981837e+00 7.406457259254780601e-01
2.111150263212341116e+00 9.157978441815317616e-01
2.123716633826700395e+00 8.269533900025423101e-01
2.136283004441059674e+00 8.530893193062425439e-01
2.148849375055418509e+00 1.043412691924797686e+00
2.161415745669777788e+00 7.779927998027229563e-01
2.173982116284137067e+00 6.578251683307043685e-01
2.186548486898496346e+00 4.911367902190278412e-01
2.199114857512855181e+00 7.398019069054505570e-01
2.211681228127214016e+00 9.975560038209922986e-01
2.224247598741573295e+00 8.029269435342435424e-01
2.236813969355932574e+00 7.626853370312574043e-01
2.249380339970291853e+00 8.288325931686600923e-01
2.261946710584651132e+00 7.277931786204049347e-01
2.274513081199009967e+00 6.893021318412617671e-01
2.287079451813369246e+00 7.867526278572659626e-01
2.299645822427728525e+00 9.197521717264420804e-01
2.312212193042087804e+00 6.878735997400666768e-01
2.324778563656447083e+00 7.775478552341259508e-01
2.337344934270805918e+00 7.979285327507504855e-01
2.349911304885165197e+00 6.228791450273155617e-01
2.362477675499524477e+00 7.929894749574348811e-01
2.375044046113883756e+00 5.550420324994650434e-01
2.387610416728242591e+00 7.214088534995508617e-01
2.400176787342601870e+00 6.126131768772582475e-01
2.412743157956961149e+00 7.395953658579781376e-01
2.425309528571320428e+00 5.914014064737643794e-01
2.437875899185679707e+00 6.723481977112782948e-01
2.450442269800038542e+00 5.657971882210094394e-01
2.463008640414397821e+00 4.244340489844653508e-01
2.475575011028757100e+00 4.492599167749389277e-01
2.488141381643116379e+00 4.666738674901770301e-01
2.500707752257475658e+00 6.214891755445169919e-01
2.513274122871834493e+00 6.082115091109209226e-01
2.525840493486193772e+00 6.715310522123478787e-01
2.538406864100553051e+00 7.386786620295041628e-01
2.550973234714912330e+00 6.335141241688777569e-01
2.563539605329271165e+00 5.561344022475864790e-01
2.576105975943630444e+00 6.241240396856994055e-01
2.588672346557989723e+00 5.803821017497280410e-01
2.601238717172349002e+00 4.294619094294214179e-01
2.613805087786708281e+00 2.955134086841785246e-01
2.626371458401067116e+00 5.362099277870681080e-01
2.638937829015425951e+00 5.159013595464108093e-01
2.651504199629785230e+00 5.467418365037365335e-01
2.664070570244144509e+00 3.701899221212945346e-01
2.676636940858503788e+00 5.560996374891598037e-01
2.689203311472863067e+00 3.685206549915220897e-01
2.701769682087221902e+00 4.329272253473931409e-01
2.714336052701581181e+00 3.877768704755676366e-01
2.726902423315940460e+00 3.172029221884296590e-01
2.739468793930299739e+00 4.617553010881418341e-01
2.752035164544658574e+00 5.353314924304717337e-01
2.764601535159017853e+00 9.622498573318055692e-02
2.777167905773377132e+00 5.559861309771719773e-01
2.789734276387736411e+00 3.939839647663568867e-01
2.802300647002095690e+00 4.303967746714211229e-01
2.814867017616454525e+00 3.558786422984314135e-01
2.827433388230813804e+00 2.297794424367662347e-01
2.839999758845173083e+00 4.277965562097145735e-01
2.852566129459532362e+00 1.783892136182144705e-01
2.865132500073891642e+00 1.011856215813741466e-01
2.877698870688250476e+00 2.153119521431625105e-01
2.890265241302609756e+00 2.550996258641429204e-01
2.902831611916969035e+00 3.732643416038591289e-01
2.915397982531328314e+00 2.086531643992302620e-01
2.927964353145687149e+00 1.949631731983954563e-01
2.940530723760046428e+00 1.307827606876580395e-01
2.953097094374405707e+00 3.941609322340142163e-02
2.965663464988764986e+00 8.289686356230209496e-02
2.978229835603124265e+00 7.312315525746078404e-02
2.990796206217483100e+00 9.103273767590823462e-02
3.003362576831842379e+00 2.042460685102441831e-01
3.015928947446201214e+00 -6.150417158382964766e-02
3.028495318060560493e+00 1.741290242907232444e-01
3.041061688674919772e+00 1.098852236789042147e-01
3.053628059289279051e+00 2.457067516190367118e-01
3.066194429903637886e+00 -4.875812158672937491e-02
3.078760800517997165e+00 3.040687106461870820e-02
3.091327171132356444e+00 -2.277414300855062218e-02
3.103893541746715723e+00 3.216932141872044792e-02
3.116459912361074558e+00 1.224911503871331103e-01
3.129026282975433837e+00 2.270791851508092291e-02
3.141592653589793116e+00 -2.076847243394274248e-02
3.154159024204152395e+00 -4.085254852827451683e-02
3.166725394818511674e+00 1.418686287250036857e-02
3.179291765432870509e+00 3.584416354366823376e-02
3.191858136047229788e+00 -2.546165561712503411e-01
3.204424506661589067e+00 1.001581362499811972e-01
3.216990877275948346e+00 -2.333673373103423848e-02
3.229557247890307181e+00 -1.529836237326622772e-01
3.242123618504666460e+00 -3.093007716704190835e-02
3.254689989119025739e+00 -1.250820122565031722e-01
3.267256359733385018e+00 2.274529562612706557e-02
3.279822730347744297e+00 4.201460531102674256e-02
3.292389100962103132e+00 -8.833971980011508240e-02
3.304955471576462411e+00 -1.600371965442365929e-01
3.317521842190821690e+00 -5.702410340345848150e-02
3.330088212805180969e+00 -1.297171363867935800e-01
3.342654583419540248e+00 -2.757372277178188891e-01
3.355220954033899083e+00 -2.039114123120893962e-01
3.367787324648258362e+00 -7.106389325237741361e-02
3.380353695262617642e+00 -3.674605905160098773e-01
3.392920065876976921e+00 -1.447225881732382979e-01
3.405486436491335756e+00 -3.044007778050986657e-01
3.418052807105695035e+00 -4.398843211543557175e-01
3.430619177720054314e+00 -4.638826314190548916e-01
3.443185548334413593e+00 -2.748956306695165552e-01
3.455751918948772872e+00 -3.483528612341927344e-01
3.468318289563131707e+00 -3.070603984654773355e-01
3.480884660177490986e+00 -2.993396628568166240e-01
3.493451030791850265e+00 -3.737944503327126911e-01
3.506017401406209544e+00 -4.759579576709805360e-01
3.518583772020568823e+00 -2.460195802587620828e-01
3.531150142634927658e+00 -4.079923641132672252e-01
3.543716513249286937e+00 -5.497241275765323287e-01
3.556282883863646216e+00 -5.485935829606907177e-01
3.568849254478005495e+00 -2.537680571064619417e-01
3.581415625092364330e+00 -5.860987859043519377e-01
3.593981995706723609e+00 -4.337494486923956227e-01
3.606548366321082888e+00 -6.377486622140610129e-01
3.619114736935442167e+00 -4.916368531496807526e-01
3.631681107549800558e+00 -3.098788377647516135e-01
3.644247478164159837e+00 -4.923580526516823652e-01
3.656813848778519116e+00 -5.385556166854058580e-01
3.669380219392877951e+00 -5.915946856862566161e-01
3.681946590007237230e+00 -5.107172095100842579e-01
3.694512960621596509e+00 -4.695236208485090712e-01
3.707079331235955788e+00 -5.790225906299772962e-01
3.719645701850315067e+00 -6.100477276158726703e-01
3.732212072464673902e+00 -6.537163767297302641e-01
3.744778443079033181e+00 -5.978195536124737419e-01
3.757344813693392460e+00 -5.812995102434090899e-01
3.769911184307751739e+00 -7.638872802258448447e-01
3.782477554922110574e+00 -5.460204236415662216e-01
3.795043925536469853e+00 -6.294714640264544858e-01
3.807610296150829132e+00 -5.697267761021677090e-01
3.820176666765188411e+00 -5.885893767325618420e-01
3.832743037379547690e+00 -4.160321018584932640e-01
3.845309407993906525e+00 -5.619564012479922877e-01
3.857875778608265804e+00 -6.298336884503606958e-01
3.870442149222625083e+00 -6.341953800705915079e-01
3.883008519836984362e+00 -7.207197691834605902e-01
3.895574890451343641e+00 -8.316142752643221892e-01
3.908141261065702476e+00 -6.540912777706819892e-01
3.920707631680061755e+00 -7.769653802983773616e-01
3.933274002294421035e+00 -6.516083352571461207e-01
3.945840372908780314e+00 -6.424043225968760762e-01
3.958406743523139149e+00 -7.993570897973285572e-01
3.970973114137498428e+00 -6.711030658490358958e-01
3.983539484751857707e+00 -7.003498213392160832e-01
3.996105855366216986e+00 -7.819893341489987382e-01
4.008672225980576265e+00 -6.541386560619810719e-01
4.021238596594935544e+00 -6.357973502076910144e-01
4.033804967209294823e+00 -6.308917856898813570e-01
4.046371337823653214e+00 -7.814146481567206814e-01
4.058937708438012493e+00 -7.782311478527357274e-01
4.071504079052371772e+00 -7.751381554266856266e-01
4.084070449666731051e+00 -8.283178405817064327e-01
4.096636820281090330e+00 -7.710392569606770996e-01
4.109203190895449609e+00 -8.749757432028505422e-01
4.121769561509808888e+00 -8.682184679776880909e-01
4.134335932124168167e+00 -9.418457325994098461e-01
4.146902302738527446e+00 -8.523353208340995746e-01
4.159468673352886725e+00 -9.196267816937953032e-01
4.172035043967245116e+00 -9.002733593785398059e-01
4.184601414581604395e+00 -9.020354424198054888e-01
4.197167785195963674e+00 -9.518917856675001010e-01
4.209734155810322953e+00 -1.010411920550764009e+00
4.222300526424682232e+00 -8.282382484876442685e-01
4.234866897039041511e+00 -9.739562266753191144e-01
4.247433267653400790e+00 -8.481254804544967607e-01
4.259999638267760069e+00 -9.288639526420717774e-01
4.272566008882119348e+00 -8.803035917475038330e-01
4.285132379496477739e+00 -8.377448215968766876e-01
4.297698750110837018e+00 -6.282392890697467980e-01
4.310265120725196297e+00 -9.373546908522942811e-01
4.322831491339555576e+00 -8.096107524321278781e-01
4.335397861953914855e+00 -8.555070621862689295e-01
4.347964232568274134e+00 -9.167053771633542070e-01
4.360530603182633413e+00 -9.987146898597513145e-01
4.373096973796992692e+00 -8.641349583282297298e-01
4.385663344411351972e+00 -8.215640957580807591e-01
4.398229715025710362e+00 -9.113995587998414694e-01
4.410796085640069641e+00 -1.016248870884794986e+00
4.423362456254428032e+00 -1.018183372516321850e+00
4.435928826868787311e+00 -9.614600216036469638e-01
4.448495197483146590e+00 -1.159746036886432519e+00
4.461061568097505869e+00 -1.178757954269513686e+00
4.473627938711865148e+00 -9.304779910352224404e-01
4.486194309326224428e+00 -1.124840104047222233e+00
4.498760679940583707e+00 -8.833683143098715052e-01
4.511327050554942986e+00 -9.798287017085779427e-01
4.523893421169302265e+00 -8.503041325338447365e-01
4.536459791783661544e+00 -1.124454577508286146e+00
4.549026162398019935e+00 -1.048046227433908184e+00
4.561592533012379214e+00 -9.862959075669578413e-01
4.574158903626738493e+00 -9.702434358136550197e-01
4.586725274241097772e+00 -1.028706895020734757e+00
4.599291644855457051e+00 -9.677121119631479917e-01
4.611858015469816330e+00 -8.996013214920950407e-01
4.624424386084175609e+00 -8.796957518978768542e-01
4.636990756698534888e+00 -1.113253574179356109e+00
4.649557127312894167e+00 -9.701905559738579488e-01
4.662123497927252558e+00 -1.068520509978932331e+00
4.674689868541611837e+00 -8.447566183306803866e-01
4.687256239155971116e+00 -1.090481178788593741e+00
4.699822609770330395e+00 -1.207823237752661205e+00
4.712388980384689674e+00 -1.067385919022084906e+00
4.724955350999048953e+00 -1.102526051029148801e+00
4.737521721613408232e+00 -1.002809731834098939e+00
4.750088092227767511e+00 -9.360656401728945086e-01
4.762654462842126790e+00 -1.169054688306869760e+00
4.775220833456485181e+00 -1.032053065031523609e+00
4.787787204070844460e+00 -1.037611106806235473e+00
4.800353574685203739e+00 -1.042502350137349820e+00
4.812919945299563018e+00 -9.830882894721246767e-01
4.825486315913922297e+00 -1.008713397837495807e+00
4.838052686528281576e+00 -1.181664913969055153e+00
4.850619057142640855e+00 -8.590231495597238087e-01
4.863185427757000134e+00 -9.095803024287342220e-01
4.875751798371359413e+00 -1.083405735167674466e+00
4.888318168985717804e+00 -8.935285846136920007e-01
4.900884539600077083e+00 -8.891161303926242709e-01
4.913450910214436362e+00 -1.132895092889064648e+00
4.926017280828795641e+00 -9.843147438955579531e-01
4.938583651443154920e+00 -9.704929568004218021e-01
4.951150022057514200e+00 -8.399015576226600555e-01
4.963716392671873479e+00 -9.532768507515820833e-01
4.976282763286232758e+00 -8.974037362782814053e-01
4.988849133900592037e+00 -1.020546167825068018e+00
5.001415504514951316e+00 -1.039571317395903582e+00
5.013981875129309707e+00 -9.203394479040732934e-01
5.026548245743668986e+00 -8.493661848042572959e-01
5.039114616358028265e+00 -9.585188237402539890e-01
5.051680986972387544e+00 -8.865365161729638066e-01
5.064247357586746823e+00 -9.583890490471254076e-01
5.076813728201106102e+00 -9.753258354570404354e-01
5.089380098815465381e+00 -9.461281350888985919e-01
5.101946469429824660e+00 -1.191775174757063294e+00
5.114512840044183939e+00 -9.626785326080157246e-01
5.127079210658542330e+00 -1.048909131331632327e+00
5.139645581272901609e+00 -8.641385837142948612e-01
5.152211951887260888e+00 -7.783438509221600743e-01
5.164778322501620167e+00 -1.088564316064872806e+00
5.177344693115979446e+00 -8.527438258458234221e-01
5.189911063730338725e+00 -9.825416918139592282e-01
5.202477434344698004e+00 -9.085489079184254635e-01
5.215043804959057283e+00 -8.516902442183443833e-01
5.227610175573416562e+00 -7.470300997551873046e-01
5.240176546187774953e+00 -8.809783206653607479e-01
5.252742916802134232e+00 -6.879065225057942046e-01
5.265309287416492623e+00 -8.655642616617696961e-01
5.277875658030851902e+00 -8.512609694139275929e-01
5.290442028645211181e+00 -9.612232729994332203e-01
5.303008399259570460e+00 -6.714493419922493711e-01
5.315574769873929739e+00 -8.020195381634636078e-01
5.328141140488289018e+00 -7.627296310572739824e-01
5.340707511102648297e+00 -7.996324924289389680e-01
5.353273881717007576e+00 -8.266242282317946000e-01
5.365840252331366855e+00 -8.023314998616413174e-01
5.378406622945726134e+00 -7.828399304119442181e-01
5.390972993560084525e+00 -8.662581655682684012e-01
5.403539364174443804e+00 -6.288892131189481871e-01
5.416105734788803083e+00 -7.265475353987520535e-01
5.428672105403162362e+00 -6.375742009350804373e-01
5.441238476017521641e+00 -8.020432314375548488e-01
5.453804846631880920e+00 -6.596451583248685857e-01
5.466371217246240199e+00 -6.431070648381355115e-01
5.478937587860599479e+00 -6.743260747954679113e-01
5.491503958474958758e+00 -6.527039362086755059e-01
5.504070329089317148e+00 -6.184328914091353768e-01
5.516636699703676427e+00 -6.597008895530960260e-01
5.529203070318035707e+00 -7.832546883845600272e-01
5.541769440932394986e+00 -6.633245750202031443e-01
5.554335811546754265e+00 -6.561409377848562707e-01
5.566902182161113544e+00 -6.444615442299640451e-01
5.579468552775472823e+00 -6.335906766340198004e-01
5.592034923389832102e+00 -6.573640889765037798e-01
5.604601294004191381e+00 -5.878783982386542872e-01
5.617167664618549772e+00 -7.170535479985153948e-01
5.629734035232909051e+00 -7.140557491753366515e-01
5.642300405847268330e+00 -6.875337368039853292e-01
5.654866776461627609e+00 -6.789870529934577403e-01
5.667433147075986888e+00 -5.790094155052301073e-01
5.679999517690346167e+00 -4.134637206203441995e-01
5.692565888304705446e+00 -5.572098169843447968e-01
5.705132258919064725e+00 -5.022066244513923028e-01
5.717698629533424004e+00 -6.451214177372172065e-01
5.730265000147783283e+00 -5.281095319597439719e-01
5.742831370762141674e+00 -4.503654474006029140e-01
5.755397741376500953e+00 -4.345985396460382288e-01
5.767964111990860232e+00 -4.564615980187718969e-01
5.780530482605219511e+00 -3.650265503064186734e-01
5.793096853219578790e+00 -3.184878335264351712e-01
5.805663223833938069e+00 -5.376622953915659586e-01
5.818229594448297348e+00 -3.140422176232441354e-01
5.830795965062656627e+00 -5.215617820747717737e-01
5.843362335677015906e+00 -4.040816934915062997e-01
5.855928706291374297e+00 -5.247197107701356833e-01
5.868495076905733576e+00 -4.157091122111221115e-01
5.881061447520092855e+00 -3.601648183996730146e-01
5.893627818134452134e+00 -3.950882654180395970e-01
5.906194188748811413e+00 -4.037796798743496507e-01
5.918760559363170692e+00 -2.593600812507663722e-01
5.931326929977529971e+00 -2.953884689154165910e-01
5.943893300591889250e+00 -2.785582897169820438e-01
5.956459671206248530e+00 -2.399432735685499973e-01
5.969026041820606920e+00 -1.530000034818768118e-01
5.981592412434966199e+00 -1.826238688465970927e-01
5.994158783049325478e+00 -2.985010752378984833e-01
6.006725153663684758e+00 -1.011524582163399466e-01
6.019291524278044037e+00 -2.362019178887909965e-01
6.031857894892402427e+00 -2.781304890783466988e-01
6.044424265506761706e+00 -1.793987509719168760e-01
6.056990636121120986e+00 -2.071433599525815683e-01
6.069557006735480265e+00 -1.303651046327629626e-01
6.082123377349839544e+00 -1.319137930944800918e-01
6.094689747964198823e+00 -2.555283751645589518e-01
6.107256118578558102e+00 -3.147372937054701003e-01
6.119822489192916493e+00 -1.781778821081293207e-01
6.132388859807275772e+00 -3.803487826725326926e-01
6.144955230421635051e+00 -1.187359559172295048e-01
6.157521601035994330e+00 -5.865453384492670674e-02
6.170087971650353609e+00 1.996468320264656315e-02
6.182654342264712888e+00 -1.390870379904699528e-01
6.195220712879072167e+00 -1.013964890047403949e-01
6.207787083493431446e+00 -1.114394228886801119e-01
6.220353454107790725e+00 -6.748054676105166849e-02
6.232919824722149116e+00 9.885926380045097217e-02
6.245486195336508395e+00 5.275273525889032783e-02
6.258052565950867674e+00 2.632160000682197062e-02
6.270618936565226953e+00 -9.735527799516936753e-02
