0.000000000000000000e+00 2.164934937442029028e-01
1.256637061435917323e-02 -8.649913520828075852e-02
2.513274122871834645e-02 7.025552991938556480e-02
3.769911184307751795e-02 1.042151948635090669e-01
5.026548245743669291e-02 -6.711720108952244634e-02
6.283185307179586787e-02 2.586754301418137114e-03
7.539822368615503589e-02 1.008004135652085242e-01
8.796459430051420392e-02 1.057373479965185853e-01
1.005309649148733858e-01 2.585166844090637239e-01
1.130973355292325677e-01 1.190698642203360108e-01
1.256637061435917357e-01 -2.170744885879710706e-02
1.382300767579508760e-01 1.300624497403567170e-01
1.507964473723100718e-01 3.057390743525070786e-01
1.633628179866692676e-01 -3.452376324547132280e-02
1.759291886010284078e-01 2.053929311260333790e-01
1.884955592153875759e-01 -5.734643811753553644e-02
2.010619298297467716e-01 3.186409012595171064e-01
2.136283004441059397e-01 2.519812040326996350e-01
2.261946710584651354e-01 1.552065561967127527e-01
2.387610416728242757e-01 1.443444739238275987e-01
2.513274122871834715e-01 4.495379148410824643e-02
2.638937829015426395e-01 1.688498050872251910e-01
2.764601535159017520e-01 2.466074184249981704e-01
2.890265241302609756e-01 2.393406658181624902e-01
3.015928947446201436e-01 3.569354770125424126e-01
3.141592653589793116e-01 2.545290178682722004e-01
3.267256359733385351e-01 3.150350623393813887e-01
3.392920065876976476e-01 4.109359318580155240e-01
3.518583772020568157e-01 3.550281925930616200e-01
3.644247478164160392e-01 3.206322187946753499e-01
3.769911184307751517e-01 3.118434493591647483e-01
3.895574890451343197e-01 4.606566955466885882e-01
4.021238596594935433e-01 2.580358752898510577e-01
4.146902302738527113e-01 4.133569451421350571e-01
4.272566008882118793e-01 4.479322728493344563e-01
4.398229715025711029e-01 1.992189121568115340e-01
4.523893421169302709e-01 5.564022684158309584e-01
4.649557127312893834e-01 4.835558620231522053e-01
4.775220833456485514e-01 4.709327643555618614e-01
4.900884539600077194e-01 4.320037504631309977e-01
5.026548245743669430e-01 6.411518973547049027e-01
5.152211951887261110e-01 5.111555870092102660e-01
5.277875658030852790e-01 6.687417667376974739e-01
5.403539364174444470e-01 2.813702997349714074e-01
5.529203070318035040e-01 5.625519913600456334e-01
5.654866776461627831e-01 3.881538053747702333e-01
5.780530482605219511e-01 6.102792797227531985e-01
5.906194188748811191e-01 4.546342952190324249e-01
6.031857894892402872e-01 5.338279365255558240e-01
6.157521601035994552e-01 4.370272996652523889e-01
6.283185307179586232e-01 3.654165215859469518e-01
6.408849013323177912e-01 7.111988576270779072e-01
6.534512719466770703e-01 4.533396859237910359e-01
6.660176425610361273e-01 6.537191297650460919e-01
6.785840131753952953e-01 5.862600933790117486e-01
6.911503837897544633e-01 5.209895903230697956e-01
7.037167544041136313e-01 6.650824824141164937e-01
7.162831250184729104e-01 6.264672601431294785e-01
7.288494956328320784e-01 5.777075086091442158e-01
7.414158662471912464e-01 6.218137595176601584e-01
7.539822368615503034e-01 7.533676802538226136e-01
7.665486074759094715e-01 7.965763725749317459e-01
7.791149780902686395e-01 6.393793016467902435e-01
7.916813487046279185e-01 6.615214127453743487e-01
8.042477193189870865e-01 6.818603298935359547e-01
8.168140899333462546e-01 6.681949145003160950e-01
8.293804605477054226e-01 7.793121758836136781e-01
8.419468311620645906e-01 6.995581733035565186e-01
8.545132017764237586e-01 7.130846462112396811e-01
8.670795723907829267e-01 6.047101164366348591e-01
8.796459430051422057e-01 8.978095510218796482e-01
8.922123136195013737e-01 8.015302189038632230e-01
9.047786842338605418e-01 8.267842611181174250e-01
9.173450548482194877e-01 7.539526245639867064e-01
9.299114254625787668e-01 9.341050161602897361e-01
9.424777960769379348e-01 7.208263013747755465e-01
9.550441666912971028e-01 8.535417487674049619e-01
9.676105373056562708e-01 8.504859278462566508e-01
9.801769079200154389e-01 8.711560198307040093e-01
9.927432785343746069e-01 8.309097555850305517e-01
1.005309649148733886e+00 6.787773959674131552e-01
1.017876019763092943e+00 6.769608478368642768e-01
1.030442390377452222e+00 9.508857482662363969e-01
1.043008760991811279e+00 9.656928802836001191e-01
1.055575131606170558e+00 8.253134418098427849e-01
1.068141502220529837e+00 8.652189224042748927e-01
1.080707872834888894e+00 7.861155653674746224e-01
1.093274243449248173e+00 6.948294658655677081e-01
1.105840614063607008e+00 8.818114760235166161e-01
1.118406984677966287e+00 8.932097358370233442e-01
1.130973355292325566e+00 9.861935153461189874e-01
1.143539725906684623e+00 8.427228762595542211e-01
1.156106096521043902e+00 1.017132913349487522e+00
1.168672467135402959e+00 1.011521657913361683e+00
1.181238837749762238e+00 8.559126454444696552e-01
1.193805208364121295e+00 1.042493610232366752e+00
1.206371578978480574e+00 9.280266896580458003e-01
1.218937949592839853e+00 9.528764178177207000e-01
1.231504320207198910e+00 9.229490045583288449e-01
1.244070690821558189e+00 9.005165244906295774e-01
1.256637061435917246e+00 1.086336851643262102e+00
1.269203432050276525e+00 1.055225602932225337e+00
1.281769802664635582e+00 8.384271024420653085e-01
1.294336173278994861e+00 1.058564351615368437e+00
1.306902543893354141e+00 8.581486710617933777e-01
1.319468914507712975e+00 1.014738575485985450e+00
1.332035285122072255e+00 9.337146745634384848e-01
1.344601655736431534e+00 1.074522945446179767e+00
1.357168026350790591e+00 8.859964910896844792e-01
1.369734396965149870e+00 8.036312132002509934e-01
1.382300767579508927e+00 1.018269728291580911e+00
1.394867138193868206e+00 1.010745891448701306e+00
1.407433508808227263e+00 9.067636602048032568e-01
1.419999879422586542e+00 1.101014501597223472e+00
1.432566250036945821e+00 1.068166712337006219e+00
1.445132620651304878e+00 9.078162147594883713e-01
1.457698991265664157e+00 9.343206111796800162e-01
1.470265361880023214e+00 9.786604771240509093e-01
1.482831732494382493e+00 1.119542525032624303e+00
1.495398103108741550e+00 1.145779440399692151e+00
1.507964473723100607e+00 1.033252892312144233e+00
1.520530844337459886e+00 1.000348651256034005e+00
1.533097214951818943e+00 8.947452598714780159e-01
1.545663585566178222e+00 1.110575637137897864e+00
1.558229956180537279e+00 8.737659567293730722e-01
1.570796326794896558e+00 1.200175919852392026e+00
1.583362697409255837e+00 9.738833242918156774e-01
1.595929068023614894e+00 9.970143819963298570e-01
1.608495438637974173e+00 9.864507864918562463e-01
1.621061809252333230e+00 1.219731600964760299e+00
1.633628179866692509e+00 9.486797474207754322e-01
1.646194550481051566e+00 1.044470085596539866e+00
1.658760921095410845e+00 1.009187642732285672e+00
1.671327291709770124e+00 9.486609365934556282e-01
1.683893662324129181e+00 1.077627433583170369e+00
1.696460032938488460e+00 9.132130638751012608e-01
1.709026403552847517e+00 1.003306988268372058e+00
1.721592774167206796e+00 9.539875291041731709e-01
1.734159144781565853e+00 1.127478660444193537e+00
1.746725515395925132e+00 1.085853964749708744e+00
1.759291886010284411e+00 1.115760855587562661e+00
1.771858256624643468e+00 9.150064905490858935e-01
1.784424627239002747e+00 1.076284848255948168e+00
1.796990997853361804e+00 1.131138285722264269e+00
1.809557368467721084e+00 1.042659531447818200e+00
1.822123739082079918e+00 1.188724906729652364e+00
1.834690109696438975e+00 1.216666658277403279e+00
1.847256480310798255e+00 8.590904959832175170e-01
1.859822850925157534e+00 9.782378761978226533e-01
1.872389221539516591e+00 9.390630736466569761e-01
1.884955592153875870e+00 8.930258711133336469e-01
1.897521962768234927e+00 9.230401587881579273e-01
1.910088333382594206e+00 9.688638166491879700e-01
1.922654703996953263e+00 8.536442821444971685e-01
1.935221074611312542e+00 9.750216569404150935e-01
1.947787445225671821e+00 8.894672169897959169e-01
1.960353815840030878e+00 7.932222116660706535e-01
1.972920186454390157e+00 1.023896542940977650e+00
1.985486557068749214e+00 1.036886151145833379e+00
1.998052927683108493e+00 9.624568593617726098e-01
2.010619298297467772e+00 8.397584928107098001e-01
2.023185668911826607e+00 1.016733246053368012e+00
2.035752039526185886e+00 8.741124456031048595e-01
2.048318410140545165e+00 9.288267332631335860e-01
2.060884780754904444e+00 8.307898863041286441e-01
2.073451151369263723e+00 1.087118636129496441e+00
2.086017521983622558e+00 9.534699132764937746e-01
2.098583892597981837e+00 9.748615202283781311e-01
2.111150263212341116e+00 8.958543857958454204e-01
2.123716633826700395e+00 8.697747122714755141e-01
2.136283004441059674e+00 1.014040810559395211e+00
2.148849375055418509e+00 7.041075528014524298e-01
2.161415745669777788e+00 8.312293624155255856e-01
2.173982116284137067e+00 7.183865786385204011e-01
2.186548486898496346e+00 7.281320875574710527e-01
2.199114857512855181e+00 8.392081041235115446e-01
2.211681228127214016e+00 8.143737512095469144e-01
2.224247598741573295e+00 8.038710245272437938e-01
2.236813969355932574e+00 7.336920767456237558e-01
2.249380339970291853e+00 8.764936053060450316e-01
2.261946710584651132e+00 9.307620163507426270e-01
2.274513081199009967e+00 9.524590328905436776e-01
2.287079451813369246e+00 7.888150018485573511e-01
2.299645822427728525e+00 6.782778291930895431e-01
2.312212193042087804e+00 5.675076887236017997e-01
2.324778563656447083e+00 5.392398649252091447e-01
2.337344934270805918e+00 6.674381189946130277e-01
2.349911304885165197e+00 5.878994908021540899e-01
2.362477675499524477e+00 9.147391644574381919e-01
2.375044046113883756e+00 6.738165575387067285e-01
2.387610416728242591e+00 4.753059056346951028e-01
2.400176787342601870e+00 5.148374538736386619e-01
2.412743157956961149e+00 6.296279330954364095e-01
2.425309528571320428e+00 4.660971013527347995e-01
2.437875899185679707e+00 6.923717700963463173e-01
2.450442269800038542e+00 6.566181413769993647e-01
2.463008640414397821e+00 4.962272179856076493e-01
2.475575011028757100e+00 5.440249813847282123e-01
2.488141381643116379e+00 5.096470392999374877e-01
2.500707752257475658e+00 7.249540379275243307e-01
2.513274122871834493e+00 7.064884422601602765e-01
2.525840493486193772e+00 6.238053626770018179e-01
2.538406864100553051e+00 7.082523853931531610e-01
2.550973234714912330e+00 3.923749323867643524e-01
2.563539605329271165e+00 5.950032727386295184e-01
2.576105975943630444e+00 4.663603229510423498e-01
2.588672346557989723e+00 5.500118578272642500e-01
2.601238717172349002e+00 7.441480944589329294e-01
2.613805087786708281e+00 4.558895140130301837e-01
2.626371458401067116e+00 6.289250096082567021e-01
2.638937829015425951e+00 4.473760053822752880e-01
2.651504199629785230e+00 4.642670710716433335e-01
2.664070570244144509e+00 3.675796612078047754e-01
2.676636940858503788e+00 5.826125649537973183e-01
2.689203311472863067e+00 3.096650819234125773e-01
2.701769682087221902e+00 3.791102954333001041e-01
2.714336052701581181e+00 3.632418609062967318e-01
2.726902423315940460e+00 3.421866813240184158e-01
2.739468793930299739e+00 3.825721489774440154e-01
2.752035164544658574e+00 3.228428129389466217e-01
2.764601535159017853e+00 2.103351263663962856e-01
2.777167905773377132e+00 3.198114887346123481e-01
2.789734276387736411e+00 3.147734589486276269e-01
2.802300647002095690e+00 2.348804055233445487e-01
2.814867017616454525e+00 3.522712916152281326e-01
2.827433388230813804e+00 2.090840329236670347e-01
2.839999758845173083e+00 2.223745466798532355e-01
2.852566129459532362e+00 3.168845180645309956e-01
2.865132500073891642e+00 2.175625609353583068e-01
2.877698870688250476e+00 2.355584937383063959e-01
2.890265241302609756e+00 1.456973881454466657e-01
2.902831611916969035e+00 3.978242240902204463e-01
2.915397982531328314e+00 7.704822867558924759e-02
2.927964353145687149e+00 2.969110430668302492e-01
2.940530723760046428e+00 1.683434972297291055e-01
2.953097094374405707e+00 1.594415598835081105e-01
2.965663464988764986e+00 4.091123944588917483e-01
2.978229835603124265e+00 9.801566764382327324e-02
2.990796206217483100e+00 1.812639895478860563e-01
3.003362576831842379e+00 1.670336792408943782e-01
3.015928947446201214e+00 1.444783472671579416e-01
3.028495318060560493e+00 1.731651284182052219e-02
3.041061688674919772e+00 3.156850972429265378e-01
3.053628059289279051e+00 6.507370092114435345e-02
3.066194429903637886e+00 9.314349476920311122e-02
3.078760800517997165e+00 6.866434192854815877e-02
3.091327171132356444e+00 -4.499788686545414668e-02
3.103893541746715723e+00 -6.398155739178590373e-02
3.116459912361074558e+00 1.341433858247922939e-01
3.129026282975433837e+00 9.621165565904563760e-03
3.141592653589793116e+00 -6.822877113693423534e-02
3.154159024204152395e+00 -7.589440853286553643e-03
3.166725394818511674e+00 8.072637796950100225e-03
3.179291765432870509e+00 8.235016345611954891e-02
3.191858136047229788e+00 6.781844039859603879e-02
3.204424506661589067e+00 -2.330367973203065768e-01
3.216990877275948346e+00 -4.714325762748228232e-02
3.229557247890307181e+00 -4.513198288252660839e-02
3.242123618504666460e+00 -1.298354404645680471e-01
3.254689989119025739e+00 -9.943150069431545834e-02
3.267256359733385018e+00 -5.234693373924756421e-02
3.279822730347744297e+00 -2.355372929121247183e-01
3.292389100962103132e+00 -4.125492683396095317e-02
3.304955471576462411e+00 -2.156429045122554289e-01
3.317521842190821690e+00 -4.293845611926036532e-02
3.330088212805180969e+00 -2.367054555858035259e-01
3.342654583419540248e+00 -1.465749608767564771e-01
3.355220954033899083e+00 -3.066665911030841407e-02
3.367787324648258362e+00 -2.260297843448872690e-01
3.380353695262617642e+00 -5.959826321919267644e-02
3.392920065876976921e+00 -3.025480652198452303e-01
3.405486436491335756e+00 -2.170976346508311228e-01
3.418052807105695035e+00 -3.323974255697419444e-01
3.430619177720054314e+00 -3.356356527886566465e-01
3.443185548334413593e+00 -2.753543720060918631e-01
3.455751918948772872e+00 -2.078286722597967873e-01
3.468318289563131707e+00 -3.570838281512304646e-01
3.480884660177490986e+00 -4.547156824146064147e-01
3.493451030791850265e+00 -3.074368163631140405e-01
3.506017401406209544e+00 -4.413136432662303488e-01
3.518583772020568823e+00 -3.791277935952948597e-01
3.531150142634927658e+00 -5.742051975636870420e-01
3.543716513249286937e+00 -2.782060878703855877e-01
3.556282883863646216e+00 -5.415133896644929168e-01
3.568849254478005495e+00 -3.869055182322785336e-01
3.581415625092364330e+00 -2.702135565803920336e-01
3.593981995706723609e+00 -4.110388539780729933e-01
3.606548366321082888e+00 -5.230632011762548217e-01
3.619114736935442167e+00 -4.515579547561313078e-01
3.631681107549800558e+00 -5.574790173661291481e-01
3.644247478164159837e+00 -5.043682510871874136e-01
3.656813848778519116e+00 -5.209042613645461506e-01
3.669380219392877951e+00 -6.197106839932809974e-01
3.681946590007237230e+00 -5.625961361885983836e-01
3.694512960621596509e+00 -4.742424391887128943e-01
3.707079331235955788e+00 -6.441787109766915487e-01
3.719645701850315067e+00 -4.694107262926084378e-01
3.732212072464673902e+00 -3.419540633988180645e-01
3.744778443079033181e+00 -5.650405648710029594e-01
3.757344813693392460e+00 -3.978071045521154314e-01
3.769911184307751739e+00 -6.228962532537903884e-01
3.782477554922110574e+00 -6.729288243596517338e-01
3.795043925536469853e+00 -4.979419077996202203e-01
3.807610296150829132e+00 -6.536415743457917316e-01
3.820176666765188411e+00 -6.457927086681982676e-01
3.832743037379547690e+00 -6.771096394233444560e-01
3.845309407993906525e+00 -5.556032425106720574e-01
3.857875778608265804e+00 -6.854631160562225656e-01
3.870442149222625083e+00 -6.447830770160891678e-01
3.883008519836984362e+00 -8.004706786007846908e-01
3.895574890451343641e+00 -5.979007624106982277e-01
3.908141261065702476e+00 -6.885509020010031067e-01
3.920707631680061755e+00 -7.015607159390787606e-01
3.933274002294421035e+00 -9.833050270943202165e-01
3.945840372908780314e+00 -7.661483283987631232e-01
3.958406743523139149e+00 -7.170820330627568628e-01
3.970973114137498428e+00 -6.738915188888158214e-01
3.983539484751857707e+00 -1.021577744802520504e+00
3.996105855366216986e+00 -7.544773164064358939e-01
4.008672225980576265e+00 -8.008594517114174804e-01
4.021238596594935544e+00 -7.485503178074244257e-01
4.033804967209294823e+00 -9.121968766565436981e-01
4.046371337823653214e+00 -7.748224189221949443e-01
4.058937708438012493e+00 -6.205963755847050400e-01
4.071504079052371772e+00 -9.956777105651475335e-01
4.084070449666731051e+00 -6.252341969171814062e-01
4.096636820281090330e+00 -7.920469467083532944e-01
4.109203190895449609e+00 -7.862316010673819910e-01
4.121769561509808888e+00 -7.635669248932774877e-01
4.134335932124168167e+00 -7.819630469979347298e-01
4.146902302738527446e+00 -8.196243295375680304e-01
4.159468673352886725e+00 -7.954491968327414009e-01
4.172035043967245116e+00 -7.069457374833134633e-01
4.184601414581604395e+00 -1.147470857012723666e+00
4.197167785195963674e+00 -7.239185774736703882e-01
4.209734155810322953e+00 -9.554236673849224593e-01
4.222300526424682232e+00 -9.554835653435499454e-01
4.234866897039041511e+00 -8.904789865394998616e-01
4.247433267653400790e+00 -8.545028506776852772e-01
4.259999638267760069e+00 -9.233542783518421393e-01
4.272566008882119348e+00 -1.096342173888835259e+00
4.285132379496477739e+00 -9.373113495844991316e-01
4.297698750110837018e+00 -8.078216488784746296e-01
4.310265120725196297e+00 -8.201656541848690862e-01
4.322831491339555576e+00 -1.172755461904926522e+00
4.335397861953914855e+00 -7.075472289327436881e-01
4.347964232568274134e+00 -8.976767472067790354e-01
4.360530603182633413e+00 -9.031606807977383689e-01
4.373096973796992692e+00 -8.748580096177283050e-01
4.385663344411351972e+00 -9.958865501615726812e-01
4.398229715025710362e+00 -8.892703596272043542e-01
4.410796085640069641e+00 -9.150653347864914355e-01
4.423362456254428032e+00 -9.525778670695805861e-01
4.435928826868787311e+00 -1.013958934537687595e+00
4.448495197483146590e+00 -9.330660185598618206e-01
4.461061568097505869e+00 -1.067342823986195510e+00
4.473627938711865148e+00 -9.427122994892451757e-01
4.486194309326224428e+00 -1.113753480710917287e+00
4.498760679940583707e+00 -9.693550162189459307e-01
4.511327050554942986e+00 -9.489027811918100408e-01
4.523893421169302265e+00 -9.996145687090594034e-01
4.536459791783661544e+00 -8.983784218692151269e-01
4.549026162398019935e+00 -1.041505657822790143e+00
4.561592533012379214e+00 -8.507148766684473618e-01
4.574158903626738493e+00 -9.711932099563158616e-01
4.586725274241097772e+00 -9.861830599588463642e-01
4.599291644855457051e+00 -9.847986733475672105e-01
4.611858015469816330e+00 -1.192920957815317928e+00
4.624424386084175609e+00 -1.222347543897380762e+00
4.636990756698534888e+00 -1.119075364499318770e+00
4.649557127312894167e+00 -1.174453336023725480e+00
4.662123497927252558e+00 -9.981154706637757057e-01
4.674689868541611837e+00 -8.336881533987405835e-01
4.687256239155971116e+00 -1.019575950483809557e+00
4.699822609770330395e+00 -1.164509188157126562e+00
4.712388980384689674e+00 -1.194788642290087299e+00
4.724955350999048953e+00 -1.066412947830895019e+00
4.737521721613408232e+00 -1.003832117318457895e+00
4.750088092227767511e+00 -8.928183503762571194e-01
4.762654462842126790e+00 -1.031527739950644840e+00
4.775220833456485181e+00 -1.080516259239011401e+00
4.787787204070844460e+00 -1.065527141949725864e+00
4.800353574685203739e+00 -1.009013090267444124e+00
4.812919945299563018e+00 -9.838352135484234040e-01
4.825486315913922297e+00 -9.558172648840382868e-01
4.838052686528281576e+00 -7.315498239320135099e-01
4.850619057142640855e+00 -9.216877422384576191e-01
4.863185427757000134e+00 -7.810419714601147811e-01
4.875751798371359413e+00 -8.212155948648953707e-01
4.888318168985717804e+00 -9.188636735349047235e-01
4.900884539600077083e+00 -1.095063496276573289e+00
4.913450910214436362e+00 -9.010463537383496258e-01
4.926017280828795641e+00 -9.434159999897427928e-01
4.938583651443154920e+00 -8.749333005745516534e-01
4.951150022057514200e+00 -9.350500639711412099e-01
4.963716392671873479e+00 -8.495170346762721536e-01
4.976282763286232758e+00 -8.309351296654968744e-01
4.988849133900592037e+00 -8.930599684219628909e-01
5.001415504514951316e+00 -8.458266355245402934e-01
5.013981875129309707e+00 -9.358355673021514498e-01
5.026548245743668986e+00 -9.764150080779162577e-01
5.039114616358028265e+00 -9.845634908949324471e-01
5.051680986972387544e+00 -9.134304490533602383e-01
5.064247357586746823e+00 -1.023097531824322504e+00
5.076813728201106102e+00 -9.658056071560674471e-01
5.089380098815465381e+00 -9.015404566629525718e-01
5.101946469429824660e+00 -8.592730929829356379e-01
5.114512840044183939e+00 -8.596747155358985815e-01
5.127079210658542330e+00 -9.718890746387855994e-01
5.139645581272901609e+00 -1.055919842133825615e+00
5.152211951887260888e+00 -1.046745614824477588e+00
5.164778322501620167e+00 -9.518339880248418705e-01
5.177344693115979446e+00 -9.014874602877245291e-01
5.189911063730338725e+00 -8.889025633028250217e-01
5.202477434344698004e+00 -7.629389703628438602e-01
5.215043804959057283e+00 -8.229880079905510515e-01
5.227610175573416562e+00 -8.308670027540810965e-01
5.240176546187774953e+00 -9.520972376683758398e-01
5.252742916802134232e+00 -8.423676890937024098e-01
5.265309287416492623e+00 -9.243001111213271503e-01
5.277875658030851902e+00 -7.980881400493244904e-01
5.290442028645211181e+00 -8.778994255748069353e-01
5.303008399259570460e+00 -8.621067799994848180e-01
5.315574769873929739e+00 -7.483482025980143781e-01
5.328141140488289018e+00 -7.369813183063069761e-01
5.340707511102648297e+00 -4.933484473937455039e-01
5.353273881717007576e+00 -8.110307953141822068e-01
5.365840252331366855e+00 -9.742107990024004849e-01
5.378406622945726134e+00 -7.534486267171326412e-01
5.390972993560084525e+00 -6.931611496793164129e-01
5.403539364174443804e+00 -6.879468835051614217e-01
5.416105734788803083e+00 -8.294083026926649671e-01
5.428672105403162362e+00 -8.553299320962253205e-01
5.441238476017521641e+00 -8.762976393488939308e-01
5.453804846631880920e+00 -7.968249195750491953e-01
5.466371217246240199e+00 -8.775087411083909439e-01
5.478937587860599479e+00 -7.840386482975851834e-01
5.491503958474958758e+00 -7.581017865804050571e-01
5.504070329089317148e+00 -6.389316105376903199e-01
5.516636699703676427e+00 -6.522141382676234223e-01
5.529203070318035707e+00 -7.567815379731754888e-01
5.541769440932394986e+00 -6.812913941580696076e-01
5.554335811546754265e+00 -7.844863099051788691e-01
5.566902182161113544e+00 -6.469997730634493571e-01
5.579468552775472823e+00 -6.639521888598125532e-01
5.592034923389832102e+00 -5.536269675349426711e-01
5.604601294004191381e+00 -6.593896061547909193e-01
5.617167664618549772e+00 -4.706008010567001021e-01
5.629734035232909051e+00 -7.815082499077239397e-01
5.642300405847268330e+00 -7.937769981230882177e-01
5.654866776461627609e+00 -6.291308930372445651e-01
5.667433147075986888e+00 -5.340923184802012225e-01
5.679999517690346167e+00 -6.418908128739757579e-01
5.692565888304705446e+00 -6.105911928135741018e-01
5.705132258919064725e+00 -3.928476709306226722e-01
5.717698629533424004e+00 -5.871070946788622402e-01
5.730265000147783283e+00 -5.691319031579780141e-01
5.742831370762141674e+00 -5.838838839195172881e-01
5.755397741376500953e+00 -4.806217315773734788e-01
5.767964111990860232e+00 -3.150167179647487270e-01
5.780530482605219511e+00 -3.861928620190372419e-01
5.793096853219578790e+00 -4.415805589622616711e-01
5.805663223833938069e+00 -4.299841892593176951e-01
5.818229594448297348e+00 -4.196886894570709958e-01
5.830795965062656627e+00 -5.195175740396208441e-01
5.843362335677015906e+00 -5.351513181130269636e-01
5.855928706291374297e+00 -4.804447159109856980e-01
5.868495076905733576e+00 -3.081761925523202050e-01
5.881061447520092855e+00 -3.575967251970187943e-01
5.893627818134452134e+00 -3.831825928944105342e-01
5.906194188748811413e+00 -3.654905421606525762e-01
5.918760559363170692e+00 -3.060762638680791792e-01
5.931326929977529971e+00 -3.030789046381981988e-01
5.943893300591889250e+00 -3.406246936669232728e-01
5.956459671206248530e+00 -3.870896454895079719e-01
5.969026041820606920e+00 -2.113377624679828592e-01
5.981592412434966199e+00 -2.204515946397024861e-01
5.994158783049325478e+00 -2.491465888333871948e-01
6.006725153663684758e+00 -4.561032537288827182e-01
6.019291524278044037e+00 -1.834268988374050946e-01
6.031857894892402427e+00 -1.822955073309306395e-01
6.044424265506761706e+00 -2.573970319012834351e-01
6.056990636121120986e+00 -4.179817537759807355e-01
6.069557006735480265e+00 -1.732602771521383200e-01
6.082123377349839544e+00 -1.801721951315956582e-01
6.094689747964198823e+00 -1.821722787555997147e-01
6.107256118578558102e+00 -2.526926128445464714e-01
6.119822489192916493e+00 -1.624743990741513711e-01
6.132388859807275772e+00 -2.618216101077665003e-01
6.144955230421635051e+00 8.950382412426818868e-02
6.157521601035994330e+00 -9.764528070820906180e-02
6.170087971650353609e+00 -8.436996981024411091e-02
6.182654342264712888e+00 -1.612994125662387257e-01
6.195220712879072167e+00 -7.851199296292500629e-02
6.207787083493431446e+00 6.300713050776662882e-02
6.220353454107790725e+00 7.562927651812385854e-02
6.232919824722149116e+00 -2.567939068707645808e-02
6.245486195336508395e+00 -6.135455766878585016e-02
6.258052565950867674e+00 -1.364404745650207584e-01
6.270618936565226953e+00 3.899244703518073979e-02
