0.000000000000000000e+00 -1.521287585037146284e-01
1.256637061435917323e-02 6.315689139615685010e-02
2.513274122871834645e-02 -2.355456224869270365e-01
3.769911184307751795e-02 -8.396277078851306641e-02
5.026548245743669291e-02 -1.425493917567187130e-01
6.283185307179586787e-02 1.450765945047478578e-01
7.539822368615503589e-02 1.108264545860986050e-02
8.796459430051420392e-02 1.871682159412656754e-01
1.005309649148733858e-01 2.074038559145284233e-01
1.130973355292325677e-01 1.768774331413336953e-01
1.256637061435917357e-01 5.599949233084361433e-02
1.382300767579508760e-01 -3.658828100923328108e-03
1.507964473723100718e-01 1.568465997579769899e-01
1.633628179866692676e-01 5.528644697918091988e-02
1.759291886010284078e-01 1.644152098038915710e-01
1.884955592153875759e-01 1.808165817700372879e-01
2.010619298297467716e-01 -6.422208377578136895e-02
2.136283004441059397e-01 3.135371054513433897e-01
2.261946710584651354e-01 1.392200045864623870e-01
2.387610416728242757e-01 2.632564153744481050e-01
2.513274122871834715e-01 1.096610399826945248e-01
2.638937829015426395e-01 2.282365643280794276e-01
2.764601535159017520e-01 4.359248018926369928e-01
2.890265241302609756e-01 3.685420204073858730e-01
3.015928947446201436e-01 1.837182881411392743e-01
3.141592653589793116e-01 4.403433347389666408e-01
3.267256359733385351e-01 1.720713880499523118e-01
3.392920065876976476e-01 1.690122755382028052e-01
3.518583772020568157e-01 4.280458074013290815e-01
3.644247478164160392e-01 4.474873668350940470e-01
3.769911184307751517e-01 3.178148749355452218e-01
3.895574890451343197e-01 4.028045343449546678e-01
4.021238596594935433e-01 4.068655491085589881e-01
4.146902302738527113e-01 3.166981309023567115e-01
4.272566008882118793e-01 5.139873520138358298e-01
4.398229715025711029e-01 4.486101169167060476e-01
4.523893421169302709e-01 2.936964630628426942e-01
4.649557127312893834e-01 4.230101075415886869e-01
4.775220833456485514e-01 5.360632689512262461e-01
4.900884539600077194e-01 3.492084185415544884e-01
5.026548245743669430e-01 4.297432831215697302e-01
5.152211951887261110e-01 6.363614037935211298e-01
5.277875658030852790e-01 5.003324168054915644e-01
5.403539364174444470e-01 6.561205829350921226e-01
5.529203070318035040e-01 4.946009511261630354e-01
5.654866776461627831e-01 4.847953565477080007e-01
5.780530482605219511e-01 4.498819800125204438e-01
5.906194188748811191e-01 5.699060911341822244e-01
6.031857894892402872e-01 6.665513134294717146e-01
6.157521601035994552e-01 6.268062639248110912e-01
6.283185307179586232e-01 7.166416491331254468e-01
6.408849013323177912e-01 4.884894914036152502e-01
6.534512719466770703e-01 5.094452549053285484e-01
6.660176425610361273e-01 8.027786549778193059e-01
6.785840131753952953e-01 6.674023990604285306e-01
6.911503837897544633e-01 5.784098409990814371e-01
7.037167544041136313e-01 5.815531322019181770e-01
7.162831250184729104e-01 5.708416975357188949e-01
7.288494956328320784e-01 6.742306218574889431e-01
7.414158662471912464e-01 7.925689305976129084e-01
7.539822368615503034e-01 6.929046628971532451e-01
7.665486074759094715e-01 7.750531212681138760e-01
7.791149780902686395e-01 8.096689332377170478e-01
7.916813487046279185e-01 7.889476479139903020e-01
8.042477193189870865e-01 6.618850161246541131e-01
8.168140899333462546e-01 6.575447280783693893e-01
8.293804605477054226e-01 8.576216989451492800e-01
8.419468311620645906e-01 8.713601263397379171e-01
8.545132017764237586e-01 7.059390021802510740e-01
8.670795723907829267e-01 9.203463025988684043e-01
8.796459430051422057e-01 4.855988954383638201e-01
8.922123136195013737e-01 7.359590204973820438e-01
9.047786842338605418e-01 7.695647084440134789e-01
9.173450548482194877e-01 8.386453582171917720e-01
9.299114254625787668e-01 7.021059418925572615e-01
9.424777960769379348e-01 8.993953598497614887e-01
9.550441666912971028e-01 7.511731564614783085e-01
9.676105373056562708e-01 8.736556443551519724e-01
9.801769079200154389e-01 9.566546365281721753e-01
9.927432785343746069e-01 8.673441255047456000e-01
1.005309649148733886e+00 8.623722147783513536e-01
1.017876019763092943e+00 9.171525696657947258e-01
1.030442390377452222e+00 1.164007414920939620e+00
1.043008760991811279e+00 9.501341387420390028e-01
1.055575131606170558e+00 6.384568015549034747e-01
1.068141502220529837e+00 8.780886924492090628e-01
1.080707872834888894e+00 7.252342070003314767e-01
1.093274243449248173e+00 8.595226912552663689e-01
1.105840614063607008e+00 1.005470212689354881e+00
1.118406984677966287e+00 8.800558049944250394e-01
1.130973355292325566e+00 7.994394505641240212e-01
1.143539725906684623e+00 9.357139829728250424e-01
1.156106096521043902e+00 9.624757714362767169e-01
1.168672467135402959e+00 9.717096147981820753e-01
1.181238837749762238e+00 7.456693711602527808e-01
1.193805208364121295e+00 1.024204185770430930e+00
1.206371578978480574e+00 9.211855526515962955e-01
1.218937949592839853e+00 1.085518278175110707e+00
1.231504320207198910e+00 1.135598326124825475e+00
1.244070690821558189e+00 9.482045436497913427e-01
1.256637061435917246e+00 9.644283202138788091e-01
1.269203432050276525e+00 9.119900613760301145e-01
1.281769802664635582e+00 8.288392532151168668e-01
1.294336173278994861e+00 8.404356237765995274e-01
1.306902543893354141e+00 9.010553684919890838e-01
1.319468914507712975e+00 1.010554489271809908e+00
1.332035285122072255e+00 1.198847972862834954e+00
1.344601655736431534e+00 1.176189404519067727e+00
1.357168026350790591e+00 1.065920277669881289e+00
1.369734396965149870e+00 1.147757243472393496e+00
1.382300767579508927e+00 9.357183296341229362e-01
1.394867138193868206e+00 1.283238873504665811e+00
1.407433508808227263e+00 1.124717229787230988e+00
1.419999879422586542e+00 8.456639730764593521e-01
1.432566250036945821e+00 1.166062815032860023e+00
1.445132620651304878e+00 1.103820577111169099e+00
1.457698991265664157e+00 1.001661544432997486e+00
1.470265361880023214e+00 8.957444544085162441e-01
1.482831732494382493e+00 8.928229662969540126e-01
1.495398103108741550e+00 1.130517236624197785e+00
1.507964473723100607e+00 1.077409176870106844e+00
1.520530844337459886e+00 1.206850613256246429e+00
1.533097214951818943e+00 9.903974256357401806e-01
1.545663585566178222e+00 1.087171084398072418e+00
1.558229956180537279e+00 9.491842539990265060e-01
1.570796326794896558e+00 8.468839000204064771e-01
1.583362697409255837e+00 1.252753329905653690e+00
1.595929068023614894e+00 9.574251569909233428e-01
1.608495438637974173e+00 9.620558437253109441e-01
1.621061809252333230e+00 8.931996196796773146e-01
1.633628179866692509e+00 1.103947205985133628e+00
1.646194550481051566e+00 1.034989464192744402e+00
1.658760921095410845e+00 9.709936994235109919e-01
1.671327291709770124e+00 8.579893890452736649e-01
1.683893662324129181e+00 8.848529928140558276e-01
1.696460032938488460e+00 7.805196700713092905e-01
1.709026403552847517e+00 1.051984428380511760e+00
1.721592774167206796e+00 1.017733684055785570e+00
1.734159144781565853e+00 8.511219022046292437e-01
1.746725515395925132e+00 1.123792083340417136e+00
1.759291886010284411e+00 1.074152072780537814e+00
1.771858256624643468e+00 9.896512108066376490e-01
1.784424627239002747e+00 9.691865172598521649e-01
1.796990997853361804e+00 6.631888508402391524e-01
1.809557368467721084e+00 1.120131664605412025e+00
1.822123739082079918e+00 9.151809784408587722e-01
1.834690109696438975e+00 9.059765324964731414e-01
1.847256480310798255e+00 8.798812303197072193e-01
1.859822850925157534e+00 9.575197716524035396e-01
1.872389221539516591e+00 9.458250201882860697e-01
1.884955592153875870e+00 9.459677937400846615e-01
1.897521962768234927e+00 1.099141085067772527e+00
1.910088333382594206e+00 1.047421919431935633e+00
1.922654703996953263e+00 1.020988127431635917e+00
1.935221074611312542e+00 9.736138203747354281e-01
1.947787445225671821e+00 8.673643337396307329e-01
1.960353815840030878e+00 9.236301172767956702e-01
1.972920186454390157e+00 1.103894858462654449e+00
1.985486557068749214e+00 1.102439233785116546e+00
1.998052927683108493e+00 7.597307335323630895e-01
2.010619298297467772e+00 9.808246090201258038e-01
2.023185668911826607e+00 9.784793888806823103e-01
2.035752039526185886e+00 7.509070398023035553e-01
2.048318410140545165e+00 8.505345574343342596e-01
2.060884780754904444e+00 9.413428262218265230e-01
2.073451151369263723e+00 9.840903662195177315e-01
2.086017521983622558e+00 9.189258374871369650e-01
2.098583892597981837e+00 8.510732742843084564e-01
2.111150263212341116e+00 7.275610016917321010e-01
2.123716633826700395e+00 9.904518302383347184e-01
2.136283004441059674e+00 8.001910328779505699e-01
2.148849375055418509e+00 7.857530308074648362e-01
2.161415745669777788e+00 7.967666122863722444e-01
2.173982116284137067e+00 7.694484693106541373e-01
2.186548486898496346e+00 8.932693279114704010e-01
2.199114857512855181e+00 6.942899497626031646e-01
2.211681228127214016e+00 7.135648987816722855e-01
2.224247598741573295e+00 9.568289727906353903e-01
2.236813969355932574e+00 7.443230723567482165e-01
2.249380339970291853e+00 8.265568457770985367e-01
2.261946710584651132e+00 9.380295923509636147e-01
2.274513081199009967e+00 8.989897878682570065e-01
2.287079451813369246e+00 7.490209560771493580e-01
2.299645822427728525e+00 6.707749980829433856e-01
2.312212193042087804e+00 7.575669899681785058e-01
2.324778563656447083e+00 6.588634512495175066e-01
2.337344934270805918e+00 7.877683810972944123e-01
2.349911304885165197e+00 7.735458859529038556e-01
2.362477675499524477e+00 5.952144744814964472e-01
2.375044046113883756e+00 5.893451143471425402e-01
2.387610416728242591e+00 8.149634250452685302e-01
2.400176787342601870e+00 6.427156834372264038e-01
2.412743157956961149e+00 4.355896395197691451e-01
2.425309528571320428e+00 7.051056972852123295e-01
2.437875899185679707e+00 4.444090156134947733e-01
2.450442269800038542e+00 7.858990078542302804e-01
2.463008640414397821e+00 7.388868159117593093e-01
2.475575011028757100e+00 6.582481427212508729e-01
2.488141381643116379e+00 4.017373764963869665e-01
2.500707752257475658e+00 5.586102793373204367e-01
2.513274122871834493e+00 3.774642124438021273e-01
2.525840493486193772e+00 7.314170153813833730e-01
2.538406864100553051e+00 5.653267427602385320e-01
2.550973234714912330e+00 5.607035666332464974e-01
2.563539605329271165e+00 3.675211682266018576e-01
2.576105975943630444e+00 6.407751899546010321e-01
2.588672346557989723e+00 5.111018950848952302e-01
2.601238717172349002e+00 7.475582937429914310e-01
2.613805087786708281e+00 6.250900009224455989e-01
2.626371458401067116e+00 4.819033378674129620e-01
2.638937829015425951e+00 3.746245935681610240e-01
2.651504199629785230e+00 2.061845428021647497e-01
2.664070570244144509e+00 3.614916466055348998e-01
2.676636940858503788e+00 5.454707395445131946e-01
2.689203311472863067e+00 4.221481865085575658e-01
2.701769682087221902e+00 4.225928172966187391e-01
2.714336052701581181e+00 2.090569935485877551e-01
2.726902423315940460e+00 4.238418830461474496e-01
2.739468793930299739e+00 4.093207752602590621e-01
2.752035164544658574e+00 4.019847747647581349e-01
2.764601535159017853e+00 2.981499734644971755e-01
2.777167905773377132e+00 2.949621071671410522e-01
2.789734276387736411e+00 4.263774337706712214e-01
2.802300647002095690e+00 3.853493597691031169e-01
2.814867017616454525e+00 1.410113978686479141e-01
2.827433388230813804e+00 2.663177560761005314e-01
2.839999758845173083e+00 1.540196497255492680e-01
2.852566129459532362e+00 2.186813304083459197e-01
2.865132500073891642e+00 3.128828756120368704e-01
2.877698870688250476e+00 -1.954733377478695688e-02
2.890265241302609756e+00 2.917855919658236541e-01
2.902831611916969035e+00 4.399390057661608511e-01
2.915397982531328314e+00 1.878462502396424927e-01
2.927964353145687149e+00 2.807576405428834909e-01
2.940530723760046428e+00 2.815753209523482736e-01
2.953097094374405707e+00 3.947829525973700071e-01
2.965663464988764986e+00 1.491453066755371593e-01
2.978229835603124265e+00 2.349683627638757821e-01
2.990796206217483100e+00 5.789435139852365519e-02
3.003362576831842379e+00 1.054906050615228019e-01
3.015928947446201214e+00 1.013767058994907017e-01
3.028495318060560493e+00 -2.480687263449302127e-02
3.041061688674919772e+00 4.132143781831132401e-02
3.053628059289279051e+00 -1.929108344898856908e-02
3.066194429903637886e+00 6.421287044747633899e-02
3.078760800517997165e+00 -1.006897615506741894e-01
3.091327171132356444e+00 7.179689257184461437e-02
3.103893541746715723e+00 4.828271527846557387e-02
3.116459912361074558e+00 8.975697795371535836e-02
3.129026282975433837e+00 5.012028061804648521e-02
3.141592653589793116e+00 1.828884488093245331e-01
3.154159024204152395e+00 5.618085919436493353e-02
3.166725394818511674e+00 1.194653947622437845e-01
3.179291765432870509e+00 -2.880243877012319403e-02
3.191858136047229788e+00 -2.017684592155901679e-01
3.204424506661589067e+00 -8.785691663277798991e-02
3.216990877275948346e+00 5.420584595169240794e-02
3.229557247890307181e+00 -1.787820353598645051e-01
3.242123618504666460e+00 -1.702055156288750370e-01
3.254689989119025739e+00 -6.931668134693352856e-02
3.267256359733385018e+00 -2.064732233677393225e-01
3.279822730347744297e+00 -9.170848710349036037e-02
3.292389100962103132e+00 -2.500099472244418086e-01
3.304955471576462411e+00 -2.603733956013303263e-01
3.317521842190821690e+00 -1.593976768678170286e-01
3.330088212805180969e+00 -1.694689086890135976e-01
3.342654583419540248e+00 -2.054661081377111842e-01
3.355220954033899083e+00 -6.185782308537829399e-02
3.367787324648258362e+00 -3.722665402222313791e-01
3.380353695262617642e+00 -1.048916694348680234e-01
3.392920065876976921e+00 -4.554975239325668723e-01
3.405486436491335756e+00 -3.465040354431975222e-01
3.418052807105695035e+00 -2.000561923350303029e-01
3.430619177720054314e+00 -2.574981946110267428e-01
3.443185548334413593e+00 -4.084905665513569595e-01
3.455751918948772872e+00 -1.306977393246026020e-01
3.468318289563131707e+00 -3.839387814236044361e-01
3.480884660177490986e+00 -2.872569752465853332e-01
3.493451030791850265e+00 -4.597958860429190997e-01
3.506017401406209544e+00 -2.860263120111731228e-01
3.518583772020568823e+00 -8.625783887850690945e-02
3.531150142634927658e+00 -2.135483604895042353e-01
3.543716513249286937e+00 -2.556787662597576616e-01
3.556282883863646216e+00 -2.182965997473794717e-01
3.568849254478005495e+00 -4.959006346297210599e-01
3.581415625092364330e+00 -3.135947683691939214e-01
3.593981995706723609e+00 -4.860870696591935713e-01
3.606548366321082888e+00 -4.522372620126736131e-01
3.619114736935442167e+00 -5.315599281174921975e-01
3.631681107549800558e+00 -4.415280634220496991e-01
3.644247478164159837e+00 -6.199185430372224914e-01
3.656813848778519116e+00 -5.253711213026186488e-01
3.669380219392877951e+00 -4.277223285234959538e-01
3.681946590007237230e+00 -5.864964285486506945e-01
3.694512960621596509e+00 -4.805174340434966718e-01
3.707079331235955788e+00 -4.821995579651732200e-01
3.719645701850315067e+00 -5.459925393524887038e-01
3.732212072464673902e+00 -5.461698247933491901e-01
3.744778443079033181e+00 -7.083708065998435277e-01
3.757344813693392460e+00 -6.336212911881873300e-01
3.769911184307751739e+00 -6.990646600971964775e-01
3.782477554922110574e+00 -7.590932292815575355e-01
3.795043925536469853e+00 -5.160809920906469506e-01
3.807610296150829132e+00 -6.526434794357377500e-01
3.820176666765188411e+00 -7.548788271247887094e-01
3.832743037379547690e+00 -7.640998682022775990e-01
3.845309407993906525e+00 -5.489557119798436080e-01
3.857875778608265804e+00 -7.937210100358217391e-01
3.870442149222625083e+00 -6.598979653640586474e-01
3.883008519836984362e+00 -6.801127578111054728e-01
3.895574890451343641e+00 -7.572465920957647256e-01
3.908141261065702476e+00 -6.958034656288824005e-01
3.920707631680061755e+00 -6.374291942994287918e-01
3.933274002294421035e+00 -9.088128711043614860e-01
3.945840372908780314e+00 -4.945247079034779114e-01
3.958406743523139149e+00 -4.799559434528386515e-01
3.970973114137498428e+00 -9.123790377886495939e-01
3.983539484751857707e+00 -7.145058608870938910e-01
3.996105855366216986e+00 -6.825492518976764567e-01
4.008672225980576265e+00 -6.883582794795173321e-01
4.021238596594935544e+00 -9.053195229539140465e-01
4.033804967209294823e+00 -6.195330242330160386e-01
4.046371337823653214e+00 -8.599970052975225432e-01
4.058937708438012493e+00 -7.917228056209162368e-01
4.071504079052371772e+00 -6.664824901193280304e-01
4.084070449666731051e+00 -8.943478455463443888e-01
4.096636820281090330e+00 -6.502137091428445981e-01
4.109203190895449609e+00 -1.009114664549186413e+00
4.121769561509808888e+00 -6.844247995705279308e-01
4.134335932124168167e+00 -8.078888110334661032e-01
4.146902302738527446e+00 -7.877441968837541886e-01
4.159468673352886725e+00 -9.765259497038935033e-01
4.172035043967245116e+00 -9.018657316596522255e-01
4.184601414581604395e+00 -8.363073475134940038e-01
4.197167785195963674e+00 -7.821261021725491869e-01
4.209734155810322953e+00 -8.837797481722590165e-01
4.222300526424682232e+00 -6.717979989867856050e-01
4.234866897039041511e+00 -1.032116878190959763e+00
4.247433267653400790e+00 -8.935771099006142304e-01
4.259999638267760069e+00 -9.290050895171723111e-01
4.272566008882119348e+00 -9.889222863887969783e-01
4.285132379496477739e+00 -9.287002343135584148e-01
4.297698750110837018e+00 -7.477867040765978635e-01
4.310265120725196297e+00 -8.171938202516496608e-01
4.322831491339555576e+00 -8.630716497475234839e-01
4.335397861953914855e+00 -8.981104328523390468e-01
4.347964232568274134e+00 -7.890211226411366630e-01
4.360530603182633413e+00 -1.034166895620126869e+00
4.373096973796992692e+00 -8.554007464276055517e-01
4.385663344411351972e+00 -1.114873942704256438e+00
4.398229715025710362e+00 -1.043252120821960949e+00
4.410796085640069641e+00 -9.184974732867466907e-01
4.423362456254428032e+00 -1.057791984061652979e+00
4.435928826868787311e+00 -9.600681860950563973e-01
4.448495197483146590e+00 -1.138252147611306553e+00
4.461061568097505869e+00 -1.058702355815400731e+00
4.473627938711865148e+00 -9.538621820002290974e-01
4.486194309326224428e+00 -9.192372220033254715e-01
4.498760679940583707e+00 -1.042869697972924170e+00
4.511327050554942986e+00 -1.129474883198859470e+00
4.523893421169302265e+00 -9.685370506770040189e-01
4.536459791783661544e+00 -8.122228994540343638e-01
4.549026162398019935e+00 -9.306735839568766044e-01
4.561592533012379214e+00 -8.477716025521742083e-01
4.574158903626738493e+00 -9.330609616771553538e-01
4.586725274241097772e+00 -8.889882479609126920e-01
4.599291644855457051e+00 -9.642234688203951132e-01
4.611858015469816330e+00 -9.424992020085338762e-01
4.624424386084175609e+00 -1.028727598148483136e+00
4.636990756698534888e+00 -9.461934737147827956e-01
4.649557127312894167e+00 -9.108785256485666393e-01
4.662123497927252558e+00 -8.736273841878920976e-01
4.674689868541611837e+00 -1.083933527987907874e+00
4.687256239155971116e+00 -9.727809324636516042e-01
4.699822609770330395e+00 -1.021904344362708494e+00
4.712388980384689674e+00 -1.093143535038390901e+00
4.724955350999048953e+00 -1.030431077448349830e+00
4.737521721613408232e+00 -8.291658515466083790e-01
4.750088092227767511e+00 -1.037258459545374878e+00
4.762654462842126790e+00 -1.166676123246944474e+00
4.775220833456485181e+00 -1.008657353425767456e+00
4.787787204070844460e+00 -1.112583059530295904e+00
4.800353574685203739e+00 -9.376401858299616698e-01
4.812919945299563018e+00 -9.934349658394697746e-01
4.825486315913922297e+00 -8.140306491430288061e-01
4.838052686528281576e+00 -1.095564694318844401e+00
4.850619057142640855e+00 -9.565543411452341882e-01
4.863185427757000134e+00 -1.077389940977206528e+00
4.875751798371359413e+00 -1.100510367239216913e+00
4.888318168985717804e+00 -1.045586052866966709e+00
4.900884539600077083e+00 -9.207013065703498755e-01
4.913450910214436362e+00 -8.853928759890091760e-01
4.926017280828795641e+00 -1.012274075347892932e+00
4.938583651443154920e+00 -8.828435255679443205e-01
4.951150022057514200e+00 -9.935265909441158838e-01
4.963716392671873479e+00 -9.527994692769827800e-01
4.976282763286232758e+00 -1.052248590489260227e+00
4.988849133900592037e+00 -9.027465586624990879e-01
5.001415504514951316e+00 -8.998463722311880186e-01
5.013981875129309707e+00 -1.025914450337397810e+00
5.026548245743668986e+00 -1.028489253793441582e+00
5.039114616358028265e+00 -1.020063476115280476e+00
5.051680986972387544e+00 -1.105583349184333652e+00
5.064247357586746823e+00 -9.247597668358104039e-01
5.076813728201106102e+00 -1.036126612303599037e+00
5.089380098815465381e+00 -1.002858630295831555e+00
5.101946469429824660e+00 -1.009565036296639740e+00
5.114512840044183939e+00 -8.005336325907516093e-01
5.127079210658542330e+00 -9.590605415236432840e-01
5.139645581272901609e+00 -8.698301785472145609e-01
5.152211951887260888e+00 -8.418485134761586330e-01
5.164778322501620167e+00 -1.033094544093126732e+00
5.177344693115979446e+00 -8.051004528464320575e-01
5.189911063730338725e+00 -6.756034697006841894e-01
5.202477434344698004e+00 -8.815968796898193682e-01
5.215043804959057283e+00 -8.852940002231448613e-01
5.227610175573416562e+00 -9.119988378075301050e-01
5.240176546187774953e+00 -9.500799961751067446e-01
5.252742916802134232e+00 -9.179354462610556098e-01
5.265309287416492623e+00 -9.486481551751507757e-01
5.277875658030851902e+00 -6.745183407151670307e-01
5.290442028645211181e+00 -7.008912906371312923e-01
5.303008399259570460e+00 -9.246623390181907265e-01
5.315574769873929739e+00 -8.843510209396778787e-01
5.328141140488289018e+00 -8.618213804974709236e-01
5.340707511102648297e+00 -8.425574768240918777e-01
5.353273881717007576e+00 -7.632629383470872497e-01
5.365840252331366855e+00 -8.261728637658930507e-01
5.378406622945726134e+00 -6.192472942383556722e-01
5.390972993560084525e+00 -9.064563528917153334e-01
5.403539364174443804e+00 -8.028482144494619721e-01
5.416105734788803083e+00 -7.706965073574871816e-01
5.428672105403162362e+00 -8.409556612722088875e-01
5.441238476017521641e+00 -7.131206698034867619e-01
5.453804846631880920e+00 -8.469675791533280984e-01
5.466371217246240199e+00 -6.016932912272309197e-01
5.478937587860599479e+00 -8.735945054815935640e-01
5.491503958474958758e+00 -6.786715563221618064e-01
5.504070329089317148e+00 -6.945069433525572489e-01
5.516636699703676427e+00 -7.968249674078330402e-01
5.529203070318035707e+00 -8.466452015658398889e-01
5.541769440932394986e+00 -8.132999666210894985e-01
5.554335811546754265e+00 -6.996447630813288354e-01
5.566902182161113544e+00 -6.904142375200059689e-01
5.579468552775472823e+00 -5.761918251149726888e-01
5.592034923389832102e+00 -6.964173742516988064e-01
5.604601294004191381e+00 -4.557643566574186011e-01
5.617167664618549772e+00 -6.497974145234599597e-01
5.629734035232909051e+00 -5.457558941352784743e-01
5.642300405847268330e+00 -5.328613409042810556e-01
5.654866776461627609e+00 -5.976731526682181883e-01
5.667433147075986888e+00 -5.664275222913943697e-01
5.679999517690346167e+00 -6.443090697742597239e-01
5.692565888304705446e+00 -5.988763825285325915e-01
5.705132258919064725e+00 -4.981674027452328568e-01
5.717698629533424004e+00 -4.730349242244163976e-01
5.730265000147783283e+00 -4.467537285642594891e-01
5.742831370762141674e+00 -6.347428113985240650e-01
5.755397741376500953e+00 -4.358372556729331881e-01
5.767964111990860232e+00 -5.473242064583250244e-01
5.780530482605219511e+00 -6.547089166318253994e-01
5.793096853219578790e+00 -4.733919204052981500e-01
5.805663223833938069e+00 -6.116365357585948903e-01
5.818229594448297348e+00 -5.332211490001680376e-01
5.830795965062656627e+00 -4.430400318146971994e-01
5.843362335677015906e+00 -3.641639361812651909e-01
5.855928706291374297e+00 -5.000450691803748349e-01
5.868495076905733576e+00 -5.644824298544713903e-01
5.881061447520092855e+00 -3.389460463900371701e-01
5.893627818134452134e+00 -3.004693482145476269e-01
5.906194188748811413e+00 -3.335590582807572702e-01
5.918760559363170692e+00 -3.047163372328137165e-01
5.931326929977529971e+00 -2.950657632824915666e-01
5.943893300591889250e+00 -3.646185531082672959e-01
5.956459671206248530e+00 -1.618872360299173085e-01
5.969026041820606920e+00 -2.315198870469630799e-01
5.981592412434966199e+00 -3.206907003533436828e-01
5.994158783049325478e+00 -4.464369333312905308e-01
6.006725153663684758e+00 -2.792656839234992083e-01
6.019291524278044037e+00 -3.405150090157820775e-01
6.031857894892402427e+00 -3.816901700253221286e-01
6.044424265506761706e+00 -2.580046928429663433e-01
6.056990636121120986e+00 -3.404123115782081155e-01
6.069557006735480265e+00 -1.004165399475331899e-01
6.082123377349839544e+00 -2.386020234173478749e-01
6.094689747964198823e+00 -3.666655689534514817e-01
6.107256118578558102e+00 -1.148452118408782030e-01
6.119822489192916493e+00 -2.081929202604577145e-01
6.132388859807275772e+00 -2.546837733108788249e-01
6.144955230421635051e+00 -1.975685617689113271e-01
6.157521601035994330e+00 -8.882085514759383016e-02
6.170087971650353609e+00 -5.553529194801871960e-02
6.182654342264712888e+00 -9.423429412954296980e-02
6.195220712879072167e+00 2.665884873256522958e-02
6.207787083493431446e+00 -2.295254305467006317e-01
6.220353454107790725e+00 1.007344936858790702e-01
6.232919824722149116e+00 2.053690200160422918e-01
6.245486195336508395e+00 -2.900072839132253333e-03
6.258052565950867674e+00 6.196689617993671184e-02
6.270618936565226953e+00 1.598806220929113731e-02
