0.000000000000000000e+00 -2.355802937354858906e-02
1.256637061435917323e-02 1.137962293221317644e-01
2.513274122871834645e-02 -1.736401516408834222e-01
3.769911184307751795e-02 2.086857665131377215e-01
5.026548245743669291e-02 1.688200979439629656e-01
6.283185307179586787e-02 1.725844752880272281e-01
7.539822368615503589e-02 -1.986974055795703853e-02
8.796459430051420392e-02 1.328769916985721167e-02
1.005309649148733858e-01 7.090698988675987746e-02
1.130973355292325677e-01 1.415134145865365733e-01
1.256637061435917357e-01 1.130868687125815286e-01
1.382300767579508760e-01 2.124391111984799962e-01
1.507964473723100718e-01 -8.928912364361718534e-03
1.633628179866692676e-01 1.688643827801928343e-01
1.759291886010284078e-01 7.484155393881097851e-02
1.884955592153875759e-01 1.426348253738480010e-01
2.010619298297467716e-01 2.342843126445131874e-01
2.136283004441059397e-01 1.892293049054417364e-01
2.261946710584651354e-01 3.046529535528585964e-01
2.387610416728242757e-01 3.388325239736468819e-01
2.513274122871834715e-01 3.394673310062957805e-01
2.638937829015426395e-01 1.402198382094660967e-01
2.764601535159017520e-01 1.894621468074175752e-01
2.890265241302609756e-01 2.248992391989341755e-01
3.015928947446201436e-01 1.731179037746050642e-01
3.141592653589793116e-01 2.180336795825144058e-02
3.267256359733385351e-01 3.929648008804476067e-01
3.392920065876976476e-01 3.583812911575873228e-01
3.518583772020568157e-01 1.590793141192100579e-01
3.644247478164160392e-01 1.671171408204442654e-01
3.769911184307751517e-01 3.684223321196156142e-01
3.895574890451343197e-01 3.164154803569946828e-01
4.021238596594935433e-01 3.890458848587418639e-01
4.146902302738527113e-01 4.066600131109409655e-01
4.272566008882118793e-01 3.391331905622849141e-01
4.398229715025711029e-01 4.209472604169452459e-01
4.523893421169302709e-01 3.202958393351944544e-01
4.649557127312893834e-01 4.382443651528866169e-01
4.775220833456485514e-01 5.141877259603668815e-01
4.900884539600077194e-01 5.010755530441746153e-01
5.026548245743669430e-01 4.967414868880804524e-01
5.152211951887261110e-01 5.393273235997616544e-01
5.277875658030852790e-01 5.337531610335309873e-01
5.403539364174444470e-01 5.333475017613749092e-01
5.529203070318035040e-01 4.607347667231839750e-01
5.654866776461627831e-01 5.875088566677040269e-01
5.780530482605219511e-01 5.977488523967953160e-01
5.906194188748811191e-01 5.211520401519467161e-01
6.031857894892402872e-01 2.914289901594962484e-01
6.157521601035994552e-01 4.982138105499593350e-01
6.283185307179586232e-01 6.442051285952783424e-01
6.408849013323177912e-01 4.775252046737095690e-01
6.534512719466770703e-01 7.323117369320154557e-01
6.660176425610361273e-01 4.239197353477870966e-01
6.785840131753952953e-01 5.053335623565938794e-01
6.911503837897544633e-01 5.592760886635996798e-01
7.037167544041136313e-01 5.842756663428602115e-01
7.162831250184729104e-01 7.139596940879281428e-01
7.288494956328320784e-01 7.377737291102487438e-01
7.414158662471912464e-01 8.486483243048583702e-01
7.539822368615503034e-01 7.131187915929035892e-01
7.665486074759094715e-01 7.199675702409711331e-01
7.791149780902686395e-01 8.211589723477422664e-01
7.916813487046279185e-01 7.753892404366908853e-01
8.042477193189870865e-01 8.469971528274669037e-01
8.168140899333462546e-01 8.140373199141107685e-01
8.293804605477054226e-01 6.178231518141112932e-01
8.419468311620645906e-01 6.772192925392424012e-01
8.545132017764237586e-01 6.684459554150252725e-01
8.670795723907829267e-01 5.199613067569786029e-01
8.796459430051422057e-01 7.035940912251423818e-01
8.922123136195013737e-01 5.556339903412023107e-01
9.047786842338605418e-01 7.745503297977851531e-01
9.173450548482194877e-01 8.146110491960952826e-01
9.299114254625787668e-01 6.644811284924533323e-01
9.424777960769379348e-01 7.693201812094351277e-01
9.550441666912971028e-01 9.086532373418668707e-01
9.676105373056562708e-01 7.383489994106435805e-01
9.801769079200154389e-01 8.996094015717150949e-01
9.927432785343746069e-01 1.065979943344227632e+00
1.005309649148733886e+00 8.582359102231844616e-01
1.017876019763092943e+00 7.660068598974184573e-01
1.030442390377452222e+00 8.640962966220739894e-01
1.043008760991811279e+00 8.813368904987927133e-01
1.055575131606170558e+00 1.025042161636583904e+00
1.068141502220529837e+00 8.584831303152947735e-01
1.080707872834888894e+00 9.859349269024504370e-01
1.093274243449248173e+00 8.421087959187867344e-01
1.105840614063607008e+00 9.174026011013968196e-01
1.118406984677966287e+00 1.059252427179732337e+00
1.130973355292325566e+00 9.777807554265125489e-01
1.143539725906684623e+00 7.874086045378829724e-01
1.156106096521043902e+00 9.538651463027871813e-01
1.168672467135402959e+00 9.280412763054047831e-01
1.181238837749762238e+00 8.387377318038834462e-01
1.193805208364121295e+00 8.693004157151114075e-01
1.206371578978480574e+00 9.241452957104244748e-01
1.218937949592839853e+00 1.044442531594948598e+00
1.231504320207198910e+00 8.491331609191060670e-01
1.244070690821558189e+00 1.093610675623834183e+00
1.256637061435917246e+00 9.010126900347988910e-01
1.269203432050276525e+00 9.292072360479686211e-01
1.281769802664635582e+00 1.072489734356716351e+00
1.294336173278994861e+00 9.576745011763514448e-01
1.306902543893354141e+00 1.123465831109137891e+00
1.319468914507712975e+00 9.227041268827931297e-01
1.332035285122072255e+00 7.444136099969613785e-01
1.344601655736431534e+00 8.566494891883910112e-01
1.357168026350790591e+00 8.416351465853462166e-01
1.369734396965149870e+00 9.887154900397129298e-01
1.382300767579508927e+00 1.138480157287699246e+00
1.394867138193868206e+00 9.977859620715415767e-01
1.407433508808227263e+00 8.630325678593008254e-01
1.419999879422586542e+00 1.149789958270494239e+00
1.432566250036945821e+00 1.043667901310532775e+00
1.445132620651304878e+00 1.151293072310736854e+00
1.457698991265664157e+00 1.145086963969953242e+00
1.470265361880023214e+00 1.083439522409500810e+00
1.482831732494382493e+00 1.055752129180239640e+00
1.495398103108741550e+00 1.018305718042506136e+00
1.507964473723100607e+00 1.156541505035212580e+00
1.520530844337459886e+00 9.125471898798566128e-01
1.533097214951818943e+00 9.363899810011461211e-01
1.545663585566178222e+00 9.647974594450825503e-01
1.558229956180537279e+00 9.304007055427849782e-01
1.570796326794896558e+00 9.918083654226046431e-01
1.583362697409255837e+00 1.073986128245017158e+00
1.595929068023614894e+00 1.180056143693493098e+00
1.608495438637974173e+00 1.005067924465245399e+00
1.621061809252333230e+00 1.164769186640786547e+00
1.633628179866692509e+00 9.069919341854492112e-01
1.646194550481051566e+00 9.868197349889545889e-01
1.658760921095410845e+00 1.118902038695085865e+00
1.671327291709770124e+00 9.908231036541526038e-01
1.683893662324129181e+00 8.400646161401212897e-01
1.696460032938488460e+00 8.530440283445636096e-01
1.709026403552847517e+00 8.332963465140934556e-01
1.721592774167206796e+00 1.051391039604661071e+00
1.734159144781565853e+00 1.068699324807641959e+00
1.746725515395925132e+00 9.983639750119321921e-01
1.759291886010284411e+00 1.014988739527429740e+00
1.771858256624643468e+00 1.034517949558306560e+00
1.784424627239002747e+00 7.032077963968572654e-01
1.796990997853361804e+00 1.047127845725505102e+00
1.809557368467721084e+00 9.130222762442439244e-01
1.822123739082079918e+00 9.342007814558017653e-01
1.834690109696438975e+00 9.823951633563576813e-01
1.847256480310798255e+00 9.214498830847910327e-01
1.859822850925157534e+00 9.959128116894447880e-01
1.872389221539516591e+00 8.722672609512073238e-01
1.884955592153875870e+00 1.120408664843091762e+00
1.897521962768234927e+00 9.617520245715672766e-01
1.910088333382594206e+00 8.351182509771868379e-01
1.922654703996953263e+00 8.822446450151640862e-01
1.935221074611312542e+00 1.047020625241093850e+00
1.947787445225671821e+00 9.167937364793490307e-01
1.960353815840030878e+00 1.101451023076213342e+00
1.972920186454390157e+00 8.948551669511117801e-01
1.985486557068749214e+00 1.040393343976699025e+00
1.998052927683108493e+00 1.025888927920439508e+00
2.010619298297467772e+00 9.305751007920818330e-01
2.023185668911826607e+00 8.934395016006712043e-01
2.035752039526185886e+00 7.955046058140935461e-01
2.048318410140545165e+00 7.845446349034946865e-01
2.060884780754904444e+00 7.999858347951095405e-01
2.073451151369263723e+00 9.591803568119798840e-01
2.086017521983622558e+00 8.013401691509725033e-01
2.098583892597981837e+00 8.895406968147315796e-01
2.111150263212341116e+00 9.634260286617750690e-01
2.123716633826700395e+00 1.115621882565049905e+00
2.136283004441059674e+00 9.177101339109131617e-01
2.148849375055418509e+00 7.451006331191778465e-01
2.161415745669777788e+00 8.451002688535254048e-01
2.173982116284137067e+00 8.724667218197192931e-01
2.186548486898496346e+00 8.396873547703546103e-01
2.199114857512855181e+00 7.375832325405959899e-01
2.211681228127214016e+00 7.859496517958323158e-01
2.224247598741573295e+00 8.506383156080947749e-01
2.236813969355932574e+00 8.812573560408203388e-01
2.249380339970291853e+00 9.057179825626661129e-01
2.261946710584651132e+00 8.537170500940487461e-01
2.274513081199009967e+00 8.304636387433410594e-01
2.287079451813369246e+00 8.594542661036593811e-01
2.299645822427728525e+00 5.914057287413462261e-01
2.312212193042087804e+00 7.139422714388681257e-01
2.324778563656447083e+00 8.398584471870965684e-01
2.337344934270805918e+00 6.969118363925098647e-01
2.349911304885165197e+00 5.996149230958420784e-01
2.362477675499524477e+00 6.571099670975698581e-01
2.375044046113883756e+00 8.334598591808779489e-01
2.387610416728242591e+00 7.974799995636510097e-01
2.400176787342601870e+00 7.049439245873949655e-01
2.412743157956961149e+00 8.793492355660260662e-01
2.425309528571320428e+00 7.467365152990264043e-01
2.437875899185679707e+00 5.935241081918347650e-01
2.450442269800038542e+00 5.823627892362971403e-01
2.463008640414397821e+00 5.961097460226072453e-01
2.475575011028757100e+00 4.694641873593818349e-01
2.488141381643116379e+00 5.375478463430076737e-01
2.500707752257475658e+00 5.937427607794342199e-01
2.513274122871834493e+00 6.039590279458129096e-01
2.525840493486193772e+00 4.111332092011389383e-01
2.538406864100553051e+00 5.733472655821753028e-01
2.550973234714912330e+00 5.517366963517630341e-01
2.563539605329271165e+00 5.349223306422906665e-01
2.576105975943630444e+00 4.867429942764019413e-01
2.588672346557989723e+00 5.838373932556266688e-01
2.601238717172349002e+00 4.181800149557794444e-01
2.613805087786708281e+00 3.621721044375276755e-01
2.626371458401067116e+00 4.836166425771128430e-01
2.638937829015425951e+00 4.004600417849983329e-01
2.651504199629785230e+00 3.995608874324827475e-01
2.664070570244144509e+00 5.386452079031667228e-01
2.676636940858503788e+00 3.920146733507833825e-01
2.689203311472863067e+00 4.660796016804653052e-01
2.701769682087221902e+00 4.916977177817797862e-01
2.714336052701581181e+00 3.924143042683929661e-01
2.726902423315940460e+00 4.608096470593960881e-01
2.739468793930299739e+00 4.571106347622918564e-01
2.752035164544658574e+00 1.518843305689891732e-01
2.764601535159017853e+00 4.966531663059178814e-01
2.777167905773377132e+00 2.064830675788395242e-01
2.789734276387736411e+00 2.987019270107643121e-01
2.802300647002095690e+00 3.506311289239533724e-01
2.814867017616454525e+00 3.559206913517195536e-01
2.827433388230813804e+00 3.922473484549811040e-01
2.839999758845173083e+00 3.795926689252094866e-01
2.852566129459532362e+00 2.319235690855240284e-01
2.865132500073891642e+00 2.193268152000468207e-01
2.877698870688250476e+00 3.863828563338879696e-01
2.890265241302609756e+00 2.069328350846505737e-01
2.902831611916969035e+00 2.389361320346978235e-01
2.915397982531328314e+00 8.778853644771517084e-02
2.927964353145687149e+00 1.142843030375832458e-01
2.940530723760046428e+00 3.905122391010187322e-01
2.953097094374405707e+00 1.161111397617207996e-01
2.965663464988764986e+00 1.397512806837365729e-01
2.978229835603124265e+00 1.797115005442651292e-01
2.990796206217483100e+00 1.924517285915824660e-01
3.003362576831842379e+00 2.489722772096062686e-01
3.015928947446201214e+00 1.727892182454310310e-03
3.028495318060560493e+00 -3.031934461746571552e-02
3.041061688674919772e+00 2.489348499103375689e-01
3.053628059289279051e+00 5.343493008344495088e-02
3.066194429903637886e+00 -6.669385338978565947e-02
3.078760800517997165e+00 1.815192850606894281e-01
3.091327171132356444e+00 8.361506774412512388e-02
3.103893541746715723e+00 4.560151137295595514e-02
3.116459912361074558e+00 3.241140872133962958e-02
3.129026282975433837e+00 7.935421938376360784e-02
3.141592653589793116e+00 9.142977638401302010e-02
3.154159024204152395e+00 -1.095854141350640909e-01
3.166725394818511674e+00 -6.348224136245922411e-02
3.179291765432870509e+00 -1.219239821463191237e-01
3.191858136047229788e+00 -8.968341360101084181e-02
3.204424506661589067e+00 -8.339050796341176963e-02
3.216990877275948346e+00 1.099723053507497134e-01
3.229557247890307181e+00 3.461803508747093860e-02
3.242123618504666460e+00 -1.432359342984012851e-01
3.254689989119025739e+00 -1.325020667772215388e-01
3.267256359733385018e+00 9.294257337628897275e-03
3.279822730347744297e+00 -9.274562929269675182e-03
3.292389100962103132e+00 -2.424998884172261671e-01
3.304955471576462411e+00 -1.370095600645994949e-01
3.317521842190821690e+00 2.704980107061977224e-02
3.330088212805180969e+00 -1.180727561533997105e-01
3.342654583419540248e+00 -6.113550790025182313e-02
3.355220954033899083e+00 -1.687992045978576050e-01
3.367787324648258362e+00 -2.543078907125980725e-01
3.380353695262617642e+00 -7.700722786819477750e-02
3.392920065876976921e+00 -2.598145691503151999e-01
3.405486436491335756e+00 -4.904565672957730826e-01
3.418052807105695035e+00 -3.807980483375495995e-01
3.430619177720054314e+00 -3.553107269201141172e-01
3.443185548334413593e+00 -2.878982565549139672e-01
3.455751918948772872e+00 -4.632587143088593429e-01
3.468318289563131707e+00 -2.667940754951979576e-01
3.480884660177490986e+00 -3.303643583041591669e-01
3.493451030791850265e+00 -5.029470520958031488e-01
3.506017401406209544e+00 -3.520571275029522051e-01
3.518583772020568823e+00 -3.087720076988994533e-01
3.531150142634927658e+00 -3.743854585037806881e-01
3.543716513249286937e+00 -3.325094914476858787e-01
3.556282883863646216e+00 -4.436991366272859394e-01
3.568849254478005495e+00 -4.419300798648143624e-01
3.581415625092364330e+00 -3.040889326532228987e-01
3.593981995706723609e+00 -2.988361132518462249e-01
3.606548366321082888e+00 -3.272223129303025169e-01
3.619114736935442167e+00 -3.330264386670235277e-01
3.631681107549800558e+00 -5.877740421607551280e-01
3.644247478164159837e+00 -6.461748555372844871e-01
3.656813848778519116e+00 -4.030434696833164465e-01
3.669380219392877951e+00 -4.149573310638760559e-01
3.681946590007237230e+00 -3.542540219852149952e-01
3.694512960621596509e+00 -4.051192519041018070e-01
3.707079331235955788e+00 -5.025811074074560958e-01
3.719645701850315067e+00 -6.255315881151846114e-01
3.732212072464673902e+00 -5.937750081206850661e-01
3.744778443079033181e+00 -7.140716319685849189e-01
3.757344813693392460e+00 -4.729916152003555974e-01
3.769911184307751739e+00 -4.166999220469831400e-01
3.782477554922110574e+00 -5.883161917623154213e-01
3.795043925536469853e+00 -6.595740683640936020e-01
3.807610296150829132e+00 -6.279827318891614274e-01
3.820176666765188411e+00 -7.697760448931327826e-01
3.832743037379547690e+00 -5.761857074928942168e-01
3.845309407993906525e+00 -5.452752608900310882e-01
3.857875778608265804e+00 -7.427034726916875718e-01
3.870442149222625083e+00 -6.474620535175508174e-01
3.883008519836984362e+00 -7.848507286349015732e-01
3.895574890451343641e+00 -7.367564560670039064e-01
3.908141261065702476e+00 -7.250451423584122201e-01
3.920707631680061755e+00 -7.089381197834440096e-01
3.933274002294421035e+00 -7.529211715952133233e-01
3.945840372908780314e+00 -6.500886767683994316e-01
3.958406743523139149e+00 -5.370027325343387226e-01
3.970973114137498428e+00 -6.800689422135952622e-01
3.983539484751857707e+00 -6.902878841259845188e-01
3.996105855366216986e+00 -7.062173393139060673e-01
4.008672225980576265e+00 -8.371823848424875258e-01
4.021238596594935544e+00 -6.399507179917590660e-01
4.033804967209294823e+00 -7.863248872962561586e-01
4.046371337823653214e+00 -9.012180085320617984e-01
4.058937708438012493e+00 -7.110000074577994544e-01
4.071504079052371772e+00 -9.092382950254529472e-01
4.084070449666731051e+00 -7.786578483195232270e-01
4.096636820281090330e+00 -6.263615256534322828e-01
4.109203190895449609e+00 -8.320332617912585826e-01
4.121769561509808888e+00 -7.076069216837245213e-01
4.134335932124168167e+00 -8.129224315773404541e-01
4.146902302738527446e+00 -8.923931511927988280e-01
4.159468673352886725e+00 -8.195327954019815397e-01
4.172035043967245116e+00 -9.547380430078636904e-01
4.184601414581604395e+00 -8.898456377330644651e-01
4.197167785195963674e+00 -8.194687558513760184e-01
4.209734155810322953e+00 -1.022964787349250226e+00
4.222300526424682232e+00 -1.128119533510623107e+00
4.234866897039041511e+00 -1.070965543260713915e+00
4.247433267653400790e+00 -9.049012097502119323e-01
4.259999638267760069e+00 -9.730288482884349444e-01
4.272566008882119348e+00 -9.082431228764403786e-01
4.285132379496477739e+00 -8.921437755593546459e-01
4.297698750110837018e+00 -8.540029296113568202e-01
4.310265120725196297e+00 -1.014906933065522043e+00
4.322831491339555576e+00 -8.991322247900004339e-01
4.335397861953914855e+00 -8.853815369830246862e-01
4.347964232568274134e+00 -9.274701323498927286e-01
4.360530603182633413e+00 -9.058685934898006442e-01
4.373096973796992692e+00 -1.063208971763711874e+00
4.385663344411351972e+00 -9.850071246493006250e-01
4.398229715025710362e+00 -8.731921886076301487e-01
4.410796085640069641e+00 -1.089037174898757510e+00
4.423362456254428032e+00 -8.486523554532253710e-01
4.435928826868787311e+00 -1.116079211388775194e+00
4.448495197483146590e+00 -1.063447988488383622e+00
4.461061568097505869e+00 -1.074265921414855107e+00
4.473627938711865148e+00 -9.584383486064250723e-01
4.486194309326224428e+00 -8.534006333065345951e-01
4.498760679940583707e+00 -1.091564960533619066e+00
4.511327050554942986e+00 -1.035446569605066092e+00
4.523893421169302265e+00 -1.038458857018940584e+00
4.536459791783661544e+00 -9.820654812903928388e-01
4.549026162398019935e+00 -1.022992274461882456e+00
4.561592533012379214e+00 -1.089146367141016203e+00
4.574158903626738493e+00 -9.277715305437104210e-01
4.586725274241097772e+00 -9.881863443317217000e-01
4.599291644855457051e+00 -8.992066775445840543e-01
4.611858015469816330e+00 -9.478851029914653337e-01
4.624424386084175609e+00 -9.947718731779147117e-01
4.636990756698534888e+00 -9.984071990442414668e-01
4.649557127312894167e+00 -9.459498274704313259e-01
4.662123497927252558e+00 -9.531911485872535117e-01
4.674689868541611837e+00 -9.715194482364254425e-01
4.687256239155971116e+00 -1.144201820294707295e+00
4.699822609770330395e+00 -1.118373485940495016e+00
4.712388980384689674e+00 -1.065321382002100803e+00
4.724955350999048953e+00 -1.073293236280790541e+00
4.737521721613408232e+00 -1.166139687574526462e+00
4.750088092227767511e+00 -1.151290574897201768e+00
4.762654462842126790e+00 -8.912700251853314937e-01
4.775220833456485181e+00 -8.452253760830050755e-01
4.787787204070844460e+00 -9.645616579591377304e-01
4.800353574685203739e+00 -9.165400218571750912e-01
4.812919945299563018e+00 -1.094331470261760586e+00
4.825486315913922297e+00 -8.516828725459644200e-01
4.838052686528281576e+00 -1.055139307391739667e+00
4.850619057142640855e+00 -7.432953980623654422e-01
4.863185427757000134e+00 -1.181677061410199014e+00
4.875751798371359413e+00 -1.084238085692196707e+00
4.888318168985717804e+00 -9.464506152711505971e-01
4.900884539600077083e+00 -9.244513413588342221e-01
4.913450910214436362e+00 -1.054842117780498301e+00
4.926017280828795641e+00 -9.235521641797337367e-01
4.938583651443154920e+00 -9.291812253993074755e-01
4.951150022057514200e+00 -9.087093046924823447e-01
4.963716392671873479e+00 -8.286964725732793857e-01
4.976282763286232758e+00 -8.490883371430135718e-01
4.988849133900592037e+00 -9.164651490937282263e-01
5.001415504514951316e+00 -7.515064395583392898e-01
5.013981875129309707e+00 -1.090053732607086712e+00
5.026548245743668986e+00 -1.144243319034306650e+00
5.039114616358028265e+00 -1.018251522432450651e+00
5.051680986972387544e+00 -9.844334899227202840e-01
5.064247357586746823e+00 -9.446190033372139361e-01
5.076813728201106102e+00 -1.054944762392751922e+00
5.089380098815465381e+00 -8.909395150656451712e-01
5.101946469429824660e+00 -9.834776672011967813e-01
5.114512840044183939e+00 -8.743860322042613653e-01
5.127079210658542330e+00 -9.854433654940324416e-01
5.139645581272901609e+00 -7.242190577507474636e-01
5.152211951887260888e+00 -1.095770638216603921e+00
5.164778322501620167e+00 -9.450186951734683705e-01
5.177344693115979446e+00 -7.704919118939714817e-01
5.189911063730338725e+00 -1.023026653142759201e+00
5.202477434344698004e+00 -9.795217775382099035e-01
5.215043804959057283e+00 -8.141142987746154969e-01
5.227610175573416562e+00 -7.005647251856821356e-01
5.240176546187774953e+00 -7.674810911251281897e-01
5.252742916802134232e+00 -1.005161238737090734e+00
5.265309287416492623e+00 -6.439532075980934911e-01
5.277875658030851902e+00 -7.140376148711169435e-01
5.290442028645211181e+00 -8.097230627718055018e-01
5.303008399259570460e+00 -8.413961109278441652e-01
5.315574769873929739e+00 -7.725258622669647357e-01
5.328141140488289018e+00 -6.919479861351609529e-01
5.340707511102648297e+00 -7.661562518263813626e-01
5.353273881717007576e+00 -6.985352789182691646e-01
5.365840252331366855e+00 -7.405684116925057570e-01
5.378406622945726134e+00 -7.639012587261307941e-01
5.390972993560084525e+00 -8.808522166306315127e-01
5.403539364174443804e+00 -5.848945789740030987e-01
5.416105734788803083e+00 -8.459164285537008610e-01
5.428672105403162362e+00 -6.590726416634149487e-01
5.441238476017521641e+00 -7.168284910448994296e-01
5.453804846631880920e+00 -8.088569040638283747e-01
5.466371217246240199e+00 -8.122977440733581966e-01
5.478937587860599479e+00 -5.857324734227435936e-01
5.491503958474958758e+00 -7.054714568916924389e-01
5.504070329089317148e+00 -5.588181175832096503e-01
5.516636699703676427e+00 -8.189142247375418293e-01
5.529203070318035707e+00 -7.116391084807858203e-01
5.541769440932394986e+00 -8.459835906838264474e-01
5.554335811546754265e+00 -7.611946181166797665e-01
5.566902182161113544e+00 -6.521325477811179550e-01
5.579468552775472823e+00 -5.636346219040861971e-01
5.592034923389832102e+00 -7.134527304853437446e-01
5.604601294004191381e+00 -6.455366206400502405e-01
5.617167664618549772e+00 -7.393069794336414313e-01
5.629734035232909051e+00 -5.920404328013767481e-01
5.642300405847268330e+00 -5.979953154500560197e-01
5.654866776461627609e+00 -4.713820817756940729e-01
5.667433147075986888e+00 -6.286383271951858642e-01
5.679999517690346167e+00 -4.718518163593767301e-01
5.692565888304705446e+00 -6.476206034346327911e-01
5.705132258919064725e+00 -6.654736451236122896e-01
5.717698629533424004e+00 -5.997787525707004574e-01
5.730265000147783283e+00 -6.253827484817844340e-01
5.742831370762141674e+00 -5.848008159129272077e-01
5.755397741376500953e+00 -6.388579141498134106e-01
5.767964111990860232e+00 -2.870005233536099820e-01
5.780530482605219511e+00 -6.079435115332915140e-01
5.793096853219578790e+00 -3.973376167246076562e-01
5.805663223833938069e+00 -3.173444830505721681e-01
5.818229594448297348e+00 -4.330117986047851697e-01
5.830795965062656627e+00 -4.458299624060243493e-01
5.843362335677015906e+00 -4.380130118540169759e-01
5.855928706291374297e+00 -5.450256056240123659e-01
5.868495076905733576e+00 -4.354614973084103835e-01
5.881061447520092855e+00 -4.875786887957823668e-01
5.893627818134452134e+00 -1.924772125822119817e-01
5.906194188748811413e+00 -3.098050601042722230e-01
5.918760559363170692e+00 -2.692687716206669801e-01
5.931326929977529971e+00 -3.827913897342452021e-01
5.943893300591889250e+00 -4.014414392089005745e-01
5.956459671206248530e+00 -2.255810812334922422e-01
5.969026041820606920e+00 -4.401924296612876875e-01
5.981592412434966199e+00 -4.147941804625874251e-01
5.994158783049325478e+00 -3.616081557299646310e-01
6.006725153663684758e+00 -2.800365776760670999e-01
6.019291524278044037e+00 -6.150838088384741331e-02
6.031857894892402427e+00 -2.924972773713352403e-01
6.044424265506761706e+00 -2.891754027214891165e-01
6.056990636121120986e+00 -2.583565046616672634e-01
6.069557006735480265e+00 -2.204760567580936192e-01
6.082123377349839544e+00 -2.300262771965927155e-01
6.094689747964198823e+00 -2.370905924841597012e-01
6.107256118578558102e+00 -4.763318102917957209e-02
6.119822489192916493e+00 -1.441043023204932327e-01
6.132388859807275772e+00 -7.571538468990865467e-02
6.144955230421635051e+00 -3.684355613174605804e-02
6.157521601035994330e+00 -2.637620037905957782e-01
6.170087971650353609e+00 -5.635792527015968251e-02
6.182654342264712888e+00 -6.336289714674225859e-02
6.195220712879072167e+00 -1.404422221417823136e-01
6.207787083493431446e+00 -8.514127423732691102e-02
6.220353454107790725e+00 -1.454180085530121930e-02
6.232919824722149116e+00 -2.148214306227576587e-01
6.245486195336508395e+00 -3.500444349027542756e-02
6.258052565950867674e+00 8.774616763413140008e-02
6.270618936565226953e+00 -8.129059039381089646e-02
