0.000000000000000000e+00 -1.588395620224188620e-01
1.256637061435917323e-02 -1.336314249365214146e-03
2.513274122871834645e-02 2.266145051713353009e-04
3.769911184307751795e-02 9.052532710580010744e-02
5.026548245743669291e-02 -7.965414411215347712e-02
6.283185307179586787e-02 1.529556732065404656e-01
7.539822368615503589e-02 -3.310497649131234621e-02
8.796459430051420392e-02 1.272820578413154102e-01
1.005309649148733858e-01 1.411234003431440787e-01
1.130973355292325677e-01 2.623729778203356955e-01
1.256637061435917357e-01 1.782609542758480381e-01
1.382300767579508760e-01 3.412670650005096562e-02
1.507964473723100718e-01 2.754220006913128405e-01
1.633628179866692676e-01 1.273467153693083886e-01
1.759291886010284078e-01 2.314724028171580572e-01
1.884955592153875759e-01 8.341545105737425969e-02
2.010619298297467716e-01 1.151877718483150653e-01
2.136283004441059397e-01 2.334989815541170244e-01
2.261946710584651354e-01 2.709578975836748338e-01
2.387610416728242757e-01 2.040448872731565888e-01
2.513274122871834715e-01 3.829055045201621432e-01
2.638937829015426395e-01 3.654344505821657818e-01
2.764601535159017520e-01 2.477809877539446370e-01
2.890265241302609756e-01 3.569302058262595612e-01
3.015928947446201436e-01 3.358639905121421632e-01
3.141592653589793116e-01 2.284344979327393166e-01
3.267256359733385351e-01 2.840331372127216092e-01
3.392920065876976476e-01 4.062584022405468787e-01
3.518583772020568157e-01 3.588590536146181731e-01
3.644247478164160392e-01 5.166928352493910248e-01
3.769911184307751517e-01 3.500977838666138320e-01
3.895574890451343197e-01 4.797564196838450257e-01
4.021238596594935433e-01 3.500451832922673034e-01
4.146902302738527113e-01 2.240800493841420549e-01
4.272566008882118793e-01 5.214356562485332747e-01
4.398229715025711029e-01 4.888567839676201676e-01
4.523893421169302709e-01 3.829749401790666918e-01
4.649557127312893834e-01 4.375333154739241559e-01
4.775220833456485514e-01 5.264707669070871621e-01
4.900884539600077194e-01 4.002054257522424940e-01
5.026548245743669430e-01 6.208558926312514048e-01
5.152211951887261110e-01 5.239766319093142055e-01
5.277875658030852790e-01 3.868734040996685275e-01
5.403539364174444470e-01 4.061593106664258546e-01
5.529203070318035040e-01 5.527838735978883866e-01
5.654866776461627831e-01 6.156850835380045517e-01
5.780530482605219511e-01 3.466276346688207388e-01
5.906194188748811191e-01 6.122514693881673242e-01
6.031857894892402872e-01 5.081803082815998795e-01
6.157521601035994552e-01 5.685911953321903800e-01
6.283185307179586232e-01 7.112032062804189980e-01
6.408849013323177912e-01 5.470201684688461574e-01
6.534512719466770703e-01 7.239529141698572978e-01
6.660176425610361273e-01 5.242713047081040134e-01
6.785840131753952953e-01 8.401781680501030358e-01
6.911503837897544633e-01 5.515772429062227866e-01
7.037167544041136313e-01 5.520303420770794611e-01
7.162831250184729104e-01 5.145084610199898156e-01
7.288494956328320784e-01 5.834410252893875715e-01
7.414158662471912464e-01 8.941710473761597111e-01
7.539822368615503034e-01 7.304292541109798087e-01
7.665486074759094715e-01 7.586047109018214663e-01
7.791149780902686395e-01 7.559482985382108833e-01
7.916813487046279185e-01 6.238903040054212257e-01
8.042477193189870865e-01 6.293947613850502387e-01
8.168140899333462546e-01 6.885556840066809903e-01
8.293804605477054226e-01 6.417278075675930671e-01
8.419468311620645906e-01 6.645563763719346539e-01
8.545132017764237586e-01 6.349128720232749545e-01
8.670795723907829267e-01 7.269585906817415122e-01
8.796459430051422057e-01 8.156625043215877113e-01
8.922123136195013737e-01 7.783691120017109943e-01
9.047786842338605418e-01 8.449396502965008660e-01
9.173450548482194877e-01 8.248709328890655446e-01
9.299114254625787668e-01 8.702035191757739874e-01
9.424777960769379348e-01 5.767365065433136539e-01
9.550441666912971028e-01 6.561338370763655226e-01
9.676105373056562708e-01 8.078462136405676342e-01
9.801769079200154389e-01 9.314585730489893800e-01
9.927432785343746069e-01 7.467335802623925600e-01
1.005309649148733886e+00 9.001319400558165373e-01
1.017876019763092943e+00 1.224244782551486610e+00
1.030442390377452222e+00 7.819581176518063392e-01
1.043008760991811279e+00 7.797510182325597672e-01
1.055575131606170558e+00 1.005390739411810452e+00
1.068141502220529837e+00 7.471672474783938034e-01
1.080707872834888894e+00 9.146506515158004946e-01
1.093274243449248173e+00 1.014553685372100889e+00
1.105840614063607008e+00 7.574844336603709927e-01
1.118406984677966287e+00 9.361760156471446992e-01
1.130973355292325566e+00 8.905405733648330546e-01
1.143539725906684623e+00 7.688424031846576856e-01
1.156106096521043902e+00 1.104537647948105716e+00
1.168672467135402959e+00 9.942100220276665068e-01
1.181238837749762238e+00 9.578911103016973794e-01
1.193805208364121295e+00 1.137819699069417823e+00
1.206371578978480574e+00 1.018232336858736709e+00
1.218937949592839853e+00 1.038265278833556682e+00
1.231504320207198910e+00 9.431261984034085000e-01
1.244070690821558189e+00 1.119578424971045427e+00
1.256637061435917246e+00 8.315682250964373523e-01
1.269203432050276525e+00 1.081701555794984948e+00
1.281769802664635582e+00 1.035946330623557232e+00
1.294336173278994861e+00 9.728458492146825343e-01
1.306902543893354141e+00 1.005980148454782119e+00
1.319468914507712975e+00 8.581956424126502281e-01
1.332035285122072255e+00 1.135630549855035420e+00
1.344601655736431534e+00 8.616207763328695979e-01
1.357168026350790591e+00 8.408383559436050092e-01
1.369734396965149870e+00 1.018098101190614058e+00
1.382300767579508927e+00 9.968904606094041165e-01
1.394867138193868206e+00 9.147415633105034916e-01
1.407433508808227263e+00 1.048646007401533131e+00
1.419999879422586542e+00 9.842598322566135094e-01
1.432566250036945821e+00 1.050631586240586612e+00
1.445132620651304878e+00 1.004884392677589888e+00
1.457698991265664157e+00 9.692018353246869555e-01
1.470265361880023214e+00 9.700267041457002470e-01
1.482831732494382493e+00 1.092549557382889613e+00
1.495398103108741550e+00 1.171326330670538596e+00
1.507964473723100607e+00 1.021205678304681896e+00
1.520530844337459886e+00 8.828718443357936874e-01
1.533097214951818943e+00 9.445583848864255172e-01
1.545663585566178222e+00 1.051182632698173247e+00
1.558229956180537279e+00 1.107054777470621865e+00
1.570796326794896558e+00 1.064268616779450838e+00
1.583362697409255837e+00 1.080292367356517902e+00
1.595929068023614894e+00 1.093032456479238634e+00
1.608495438637974173e+00 1.045933774106455161e+00
1.621061809252333230e+00 1.061550217423365083e+00
1.633628179866692509e+00 1.051271623679449041e+00
1.646194550481051566e+00 9.280068850944995784e-01
1.658760921095410845e+00 1.023747511379047292e+00
1.671327291709770124e+00 8.635042679634413743e-01
1.683893662324129181e+00 1.052489164508909392e+00
1.696460032938488460e+00 1.015167029340553251e+00
1.709026403552847517e+00 1.106220470191146887e+00
1.721592774167206796e+00 1.124644926928672684e+00
1.734159144781565853e+00 1.095954253386134614e+00
1.746725515395925132e+00 1.162484425260067233e+00
1.759291886010284411e+00 1.030073503865786666e+00
1.771858256624643468e+00 1.002395480832859676e+00
1.784424627239002747e+00 9.046489830786168529e-01
1.796990997853361804e+00 8.295970400513202891e-01
1.809557368467721084e+00 9.488331400043741315e-01
1.822123739082079918e+00 1.061606188816356156e+00
1.834690109696438975e+00 1.093894765532247737e+00
1.847256480310798255e+00 9.742032408724796699e-01
1.859822850925157534e+00 1.118966252917988458e+00
1.872389221539516591e+00 9.723774957942078467e-01
1.884955592153875870e+00 1.041996370482747070e+00
1.897521962768234927e+00 9.148494382710112838e-01
1.910088333382594206e+00 1.067151576159155457e+00
1.922654703996953263e+00 7.625148935791954408e-01
1.935221074611312542e+00 8.611510773273601815e-01
1.947787445225671821e+00 8.407954731957764105e-01
1.960353815840030878e+00 9.002703783815864114e-01
1.972920186454390157e+00 9.013451388951645438e-01
1.985486557068749214e+00 1.038126989162471814e+00
1.998052927683108493e+00 8.454067919856521618e-01
2.010619298297467772e+00 8.774438517670957172e-01
2.023185668911826607e+00 1.044549601129552530e+00
2.035752039526185886e+00 9.739807704715452985e-01
2.048318410140545165e+00 8.567979329702257729e-01
2.060884780754904444e+00 7.047494354571067765e-01
2.073451151369263723e+00 8.006394879215847915e-01
2.086017521983622558e+00 9.892038407632184338e-01
2.098583892597981837e+00 8.841421689963770980e-01
2.111150263212341116e+00 1.029694425715683703e+00
2.123716633826700395e+00 8.010559365001255205e-01
2.136283004441059674e+00 9.182696532206827689e-01
2.148849375055418509e+00 6.152861635682786989e-01
2.161415745669777788e+00 8.733608353780116795e-01
2.173982116284137067e+00 7.719465220336056976e-01
2.186548486898496346e+00 8.112135169480121366e-01
2.199114857512855181e+00 7.828180125170698389e-01
2.211681228127214016e+00 8.709665020886068199e-01
2.224247598741573295e+00 7.698594857580040030e-01
2.236813969355932574e+00 7.185682638151459356e-01
2.249380339970291853e+00 7.505879283876336627e-01
2.261946710584651132e+00 7.250219780822892979e-01
2.274513081199009967e+00 7.811543372360878479e-01
2.287079451813369246e+00 7.792519123305675643e-01
2.299645822427728525e+00 7.565130165990767708e-01
2.312212193042087804e+00 7.321756955568915481e-01
2.324778563656447083e+00 5.236134144848447747e-01
2.337344934270805918e+00 6.155304247538400109e-01
2.349911304885165197e+00 6.822276416768442431e-01
2.362477675499524477e+00 5.307312955196935578e-01
2.375044046113883756e+00 7.855788943991611761e-01
2.387610416728242591e+00 6.458310145772303557e-01
2.400176787342601870e+00 4.854077298855337119e-01
2.412743157956961149e+00 5.449804651885877815e-01
2.425309528571320428e+00 5.839520372267055226e-01
2.437875899185679707e+00 6.651654742449829572e-01
2.450442269800038542e+00 7.243906714779484446e-01
2.463008640414397821e+00 6.893852400280973125e-01
2.475575011028757100e+00 6.410047973870546256e-01
2.488141381643116379e+00 7.825762476493010045e-01
2.500707752257475658e+00 5.457465787972890503e-01
2.513274122871834493e+00 5.767559850001283683e-01
2.525840493486193772e+00 4.607755152086999706e-01
2.538406864100553051e+00 6.937557408120743618e-01
2.550973234714912330e+00 5.891081727071599827e-01
2.563539605329271165e+00 6.298259801546313152e-01
2.576105975943630444e+00 5.541590251505041920e-01
2.588672346557989723e+00 4.638366094301006881e-01
2.601238717172349002e+00 4.372610030080915089e-01
2.613805087786708281e+00 5.489864103433182985e-01
2.626371458401067116e+00 5.589381577073261331e-01
2.638937829015425951e+00 4.258075149438161899e-01
2.651504199629785230e+00 4.693430607038897029e-01
2.664070570244144509e+00 3.419966537075783686e-01
2.676636940858503788e+00 2.554357976008266307e-01
2.689203311472863067e+00 3.006940214549138624e-01
2.701769682087221902e+00 4.663031868748243602e-01
2.714336052701581181e+00 2.917414879344801815e-01
2.726902423315940460e+00 3.961879412530284750e-01
2.739468793930299739e+00 3.940657348897602663e-01
2.752035164544658574e+00 3.909374302438477500e-01
2.764601535159017853e+00 2.446643886766405873e-01
2.777167905773377132e+00 4.670526515922563959e-01
2.789734276387736411e+00 3.470627293534123137e-01
2.802300647002095690e+00 2.280764941504482834e-01
2.814867017616454525e+00 3.625242004496222470e-01
2.827433388230813804e+00 2.050622473614605590e-01
2.839999758845173083e+00 2.619532488494180078e-01
2.852566129459532362e+00 1.836791458881458228e-01
2.865132500073891642e+00 3.560525512502684675e-01
2.877698870688250476e+00 2.460359235914965914e-01
2.890265241302609756e+00 1.984981877638479220e-01
2.902831611916969035e+00 2.633539847825618896e-01
2.915397982531328314e+00 2.443698235638416538e-01
2.927964353145687149e+00 2.589381704010672580e-01
2.940530723760046428e+00 2.984421210281379411e-01
2.953097094374405707e+00 -4.041506895361995921e-02
2.965663464988764986e+00 1.137600643079671736e-01
2.978229835603124265e+00 1.121533593377000981e-01
2.990796206217483100e+00 -1.958710002594937771e-02
3.003362576831842379e+00 2.798761309336196268e-01
3.015928947446201214e+00 1.774647252656598728e-01
3.028495318060560493e+00 2.994060714671469003e-02
3.041061688674919772e+00 1.019874192337177493e-01
3.053628059289279051e+00 1.659802882970638493e-01
3.066194429903637886e+00 -3.129363290513574591e-02
3.078760800517997165e+00 4.126415248909082178e-03
3.091327171132356444e+00 3.999385491002938747e-02
3.103893541746715723e+00 8.571608590996482313e-04
3.116459912361074558e+00 1.761306639699578847e-01
3.129026282975433837e+00 -1.358896458216601044e-01
3.141592653589793116e+00 -6.157525130772566191e-02
3.154159024204152395e+00 -1.435964480166159740e-01
3.166725394818511674e+00 -3.965788564940713606e-03
3.179291765432870509e+00 6.563951414672027085e-02
3.191858136047229788e+00 -1.005796704338110664e-01
3.204424506661589067e+00 -5.083682672353631582e-02
3.216990877275948346e+00 -1.559182727527688717e-01
3.229557247890307181e+00 -1.082760233140554335e-01
3.242123618504666460e+00 -1.823811090237943411e-01
3.254689989119025739e+00 -2.455454758879556110e-01
3.267256359733385018e+00 -1.828843520950273471e-01
3.279822730347744297e+00 -1.737929208275864612e-01
3.292389100962103132e+00 -1.715645899736100710e-01
3.304955471576462411e+00 -1.563978982279099483e-01
3.317521842190821690e+00 -2.658667600700127531e-01
3.330088212805180969e+00 -1.875300648232857414e-01
3.342654583419540248e+00 -3.304772294201162586e-01
3.355220954033899083e+00 -7.290528683473143645e-02
3.367787324648258362e+00 -2.287821019001566591e-01
3.380353695262617642e+00 -2.216842899004932144e-01
3.392920065876976921e+00 -1.585375425069233679e-01
3.405486436491335756e+00 -3.619788356573888088e-01
3.418052807105695035e+00 -1.182470269647802608e-01
3.430619177720054314e+00 -1.593462888224874974e-01
3.443185548334413593e+00 -2.207357724242280939e-01
3.455751918948772872e+00 -1.847970121990211712e-01
3.468318289563131707e+00 -2.375906348306796034e-01
3.480884660177490986e+00 -3.312701878339603945e-01
3.493451030791850265e+00 -2.877935452354623558e-01
3.506017401406209544e+00 -3.814510021690001862e-01
3.518583772020568823e+00 -5.184638775205357986e-01
3.531150142634927658e+00 -3.167417064965863949e-01
3.543716513249286937e+00 -5.049680791388289069e-01
3.556282883863646216e+00 -4.211820204967778869e-01
3.568849254478005495e+00 -2.680720218096617202e-01
3.581415625092364330e+00 -5.363332569789064364e-01
3.593981995706723609e+00 -4.781818688419056662e-01
3.606548366321082888e+00 -4.052483020409154424e-01
3.619114736935442167e+00 -4.703198102338960185e-01
3.631681107549800558e+00 -3.156809637115018941e-01
3.644247478164159837e+00 -5.906097821118061475e-01
3.656813848778519116e+00 -4.331907194084808621e-01
3.669380219392877951e+00 -4.712366056084970611e-01
3.681946590007237230e+00 -5.154282962689800129e-01
3.694512960621596509e+00 -4.760741370588332799e-01
3.707079331235955788e+00 -4.833379423575019929e-01
3.719645701850315067e+00 -4.125430261702716095e-01
3.732212072464673902e+00 -6.655871648580544697e-01
3.744778443079033181e+00 -7.418958875275303289e-01
3.757344813693392460e+00 -5.876963443364017214e-01
3.769911184307751739e+00 -7.505185832159509962e-01
3.782477554922110574e+00 -6.130032821929856102e-01
3.795043925536469853e+00 -6.653049602732586942e-01
3.807610296150829132e+00 -7.319074567225813954e-01
3.820176666765188411e+00 -8.305793341353949755e-01
3.832743037379547690e+00 -5.918862540800504668e-01
3.845309407993906525e+00 -8.186726040184171271e-01
3.857875778608265804e+00 -5.511348563885525298e-01
3.870442149222625083e+00 -5.026767923949830852e-01
3.883008519836984362e+00 -6.517738666925682045e-01
3.895574890451343641e+00 -7.609743796713462904e-01
3.908141261065702476e+00 -5.797398106475070145e-01
3.920707631680061755e+00 -7.556403625892733622e-01
3.933274002294421035e+00 -4.235493100818892298e-01
3.945840372908780314e+00 -6.190546106223706602e-01
3.958406743523139149e+00 -7.359443713002521426e-01
3.970973114137498428e+00 -6.582979955674216344e-01
3.983539484751857707e+00 -7.869640535210111754e-01
3.996105855366216986e+00 -4.856212821980730454e-01
4.008672225980576265e+00 -7.588309964237993643e-01
4.021238596594935544e+00 -6.640973273569286128e-01
4.033804967209294823e+00 -7.314018043899122024e-01
4.046371337823653214e+00 -9.336724544275928350e-01
4.058937708438012493e+00 -7.249925148047497991e-01
4.071504079052371772e+00 -6.735855318878994913e-01
4.084070449666731051e+00 -8.719325153056083355e-01
4.096636820281090330e+00 -8.328806258927549111e-01
4.109203190895449609e+00 -9.067420510568384717e-01
4.121769561509808888e+00 -6.685195122370909404e-01
4.134335932124168167e+00 -9.736373903550057385e-01
4.146902302738527446e+00 -6.930333708461604569e-01
4.159468673352886725e+00 -7.969701669500490748e-01
4.172035043967245116e+00 -8.247818966087221426e-01
4.184601414581604395e+00 -7.568654136791664877e-01
4.197167785195963674e+00 -8.213834743134659222e-01
4.209734155810322953e+00 -8.564702901997202078e-01
4.222300526424682232e+00 -6.919382413986048252e-01
4.234866897039041511e+00 -9.665149578460596747e-01
4.247433267653400790e+00 -9.407703773380031720e-01
4.259999638267760069e+00 -9.702653191089241069e-01
4.272566008882119348e+00 -1.045398796334340741e+00
4.285132379496477739e+00 -9.504214317156721714e-01
4.297698750110837018e+00 -9.849515681026815850e-01
4.310265120725196297e+00 -7.064847282405603002e-01
4.322831491339555576e+00 -8.824753540129720575e-01
4.335397861953914855e+00 -1.028340350951187920e+00
4.347964232568274134e+00 -1.051210271266153518e+00
4.360530603182633413e+00 -1.023869644165790183e+00
4.373096973796992692e+00 -1.160644113599986760e+00
4.385663344411351972e+00 -8.803724319615067184e-01
4.398229715025710362e+00 -1.201975441954233448e+00
4.410796085640069641e+00 -9.309228134718229297e-01
4.423362456254428032e+00 -8.873659508167339727e-01
4.435928826868787311e+00 -1.006496602638228710e+00
4.448495197483146590e+00 -9.899315533605604900e-01
4.461061568097505869e+00 -1.146518470867003536e+00
4.473627938711865148e+00 -1.087275384703622061e+00
4.486194309326224428e+00 -9.402955410797003699e-01
4.498760679940583707e+00 -1.005846961377781845e+00
4.511327050554942986e+00 -1.038923950510448835e+00
4.523893421169302265e+00 -1.002616668051080850e+00
4.536459791783661544e+00 -1.106798796621460301e+00
4.549026162398019935e+00 -9.814860688179763981e-01
4.561592533012379214e+00 -1.087767638098514844e+00
4.574158903626738493e+00 -7.873325499449895792e-01
4.586725274241097772e+00 -9.690575865805196587e-01
4.599291644855457051e+00 -1.106733073333760364e+00
4.611858015469816330e+00 -1.170936058957704695e+00
4.624424386084175609e+00 -9.197950496637972151e-01
4.636990756698534888e+00 -1.100185781982263356e+00
4.649557127312894167e+00 -1.045082541359052986e+00
4.662123497927252558e+00 -1.080830346139770581e+00
4.674689868541611837e+00 -8.912259065833081362e-01
4.687256239155971116e+00 -1.073162192681639704e+00
4.699822609770330395e+00 -7.521883322450969578e-01
4.712388980384689674e+00 -1.037049518485890554e+00
4.724955350999048953e+00 -9.767968996745977073e-01
4.737521721613408232e+00 -1.069000262244619526e+00
4.750088092227767511e+00 -1.046451596201318779e+00
4.762654462842126790e+00 -9.913003253969534523e-01
4.775220833456485181e+00 -8.353452683578381777e-01
4.787787204070844460e+00 -9.766215687415364943e-01
4.800353574685203739e+00 -1.095871226041193358e+00
4.812919945299563018e+00 -1.186526021530913022e+00
4.825486315913922297e+00 -9.483084029393069603e-01
4.838052686528281576e+00 -7.081389192678220201e-01
4.850619057142640855e+00 -8.297198319549147216e-01
4.863185427757000134e+00 -9.630380846511860105e-01
4.875751798371359413e+00 -9.646025399183042470e-01
4.888318168985717804e+00 -1.222908926634614257e+00
4.900884539600077083e+00 -1.167304218819341877e+00
4.913450910214436362e+00 -8.685296269091564714e-01
4.926017280828795641e+00 -9.663184586705283463e-01
4.938583651443154920e+00 -9.765627493556219285e-01
4.951150022057514200e+00 -7.171822719310458893e-01
4.963716392671873479e+00 -1.016631359185489192e+00
4.976282763286232758e+00 -1.041765447679960044e+00
4.988849133900592037e+00 -8.262535649977720276e-01
5.001415504514951316e+00 -8.187275379061393910e-01
5.013981875129309707e+00 -9.032418893180388375e-01
5.026548245743668986e+00 -1.010149557545122700e+00
5.039114616358028265e+00 -9.380538922889345432e-01
5.051680986972387544e+00 -1.066428891403097934e+00
5.064247357586746823e+00 -1.051604161258249626e+00
5.076813728201106102e+00 -8.808722515514560980e-01
5.089380098815465381e+00 -8.826329337169617206e-01
5.101946469429824660e+00 -1.016845158194223719e+00
5.114512840044183939e+00 -9.310712040966884206e-01
5.127079210658542330e+00 -9.625686704169256203e-01
5.139645581272901609e+00 -1.120613282938001776e+00
5.152211951887260888e+00 -8.069757574587655968e-01
5.164778322501620167e+00 -9.661320791767025185e-01
5.177344693115979446e+00 -9.215198822144656798e-01
5.189911063730338725e+00 -8.311202753694643119e-01
5.202477434344698004e+00 -7.872656766058546696e-01
5.215043804959057283e+00 -1.039546098546928254e+00
5.227610175573416562e+00 -7.061179434462024895e-01
5.240176546187774953e+00 -6.594457178527288743e-01
5.252742916802134232e+00 -7.426817098089091296e-01
5.265309287416492623e+00 -1.007940762878694940e+00
5.277875658030851902e+00 -7.589211728193843154e-01
5.290442028645211181e+00 -7.323023303275901785e-01
5.303008399259570460e+00 -5.678510160452112654e-01
5.315574769873929739e+00 -8.168415014750896042e-01
5.328141140488289018e+00 -7.615631508734037602e-01
5.340707511102648297e+00 -9.364095115896077237e-01
5.353273881717007576e+00 -7.225244333588306533e-01
5.365840252331366855e+00 -7.966632874311800894e-01
5.378406622945726134e+00 -8.283187023992935050e-01
5.390972993560084525e+00 -7.861426753977055482e-01
5.403539364174443804e+00 -7.899804865266593090e-01
5.416105734788803083e+00 -9.877487376955720322e-01
5.428672105403162362e+00 -7.379650571441153106e-01
5.441238476017521641e+00 -6.296421730024365226e-01
5.453804846631880920e+00 -6.551157860554075452e-01
5.466371217246240199e+00 -8.897785938165870823e-01
5.478937587860599479e+00 -8.043387711209508684e-01
5.491503958474958758e+00 -7.264583544294714867e-01
5.504070329089317148e+00 -7.953981984723961229e-01
5.516636699703676427e+00 -7.896151760105327710e-01
5.529203070318035707e+00 -4.898247223780650694e-01
5.541769440932394986e+00 -6.322864539744098566e-01
5.554335811546754265e+00 -4.502592091089573367e-01
5.566902182161113544e+00 -6.552529458986185995e-01
5.579468552775472823e+00 -5.796360024671635136e-01
5.592034923389832102e+00 -6.295366322066404674e-01
5.604601294004191381e+00 -8.084472009250193159e-01
5.617167664618549772e+00 -5.473067035379848289e-01
5.629734035232909051e+00 -6.011647382109527316e-01
5.642300405847268330e+00 -5.135880355662667540e-01
5.654866776461627609e+00 -5.568293169873991255e-01
5.667433147075986888e+00 -4.851390669696721281e-01
5.679999517690346167e+00 -5.962223393100868352e-01
5.692565888304705446e+00 -5.221480411555381451e-01
5.705132258919064725e+00 -5.400227497898383300e-01
5.717698629533424004e+00 -5.974714791207990094e-01
5.730265000147783283e+00 -5.065724700624898436e-01
5.742831370762141674e+00 -5.214361616121420129e-01
5.755397741376500953e+00 -4.185222430021694473e-01
5.767964111990860232e+00 -5.742941210351247827e-01
5.780530482605219511e+00 -5.251848948799689998e-01
5.793096853219578790e+00 -3.563432269604437930e-01
5.805663223833938069e+00 -3.983597989696890385e-01
5.818229594448297348e+00 -5.828565970343753122e-01
5.830795965062656627e+00 -4.398713944450882707e-01
5.843362335677015906e+00 -4.730363038481204541e-01
5.855928706291374297e+00 -4.410249731914395177e-01
5.868495076905733576e+00 -4.664739758737324049e-01
5.881061447520092855e+00 -4.218796937930621160e-01
5.893627818134452134e+00 -3.392123277222601763e-01
5.906194188748811413e+00 -3.883834177795849052e-01
5.918760559363170692e+00 -2.078454608231818657e-01
5.931326929977529971e+00 -3.614443869185636760e-01
5.943893300591889250e+00 -2.423166285025626920e-01
5.956459671206248530e+00 -2.790107842604166444e-01
5.969026041820606920e+00 -1.949296178100494159e-01
5.981592412434966199e+00 -3.539494494049370554e-01
5.994158783049325478e+00 -2.088120800784988018e-01
6.006725153663684758e+00 -1.906677615709975182e-01
6.019291524278044037e+00 -4.102316729460749878e-01
6.031857894892402427e+00 -2.432818453465238062e-01
6.044424265506761706e+00 -3.343386271985344660e-01
6.056990636121120986e+00 -3.796283532602587885e-01
6.069557006735480265e+00 -2.707241307512628370e-01
6.082123377349839544e+00 -1.653798315661761664e-01
6.094689747964198823e+00 -6.603797933897168071e-02
6.107256118578558102e+00 -2.691070365424997890e-01
6.119822489192916493e+00 -9.329630284782994276e-02
6.132388859807275772e+00 -1.278793489120909344e-01
6.144955230421635051e+00 -1.200299936826570296e-01
6.157521601035994330e+00 -2.722512321301299998e-02
6.170087971650353609e+00 -2.028996693509931282e-01
6.182654342264712888e+00 -2.132778623279045771e-01
6.195220712879072167e+00 -1.261587933765141445e-01
6.207787083493431446e+00 -2.150940216028998375e-01
6.220353454107790725e+00 -1.508935994154559923e-01
6.232919824722149116e+00 -2.589759017189434132e-01
6.245486195336508395e+00 -1.728340987455918853e-01
6.258052565950867674e+00 -1.253002181703106455e-01
6.270618936565226953e+00 -8.260956562046024160e-03
