0.000000000000000000e+00 -3.673653837829603946e-02
1.256637061435917323e-02 -1.772754077114003027e-02
2.513274122871834645e-02 8.791842441069208647e-02
3.769911184307751795e-02 1.423081690960360801e-01
5.026548245743669291e-02 5.885047473094260490e-02
6.283185307179586787e-02 8.466980973201791716e-02
7.539822368615503589e-02 1.222504837104999575e-01
8.796459430051420392e-02 -4.099252107920281496e-04
1.005309649148733858e-01 -1.258698659729816649e-01
1.130973355292325677e-01 -7.201112232697350068e-02
1.256637061435917357e-01 2.180416692820849600e-02
1.382300767579508760e-01 1.844274700570006087e-01
1.507964473723100718e-01 8.791714898539292056e-02
1.633628179866692676e-01 9.599394597750554592e-03
1.759291886010284078e-01 2.214697865002894228e-01
1.884955592153875759e-01 9.831418487802590089e-02
2.010619298297467716e-01 2.084307474675640148e-01
2.136283004441059397e-01 1.941750447188071993e-01
2.261946710584651354e-01 1.621672623822245085e-01
2.387610416728242757e-01 3.468085017390334368e-01
2.513274122871834715e-01 4.211981793430619181e-01
2.638937829015426395e-01 1.938217433208405671e-01
2.764601535159017520e-01 2.251528977025241685e-01
2.890265241302609756e-01 1.415414770071591610e-01
3.015928947446201436e-01 9.992094628046324645e-02
3.141592653589793116e-01 1.169401159040430460e-01
3.267256359733385351e-01 2.778025080303878624e-01
3.392920065876976476e-01 2.518740828148479105e-01
3.518583772020568157e-01 4.301150953199287530e-01
3.644247478164160392e-01 3.384963833071843453e-01
3.769911184307751517e-01 4.813509692823915165e-01
3.895574890451343197e-01 3.736785001521613636e-01
4.021238596594935433e-01 4.583187545587886769e-01
4.146902302738527113e-01 5.226241305165167939e-01
4.272566008882118793e-01 3.933346753731896683e-01
4.398229715025711029e-01 3.426764604514734858e-01
4.523893421169302709e-01 5.633596165191940841e-01
4.649557127312893834e-01 2.750547002727909418e-01
4.775220833456485514e-01 4.213183931747977451e-01
4.900884539600077194e-01 3.121952849846824085e-01
5.026548245743669430e-01 5.674530488462178335e-01
5.152211951887261110e-01 4.577501374458391448e-01
5.277875658030852790e-01 3.531577335236436577e-01
5.403539364174444470e-01 5.880726075629175709e-01
5.529203070318035040e-01 4.510702734001510450e-01
5.654866776461627831e-01 6.001149437546881016e-01
5.780530482605219511e-01 3.818977868833943190e-01
5.906194188748811191e-01 3.529821828541167550e-01
6.031857894892402872e-01 3.805351143938197067e-01
6.157521601035994552e-01 6.084705329610901048e-01
6.283185307179586232e-01 4.678480583969866213e-01
6.408849013323177912e-01 5.118226555032112657e-01
6.534512719466770703e-01 8.463004148545439920e-01
6.660176425610361273e-01 5.523524545024671717e-01
6.785840131753952953e-01 7.247949478936873691e-01
6.911503837897544633e-01 6.305308599977382800e-01
7.037167544041136313e-01 5.689851366553773104e-01
7.162831250184729104e-01 5.303006708903147404e-01
7.288494956328320784e-01 6.480908065867100332e-01
7.414158662471912464e-01 6.381033974402051667e-01
7.539822368615503034e-01 6.383927016082131534e-01
7.665486074759094715e-01 6.797196921492277832e-01
7.791149780902686395e-01 6.500804377466424810e-01
7.916813487046279185e-01 6.015639603152357351e-01
8.042477193189870865e-01 7.008161156461839569e-01
8.168140899333462546e-01 6.952969462118782085e-01
8.293804605477054226e-01 5.430580853760990090e-01
8.419468311620645906e-01 4.988364400843873225e-01
8.545132017764237586e-01 7.682210311168642392e-01
8.670795723907829267e-01 7.395533960737580292e-01
8.796459430051422057e-01 6.981210066847640672e-01
8.922123136195013737e-01 7.333950390074797099e-01
9.047786842338605418e-01 9.996389303605348609e-01
9.173450548482194877e-01 8.212864009468244797e-01
9.299114254625787668e-01 8.324878291896591342e-01
9.424777960769379348e-01 1.007460845380311110e+00
9.550441666912971028e-01 7.454958932892753465e-01
9.676105373056562708e-01 8.499580040698873074e-01
9.801769079200154389e-01 9.470041024879056746e-01
9.927432785343746069e-01 6.639667237930583221e-01
1.005309649148733886e+00 9.252469847050595053e-01
1.017876019763092943e+00 8.839812362168755211e-01
1.030442390377452222e+00 1.031120681437055042e+00
1.043008760991811279e+00 7.608670243492445806e-01
1.055575131606170558e+00 8.767879152239040907e-01
1.068141502220529837e+00 1.119687737756713375e+00
1.080707872834888894e+00 9.667573319372128049e-01
1.093274243449248173e+00 9.737308839364767765e-01
1.105840614063607008e+00 9.033712602601357000e-01
1.118406984677966287e+00 9.773346261412042546e-01
1.130973355292325566e+00 9.340645319765437105e-01
1.143539725906684623e+00 8.400690731125901589e-01
1.156106096521043902e+00 8.778015654518109834e-01
1.168672467135402959e+00 9.643197574881422485e-01
1.181238837749762238e+00 8.374856716597034456e-01
1.193805208364121295e+00 1.108399114708916944e+00
1.206371578978480574e+00 8.746865202902245340e-01
1.218937949592839853e+00 8.466104720036439213e-01
1.231504320207198910e+00 9.558759313293564430e-01
1.244070690821558189e+00 8.861686191323466799e-01
1.256637061435917246e+00 9.866773231680439071e-01
1.269203432050276525e+00 9.455023511259191826e-01
1.281769802664635582e+00 1.098748014536911066e+00
1.294336173278994861e+00 9.090794890754925195e-01
1.306902543893354141e+00 1.104881750434113075e+00
1.319468914507712975e+00 1.006781761333406244e+00
1.332035285122072255e+00 1.048199556314463932e+00
1.344601655736431534e+00 9.696591126357767543e-01
1.357168026350790591e+00 1.148508881577999796e+00
1.369734396965149870e+00 9.717013822072653184e-01
1.382300767579508927e+00 1.051854603194198212e+00
1.394867138193868206e+00 1.058051587827933071e+00
1.407433508808227263e+00 1.132486682132701761e+00
1.419999879422586542e+00 8.190426935857221258e-01
1.432566250036945821e+00 8.905913210241430678e-01
1.445132620651304878e+00 1.052735740966821432e+00
1.457698991265664157e+00 9.747807042822541623e-01
1.470265361880023214e+00 8.514620161373369633e-01
1.482831732494382493e+00 8.443137003340606128e-01
1.495398103108741550e+00 1.037895120152576123e+00
1.507964473723100607e+00 1.173426007211379352e+00
1.520530844337459886e+00 1.105922696520282189e+00
1.533097214951818943e+00 9.956101767281986259e-01
1.545663585566178222e+00 9.122314871305035044e-01
1.558229956180537279e+00 9.179249918009231290e-01
1.570796326794896558e+00 1.009121625138481138e+00
1.583362697409255837e+00 1.078790867520748931e+00
1.595929068023614894e+00 1.016073275742140458e+00
1.608495438637974173e+00 8.473634627121027219e-01
1.621061809252333230e+00 1.062619431882233068e+00
1.633628179866692509e+00 1.050590601740665875e+00
1.646194550481051566e+00 1.036433809407484530e+00
1.658760921095410845e+00 8.262810902016235470e-01
1.671327291709770124e+00 9.103675305037615129e-01
1.683893662324129181e+00 8.380428342488870364e-01
1.696460032938488460e+00 8.802627631745627568e-01
1.709026403552847517e+00 9.068237797731297789e-01
1.721592774167206796e+00 9.510763326290964104e-01
1.734159144781565853e+00 1.112731005815087659e+00
1.746725515395925132e+00 1.096872470520053433e+00
1.759291886010284411e+00 8.487723396510672424e-01
1.771858256624643468e+00 1.063265313031550141e+00
1.784424627239002747e+00 8.911525558832364968e-01
1.796990997853361804e+00 9.902762565534941608e-01
1.809557368467721084e+00 9.709754436723003757e-01
1.822123739082079918e+00 9.307625472421362511e-01
1.834690109696438975e+00 1.011376201348014092e+00
1.847256480310798255e+00 7.865318536286248774e-01
1.859822850925157534e+00 1.147469785233028672e+00
1.872389221539516591e+00 9.987676161483423076e-01
1.884955592153875870e+00 8.477712269860524508e-01
1.897521962768234927e+00 7.288988067768640278e-01
1.910088333382594206e+00 9.184281363784375651e-01
1.922654703996953263e+00 9.359426748052517286e-01
1.935221074611312542e+00 8.764528271479774535e-01
1.947787445225671821e+00 7.977600075518382905e-01
1.960353815840030878e+00 8.290353202401145039e-01
1.972920186454390157e+00 1.103356026127071621e+00
1.985486557068749214e+00 8.889775366046712701e-01
1.998052927683108493e+00 1.085198768313639039e+00
2.010619298297467772e+00 7.654544315095013207e-01
2.023185668911826607e+00 9.682213995031095921e-01
2.035752039526185886e+00 9.401229286664820606e-01
2.048318410140545165e+00 7.618097606774841823e-01
2.060884780754904444e+00 6.617047626753704836e-01
2.073451151369263723e+00 8.909701158952401112e-01
2.086017521983622558e+00 8.475131270004321316e-01
2.098583892597981837e+00 9.157193889985544288e-01
2.111150263212341116e+00 7.403199242027693749e-01
2.123716633826700395e+00 7.914122291682134103e-01
2.136283004441059674e+00 9.165385552639577771e-01
2.148849375055418509e+00 9.354568573255124253e-01
2.161415745669777788e+00 7.568322065098308515e-01
2.173982116284137067e+00 7.835017171101016364e-01
2.186548486898496346e+00 8.344142757017207757e-01
2.199114857512855181e+00 7.382295020764818583e-01
2.211681228127214016e+00 7.221874068736080510e-01
2.224247598741573295e+00 6.934536689307155832e-01
2.236813969355932574e+00 7.216582289322215349e-01
2.249380339970291853e+00 8.648139684094913182e-01
2.261946710584651132e+00 7.346048564337457343e-01
2.274513081199009967e+00 7.298361112786837523e-01
2.287079451813369246e+00 7.950121562088976468e-01
2.299645822427728525e+00 7.514813239347287732e-01
2.312212193042087804e+00 6.372217972743070558e-01
2.324778563656447083e+00 8.757979861277036537e-01
2.337344934270805918e+00 7.796724465135494997e-01
2.349911304885165197e+00 6.237770724229170227e-01
2.362477675499524477e+00 6.098095040935030964e-01
2.375044046113883756e+00 5.075829092615788962e-01
2.387610416728242591e+00 8.047017612610912751e-01
2.400176787342601870e+00 6.959459145424489179e-01
2.412743157956961149e+00 7.633649375386315494e-01
2.425309528571320428e+00 5.833343675216454693e-01
2.437875899185679707e+00 6.143962018529156577e-01
2.450442269800038542e+00 5.395612315008545545e-01
2.463008640414397821e+00 5.208998308867691662e-01
2.475575011028757100e+00 7.766272655110642020e-01
2.488141381643116379e+00 5.125872524935912722e-01
2.500707752257475658e+00 5.064842399955327146e-01
2.513274122871834493e+00 6.724098687112735062e-01
2.525840493486193772e+00 6.703733455924600904e-01
2.538406864100553051e+00 6.422821338792747969e-01
2.550973234714912330e+00 4.984290928956084943e-01
2.563539605329271165e+00 7.742080296883652180e-01
2.576105975943630444e+00 5.455996135476810505e-01
2.588672346557989723e+00 5.444531151461471374e-01
2.601238717172349002e+00 6.335288311428051156e-01
2.613805087786708281e+00 5.741270247179411923e-01
2.626371458401067116e+00 8.061770199231719225e-01
2.638937829015425951e+00 5.611139304078914813e-01
2.651504199629785230e+00 3.961318949259352018e-01
2.664070570244144509e+00 3.988001272219846571e-01
2.676636940858503788e+00 6.019471524539339313e-01
2.689203311472863067e+00 5.615285280559069170e-01
2.701769682087221902e+00 2.946816667480599561e-01
2.714336052701581181e+00 5.059139116264654845e-01
2.726902423315940460e+00 2.122552556664431267e-01
2.739468793930299739e+00 3.520175900365751231e-01
2.752035164544658574e+00 3.345875341778795642e-01
2.764601535159017853e+00 2.754055456155228843e-01
2.777167905773377132e+00 3.967456697845638258e-01
2.789734276387736411e+00 3.099179336179848088e-01
2.802300647002095690e+00 4.573834647700230627e-01
2.814867017616454525e+00 4.429318674736205108e-01
2.827433388230813804e+00 1.714818377961478124e-01
2.839999758845173083e+00 2.733737208718716172e-01
2.852566129459532362e+00 3.437873602070943280e-01
2.865132500073891642e+00 4.070009587973218990e-01
2.877698870688250476e+00 3.228106075549639353e-01
2.890265241302609756e+00 1.752441282226707142e-01
2.902831611916969035e+00 1.472372444588263274e-01
2.915397982531328314e+00 1.412976358420828527e-01
2.927964353145687149e+00 2.825096273643628031e-01
2.940530723760046428e+00 2.692836140531991163e-01
2.953097094374405707e+00 2.505241724709190154e-01
2.965663464988764986e+00 6.479957007232357846e-02
2.978229835603124265e+00 1.431049260274078749e-01
2.990796206217483100e+00 1.050588832973430586e-01
3.003362576831842379e+00 1.629025803008297690e-01
3.015928947446201214e+00 2.714645524808630139e-02
3.028495318060560493e+00 1.172680901377205070e-01
3.041061688674919772e+00 4.884059000492075447e-02
3.053628059289279051e+00 5.610264444194518196e-04
3.066194429903637886e+00 -2.410691276998000454e-03
3.078760800517997165e+00 1.077420863490398395e-01
3.091327171132356444e+00 2.474336866421815717e-01
3.103893541746715723e+00 -1.473866746361263830e-02
3.116459912361074558e+00 -2.149869255858887288e-02
3.129026282975433837e+00 -1.045678514628491651e-01
3.141592653589793116e+00 1.036936676447915498e-02
3.154159024204152395e+00 3.176496935398117477e-02
3.166725394818511674e+00 8.364349719518769655e-02
3.179291765432870509e+00 -4.081849643299799435e-02
3.191858136047229788e+00 -5.062136356243833457e-02
3.204424506661589067e+00 1.169816409644405114e-01
3.216990877275948346e+00 -5.295287929890438172e-03
3.229557247890307181e+00 -1.238017119018919310e-02
3.242123618504666460e+00 -7.239616100388127085e-02
3.254689989119025739e+00 -2.366485682897695453e-01
3.267256359733385018e+00 -5.167795350922790854e-02
3.279822730347744297e+00 -1.554700710210843995e-01
3.292389100962103132e+00 -2.199644990452295223e-01
3.304955471576462411e+00 -2.521437660682530613e-01
3.317521842190821690e+00 -2.679729291236664923e-01
3.330088212805180969e+00 -3.115378874151690791e-01
3.342654583419540248e+00 -1.902409649599592356e-01
3.355220954033899083e+00 -4.073956288349432353e-01
3.367787324648258362e+00 -3.051349263616723873e-01
3.380353695262617642e+00 -2.916500252207646637e-01
3.392920065876976921e+00 -3.123092992000686130e-01
3.405486436491335756e+00 -1.979282648881346418e-01
3.418052807105695035e+00 -2.675458110403309275e-01
3.430619177720054314e+00 -3.544847007585593124e-01
3.443185548334413593e+00 -3.234714541718393122e-01
3.455751918948772872e+00 -1.828740204395133961e-01
3.468318289563131707e+00 -3.739000297902186909e-01
3.480884660177490986e+00 -1.827630734204326868e-01
3.493451030791850265e+00 -3.893983247106510559e-01
3.506017401406209544e+00 -3.898185163328933833e-01
3.518583772020568823e+00 -3.550016500980013867e-01
3.531150142634927658e+00 -2.725709983127916347e-01
3.543716513249286937e+00 -5.435277936615858785e-01
3.556282883863646216e+00 -4.909703731287218265e-01
3.568849254478005495e+00 -3.269374076852453737e-01
3.581415625092364330e+00 -3.486647810816482784e-01
3.593981995706723609e+00 -4.115883627560888991e-01
3.606548366321082888e+00 -2.624746897794890677e-01
3.619114736935442167e+00 -2.428912293724163618e-01
3.631681107549800558e+00 -5.627161621304929140e-01
3.644247478164159837e+00 -3.952761572554636671e-01
3.656813848778519116e+00 -4.794029315761070276e-01
3.669380219392877951e+00 -5.739973831218814215e-01
3.681946590007237230e+00 -4.858379005087110625e-01
3.694512960621596509e+00 -3.017283003229961347e-01
3.707079331235955788e+00 -4.883151588732197457e-01
3.719645701850315067e+00 -5.003171121647399522e-01
3.732212072464673902e+00 -5.741188362931708422e-01
3.744778443079033181e+00 -5.229846164557173660e-01
3.757344813693392460e+00 -5.525947997493292352e-01
3.769911184307751739e+00 -5.371533650322954934e-01
3.782477554922110574e+00 -6.964300909746511392e-01
3.795043925536469853e+00 -4.723806887680273014e-01
3.807610296150829132e+00 -5.239057467628449594e-01
3.820176666765188411e+00 -5.691733180434930262e-01
3.832743037379547690e+00 -6.387035382272254758e-01
3.845309407993906525e+00 -8.374400678116493690e-01
3.857875778608265804e+00 -7.071378125494937050e-01
3.870442149222625083e+00 -6.516707819823346348e-01
3.883008519836984362e+00 -9.617232154339263595e-01
3.895574890451343641e+00 -6.492976235410150565e-01
3.908141261065702476e+00 -7.815893276663303801e-01
3.920707631680061755e+00 -7.186888641628990104e-01
3.933274002294421035e+00 -7.226840154458756826e-01
3.945840372908780314e+00 -8.202963818495846438e-01
3.958406743523139149e+00 -7.913286141544685348e-01
3.970973114137498428e+00 -8.193130077460023530e-01
3.983539484751857707e+00 -5.148740875207242773e-01
3.996105855366216986e+00 -7.311916821340740391e-01
4.008672225980576265e+00 -7.383608361577077561e-01
4.021238596594935544e+00 -6.988907739356510218e-01
4.033804967209294823e+00 -6.301323528710873756e-01
4.046371337823653214e+00 -7.228254920834973341e-01
4.058937708438012493e+00 -9.095223463951619403e-01
4.071504079052371772e+00 -8.723121434281970732e-01
4.084070449666731051e+00 -7.409685126368289465e-01
4.096636820281090330e+00 -7.370595544983171710e-01
4.109203190895449609e+00 -6.771976693239079026e-01
4.121769561509808888e+00 -9.773003365607857429e-01
4.134335932124168167e+00 -9.860077437480042617e-01
4.146902302738527446e+00 -7.606804309263131003e-01
4.159468673352886725e+00 -9.268990605714639841e-01
4.172035043967245116e+00 -8.712002579425138782e-01
4.184601414581604395e+00 -8.286200872303559617e-01
4.197167785195963674e+00 -7.527275805105295703e-01
4.209734155810322953e+00 -9.919513479535982947e-01
4.222300526424682232e+00 -9.811563982171973564e-01
4.234866897039041511e+00 -8.354347058991941077e-01
4.247433267653400790e+00 -9.966872720420602016e-01
4.259999638267760069e+00 -7.787508649433422248e-01
4.272566008882119348e+00 -7.489497151670522213e-01
4.285132379496477739e+00 -9.261409537950439086e-01
4.297698750110837018e+00 -9.260762312606960478e-01
4.310265120725196297e+00 -9.821349422398020224e-01
4.322831491339555576e+00 -9.407707521307514531e-01
4.335397861953914855e+00 -9.657849669799646319e-01
4.347964232568274134e+00 -1.000450974587924424e+00
4.360530603182633413e+00 -9.065758135631839520e-01
4.373096973796992692e+00 -1.035152428408170788e+00
4.385663344411351972e+00 -9.406051063251382738e-01
4.398229715025710362e+00 -1.172590173450742013e+00
4.410796085640069641e+00 -9.535824707615495610e-01
4.423362456254428032e+00 -9.123192166372963152e-01
4.435928826868787311e+00 -1.051126138166841750e+00
4.448495197483146590e+00 -8.658826148162998004e-01
4.461061568097505869e+00 -1.044719559616112292e+00
4.473627938711865148e+00 -9.105183380801257220e-01
4.486194309326224428e+00 -1.231192483154429196e+00
4.498760679940583707e+00 -9.654861480338677859e-01
4.511327050554942986e+00 -9.708219498538115388e-01
4.523893421169302265e+00 -1.113856913644455604e+00
4.536459791783661544e+00 -8.944591407201895050e-01
4.549026162398019935e+00 -1.088032372957588478e+00
4.561592533012379214e+00 -1.135367348534875642e+00
4.574158903626738493e+00 -1.004191527959843677e+00
4.586725274241097772e+00 -8.901483712916793412e-01
4.599291644855457051e+00 -1.156007487074364626e+00
4.611858015469816330e+00 -9.830641726086312149e-01
4.624424386084175609e+00 -9.364377944724115999e-01
4.636990756698534888e+00 -9.803668398147256102e-01
4.649557127312894167e+00 -8.999548028422336143e-01
4.662123497927252558e+00 -1.083628600143241583e+00
4.674689868541611837e+00 -9.623277672155002849e-01
4.687256239155971116e+00 -9.598633529935111097e-01
4.699822609770330395e+00 -1.181736702297184305e+00
4.712388980384689674e+00 -1.189575279079913894e+00
4.724955350999048953e+00 -1.251807424679558745e+00
4.737521721613408232e+00 -1.023598926767551154e+00
4.750088092227767511e+00 -9.444338542442773932e-01
4.762654462842126790e+00 -7.648414462344460540e-01
4.775220833456485181e+00 -9.723642912289589546e-01
4.787787204070844460e+00 -9.778881300003812171e-01
4.800353574685203739e+00 -9.942961900190090407e-01
4.812919945299563018e+00 -9.012455864708298625e-01
4.825486315913922297e+00 -9.298661358484746620e-01
4.838052686528281576e+00 -9.494290808056745634e-01
4.850619057142640855e+00 -1.106970132864980583e+00
4.863185427757000134e+00 -8.415976151210267098e-01
4.875751798371359413e+00 -9.710488809401052190e-01
4.888318168985717804e+00 -9.286240287740203936e-01
4.900884539600077083e+00 -1.169152590280896797e+00
4.913450910214436362e+00 -1.010843652795279546e+00
4.926017280828795641e+00 -1.039687403344903283e+00
4.938583651443154920e+00 -8.008384332764790781e-01
4.951150022057514200e+00 -9.704946986897852179e-01
4.963716392671873479e+00 -9.979970803673727797e-01
4.976282763286232758e+00 -9.221400437525413274e-01
4.988849133900592037e+00 -9.694283587830583304e-01
5.001415504514951316e+00 -8.830600481334938134e-01
5.013981875129309707e+00 -1.008130033044549068e+00
5.026548245743668986e+00 -9.583347902488228431e-01
5.039114616358028265e+00 -8.528217868271981139e-01
5.051680986972387544e+00 -7.819758843940262105e-01
5.064247357586746823e+00 -7.695797545891516211e-01
5.076813728201106102e+00 -8.457042418159342878e-01
5.089380098815465381e+00 -1.098771220800184301e+00
5.101946469429824660e+00 -8.432473373057735033e-01
5.114512840044183939e+00 -1.105732839630986231e+00
5.127079210658542330e+00 -1.147157310136089015e+00
5.139645581272901609e+00 -9.539631093230053205e-01
5.152211951887260888e+00 -9.530938748613138056e-01
5.164778322501620167e+00 -8.066530931904958290e-01
5.177344693115979446e+00 -9.297457884272802842e-01
5.189911063730338725e+00 -9.661433267544776715e-01
5.202477434344698004e+00 -8.281883377833271220e-01
5.215043804959057283e+00 -8.472310976684106487e-01
5.227610175573416562e+00 -8.755829976560398631e-01
5.240176546187774953e+00 -1.085194004459813844e+00
5.252742916802134232e+00 -7.205285499790843318e-01
5.265309287416492623e+00 -7.701519400554773798e-01
5.277875658030851902e+00 -8.796184257564616527e-01
5.290442028645211181e+00 -7.469193708160752898e-01
5.303008399259570460e+00 -8.707167174899775874e-01
5.315574769873929739e+00 -8.243387906967258871e-01
5.328141140488289018e+00 -8.143150317064684618e-01
5.340707511102648297e+00 -7.801645110673957051e-01
5.353273881717007576e+00 -7.052471245334827055e-01
5.365840252331366855e+00 -6.996297269946980535e-01
5.378406622945726134e+00 -8.645853869294146676e-01
5.390972993560084525e+00 -7.814440645602606095e-01
5.403539364174443804e+00 -8.096051666443490058e-01
5.416105734788803083e+00 -6.064226747773153736e-01
5.428672105403162362e+00 -8.103986519359948071e-01
5.441238476017521641e+00 -7.079829292421574438e-01
5.453804846631880920e+00 -7.434262701250423655e-01
5.466371217246240199e+00 -6.451899750072311868e-01
5.478937587860599479e+00 -7.282437432635681107e-01
5.491503958474958758e+00 -6.683883555069597415e-01
5.504070329089317148e+00 -8.380849044833095229e-01
5.516636699703676427e+00 -8.139065381383726594e-01
5.529203070318035707e+00 -7.385663663574534299e-01
5.541769440932394986e+00 -6.279845053616766037e-01
5.554335811546754265e+00 -5.799177283191097043e-01
5.566902182161113544e+00 -7.308380800087135309e-01
5.579468552775472823e+00 -6.488079776573906221e-01
5.592034923389832102e+00 -5.073302464697835301e-01
5.604601294004191381e+00 -5.149657336882741410e-01
5.617167664618549772e+00 -6.360689184683177011e-01
5.629734035232909051e+00 -5.399090310545837657e-01
5.642300405847268330e+00 -5.266473842727027455e-01
5.654866776461627609e+00 -5.429560354822562385e-01
5.667433147075986888e+00 -6.396534884906445173e-01
5.679999517690346167e+00 -7.035289167761162865e-01
5.692565888304705446e+00 -5.383358351213244353e-01
5.705132258919064725e+00 -5.196599903776626395e-01
5.717698629533424004e+00 -5.688895476558788467e-01
5.730265000147783283e+00 -4.845626603244994057e-01
5.742831370762141674e+00 -3.643967061591459333e-01
5.755397741376500953e+00 -5.936188019056780618e-01
5.767964111990860232e+00 -4.979289849301369308e-01
5.780530482605219511e+00 -4.352772870532187199e-01
5.793096853219578790e+00 -5.965935544919607203e-01
5.805663223833938069e+00 -4.060669724244672096e-01
5.818229594448297348e+00 -3.745236053209986538e-01
5.830795965062656627e+00 -5.646793432035611682e-01
5.843362335677015906e+00 -2.896564082490721281e-01
5.855928706291374297e+00 -3.398650351534096004e-01
5.868495076905733576e+00 -3.765651949459465908e-01
5.881061447520092855e+00 -3.964149304491876302e-01
5.893627818134452134e+00 -3.053161533242471082e-01
5.906194188748811413e+00 -5.215670447303346613e-01
5.918760559363170692e+00 -3.048913172427513141e-01
5.931326929977529971e+00 -2.034330368885009510e-01
5.943893300591889250e+00 -1.984726996882033023e-01
5.956459671206248530e+00 -2.307409304334841482e-01
5.969026041820606920e+00 -3.364412105589250634e-01
5.981592412434966199e+00 -2.648777593449806456e-01
5.994158783049325478e+00 -3.751793519838414470e-02
6.006725153663684758e+00 -2.997114192873612804e-01
6.019291524278044037e+00 -4.089546612925727409e-01
6.031857894892402427e+00 -2.746922557335078063e-01
6.044424265506761706e+00 -1.562064626345773810e-01
6.056990636121120986e+00 -3.190350506326792290e-01
6.069557006735480265e+00 -3.052315476976142361e-01
6.082123377349839544e+00 -2.364652972313657786e-02
6.094689747964198823e+00 -2.015127742699205082e-01
6.107256118578558102e+00 -3.090595715760892093e-01
6.119822489192916493e+00 -2.105076834137590003e-01
6.132388859807275772e+00 -7.176632228280027670e-02
6.144955230421635051e+00 -3.779232718630010091e-03
6.157521601035994330e+00 -1.481259893194246113e-01
6.170087971650353609e+00 -9.020575547208545264e-03
6.182654342264712888e+00 1.298074040456861922e-02
6.195220712879072167e+00 -1.291333791233598705e-01
6.207787083493431446e+00 -1.976387137495723978e-01
6.220353454107790725e+00 -1.874876883896606505e-01
6.232919824722149116e+00 -4.328186100432843825e-02
6.245486195336508395e+00 -5.408318136634081286e-02
6.258052565950867674e+00 -1.424613780522151207e-01
6.270618936565226953e+00 -1.964808117453381853e-01
