0.000000000000000000e+00 -5.486736131501165903e-02
1.256637061435917323e-02 -2.955525789503374995e-02
2.513274122871834645e-02 -7.156109332010543445e-02
3.769911184307751795e-02 7.540495998268550992e-02
5.026548245743669291e-02 5.579615697096158844e-02
6.283185307179586787e-02 3.356199945530080608e-02
7.539822368615503589e-02 6.948704044390636991e-02
8.796459430051420392e-02 -5.725518091018808042e-02
1.005309649148733858e-01 1.873413275222710062e-01
1.130973355292325677e-01 1.258543516115908645e-01
1.256637061435917357e-01 1.743115030538954779e-01
1.382300767579508760e-01 1.946593574160671580e-01
1.507964473723100718e-01 9.812573362121576603e-02
1.633628179866692676e-01 2.531172713605891467e-01
1.759291886010284078e-01 1.653931747881556003e-01
1.884955592153875759e-01 2.714003058911768629e-01
2.010619298297467716e-01 2.119166235368332707e-01
2.136283004441059397e-01 1.841887159762450599e-01
2.261946710584651354e-01 1.227439183269734696e-01
2.387610416728242757e-01 3.496358945740569713e-01
2.513274122871834715e-01 1.723972861905835874e-01
2.638937829015426395e-01 4.409402734726036721e-01
2.764601535159017520e-01 2.248030063029002323e-01
2.890265241302609756e-01 2.163142819638658731e-01
3.015928947446201436e-01 3.265377591436542937e-01
3.141592653589793116e-01 3.045161081864020680e-01
3.267256359733385351e-01 3.597832190175198064e-01
3.392920065876976476e-01 4.860277156221575190e-01
3.518583772020568157e-01 2.425351288503904967e-01
3.644247478164160392e-01 4.438442594903430072e-01
3.769911184307751517e-01 3.029647155162925598e-01
3.895574890451343197e-01 2.262113784697256935e-01
4.021238596594935433e-01 3.149701899137942185e-01
4.146902302738527113e-01 4.476137984857819774e-01
4.272566008882118793e-01 3.868901112619273497e-01
4.398229715025711029e-01 4.396066170793404559e-01
4.523893421169302709e-01 3.112794813181605225e-01
4.649557127312893834e-01 3.214607296890668042e-01
4.775220833456485514e-01 5.372328745220352753e-01
4.900884539600077194e-01 5.596157052218481143e-01
5.026548245743669430e-01 5.967185197531080787e-01
5.152211951887261110e-01 4.855658417199664734e-01
5.277875658030852790e-01 4.154130032232870029e-01
5.403539364174444470e-01 5.302632656847674486e-01
5.529203070318035040e-01 3.356197454396148139e-01
5.654866776461627831e-01 4.527536040224370284e-01
5.780530482605219511e-01 4.971217369155149779e-01
5.906194188748811191e-01 5.147784744429435566e-01
6.031857894892402872e-01 5.408031363651063517e-01
6.157521601035994552e-01 5.607897854473266053e-01
6.283185307179586232e-01 5.481952564075681655e-01
6.408849013323177912e-01 5.393429197460604119e-01
6.534512719466770703e-01 6.896707573492522059e-01
6.660176425610361273e-01 6.365325121526475005e-01
6.785840131753952953e-01 7.601641020191848286e-01
6.911503837897544633e-01 5.077185591526606201e-01
7.037167544041136313e-01 5.097565645271868728e-01
7.162831250184729104e-01 6.345652376161523556e-01
7.288494956328320784e-01 5.153441412109108777e-01
7.414158662471912464e-01 7.590921626916899978e-01
7.539822368615503034e-01 7.225743032269748012e-01
7.665486074759094715e-01 6.526179785059831318e-01
7.791149780902686395e-01 8.679443509431706838e-01
7.916813487046279185e-01 8.557237294945833073e-01
8.042477193189870865e-01 7.287125804448689737e-01
8.168140899333462546e-01 7.088337198862422195e-01
8.293804605477054226e-01 7.222829019304330966e-01
8.419468311620645906e-01 8.353428320185940503e-01
8.545132017764237586e-01 7.879018194207167980e-01
8.670795723907829267e-01 7.756080787660737386e-01
8.796459430051422057e-01 7.462742621404502286e-01
8.922123136195013737e-01 7.183158212181740554e-01
9.047786842338605418e-01 8.093673140797510435e-01
9.173450548482194877e-01 8.335889148667707804e-01
9.299114254625787668e-01 7.488637868011098764e-01
9.424777960769379348e-01 7.137757381429884473e-01
9.550441666912971028e-01 7.605135971683800733e-01
9.676105373056562708e-01 7.650258733850480164e-01
9.801769079200154389e-01 8.349985374013757511e-01
9.927432785343746069e-01 7.921048005617381538e-01
1.005309649148733886e+00 7.424207015681932864e-01
1.017876019763092943e+00 8.789771864876408936e-01
1.030442390377452222e+00 8.383589447546550000e-01
1.043008760991811279e+00 8.542742872936444076e-01
1.055575131606170558e+00 8.730440259551701665e-01
1.068141502220529837e+00 6.417299596022371100e-01
1.080707872834888894e+00 8.111633481368719645e-01
1.093274243449248173e+00 7.570373347206367232e-01
1.105840614063607008e+00 6.985621127388574880e-01
1.118406984677966287e+00 8.912632090852647959e-01
1.130973355292325566e+00 1.020899094724140310e+00
1.143539725906684623e+00 9.123322090672479900e-01
1.156106096521043902e+00 9.531060994207155579e-01
1.168672467135402959e+00 7.850425211966953754e-01
1.181238837749762238e+00 8.015316723255936360e-01
1.193805208364121295e+00 1.060244121261086248e+00
1.206371578978480574e+00 8.520310175643469597e-01
1.218937949592839853e+00 1.038634217519166292e+00
1.231504320207198910e+00 7.703942185616152738e-01
1.244070690821558189e+00 9.524310582464461383e-01
1.256637061435917246e+00 1.079578754533169649e+00
1.269203432050276525e+00 9.158986923351928322e-01
1.281769802664635582e+00 8.644990111912824737e-01
1.294336173278994861e+00 1.054859949363076588e+00
1.306902543893354141e+00 1.019372439531799346e+00
1.319468914507712975e+00 1.049482009735344779e+00
1.332035285122072255e+00 9.909276913136297882e-01
1.344601655736431534e+00 9.562340366393278224e-01
1.357168026350790591e+00 8.187079975681486044e-01
1.369734396965149870e+00 1.088375642292035206e+00
1.382300767579508927e+00 1.064579854919855073e+00
1.394867138193868206e+00 1.004970045033027670e+00
1.407433508808227263e+00 9.568499214716840173e-01
1.419999879422586542e+00 9.368146237666462595e-01
1.432566250036945821e+00 1.100872343049630331e+00
1.445132620651304878e+00 1.141600045121766049e+00
1.457698991265664157e+00 9.265962532365961124e-01
1.470265361880023214e+00 9.662790618215604255e-01
1.482831732494382493e+00 9.878703257777776692e-01
1.495398103108741550e+00 1.175180980041431900e+00
1.507964473723100607e+00 9.717879380220777463e-01
1.520530844337459886e+00 1.049312507727150789e+00
1.533097214951818943e+00 9.464342694706698866e-01
1.545663585566178222e+00 1.005091761919174598e+00
1.558229956180537279e+00 8.541028908154510990e-01
1.570796326794896558e+00 9.662319169989370682e-01
1.583362697409255837e+00 9.706406655870527533e-01
1.595929068023614894e+00 1.104198242174683209e+00
1.608495438637974173e+00 1.006731462425852097e+00
1.621061809252333230e+00 8.923857326981790017e-01
1.633628179866692509e+00 9.424591564183351089e-01
1.646194550481051566e+00 1.094087015431883803e+00
1.658760921095410845e+00 9.283571946202934244e-01
1.671327291709770124e+00 9.574480648721230835e-01
1.683893662324129181e+00 9.652528960758024468e-01
1.696460032938488460e+00 8.796934875799997666e-01
1.709026403552847517e+00 9.094590257725054805e-01
1.721592774167206796e+00 1.059844672515745101e+00
1.734159144781565853e+00 9.183125376285670161e-01
1.746725515395925132e+00 8.627831340848336472e-01
1.759291886010284411e+00 9.990125345599808471e-01
1.771858256624643468e+00 1.059128130333691686e+00
1.784424627239002747e+00 9.149466136688692020e-01
1.796990997853361804e+00 9.241264517102766307e-01
1.809557368467721084e+00 9.936933475562977902e-01
1.822123739082079918e+00 1.171520989671391622e+00
1.834690109696438975e+00 1.032803249101419629e+00
1.847256480310798255e+00 9.593612626089215167e-01
1.859822850925157534e+00 9.058838050015424193e-01
1.872389221539516591e+00 9.468011875594278814e-01
1.884955592153875870e+00 8.590351943694672920e-01
1.897521962768234927e+00 9.378686650863222729e-01
1.910088333382594206e+00 7.224082928134841763e-01
1.922654703996953263e+00 9.766900686240229668e-01
1.935221074611312542e+00 1.109210424258479488e+00
1.947787445225671821e+00 9.606014522183221604e-01
1.960353815840030878e+00 7.910787750519825412e-01
1.972920186454390157e+00 9.928461787843771980e-01
1.985486557068749214e+00 8.557672337784943961e-01
1.998052927683108493e+00 1.100542877483194015e+00
2.010619298297467772e+00 1.103219984121600605e+00
2.023185668911826607e+00 8.244240847846275866e-01
2.035752039526185886e+00 8.689598612494693342e-01
2.048318410140545165e+00 8.022719936672599861e-01
2.060884780754904444e+00 9.590179254617612337e-01
2.073451151369263723e+00 9.183107910608540037e-01
2.086017521983622558e+00 9.011467086257820558e-01
2.098583892597981837e+00 7.554821918583234375e-01
2.111150263212341116e+00 7.878369068118984408e-01
2.123716633826700395e+00 7.900384641600033397e-01
2.136283004441059674e+00 1.038687625952626759e+00
2.148849375055418509e+00 9.127511346283438964e-01
2.161415745669777788e+00 8.452698558291468212e-01
2.173982116284137067e+00 1.008578583961070807e+00
2.186548486898496346e+00 6.977314382340997767e-01
2.199114857512855181e+00 8.685137312102835239e-01
2.211681228127214016e+00 8.156848359804755866e-01
2.224247598741573295e+00 7.517536869751382245e-01
2.236813969355932574e+00 6.160849684593876496e-01
2.249380339970291853e+00 7.357698423842934377e-01
2.261946710584651132e+00 6.667318071772753152e-01
2.274513081199009967e+00 7.519677238441505596e-01
2.287079451813369246e+00 6.344306630890247378e-01
2.299645822427728525e+00 8.889653365453215050e-01
2.312212193042087804e+00 7.641075108236650149e-01
2.324778563656447083e+00 7.148481011182820088e-01
2.337344934270805918e+00 6.263733848653452174e-01
2.349911304885165197e+00 6.700978657743841271e-01
2.362477675499524477e+00 7.287564276871394409e-01
2.375044046113883756e+00 6.929820405560647156e-01
2.387610416728242591e+00 8.210677886440029827e-01
2.400176787342601870e+00 6.858499610960625548e-01
2.412743157956961149e+00 5.547885736084268160e-01
2.425309528571320428e+00 6.403761820962042828e-01
2.437875899185679707e+00 6.602104498448352343e-01
2.450442269800038542e+00 6.177299283016393083e-01
2.463008640414397821e+00 5.638239536486266967e-01
2.475575011028757100e+00 5.837325521610895462e-01
2.488141381643116379e+00 4.837891788187126951e-01
2.500707752257475658e+00 4.702924858697382637e-01
2.513274122871834493e+00 5.756568895474717396e-01
2.525840493486193772e+00 6.115695813143037229e-01
2.538406864100553051e+00 6.062834756992401264e-01
2.550973234714912330e+00 6.430660301680115598e-01
2.563539605329271165e+00 6.240927183837964298e-01
2.576105975943630444e+00 5.420151047320890259e-01
2.588672346557989723e+00 6.286048493837173012e-01
2.601238717172349002e+00 6.215362826539255758e-01
2.613805087786708281e+00 3.676752352888276176e-01
2.626371458401067116e+00 3.361319771262544776e-01
2.638937829015425951e+00 7.137445153413298771e-01
2.651504199629785230e+00 6.643617621766984005e-01
2.664070570244144509e+00 5.662647913052332171e-01
2.676636940858503788e+00 5.391053195858822589e-01
2.689203311472863067e+00 4.579393836233188742e-01
2.701769682087221902e+00 3.371785535084920737e-01
2.714336052701581181e+00 2.234694843265852549e-01
2.726902423315940460e+00 4.191941329028007202e-01
2.739468793930299739e+00 4.180941167138393366e-01
2.752035164544658574e+00 3.512336034364579862e-01
2.764601535159017853e+00 3.482462458364802838e-01
2.777167905773377132e+00 4.910591997501508876e-01
2.789734276387736411e+00 3.609721068091193419e-01
2.802300647002095690e+00 1.497567285812643756e-01
2.814867017616454525e+00 6.928676588244442325e-02
2.827433388230813804e+00 2.784413928651311987e-01
2.839999758845173083e+00 2.932706512326898607e-01
2.852566129459532362e+00 1.285640618583969996e-01
2.865132500073891642e+00 1.055526510942751961e-01
2.877698870688250476e+00 3.097234856233780365e-01
2.890265241302609756e+00 2.800489355916317424e-01
2.902831611916969035e+00 3.466208747757104636e-01
2.915397982531328314e+00 2.838420044094778216e-01
2.927964353145687149e+00 2.521978101727354593e-01
2.940530723760046428e+00 3.127376365427015914e-01
2.953097094374405707e+00 3.464979842884361450e-01
2.965663464988764986e+00 2.348300979042017012e-01
2.978229835603124265e+00 1.749716144945250018e-01
2.990796206217483100e+00 3.532279506597332253e-01
3.003362576831842379e+00 1.293806576357039717e-01
3.015928947446201214e+00 7.265035946486578244e-02
3.028495318060560493e+00 1.357304538260133420e-01
3.041061688674919772e+00 4.453246534863401496e-01
3.053628059289279051e+00 8.842551271570284199e-02
3.066194429903637886e+00 1.871972763441489274e-01
3.078760800517997165e+00 5.195877265713005205e-02
3.091327171132356444e+00 2.551936904149233395e-02
3.103893541746715723e+00 2.371673654165182277e-02
3.116459912361074558e+00 2.045186242746105942e-01
3.129026282975433837e+00 6.694862630905398793e-02
3.141592653589793116e+00 1.399772648761020422e-01
3.154159024204152395e+00 5.776251857433579301e-02
3.166725394818511674e+00 3.889150589213608011e-02
3.179291765432870509e+00 3.881614884906858798e-02
3.191858136047229788e+00 -1.376324312213880741e-01
3.204424506661589067e+00 3.739060514411796099e-02
3.216990877275948346e+00 -1.663118403057993466e-02
3.229557247890307181e+00 -1.924441032367389948e-01
3.242123618504666460e+00 5.696791478145632470e-02
3.254689989119025739e+00 -1.157586796496743453e-01
3.267256359733385018e+00 -1.709346557533547861e-01
3.279822730347744297e+00 -1.512378689233229712e-01
3.292389100962103132e+00 -8.237374511076088479e-02
3.304955471576462411e+00 2.109132517980535915e-02
3.317521842190821690e+00 -2.575286067085981734e-01
3.330088212805180969e+00 -3.382706570711390137e-01
3.342654583419540248e+00 -1.747695807938894619e-01
3.355220954033899083e+00 -2.264378740463401374e-01
3.367787324648258362e+00 -3.022799785122055050e-01
3.380353695262617642e+00 -3.097151333103495552e-02
3.392920065876976921e+00 -3.267261616193166684e-01
3.405486436491335756e+00 -4.291286571228952740e-01
3.418052807105695035e+00 -3.191018568964302249e-01
3.430619177720054314e+00 -3.171993025083487128e-01
3.443185548334413593e+00 -2.233368213758243348e-01
3.455751918948772872e+00 -5.632891099053169981e-01
3.468318289563131707e+00 -3.791726203542551410e-01
3.480884660177490986e+00 -2.953320159461598760e-01
3.493451030791850265e+00 -2.373104474920634255e-01
3.506017401406209544e+00 -3.366440394288607307e-01
3.518583772020568823e+00 -3.761972415785017620e-01
3.531150142634927658e+00 -4.138166698600780347e-01
3.543716513249286937e+00 -4.759567398761429535e-01
3.556282883863646216e+00 -5.534610266230762798e-01
3.568849254478005495e+00 -4.629244117291587690e-01
3.581415625092364330e+00 -4.739860009600312951e-01
3.593981995706723609e+00 -5.267419827672975563e-01
3.606548366321082888e+00 -4.837535424995960676e-01
3.619114736935442167e+00 -5.748955648987225109e-01
3.631681107549800558e+00 -5.967988532170184213e-01
3.644247478164159837e+00 -2.496120887612520989e-01
3.656813848778519116e+00 -4.892598017587374004e-01
3.669380219392877951e+00 -5.931246740377412729e-01
3.681946590007237230e+00 -5.329303048905730256e-01
3.694512960621596509e+00 -6.550738809582727917e-01
3.707079331235955788e+00 -6.308756380632387639e-01
3.719645701850315067e+00 -7.699174580736167783e-01
3.732212072464673902e+00 -3.869960283626856512e-01
3.744778443079033181e+00 -5.682684490210692108e-01
3.757344813693392460e+00 -7.603503414342113187e-01
3.769911184307751739e+00 -4.496011481411322785e-01
3.782477554922110574e+00 -6.143316517741237437e-01
3.795043925536469853e+00 -6.276773456180166910e-01
3.807610296150829132e+00 -7.802632437472745153e-01
3.820176666765188411e+00 -7.901408708634857225e-01
3.832743037379547690e+00 -6.565230256222244209e-01
3.845309407993906525e+00 -6.456370475952023513e-01
3.857875778608265804e+00 -5.120434786592702459e-01
3.870442149222625083e+00 -7.288655613078734996e-01
3.883008519836984362e+00 -6.973234303465692951e-01
3.895574890451343641e+00 -7.335532560998729856e-01
3.908141261065702476e+00 -6.140310715559746946e-01
3.920707631680061755e+00 -6.571111595049637932e-01
3.933274002294421035e+00 -8.578105473814388038e-01
3.945840372908780314e+00 -6.350472690148566413e-01
3.958406743523139149e+00 -7.396565664391367978e-01
3.970973114137498428e+00 -7.404595659028653243e-01
3.983539484751857707e+00 -6.508309852008408170e-01
3.996105855366216986e+00 -8.923495035727028180e-01
4.008672225980576265e+00 -7.602936376554907394e-01
4.021238596594935544e+00 -9.181270129018779258e-01
4.033804967209294823e+00 -6.396736449123900936e-01
4.046371337823653214e+00 -5.991850917287671052e-01
4.058937708438012493e+00 -7.573870060576536334e-01
4.071504079052371772e+00 -5.767382236875596702e-01
4.084070449666731051e+00 -8.323461832274229311e-01
4.096636820281090330e+00 -8.057771731595350095e-01
4.109203190895449609e+00 -6.590683903750484962e-01
4.121769561509808888e+00 -7.827733024217728985e-01
4.134335932124168167e+00 -7.609423830913731868e-01
4.146902302738527446e+00 -9.843981836599934310e-01
4.159468673352886725e+00 -9.608630581349645317e-01
4.172035043967245116e+00 -7.113255741005548582e-01
4.184601414581604395e+00 -8.113087289684846048e-01
4.197167785195963674e+00 -9.148683299594553286e-01
4.209734155810322953e+00 -8.419074646209513402e-01
4.222300526424682232e+00 -1.018497290811551936e+00
4.234866897039041511e+00 -8.472863103436694132e-01
4.247433267653400790e+00 -1.063147306518825497e+00
4.259999638267760069e+00 -8.840687164619767113e-01
4.272566008882119348e+00 -9.418839224375096242e-01
4.285132379496477739e+00 -9.606772642498445647e-01
4.297698750110837018e+00 -8.208462552653799094e-01
4.310265120725196297e+00 -1.062077139967266159e+00
4.322831491339555576e+00 -8.812755564242011896e-01
4.335397861953914855e+00 -8.695437721345697923e-01
4.347964232568274134e+00 -9.666736904955978149e-01
4.360530603182633413e+00 -1.091835520581784014e+00
4.373096973796992692e+00 -9.320295480185338821e-01
4.385663344411351972e+00 -7.587007597546244764e-01
4.398229715025710362e+00 -1.099187802459727248e+00
4.410796085640069641e+00 -9.482725308795998398e-01
4.423362456254428032e+00 -8.320111323503927014e-01
4.435928826868787311e+00 -1.101512408646772245e+00
4.448495197483146590e+00 -7.592560034926355561e-01
4.461061568097505869e+00 -8.035633208305972275e-01
4.473627938711865148e+00 -1.006246186848853474e+00
4.486194309326224428e+00 -9.443673367408141894e-01
4.498760679940583707e+00 -8.867343593556691328e-01
4.511327050554942986e+00 -1.027930740631806339e+00
4.523893421169302265e+00 -8.697042449960563637e-01
4.536459791783661544e+00 -8.929613743640575363e-01
4.549026162398019935e+00 -9.315444139176961569e-01
4.561592533012379214e+00 -1.102340528952510779e+00
4.574158903626738493e+00 -9.491900231221190865e-01
4.586725274241097772e+00 -1.021847809062730317e+00
4.599291644855457051e+00 -1.052976363103357293e+00
4.611858015469816330e+00 -9.076410509663954684e-01
4.624424386084175609e+00 -9.820620552615739740e-01
4.636990756698534888e+00 -1.018028538355789214e+00
4.649557127312894167e+00 -9.084273712337040951e-01
4.662123497927252558e+00 -1.026965514874374152e+00
4.674689868541611837e+00 -8.784048643651058974e-01
4.687256239155971116e+00 -1.045835620760862117e+00
4.699822609770330395e+00 -8.981706987424435962e-01
4.712388980384689674e+00 -1.018299944546400715e+00
4.724955350999048953e+00 -9.157422829700396782e-01
4.737521721613408232e+00 -8.756770677202766473e-01
4.750088092227767511e+00 -1.227074083734566834e+00
4.762654462842126790e+00 -1.030480452089476806e+00
4.775220833456485181e+00 -1.120118148578673756e+00
4.787787204070844460e+00 -1.119511677106830749e+00
4.800353574685203739e+00 -9.939125463388832626e-01
4.812919945299563018e+00 -1.176981425532202197e+00
4.825486315913922297e+00 -1.028410577493583444e+00
4.838052686528281576e+00 -9.290549834155434894e-01
4.850619057142640855e+00 -9.291491690567571515e-01
4.863185427757000134e+00 -1.010926623123045820e+00
4.875751798371359413e+00 -9.578114985640896473e-01
4.888318168985717804e+00 -9.414595422663301072e-01
4.900884539600077083e+00 -9.909168621079859074e-01
4.913450910214436362e+00 -9.379900612746643329e-01
4.926017280828795641e+00 -8.290535992836742807e-01
4.938583651443154920e+00 -8.682412142214452899e-01
4.951150022057514200e+00 -8.862144129680677995e-01
4.963716392671873479e+00 -1.024956243098730235e+00
4.976282763286232758e+00 -8.892485191397947464e-01
4.988849133900592037e+00 -1.081710116939273769e+00
5.001415504514951316e+00 -7.658424775060916900e-01
5.013981875129309707e+00 -8.944870326887790490e-01
5.026548245743668986e+00 -1.021267159002394953e+00
5.039114616358028265e+00 -8.618332671986442817e-01
5.051680986972387544e+00 -1.040226756269207353e+00
5.064247357586746823e+00 -1.022613955877172076e+00
5.076813728201106102e+00 -8.802063014274384978e-01
5.089380098815465381e+00 -8.758382053498099395e-01
5.101946469429824660e+00 -9.765771767231737899e-01
5.114512840044183939e+00 -8.846098024542877747e-01
5.127079210658542330e+00 -7.735734866486517758e-01
5.139645581272901609e+00 -9.052523337023966610e-01
5.152211951887260888e+00 -1.002354362748649308e+00
5.164778322501620167e+00 -1.011365481896044916e+00
5.177344693115979446e+00 -8.159672070113243025e-01
5.189911063730338725e+00 -7.170711678428229874e-01
5.202477434344698004e+00 -8.354327953064486501e-01
5.215043804959057283e+00 -8.822303057346555510e-01
5.227610175573416562e+00 -9.529835256347003458e-01
5.240176546187774953e+00 -9.481320742786972788e-01
5.252742916802134232e+00 -9.342583914085587082e-01
5.265309287416492623e+00 -7.579840174640909423e-01
5.277875658030851902e+00 -8.712369008048896912e-01
5.290442028645211181e+00 -6.869478031497407988e-01
5.303008399259570460e+00 -7.310292153528503700e-01
5.315574769873929739e+00 -8.321832016779190377e-01
5.328141140488289018e+00 -8.401317917555110037e-01
5.340707511102648297e+00 -8.915796544874224905e-01
5.353273881717007576e+00 -6.311317573130974523e-01
5.365840252331366855e+00 -7.243196727530106793e-01
5.378406622945726134e+00 -9.098806340836516071e-01
5.390972993560084525e+00 -7.793142112699289470e-01
5.403539364174443804e+00 -8.678113728059821952e-01
5.416105734788803083e+00 -6.732320371833128148e-01
5.428672105403162362e+00 -6.494331413880696235e-01
5.441238476017521641e+00 -6.036695417985131762e-01
5.453804846631880920e+00 -8.028076279918090474e-01
5.466371217246240199e+00 -6.373928771562714646e-01
5.478937587860599479e+00 -6.931210701584415990e-01
5.491503958474958758e+00 -9.595673302470932864e-01
5.504070329089317148e+00 -7.496191336054673915e-01
5.516636699703676427e+00 -6.388328689736172405e-01
5.529203070318035707e+00 -7.932254406978095362e-01
5.541769440932394986e+00 -6.206905999759499970e-01
5.554335811546754265e+00 -6.444143518051435038e-01
5.566902182161113544e+00 -7.698242068257791226e-01
5.579468552775472823e+00 -7.300551639734766951e-01
5.592034923389832102e+00 -6.832812344518187642e-01
5.604601294004191381e+00 -8.500504709210823240e-01
5.617167664618549772e+00 -7.259558669693798594e-01
5.629734035232909051e+00 -8.386911489946676790e-01
5.642300405847268330e+00 -6.950755061608969720e-01
5.654866776461627609e+00 -5.489710988319184137e-01
5.667433147075986888e+00 -6.335528631488444029e-01
5.679999517690346167e+00 -5.269925662146585088e-01
5.692565888304705446e+00 -6.555169822986861572e-01
5.705132258919064725e+00 -4.891350622482526500e-01
5.717698629533424004e+00 -6.267423853470766026e-01
5.730265000147783283e+00 -5.701595021679946029e-01
5.742831370762141674e+00 -4.978019671165536675e-01
5.755397741376500953e+00 -4.770432801754309615e-01
5.767964111990860232e+00 -4.578166690593848398e-01
5.780530482605219511e+00 -5.116735473389643074e-01
5.793096853219578790e+00 -6.001808700447551770e-01
5.805663223833938069e+00 -5.180702743798002441e-01
5.818229594448297348e+00 -5.238929546727781883e-01
5.830795965062656627e+00 -4.743927286270026022e-01
5.843362335677015906e+00 -4.021345761070386216e-01
5.855928706291374297e+00 -2.295960979014166625e-01
5.868495076905733576e+00 -4.681880305255869956e-01
5.881061447520092855e+00 -3.162917557149726999e-01
5.893627818134452134e+00 -2.008106794978660459e-01
5.906194188748811413e+00 -1.531041868987476628e-01
5.918760559363170692e+00 -2.685766929041688567e-01
5.931326929977529971e+00 -4.715972110960330310e-01
5.943893300591889250e+00 -3.752154839293855293e-01
5.956459671206248530e+00 -4.853501065257032066e-01
5.969026041820606920e+00 -3.225567032085620567e-01
5.981592412434966199e+00 -3.787689906979861409e-01
5.994158783049325478e+00 -3.311987837622282771e-01
6.006725153663684758e+00 -1.796893984583857184e-01
6.019291524278044037e+00 -2.304667199732823857e-01
6.031857894892402427e+00 -1.605586385889882228e-01
6.044424265506761706e+00 -7.923466107906032563e-02
6.056990636121120986e+00 -2.550823053031563981e-01
6.069557006735480265e+00 -1.631555550740723670e-01
6.082123377349839544e+00 -4.133774463177879444e-01
6.094689747964198823e+00 -9.401454116351355694e-02
6.107256118578558102e+00 -8.805890971634962316e-02
6.119822489192916493e+00 -2.041900597713686150e-02
6.132388859807275772e+00 -1.330727319533832331e-01
6.144955230421635051e+00 -2.599684841130488477e-01
6.157521601035994330e+00 -1.515414609151006509e-01
6.170087971650353609e+00 -8.519296650966497186e-02
6.182654342264712888e+00 -1.709218831749678702e-01
6.195220712879072167e+00 -7.692891844325097650e-02
6.207787083493431446e+00 -1.688491308834164650e-01
6.220353454107790725e+00 -1.768669594339048190e-01
6.232919824722149116e+00 -3.959841122566563898e-02
6.245486195336508395e+00 -1.341924591801176014e-01
6.258052565950867674e+00 -1.335360310790981442e-01
6.270618936565226953e+00 -1.276442223736881931e-01
