0.000000000000000000e+00 1.415614364064271269e-01
1.256637061435917323e-02 -9.596260002416140411e-02
2.513274122871834645e-02 -3.650070821929639331e-02
3.769911184307751795e-02 -3.800143496878213845e-02
5.026548245743669291e-02 8.494909116982332642e-02
6.283185307179586787e-02 2.184396298819180071e-01
7.539822368615503589e-02 -2.203080507135687094e-01
8.796459430051420392e-02 2.237592646244539740e-01
1.005309649148733858e-01 1.651963940424589494e-01
1.130973355292325677e-01 1.414592592579396735e-01
1.256637061435917357e-01 4.210248098580326448e-01
1.382300767579508760e-01 2.470612749049952428e-01
1.507964473723100718e-01 2.673094275804405173e-01
1.633628179866692676e-01 3.061591856954669622e-01
1.759291886010284078e-01 1.569249670655683271e-01
1.884955592153875759e-01 1.817770345020617573e-01
2.010619298297467716e-01 1.812037803339006936e-01
2.136283004441059397e-01 1.509136511969112471e-01
2.261946710584651354e-01 2.193903584953582064e-01
2.387610416728242757e-01 1.732376742729989927e-01
2.513274122871834715e-01 2.197832662520942670e-01
2.638937829015426395e-01 2.522881162087384221e-01
2.764601535159017520e-01 1.792912077582627939e-01
2.890265241302609756e-01 2.261439711520464302e-01
3.015928947446201436e-01 2.740098898278321982e-01
3.141592653589793116e-01 2.086455986027276888e-01
3.267256359733385351e-01 4.817058712814364374e-01
3.392920065876976476e-01 3.673225168981544830e-01
3.518583772020568157e-01 3.641091399606080636e-01
3.644247478164160392e-01 3.296827536053773544e-01
3.769911184307751517e-01 2.460368318079188543e-01
3.895574890451343197e-01 5.202045466940707907e-01
4.021238596594935433e-01 2.698412697615788503e-01
4.146902302738527113e-01 4.704950864647964859e-01
4.272566008882118793e-01 3.160404571661399875e-01
4.398229715025711029e-01 5.169582574988778045e-01
4.523893421169302709e-01 5.539295809146709271e-01
4.649557127312893834e-01 4.940207738687414918e-01
4.775220833456485514e-01 4.693184960450337284e-01
4.900884539600077194e-01 4.215504055744823675e-01
5.026548245743669430e-01 4.946842552021848971e-01
5.152211951887261110e-01 2.904233334624954921e-01
5.277875658030852790e-01 3.063699640933894575e-01
5.403539364174444470e-01 5.179953039696303385e-01
5.529203070318035040e-01 4.995957819251544696e-01
5.654866776461627831e-01 5.820335730805443752e-01
5.780530482605219511e-01 5.679959184773635261e-01
5.906194188748811191e-01 6.872956966494732090e-01
6.031857894892402872e-01 7.018481367599549436e-01
6.157521601035994552e-01 6.751465274580276121e-01
6.283185307179586232e-01 6.758426756379317668e-01
6.408849013323177912e-01 5.784090801990544595e-01
6.534512719466770703e-01 6.266987395065121147e-01
6.660176425610361273e-01 5.681172863772597781e-01
6.785840131753952953e-01 7.430757284674863739e-01
6.911503837897544633e-01 5.337173707266383849e-01
7.037167544041136313e-01 6.032032883154925251e-01
7.162831250184729104e-01 8.011859816577788784e-01
7.288494956328320784e-01 6.502580742744030751e-01
7.414158662471912464e-01 6.510490634276213662e-01
7.539822368615503034e-01 6.655507186929821017e-01
7.665486074759094715e-01 8.536228286165056245e-01
7.791149780902686395e-01 7.668854719711701851e-01
7.916813487046279185e-01 6.142306535917584354e-01
8.042477193189870865e-01 6.728038211597653362e-01
8.168140899333462546e-01 8.603901320781408568e-01
8.293804605477054226e-01 7.648559993888093267e-01
8.419468311620645906e-01 8.757469623963275440e-01
8.545132017764237586e-01 9.147375473468961626e-01
8.670795723907829267e-01 6.813788710494127487e-01
8.796459430051422057e-01 8.950316083443726756e-01
8.922123136195013737e-01 1.000688036705745576e+00
9.047786842338605418e-01 6.054413220500897141e-01
9.173450548482194877e-01 8.425981395224884096e-01
9.299114254625787668e-01 7.618479111522650227e-01
9.424777960769379348e-01 7.788927279293340611e-01
9.550441666912971028e-01 7.711412882361009524e-01
9.676105373056562708e-01 1.038105412978028719e+00
9.801769079200154389e-01 7.980596752194345500e-01
9.927432785343746069e-01 9.312832267178239309e-01
1.005309649148733886e+00 9.001299805367406481e-01
1.017876019763092943e+00 8.893485388316972884e-01
1.030442390377452222e+00 8.544571668111724527e-01
1.043008760991811279e+00 7.020464581813771199e-01
1.055575131606170558e+00 9.141684902979840821e-01
1.068141502220529837e+00 9.197176968368228067e-01
1.080707872834888894e+00 7.413804333481154307e-01
1.093274243449248173e+00 9.297741437312249113e-01
1.105840614063607008e+00 7.215919190035293695e-01
1.118406984677966287e+00 8.734577080220414791e-01
1.130973355292325566e+00 1.009127388749553100e+00
1.143539725906684623e+00 1.075472286819733059e+00
1.156106096521043902e+00 8.235642357012277204e-01
1.168672467135402959e+00 7.987278365153717141e-01
1.181238837749762238e+00 8.012490319554386176e-01
1.193805208364121295e+00 1.109704868313433401e+00
1.206371578978480574e+00 9.762183475497194785e-01
1.218937949592839853e+00 8.084579530065402198e-01
1.231504320207198910e+00 1.026674051239935714e+00
1.244070690821558189e+00 9.525420825482393550e-01
1.256637061435917246e+00 9.415986490062178138e-01
1.269203432050276525e+00 9.211427053667325948e-01
1.281769802664635582e+00 7.852669149771983603e-01
1.294336173278994861e+00 9.406354449768028481e-01
1.306902543893354141e+00 9.754924807378835272e-01
1.319468914507712975e+00 1.071400413651914185e+00
1.332035285122072255e+00 9.465096123449303622e-01
1.344601655736431534e+00 9.628057942478177589e-01
1.357168026350790591e+00 1.059001347714752850e+00
1.369734396965149870e+00 9.689377810758519338e-01
1.382300767579508927e+00 9.714347167132491023e-01
1.394867138193868206e+00 9.421253829021311033e-01
1.407433508808227263e+00 1.066623547478479317e+00
1.419999879422586542e+00 9.272944697974974115e-01
1.432566250036945821e+00 1.063838475335686651e+00
1.445132620651304878e+00 1.075279203556191554e+00
1.457698991265664157e+00 8.596542942658018660e-01
1.470265361880023214e+00 1.059203509669436105e+00
1.482831732494382493e+00 9.850199304581055415e-01
1.495398103108741550e+00 9.381693172547496129e-01
1.507964473723100607e+00 1.079424553299011880e+00
1.520530844337459886e+00 1.024608097130600193e+00
1.533097214951818943e+00 1.177994191613118691e+00
1.545663585566178222e+00 1.059686620962509762e+00
1.558229956180537279e+00 1.020094522096178569e+00
1.570796326794896558e+00 1.073895358452691573e+00
1.583362697409255837e+00 9.524512321740209453e-01
1.595929068023614894e+00 9.957112721814127543e-01
1.608495438637974173e+00 9.677135655234462286e-01
1.621061809252333230e+00 1.206761425746335714e+00
1.633628179866692509e+00 1.117316625804191554e+00
1.646194550481051566e+00 9.102049999519267187e-01
1.658760921095410845e+00 1.175467818613694870e+00
1.671327291709770124e+00 1.046213905923407905e+00
1.683893662324129181e+00 9.881426541216701276e-01
1.696460032938488460e+00 9.551008721714587812e-01
1.709026403552847517e+00 1.031933374819365978e+00
1.721592774167206796e+00 9.644758110984043009e-01
1.734159144781565853e+00 1.074773191148406859e+00
1.746725515395925132e+00 1.178245044181895462e+00
1.759291886010284411e+00 9.321782176955007992e-01
1.771858256624643468e+00 7.807482114534254336e-01
1.784424627239002747e+00 8.234946165889249770e-01
1.796990997853361804e+00 9.358745467018194653e-01
1.809557368467721084e+00 1.050196462174627587e+00
1.822123739082079918e+00 9.403408537107996734e-01
1.834690109696438975e+00 8.321389183606633377e-01
1.847256480310798255e+00 8.495776823623550911e-01
1.859822850925157534e+00 7.755867452729570122e-01
1.872389221539516591e+00 9.425020589409563998e-01
1.884955592153875870e+00 1.039969718160536738e+00
1.897521962768234927e+00 9.042797236093347291e-01
1.910088333382594206e+00 1.014097407292133379e+00
1.922654703996953263e+00 1.026761444201325535e+00
1.935221074611312542e+00 1.033735164209979018e+00
1.947787445225671821e+00 9.133216866814521939e-01
1.960353815840030878e+00 8.949307080234116807e-01
1.972920186454390157e+00 1.082093463475087169e+00
1.985486557068749214e+00 9.123594082969493924e-01
1.998052927683108493e+00 1.084571044325173927e+00
2.010619298297467772e+00 8.847030011815076866e-01
2.023185668911826607e+00 9.208750157198137831e-01
2.035752039526185886e+00 9.407726663703918080e-01
2.048318410140545165e+00 8.333264846396486458e-01
2.060884780754904444e+00 8.502808746454865174e-01
2.073451151369263723e+00 7.756298059491586461e-01
2.086017521983622558e+00 9.048354067496535702e-01
2.098583892597981837e+00 1.140788215301948849e+00
2.111150263212341116e+00 9.108778098321149708e-01
2.123716633826700395e+00 8.862519902247294468e-01
2.136283004441059674e+00 9.120955114361206650e-01
2.148849375055418509e+00 8.210509832068515479e-01
2.161415745669777788e+00 8.421527185847488273e-01
2.173982116284137067e+00 8.467908046062444516e-01
2.186548486898496346e+00 6.649559861361308277e-01
2.199114857512855181e+00 7.050460211636494501e-01
2.211681228127214016e+00 7.505433946482101826e-01
2.224247598741573295e+00 9.470677156233737737e-01
2.236813969355932574e+00 6.981957557394403713e-01
2.249380339970291853e+00 7.931984865355179437e-01
2.261946710584651132e+00 7.183156671263252191e-01
2.274513081199009967e+00 7.047233928379407208e-01
2.287079451813369246e+00 7.577504654223885527e-01
2.299645822427728525e+00 6.614053832219015661e-01
2.312212193042087804e+00 9.118116171411615456e-01
2.324778563656447083e+00 7.484839762517314643e-01
2.337344934270805918e+00 6.252688175309849550e-01
2.349911304885165197e+00 7.727183290284750372e-01
2.362477675499524477e+00 7.884925268833489209e-01
2.375044046113883756e+00 8.714912503677172406e-01
2.387610416728242591e+00 8.415952118519014480e-01
2.400176787342601870e+00 7.309406948270834592e-01
2.412743157956961149e+00 7.227136290892168802e-01
2.425309528571320428e+00 7.005375507637616739e-01
2.437875899185679707e+00 6.689800112560705392e-01
2.450442269800038542e+00 5.610283243516276386e-01
2.463008640414397821e+00 5.664816311954455896e-01
2.475575011028757100e+00 6.549200434133538584e-01
2.488141381643116379e+00 6.363133137264399553e-01
2.500707752257475658e+00 6.061317056116474200e-01
2.513274122871834493e+00 6.448194635836873578e-01
2.525840493486193772e+00 6.973681581707837918e-01
2.538406864100553051e+00 5.471213508826928695e-01
2.550973234714912330e+00 5.725013737179421858e-01
2.563539605329271165e+00 3.861863438291801565e-01
2.576105975943630444e+00 5.165683557691117533e-01
2.588672346557989723e+00 7.163064418455826754e-01
2.601238717172349002e+00 5.101063595940888984e-01
2.613805087786708281e+00 5.229615645973797466e-01
2.626371458401067116e+00 4.699387045312193867e-01
2.638937829015425951e+00 3.957599398102183419e-01
2.651504199629785230e+00 6.694902251797647530e-01
2.664070570244144509e+00 2.990844609089988171e-01
2.676636940858503788e+00 5.268639260679071068e-01
2.689203311472863067e+00 4.612570623761798605e-01
2.701769682087221902e+00 4.243442502718645648e-01
2.714336052701581181e+00 3.345417507566937343e-01
2.726902423315940460e+00 3.346121782503289621e-01
2.739468793930299739e+00 4.896759067673800425e-01
2.752035164544658574e+00 3.905981814435341981e-01
2.764601535159017853e+00 3.653024099770096900e-01
2.777167905773377132e+00 4.282370410819203443e-01
2.789734276387736411e+00 4.442250893700037118e-01
2.802300647002095690e+00 1.642701966256792656e-01
2.814867017616454525e+00 4.453778336699312779e-01
2.827433388230813804e+00 3.154172608430491631e-01
2.839999758845173083e+00 4.397131413591903737e-01
2.852566129459532362e+00 3.870147196823506275e-01
2.865132500073891642e+00 1.722151695749811195e-01
2.877698870688250476e+00 3.537088101996907485e-01
2.890265241302609756e+00 1.792994976625695847e-01
2.902831611916969035e+00 3.173122278138786334e-01
2.915397982531328314e+00 -3.272786938536367818e-02
2.927964353145687149e+00 1.941266422628256660e-01
2.940530723760046428e+00 2.363041184364862712e-01
2.953097094374405707e+00 1.259914877576784054e-01
2.965663464988764986e+00 2.339003988523953581e-01
2.978229835603124265e+00 2.571235768352531093e-02
2.990796206217483100e+00 6.197373493611257889e-02
3.003362576831842379e+00 2.061211892504871135e-01
3.015928947446201214e+00 2.729412115145444240e-01
3.028495318060560493e+00 -3.164936530014758609e-02
3.041061688674919772e+00 9.744551400511873573e-02
3.053628059289279051e+00 1.177780392173003454e-01
3.066194429903637886e+00 3.089083062016203390e-02
3.078760800517997165e+00 -3.629639525293633373e-02
3.091327171132356444e+00 3.594243083263714417e-02
3.103893541746715723e+00 1.376142407724405270e-01
3.116459912361074558e+00 1.219017107135540595e-01
3.129026282975433837e+00 6.830790404986966657e-02
3.141592653589793116e+00 6.678219612919711334e-02
3.154159024204152395e+00 -2.354597647537741700e-01
3.166725394818511674e+00 -1.253878015418782577e-01
3.179291765432870509e+00 -8.113730426375900806e-02
3.191858136047229788e+00 7.690078847437313569e-02
3.204424506661589067e+00 -8.925951054219842529e-02
3.216990877275948346e+00 -1.095304662686251984e-01
3.229557247890307181e+00 -9.182394857654142817e-02
3.242123618504666460e+00 -7.449810631809199168e-02
3.254689989119025739e+00 -2.965067986668733224e-02
3.267256359733385018e+00 -2.131482670092954002e-01
3.279822730347744297e+00 1.847006540713413969e-02
3.292389100962103132e+00 -1.270693051070443391e-01
3.304955471576462411e+00 -2.464760007049041635e-01
3.317521842190821690e+00 -1.953244420634975553e-01
3.330088212805180969e+00 -2.482898516060940697e-01
3.342654583419540248e+00 1.389210992321981974e-02
3.355220954033899083e+00 -3.684963185275010877e-01
3.367787324648258362e+00 -2.165084587001010474e-01
3.380353695262617642e+00 -2.205435673928504148e-01
3.392920065876976921e+00 -1.126783412145260233e-01
3.405486436491335756e+00 -3.797733334027549867e-01
3.418052807105695035e+00 -3.601996164485567475e-01
3.430619177720054314e+00 -3.597039682246623848e-01
3.443185548334413593e+00 -3.792187558358230404e-01
3.455751918948772872e+00 -2.808327851741851400e-01
3.468318289563131707e+00 -3.368410710176310552e-01
3.480884660177490986e+00 -2.580846489240173902e-01
3.493451030791850265e+00 -3.032056235747861983e-01
3.506017401406209544e+00 -3.236883303937003187e-01
3.518583772020568823e+00 -3.819553127745765053e-01
3.531150142634927658e+00 -3.655797829174444735e-01
3.543716513249286937e+00 -4.302142212225880114e-01
3.556282883863646216e+00 -2.920911663201848363e-01
3.568849254478005495e+00 -3.055930599085242561e-01
3.581415625092364330e+00 -3.706985611742028563e-01
3.593981995706723609e+00 -4.518752971387760553e-01
3.606548366321082888e+00 -1.833716235537692918e-01
3.619114736935442167e+00 -5.420085705543339349e-01
3.631681107549800558e+00 -3.953558918005440903e-01
3.644247478164159837e+00 -4.075310557287095126e-01
3.656813848778519116e+00 -5.422384892627963859e-01
3.669380219392877951e+00 -6.249956553280862082e-01
3.681946590007237230e+00 -3.577760285631088610e-01
3.694512960621596509e+00 -5.497642240233344690e-01
3.707079331235955788e+00 -6.324551103214045567e-01
3.719645701850315067e+00 -5.306762151890176415e-01
3.732212072464673902e+00 -6.550666239939207935e-01
3.744778443079033181e+00 -6.867664899940395529e-01
3.757344813693392460e+00 -5.547323352056522383e-01
3.769911184307751739e+00 -6.182605197766525285e-01
3.782477554922110574e+00 -6.057109101006825647e-01
3.795043925536469853e+00 -5.905839209558045866e-01
3.807610296150829132e+00 -5.327536544701667598e-01
3.820176666765188411e+00 -7.304472717988452768e-01
3.832743037379547690e+00 -6.363987635729092540e-01
3.845309407993906525e+00 -5.809331186071123865e-01
3.857875778608265804e+00 -7.463697663198671783e-01
3.870442149222625083e+00 -6.560712992008248534e-01
3.883008519836984362e+00 -6.165375440018945330e-01
3.895574890451343641e+00 -4.489240473843426615e-01
3.908141261065702476e+00 -6.333187945225340343e-01
3.920707631680061755e+00 -5.512876606015527647e-01
3.933274002294421035e+00 -6.354403705249251910e-01
3.945840372908780314e+00 -9.057395749973438104e-01
3.958406743523139149e+00 -7.467925709787478494e-01
3.970973114137498428e+00 -7.125358837914771426e-01
3.983539484751857707e+00 -8.206643690241001154e-01
3.996105855366216986e+00 -8.883595978974048180e-01
4.008672225980576265e+00 -5.954652066089549667e-01
4.021238596594935544e+00 -7.122170295769089110e-01
4.033804967209294823e+00 -8.189062139172653687e-01
4.046371337823653214e+00 -8.606581659323425670e-01
4.058937708438012493e+00 -8.910048408499391392e-01
4.071504079052371772e+00 -8.708542982088280926e-01
4.084070449666731051e+00 -7.304383131223194381e-01
4.096636820281090330e+00 -8.226979659754120044e-01
4.109203190895449609e+00 -6.993731253477029064e-01
4.121769561509808888e+00 -9.755956554666266323e-01
4.134335932124168167e+00 -9.367053661265078990e-01
4.146902302738527446e+00 -1.015101465550737769e+00
4.159468673352886725e+00 -7.805169917130615476e-01
4.172035043967245116e+00 -6.930085665625514979e-01
4.184601414581604395e+00 -8.959377598829948441e-01
4.197167785195963674e+00 -1.080396110768499396e+00
4.209734155810322953e+00 -1.047197619093617860e+00
4.222300526424682232e+00 -8.858812357936139970e-01
4.234866897039041511e+00 -8.163397841001862609e-01
4.247433267653400790e+00 -8.672841160706042940e-01
4.259999638267760069e+00 -7.870537974308481344e-01
4.272566008882119348e+00 -7.959330222356724160e-01
4.285132379496477739e+00 -9.433916408784140950e-01
4.297698750110837018e+00 -9.810871435281923736e-01
4.310265120725196297e+00 -9.283863454795635572e-01
4.322831491339555576e+00 -8.420637199196445710e-01
4.335397861953914855e+00 -1.003379465066704279e+00
4.347964232568274134e+00 -8.665125761288973161e-01
4.360530603182633413e+00 -7.723008503320254459e-01
4.373096973796992692e+00 -9.946183085567688043e-01
4.385663344411351972e+00 -7.691559168758234089e-01
4.398229715025710362e+00 -8.933830529162770651e-01
4.410796085640069641e+00 -9.767028717626337064e-01
4.423362456254428032e+00 -9.037369170342676172e-01
4.435928826868787311e+00 -9.197369881200623265e-01
4.448495197483146590e+00 -8.859296994156820038e-01
4.461061568097505869e+00 -7.675534047312626562e-01
4.473627938711865148e+00 -8.631293548553314876e-01
4.486194309326224428e+00 -8.704004549359762866e-01
4.498760679940583707e+00 -8.507464379554298128e-01
4.511327050554942986e+00 -1.189168938920188046e+00
4.523893421169302265e+00 -1.002970890121817060e+00
4.536459791783661544e+00 -8.876793867012544581e-01
4.549026162398019935e+00 -9.090643155216933113e-01
4.561592533012379214e+00 -1.066175649881508924e+00
4.574158903626738493e+00 -1.087771394549460702e+00
4.586725274241097772e+00 -9.428592124471499858e-01
4.599291644855457051e+00 -9.228318305505966990e-01
4.611858015469816330e+00 -8.610570470832122902e-01
4.624424386084175609e+00 -1.049710917306649671e+00
4.636990756698534888e+00 -9.635555298732005891e-01
4.649557127312894167e+00 -1.027145780438275757e+00
4.662123497927252558e+00 -1.063296224359221887e+00
4.674689868541611837e+00 -9.851905912749487904e-01
4.687256239155971116e+00 -1.084764742704496632e+00
4.699822609770330395e+00 -1.204738191769318956e+00
4.712388980384689674e+00 -1.069409441148674755e+00
4.724955350999048953e+00 -1.135844547514688330e+00
4.737521721613408232e+00 -9.874729203567489400e-01
4.750088092227767511e+00 -1.117747706844177902e+00
4.762654462842126790e+00 -1.030203393341159401e+00
4.775220833456485181e+00 -7.840472119827375241e-01
4.787787204070844460e+00 -9.066688489708766285e-01
4.800353574685203739e+00 -9.630119594798858262e-01
4.812919945299563018e+00 -1.054927801422013367e+00
4.825486315913922297e+00 -8.836608215066013017e-01
4.838052686528281576e+00 -1.114875224364082928e+00
4.850619057142640855e+00 -1.051932532410272181e+00
4.863185427757000134e+00 -1.137381197885067863e+00
4.875751798371359413e+00 -8.894775914589821975e-01
4.888318168985717804e+00 -9.769710877519125480e-01
4.900884539600077083e+00 -1.207687450559600251e+00
4.913450910214436362e+00 -8.393945164265536052e-01
4.926017280828795641e+00 -9.259315193916434206e-01
4.938583651443154920e+00 -1.032588642543392110e+00
4.951150022057514200e+00 -8.359972018652720438e-01
4.963716392671873479e+00 -1.039335376285434487e+00
4.976282763286232758e+00 -9.657505808054411833e-01
4.988849133900592037e+00 -1.062386703911611718e+00
5.001415504514951316e+00 -9.193818467476088108e-01
5.013981875129309707e+00 -1.147810731302654652e+00
5.026548245743668986e+00 -9.308295428429006479e-01
5.039114616358028265e+00 -1.050622280882992365e+00
5.051680986972387544e+00 -1.007298839799120271e+00
5.064247357586746823e+00 -9.930669269318511683e-01
5.076813728201106102e+00 -6.954508127627597736e-01
5.089380098815465381e+00 -8.706921983974650336e-01
5.101946469429824660e+00 -8.862273815099158680e-01
5.114512840044183939e+00 -1.078325882779106237e+00
5.127079210658542330e+00 -8.346789896049686686e-01
5.139645581272901609e+00 -9.321490469833109138e-01
5.152211951887260888e+00 -9.732640884331967834e-01
5.164778322501620167e+00 -9.617128687075723326e-01
5.177344693115979446e+00 -9.206485860126178977e-01
5.189911063730338725e+00 -8.839628292566140688e-01
5.202477434344698004e+00 -8.989075851390602168e-01
5.215043804959057283e+00 -7.943501258291787437e-01
5.227610175573416562e+00 -5.726900702555818290e-01
5.240176546187774953e+00 -8.857150062354079978e-01
5.252742916802134232e+00 -9.177831253361256048e-01
5.265309287416492623e+00 -9.478273949744527860e-01
5.277875658030851902e+00 -9.416029230609741507e-01
5.290442028645211181e+00 -7.835686625956528317e-01
5.303008399259570460e+00 -9.113637145223134617e-01
5.315574769873929739e+00 -8.144047872438230362e-01
5.328141140488289018e+00 -9.764821430815775472e-01
5.340707511102648297e+00 -6.916798227542271249e-01
5.353273881717007576e+00 -7.405575610582976198e-01
5.365840252331366855e+00 -8.380859533687117224e-01
5.378406622945726134e+00 -9.049209924840742048e-01
5.390972993560084525e+00 -7.717219517085850411e-01
5.403539364174443804e+00 -8.379975811540341102e-01
5.416105734788803083e+00 -8.070226715067571055e-01
5.428672105403162362e+00 -9.458329163703986797e-01
5.441238476017521641e+00 -8.077249965024919653e-01
5.453804846631880920e+00 -8.135297679786286373e-01
5.466371217246240199e+00 -8.224996868195089128e-01
5.478937587860599479e+00 -7.251624324793501941e-01
5.491503958474958758e+00 -6.534164823855164173e-01
5.504070329089317148e+00 -6.019365887021156380e-01
5.516636699703676427e+00 -7.526815487377160885e-01
5.529203070318035707e+00 -6.759304962778709402e-01
5.541769440932394986e+00 -6.702412896775911122e-01
5.554335811546754265e+00 -7.084835387193098022e-01
5.566902182161113544e+00 -5.470454489386309405e-01
5.579468552775472823e+00 -6.729263997456774726e-01
5.592034923389832102e+00 -5.844641715796944359e-01
5.604601294004191381e+00 -6.057652476459449709e-01
5.617167664618549772e+00 -5.136283012787558055e-01
5.629734035232909051e+00 -6.835035752367396578e-01
5.642300405847268330e+00 -6.860709000021424364e-01
5.654866776461627609e+00 -5.454533407776190890e-01
5.667433147075986888e+00 -4.799262995566341838e-01
5.679999517690346167e+00 -5.900982804760321887e-01
5.692565888304705446e+00 -6.141680994003247962e-01
5.705132258919064725e+00 -4.426816878756810736e-01
5.717698629533424004e+00 -5.585640018846893540e-01
5.730265000147783283e+00 -6.917906336560086800e-01
5.742831370762141674e+00 -5.327190597805577799e-01
5.755397741376500953e+00 -3.687028087949241195e-01
5.767964111990860232e+00 -4.767630735944933251e-01
5.780530482605219511e+00 -5.401670602230482787e-01
5.793096853219578790e+00 -5.918624935220024863e-01
5.805663223833938069e+00 -5.814706553570181402e-01
5.818229594448297348e+00 -2.656001784057843706e-01
5.830795965062656627e+00 -5.793741537396350783e-01
5.843362335677015906e+00 -2.883189730091292313e-01
5.855928706291374297e+00 -5.518416664140796124e-01
5.868495076905733576e+00 -4.640583223270089430e-01
5.881061447520092855e+00 -4.270830876367138762e-01
5.893627818134452134e+00 -3.156300759902213593e-01
5.906194188748811413e+00 -2.838160330237772255e-01
5.918760559363170692e+00 -3.966351154850236704e-01
5.931326929977529971e+00 -2.132826834383525771e-01
5.943893300591889250e+00 -4.307925679370134264e-01
5.956459671206248530e+00 -4.450269175836856772e-01
5.969026041820606920e+00 -1.664488194616779437e-01
5.981592412434966199e+00 -2.041522450684489787e-01
5.994158783049325478e+00 -2.543857651820208843e-01
6.006725153663684758e+00 -2.700531708567043832e-01
6.019291524278044037e+00 -3.215536189661429844e-01
6.031857894892402427e+00 -4.712997142598792100e-01
6.044424265506761706e+00 -3.466130181601664306e-01
6.056990636121120986e+00 -3.288389513928032248e-01
6.069557006735480265e+00 -3.320565818431828742e-01
6.082123377349839544e+00 1.181105965686851667e-02
6.094689747964198823e+00 -8.529091771175328907e-02
6.107256118578558102e+00 -2.110878508123208985e-01
6.119822489192916493e+00 -1.954601371886614813e-01
6.132388859807275772e+00 -1.461975035853819438e-01
6.144955230421635051e+00 6.499228572095783196e-03
6.157521601035994330e+00 2.647540662681080459e-03
6.170087971650353609e+00 -1.823232455118551365e-01
6.182654342264712888e+00 4.007182620938368189e-02
6.195220712879072167e+00 1.099777803759876549e-01
6.207787083493431446e+00 6.680088009686507844e-02
6.220353454107790725e+00 -5.643748000743621651e-02
6.232919824722149116e+00 -9.700289489756991346e-02
6.245486195336508395e+00 6.585750177420182649e-02
6.258052565950867674e+00 -8.911678694155912572e-02
6.270618936565226953e+00 1.402127556130386421e-01
