0.000000000000000000e+00 1.899852936148108684e-01
1.256637061435917323e-02 3.344633521401110809e-02
2.513274122871834645e-02 1.146511989914821700e-01
3.769911184307751795e-02 -8.038273296638057119e-02
5.026548245743669291e-02 7.759757213921478214e-02
6.283185307179586787e-02 1.230772439177933719e-01
7.539822368615503589e-02 9.190062325609496541e-03
8.796459430051420392e-02 -1.650987734610287472e-02
1.005309649148733858e-01 4.224681758175145158e-02
1.130973355292325677e-01 7.722108489018925104e-02
1.256637061435917357e-01 1.547406148575333762e-01
1.382300767579508760e-01 -4.190677308157222947e-02
1.507964473723100718e-01 1.112765730453730978e-01
1.633628179866692676e-01 2.075512562378560577e-01
1.759291886010284078e-01 1.276331333870245333e-01
1.884955592153875759e-01 3.037621362471787934e-01
2.010619298297467716e-01 7.672876671039960406e-02
2.136283004441059397e-01 3.106790328037523086e-01
2.261946710584651354e-01 1.426592212023248818e-01
2.387610416728242757e-01 6.068061453451917275e-02
2.513274122871834715e-01 3.183111086637259723e-01
2.638937829015426395e-01 2.587019687273710566e-01
2.764601535159017520e-01 3.231344127223453322e-01
2.890265241302609756e-01 5.508631087386850478e-01
3.015928947446201436e-01 4.056514272320669301e-01
3.141592653589793116e-01 2.927013675072062115e-01
3.267256359733385351e-01 3.762238348854388681e-01
3.392920065876976476e-01 5.617666812562693845e-01
3.518583772020568157e-01 3.404653211255800893e-01
3.644247478164160392e-01 2.813727882140755199e-01
3.769911184307751517e-01 3.855609274671441544e-01
3.895574890451343197e-01 2.223231074282918662e-01
4.021238596594935433e-01 4.176932213115018833e-01
4.146902302738527113e-01 3.528527255062429147e-01
4.272566008882118793e-01 2.967668037349350252e-01
4.398229715025711029e-01 4.613364742042609934e-01
4.523893421169302709e-01 3.383392380806968247e-01
4.649557127312893834e-01 5.368950977491053766e-01
4.775220833456485514e-01 4.408305192910072501e-01
4.900884539600077194e-01 5.688381271076038415e-01
5.026548245743669430e-01 5.693082201106254292e-01
5.152211951887261110e-01 6.043837077464435659e-01
5.277875658030852790e-01 5.170240927621218008e-01
5.403539364174444470e-01 5.638683045506691638e-01
5.529203070318035040e-01 6.159042114542300217e-01
5.654866776461627831e-01 7.216717416282465436e-01
5.780530482605219511e-01 4.762092860623655111e-01
5.906194188748811191e-01 6.010555308290485010e-01
6.031857894892402872e-01 4.814493444744141204e-01
6.157521601035994552e-01 7.343296015403195653e-01
6.283185307179586232e-01 6.732292585697183807e-01
6.408849013323177912e-01 6.169887105666720384e-01
6.534512719466770703e-01 6.997105507409027148e-01
6.660176425610361273e-01 6.057413501039671244e-01
6.785840131753952953e-01 7.438556136978705657e-01
6.911503837897544633e-01 6.558701862611369116e-01
7.037167544041136313e-01 5.078450475770242001e-01
7.162831250184729104e-01 6.410729358331451744e-01
7.288494956328320784e-01 7.466671885524230889e-01
7.414158662471912464e-01 5.118128147605696121e-01
7.539822368615503034e-01 7.549899288564625444e-01
7.665486074759094715e-01 6.254193762965556402e-01
7.791149780902686395e-01 7.993872028532296170e-01
7.916813487046279185e-01 6.288748434987323499e-01
8.042477193189870865e-01 6.988941204454990341e-01
8.168140899333462546e-01 7.476743569118887711e-01
8.293804605477054226e-01 6.227035123366352343e-01
8.419468311620645906e-01 7.151394227919077862e-01
8.545132017764237586e-01 8.294600860958288857e-01
8.670795723907829267e-01 8.797601053138014437e-01
8.796459430051422057e-01 8.248595194721297652e-01
8.922123136195013737e-01 8.850035586425555323e-01
9.047786842338605418e-01 9.046196018246290826e-01
9.173450548482194877e-01 6.726868096769708094e-01
9.299114254625787668e-01 7.507002454981173134e-01
9.424777960769379348e-01 8.445336687258924169e-01
9.550441666912971028e-01 8.110633817565372494e-01
9.676105373056562708e-01 8.158998076117206510e-01
9.801769079200154389e-01 7.907264764480091968e-01
9.927432785343746069e-01 8.788324287676594349e-01
1.005309649148733886e+00 7.358275162476777265e-01
1.017876019763092943e+00 6.822326720419040758e-01
1.030442390377452222e+00 1.059934188680216938e+00
1.043008760991811279e+00 8.090963565650065581e-01
1.055575131606170558e+00 9.531857738473711317e-01
1.068141502220529837e+00 9.717274309017733813e-01
1.080707872834888894e+00 9.538491184171761228e-01
1.093274243449248173e+00 8.096592864701209757e-01
1.105840614063607008e+00 8.454720695661446239e-01
1.118406984677966287e+00 8.636248970719668794e-01
1.130973355292325566e+00 1.068011872236105830e+00
1.143539725906684623e+00 7.977545950392580520e-01
1.156106096521043902e+00 8.521543880670495730e-01
1.168672467135402959e+00 8.217851908390095828e-01
1.181238837749762238e+00 8.418325556986536728e-01
1.193805208364121295e+00 7.827103573863076758e-01
1.206371578978480574e+00 9.375449114403286988e-01
1.218937949592839853e+00 9.770036257881823394e-01
1.231504320207198910e+00 9.392902882355059768e-01
1.244070690821558189e+00 8.648363251936643792e-01
1.256637061435917246e+00 1.146148087707476559e+00
1.269203432050276525e+00 1.075905077917782116e+00
1.281769802664635582e+00 8.406774806618554363e-01
1.294336173278994861e+00 1.156637502487431579e+00
1.306902543893354141e+00 1.116225168749072294e+00
1.319468914507712975e+00 1.131007385833134649e+00
1.332035285122072255e+00 9.921409731019955602e-01
1.344601655736431534e+00 9.968002347406845765e-01
1.357168026350790591e+00 9.352938705523358154e-01
1.369734396965149870e+00 1.004401719665762416e+00
1.382300767579508927e+00 8.839640938747519439e-01
1.394867138193868206e+00 1.298346770260763172e+00
1.407433508808227263e+00 8.872010101759185696e-01
1.419999879422586542e+00 1.061906540402186350e+00
1.432566250036945821e+00 7.678171195728916709e-01
1.445132620651304878e+00 8.499248090405826517e-01
1.457698991265664157e+00 9.907127743636042760e-01
1.470265361880023214e+00 1.004111135196595450e+00
1.482831732494382493e+00 9.238265303971425757e-01
1.495398103108741550e+00 1.074421891690165332e+00
1.507964473723100607e+00 9.152471973507825265e-01
1.520530844337459886e+00 1.048486047618715888e+00
1.533097214951818943e+00 1.029018450587482647e+00
1.545663585566178222e+00 8.803461582810213626e-01
1.558229956180537279e+00 9.442696649355408756e-01
1.570796326794896558e+00 9.241394341759885389e-01
1.583362697409255837e+00 9.142870264883822262e-01
1.595929068023614894e+00 1.027777145513437462e+00
1.608495438637974173e+00 9.175496946757717431e-01
1.621061809252333230e+00 1.193012906492196379e+00
1.633628179866692509e+00 9.551583444878193330e-01
1.646194550481051566e+00 9.584451678234218175e-01
1.658760921095410845e+00 8.717438154136624151e-01
1.671327291709770124e+00 9.921258886904185115e-01
1.683893662324129181e+00 8.980248916405041415e-01
1.696460032938488460e+00 1.009609795195332005e+00
1.709026403552847517e+00 8.913966939722990368e-01
1.721592774167206796e+00 1.042516953539616376e+00
1.734159144781565853e+00 1.051557560715029371e+00
1.746725515395925132e+00 9.804860230899156148e-01
1.759291886010284411e+00 9.023974877233942316e-01
1.771858256624643468e+00 1.213812098063181910e+00
1.784424627239002747e+00 8.745932994919436432e-01
1.796990997853361804e+00 1.001078499747075856e+00
1.809557368467721084e+00 8.620390348271536052e-01
1.822123739082079918e+00 1.143464685336958997e+00
1.834690109696438975e+00 1.013398720641757844e+00
1.847256480310798255e+00 1.246699519981735449e+00
1.859822850925157534e+00 1.073748110657862576e+00
1.872389221539516591e+00 9.256078257239422902e-01
1.884955592153875870e+00 1.000594370919569265e+00
1.897521962768234927e+00 1.010286094402522039e+00
1.910088333382594206e+00 1.083931457976506030e+00
1.922654703996953263e+00 8.837265597669046180e-01
1.935221074611312542e+00 1.009466472652644997e+00
1.947787445225671821e+00 9.399133218506885434e-01
1.960353815840030878e+00 9.390805065246011774e-01
1.972920186454390157e+00 7.851408385236006149e-01
1.985486557068749214e+00 1.070129964394124222e+00
1.998052927683108493e+00 9.781793539367683588e-01
2.010619298297467772e+00 1.019085271358927347e+00
2.023185668911826607e+00 9.483898091296292243e-01
2.035752039526185886e+00 7.413212356146894333e-01
2.048318410140545165e+00 8.625064718266735042e-01
2.060884780754904444e+00 7.789324011562328565e-01
2.073451151369263723e+00 8.721138249878077620e-01
2.086017521983622558e+00 8.931262784035440827e-01
2.098583892597981837e+00 8.792160043004516590e-01
2.111150263212341116e+00 8.517869427179224351e-01
2.123716633826700395e+00 9.825130613135916180e-01
2.136283004441059674e+00 7.104805650100011194e-01
2.148849375055418509e+00 8.325980690157657182e-01
2.161415745669777788e+00 8.829984032345472578e-01
2.173982116284137067e+00 8.670303173437495792e-01
2.186548486898496346e+00 7.000169070152363338e-01
2.199114857512855181e+00 7.340463312638823012e-01
2.211681228127214016e+00 7.801181656149716037e-01
2.224247598741573295e+00 8.161833064229457868e-01
2.236813969355932574e+00 7.762618274202052193e-01
2.249380339970291853e+00 8.465917213839337929e-01
2.261946710584651132e+00 7.284183966424622181e-01
2.274513081199009967e+00 6.762229227333498294e-01
2.287079451813369246e+00 6.540338273148071924e-01
2.299645822427728525e+00 5.938146024364232556e-01
2.312212193042087804e+00 8.388961346395202856e-01
2.324778563656447083e+00 8.427258549892586714e-01
2.337344934270805918e+00 7.950342975851019123e-01
2.349911304885165197e+00 6.500022392428301821e-01
2.362477675499524477e+00 7.776105523801947195e-01
2.375044046113883756e+00 8.008031466380387542e-01
2.387610416728242591e+00 8.856282190076780747e-01
2.400176787342601870e+00 7.477880188634278280e-01
2.412743157956961149e+00 5.335319390599460032e-01
2.425309528571320428e+00 7.446926610649299283e-01
2.437875899185679707e+00 6.957625861763655495e-01
2.450442269800038542e+00 4.927377763814930756e-01
2.463008640414397821e+00 7.023266138175998652e-01
2.475575011028757100e+00 6.555648174834425301e-01
2.488141381643116379e+00 5.912041728292329879e-01
2.500707752257475658e+00 6.877754484655247413e-01
2.513274122871834493e+00 5.924698103893831780e-01
2.525840493486193772e+00 5.683889854284837062e-01
2.538406864100553051e+00 6.537121478686386267e-01
2.550973234714912330e+00 5.270598404197754938e-01
2.563539605329271165e+00 5.142778706366816222e-01
2.576105975943630444e+00 5.601152236599876710e-01
2.588672346557989723e+00 4.112200264606931666e-01
2.601238717172349002e+00 5.777852407049076655e-01
2.613805087786708281e+00 4.748771239615390827e-01
2.626371458401067116e+00 6.570041643807068565e-01
2.638937829015425951e+00 5.339591274502668572e-01
2.651504199629785230e+00 5.582205963903528190e-01
2.664070570244144509e+00 4.785136478795063986e-01
2.676636940858503788e+00 4.825625841765643353e-01
2.689203311472863067e+00 5.780301812402570683e-01
2.701769682087221902e+00 2.111344716557475021e-01
2.714336052701581181e+00 5.357523376614065080e-01
2.726902423315940460e+00 6.130359705929888658e-01
2.739468793930299739e+00 3.941779206795132384e-01
2.752035164544658574e+00 4.971195339361549337e-01
2.764601535159017853e+00 4.396209693933628704e-01
2.777167905773377132e+00 3.528300393178964156e-01
2.789734276387736411e+00 2.933189556124939368e-01
2.802300647002095690e+00 9.985707869186666308e-02
2.814867017616454525e+00 4.191434152885285536e-01
2.827433388230813804e+00 3.209399835060614548e-01
2.839999758845173083e+00 2.483705171716000248e-01
2.852566129459532362e+00 2.779509977038613355e-01
2.865132500073891642e+00 3.865687153876127824e-01
2.877698870688250476e+00 2.913565838089396953e-01
2.890265241302609756e+00 3.693509447848097871e-01
2.902831611916969035e+00 1.687627039749848290e-01
2.915397982531328314e+00 2.089598750753008383e-01
2.927964353145687149e+00 1.650466016384032342e-01
2.940530723760046428e+00 1.177720893093322230e-01
2.953097094374405707e+00 7.567431767337050308e-02
2.965663464988764986e+00 3.098548713160118595e-01
2.978229835603124265e+00 1.669933062725841855e-01
2.990796206217483100e+00 1.353289457329388545e-01
3.003362576831842379e+00 2.272796065112189789e-01
3.015928947446201214e+00 2.602295236570262849e-01
3.028495318060560493e+00 1.529996806139446996e-01
3.041061688674919772e+00 2.372571262216615628e-01
3.053628059289279051e+00 1.263639808540450715e-01
3.066194429903637886e+00 2.438704663736933065e-01
3.078760800517997165e+00 -4.825566883064075219e-02
3.091327171132356444e+00 8.289348135010982110e-02
3.103893541746715723e+00 -4.592242215548585776e-02
3.116459912361074558e+00 2.741634762773799139e-01
3.129026282975433837e+00 1.054070897679968144e-01
3.141592653589793116e+00 5.330837820386273573e-02
3.154159024204152395e+00 6.414160994989925868e-02
3.166725394818511674e+00 9.619406221052910488e-02
3.179291765432870509e+00 3.314936858147798926e-02
3.191858136047229788e+00 -6.218401149564711794e-02
3.204424506661589067e+00 -4.183152860600521106e-02
3.216990877275948346e+00 -2.322851229639565779e-02
3.229557247890307181e+00 -6.502049250301594752e-03
3.242123618504666460e+00 -3.801779934476209877e-03
3.254689989119025739e+00 -1.395889437207324946e-01
3.267256359733385018e+00 -7.378943435271517748e-02
3.279822730347744297e+00 -1.068622748428957325e-01
3.292389100962103132e+00 -1.129491230715098105e-01
3.304955471576462411e+00 -2.876920544436540883e-01
3.317521842190821690e+00 -1.848170271843963541e-01
3.330088212805180969e+00 -3.505209565724412002e-01
3.342654583419540248e+00 -1.360422418537969858e-01
3.355220954033899083e+00 -8.663463956499500851e-02
3.367787324648258362e+00 -1.833500233088130038e-01
3.380353695262617642e+00 -2.516268423968299195e-01
3.392920065876976921e+00 -1.397538771421790449e-01
3.405486436491335756e+00 -2.458057895284497807e-01
3.418052807105695035e+00 -1.444627153308787604e-01
3.430619177720054314e+00 -2.633646178426402029e-01
3.443185548334413593e+00 -1.980511661885773211e-01
3.455751918948772872e+00 -9.215120472111676397e-02
3.468318289563131707e+00 -3.282456504013820942e-01
3.480884660177490986e+00 -3.260079391908339286e-01
3.493451030791850265e+00 -5.697590312731695139e-01
3.506017401406209544e+00 -4.356077649648210093e-01
3.518583772020568823e+00 -4.306048655194569807e-01
3.531150142634927658e+00 -4.188501984313743876e-01
3.543716513249286937e+00 -5.534467478336793089e-01
3.556282883863646216e+00 -3.754020760985449234e-01
3.568849254478005495e+00 -3.463785983222936182e-01
3.581415625092364330e+00 -3.481939578347190700e-01
3.593981995706723609e+00 -4.370068411280998988e-01
3.606548366321082888e+00 -3.813098630943918543e-01
3.619114736935442167e+00 -6.021287749168056092e-01
3.631681107549800558e+00 -3.179879244611567568e-01
3.644247478164159837e+00 -4.347408145991689121e-01
3.656813848778519116e+00 -2.135929983722962833e-01
3.669380219392877951e+00 -6.659906985791879119e-01
3.681946590007237230e+00 -4.162140851083075410e-01
3.694512960621596509e+00 -5.788445953202863148e-01
3.707079331235955788e+00 -3.995855174390748887e-01
3.719645701850315067e+00 -5.788338170641184055e-01
3.732212072464673902e+00 -6.086368599256158918e-01
3.744778443079033181e+00 -5.094500181036291098e-01
3.757344813693392460e+00 -6.490168602991075453e-01
3.769911184307751739e+00 -5.085752085814938539e-01
3.782477554922110574e+00 -4.164673189589730429e-01
3.795043925536469853e+00 -6.591820936440717649e-01
3.807610296150829132e+00 -7.009788915891240757e-01
3.820176666765188411e+00 -6.568232403480194215e-01
3.832743037379547690e+00 -5.870483304979059458e-01
3.845309407993906525e+00 -6.958836239556723813e-01
3.857875778608265804e+00 -4.736707270179962848e-01
3.870442149222625083e+00 -6.813715065698754403e-01
3.883008519836984362e+00 -5.484153661280026792e-01
3.895574890451343641e+00 -6.586454711766962511e-01
3.908141261065702476e+00 -7.260041281796545398e-01
3.920707631680061755e+00 -7.096124762728297508e-01
3.933274002294421035e+00 -8.509048231389244599e-01
3.945840372908780314e+00 -8.969662634818516000e-01
3.958406743523139149e+00 -7.960430033473160361e-01
3.970973114137498428e+00 -8.769970063108550873e-01
3.983539484751857707e+00 -7.125967949847649141e-01
3.996105855366216986e+00 -8.414742122205359776e-01
4.008672225980576265e+00 -8.055619937140099385e-01
4.021238596594935544e+00 -7.255107735780789158e-01
4.033804967209294823e+00 -7.147933086783456735e-01
4.046371337823653214e+00 -7.218614514782842884e-01
4.058937708438012493e+00 -8.906264315648442231e-01
4.071504079052371772e+00 -7.292360302360783031e-01
4.084070449666731051e+00 -8.878965563782984516e-01
4.096636820281090330e+00 -9.186885733018882449e-01
4.109203190895449609e+00 -9.016112453530515936e-01
4.121769561509808888e+00 -7.465158871192857371e-01
4.134335932124168167e+00 -8.011112656300503065e-01
4.146902302738527446e+00 -8.572952806107948520e-01
4.159468673352886725e+00 -8.960104574602620886e-01
4.172035043967245116e+00 -8.599599872511848320e-01
4.184601414581604395e+00 -8.201943906264757000e-01
4.197167785195963674e+00 -8.975405378418276348e-01
4.209734155810322953e+00 -8.152267907988830498e-01
4.222300526424682232e+00 -7.916891308088018775e-01
4.234866897039041511e+00 -7.483029251764647949e-01
4.247433267653400790e+00 -9.623265632465080044e-01
4.259999638267760069e+00 -8.400420924956905067e-01
4.272566008882119348e+00 -8.232570602454158948e-01
4.285132379496477739e+00 -9.497597796325986108e-01
4.297698750110837018e+00 -1.004409641262069108e+00
4.310265120725196297e+00 -9.482573736498234318e-01
4.322831491339555576e+00 -8.115320196882296333e-01
4.335397861953914855e+00 -1.081183921104133416e+00
4.347964232568274134e+00 -8.461927528284505229e-01
4.360530603182633413e+00 -7.241343891542509903e-01
4.373096973796992692e+00 -1.036521888092269084e+00
4.385663344411351972e+00 -1.044061824166628405e+00
4.398229715025710362e+00 -1.037207557307273431e+00
4.410796085640069641e+00 -1.050856985812661293e+00
4.423362456254428032e+00 -1.024557567549263748e+00
4.435928826868787311e+00 -1.083635981209725818e+00
4.448495197483146590e+00 -1.120311298260811661e+00
4.461061568097505869e+00 -1.049951724952245868e+00
4.473627938711865148e+00 -8.507511792805062534e-01
4.486194309326224428e+00 -9.505089964545572201e-01
4.498760679940583707e+00 -8.636094070346577167e-01
4.511327050554942986e+00 -9.106781508084963450e-01
4.523893421169302265e+00 -9.499392672845626828e-01
4.536459791783661544e+00 -9.359728816445185284e-01
4.549026162398019935e+00 -8.958698148289305774e-01
4.561592533012379214e+00 -9.917125279219721756e-01
4.574158903626738493e+00 -1.164795302704286328e+00
4.586725274241097772e+00 -1.155799207457388844e+00
4.599291644855457051e+00 -1.093358551180907856e+00
4.611858015469816330e+00 -1.059740046466041363e+00
4.624424386084175609e+00 -9.306114679089908526e-01
4.636990756698534888e+00 -1.042307427361099492e+00
4.649557127312894167e+00 -1.011200793475112381e+00
4.662123497927252558e+00 -9.040141870548832337e-01
4.674689868541611837e+00 -1.025683552458856340e+00
4.687256239155971116e+00 -8.800430848338141043e-01
4.699822609770330395e+00 -9.654877711637651627e-01
4.712388980384689674e+00 -1.058830716956934204e+00
4.724955350999048953e+00 -1.181840604888543922e+00
4.737521721613408232e+00 -1.120640961768849753e+00
4.750088092227767511e+00 -9.937431999789728687e-01
4.762654462842126790e+00 -1.075207502702601126e+00
4.775220833456485181e+00 -9.948600819164001852e-01
4.787787204070844460e+00 -9.682608079208273599e-01
4.800353574685203739e+00 -8.330732368603979143e-01
4.812919945299563018e+00 -1.039287294187975608e+00
4.825486315913922297e+00 -9.584996990183122234e-01
4.838052686528281576e+00 -9.989673203993787443e-01
4.850619057142640855e+00 -9.838918128995733925e-01
4.863185427757000134e+00 -1.078540891231074994e+00
4.875751798371359413e+00 -1.111694307181152030e+00
4.888318168985717804e+00 -1.079133685701296530e+00
4.900884539600077083e+00 -9.392063571808485500e-01
4.913450910214436362e+00 -1.109036873472746931e+00
4.926017280828795641e+00 -9.900732649394804463e-01
4.938583651443154920e+00 -9.088560210370631998e-01
4.951150022057514200e+00 -7.759502707848050518e-01
4.963716392671873479e+00 -1.128540410988345899e+00
4.976282763286232758e+00 -9.590782389072896041e-01
4.988849133900592037e+00 -1.041208839740467296e+00
5.001415504514951316e+00 -7.928853586257088581e-01
5.013981875129309707e+00 -8.159419826230505102e-01
5.026548245743668986e+00 -1.004051910368196410e+00
5.039114616358028265e+00 -7.947065917306131988e-01
5.051680986972387544e+00 -9.523154726364367884e-01
5.064247357586746823e+00 -8.852195230533206338e-01
5.076813728201106102e+00 -9.398059398107486695e-01
5.089380098815465381e+00 -8.987293015641908411e-01
5.101946469429824660e+00 -7.479794428358866876e-01
5.114512840044183939e+00 -7.795745543257525112e-01
5.127079210658542330e+00 -9.761657367458466128e-01
5.139645581272901609e+00 -8.853079539358561512e-01
5.152211951887260888e+00 -9.161378544515587086e-01
5.164778322501620167e+00 -7.566052370367462032e-01
5.177344693115979446e+00 -9.126453132123539813e-01
5.189911063730338725e+00 -1.080001479358440264e+00
5.202477434344698004e+00 -8.137585035854872917e-01
5.215043804959057283e+00 -9.153173237411321717e-01
5.227610175573416562e+00 -8.441880864578162891e-01
5.240176546187774953e+00 -8.062579033425399944e-01
5.252742916802134232e+00 -8.325541646940755047e-01
5.265309287416492623e+00 -8.423586523199239062e-01
5.277875658030851902e+00 -9.430175674794686325e-01
5.290442028645211181e+00 -7.372356274610614157e-01
5.303008399259570460e+00 -8.559345240214130124e-01
5.315574769873929739e+00 -7.834638806084781582e-01
5.328141140488289018e+00 -8.853615835709404136e-01
5.340707511102648297e+00 -8.685311493113013759e-01
5.353273881717007576e+00 -9.665495086417102977e-01
5.365840252331366855e+00 -7.550004898119478947e-01
5.378406622945726134e+00 -7.837092035981035876e-01
5.390972993560084525e+00 -9.141863285286710994e-01
5.403539364174443804e+00 -7.832854554617066922e-01
5.416105734788803083e+00 -6.721624239222047104e-01
5.428672105403162362e+00 -9.047835081542420221e-01
5.441238476017521641e+00 -8.489394012872528705e-01
5.453804846631880920e+00 -7.017505201255493930e-01
5.466371217246240199e+00 -6.234646208045291349e-01
5.478937587860599479e+00 -7.251467649457973286e-01
5.491503958474958758e+00 -5.938118697725610629e-01
5.504070329089317148e+00 -8.104683085276414012e-01
5.516636699703676427e+00 -5.763649317711289077e-01
5.529203070318035707e+00 -8.289173485731389235e-01
5.541769440932394986e+00 -8.437397444383782918e-01
5.554335811546754265e+00 -6.951159030977568376e-01
5.566902182161113544e+00 -6.047985568559096636e-01
5.579468552775472823e+00 -6.148537662598971831e-01
5.592034923389832102e+00 -6.206147313582617286e-01
5.604601294004191381e+00 -6.551840463905903578e-01
5.617167664618549772e+00 -6.468498019302454383e-01
5.629734035232909051e+00 -5.952373049727670562e-01
5.642300405847268330e+00 -6.321827865232891863e-01
5.654866776461627609e+00 -6.137996586170766378e-01
5.667433147075986888e+00 -5.237182827547305353e-01
5.679999517690346167e+00 -5.556034457970584484e-01
5.692565888304705446e+00 -5.923413196807458814e-01
5.705132258919064725e+00 -5.410341679684819161e-01
5.717698629533424004e+00 -6.026724888133018210e-01
5.730265000147783283e+00 -7.158080157895959639e-01
5.742831370762141674e+00 -6.884276773001092309e-01
5.755397741376500953e+00 -4.794824268398662492e-01
5.767964111990860232e+00 -3.598224575732495989e-01
5.780530482605219511e+00 -4.844728525351326143e-01
5.793096853219578790e+00 -4.140303395086215033e-01
5.805663223833938069e+00 -3.895495453115751516e-01
5.818229594448297348e+00 -5.528913585079607840e-01
5.830795965062656627e+00 -3.970989728923752238e-01
5.843362335677015906e+00 -4.314676402726214111e-01
5.855928706291374297e+00 -4.691277111541991007e-01
5.868495076905733576e+00 -5.128033249540837613e-01
5.881061447520092855e+00 -2.670229111179200920e-01
5.893627818134452134e+00 -3.652640068658672412e-01
5.906194188748811413e+00 -3.477077088568806262e-01
5.918760559363170692e+00 -2.175128667608632049e-01
5.931326929977529971e+00 -1.962727096209151145e-01
5.943893300591889250e+00 -4.421857418813397445e-01
5.956459671206248530e+00 -3.746565885021422293e-01
5.969026041820606920e+00 -3.524569440951847987e-01
5.981592412434966199e+00 -1.328707472591570959e-01
5.994158783049325478e+00 -3.852923071034528024e-01
6.006725153663684758e+00 -3.213882544903187699e-01
6.019291524278044037e+00 -2.916566730221623605e-01
6.031857894892402427e+00 -2.704243573154690994e-01
6.044424265506761706e+00 -2.195595625089193648e-01
6.056990636121120986e+00 -3.018085214448029685e-01
6.069557006735480265e+00 -2.031676296487326117e-01
6.082123377349839544e+00 -2.886989956464360296e-01
6.094689747964198823e+00 -1.845415447533208242e-01
6.107256118578558102e+00 -6.623486196513829471e-02
6.119822489192916493e+00 -1.042587599413062616e-01
6.132388859807275772e+00 -2.931318316879069630e-02
6.144955230421635051e+00 -1.854479005896303156e-01
6.157521601035994330e+00 -1.350734234838153747e-01
6.170087971650353609e+00 -1.970457115103683154e-01
6.182654342264712888e+00 -7.144120442442637720e-02
6.195220712879072167e+00 1.015706643201176596e-02
6.207787083493431446e+00 -1.159565461292601518e-01
6.220353454107790725e+00 -8.368473158619921248e-02
6.232919824722149116e+00 8.293201283729857709e-02
6.245486195336508395e+00 -1.224810385770629118e-01
6.258052565950867674e+00 -6.773989577546979390e-02
6.270618936565226953e+00 -8.784568447250283574e-02
