0.000000000000000000e+00 2.396478564045091408e-01
1.256637061435917323e-02 8.755751815620601425e-03
2.513274122871834645e-02 -8.022215903899534983e-02
3.769911184307751795e-02 -5.044019947951634830e-02
5.026548245743669291e-02 1.190509784933321130e-01
6.283185307179586787e-02 3.437842977317913384e-02
7.539822368615503589e-02 -7.710654836896621567e-02
8.796459430051420392e-02 1.575362944456867864e-01
1.005309649148733858e-01 9.721224825635334243e-02
1.130973355292325677e-01 1.335870715902021111e-01
1.256637061435917357e-01 3.760400552718158595e-02
1.382300767579508760e-01 2.330383360228816259e-01
1.507964473723100718e-01 6.060396721057079161e-02
1.633628179866692676e-01 2.017832667827032245e-01
1.759291886010284078e-01 7.643116428855799283e-02
1.884955592153875759e-01 3.223060867548176445e-01
2.010619298297467716e-01 2.929422227478847840e-01
2.136283004441059397e-01 3.392255943727230383e-01
2.261946710584651354e-01 2.129852303583658346e-01
2.387610416728242757e-01 5.479470612628322135e-01
2.513274122871834715e-01 2.338675660870194739e-01
2.638937829015426395e-01 4.054181233613870505e-01
2.764601535159017520e-01 3.414372750499288234e-01
2.890265241302609756e-01 1.467601165164586774e-01
3.015928947446201436e-01 1.307790450069224453e-01
3.141592653589793116e-01 4.045909647907004469e-01
3.267256359733385351e-01 3.368545204278169947e-01
3.392920065876976476e-01 4.625286992302596323e-01
3.518583772020568157e-01 4.850610178007105366e-01
3.644247478164160392e-01 4.323874398843583489e-01
3.769911184307751517e-01 4.568430661192606212e-01
3.895574890451343197e-01 4.189776366254976958e-01
4.021238596594935433e-01 4.147657590940430072e-01
4.146902302738527113e-01 4.339727112773655304e-01
4.272566008882118793e-01 3.588027532370223760e-01
4.398229715025711029e-01 5.805719915467953962e-01
4.523893421169302709e-01 2.703824535795730788e-01
4.649557127312893834e-01 5.213692540859129476e-01
4.775220833456485514e-01 5.188180312079622158e-01
4.900884539600077194e-01 4.839510959952754154e-01
5.026548245743669430e-01 5.715302413525588099e-01
5.152211951887261110e-01 3.298729575126356783e-01
5.277875658030852790e-01 5.323035731218088706e-01
5.403539364174444470e-01 5.727287476084855777e-01
5.529203070318035040e-01 3.481739711274386417e-01
5.654866776461627831e-01 4.857049125951656832e-01
5.780530482605219511e-01 3.842360054004212433e-01
5.906194188748811191e-01 6.222051830246838611e-01
6.031857894892402872e-01 6.901853799385904153e-01
6.157521601035994552e-01 6.083553714014684477e-01
6.283185307179586232e-01 6.340913268864766250e-01
6.408849013323177912e-01 6.861398437959871366e-01
6.534512719466770703e-01 6.982673391661720075e-01
6.660176425610361273e-01 6.322010385494831741e-01
6.785840131753952953e-01 5.976838888421401874e-01
6.911503837897544633e-01 4.622281226485677186e-01
7.037167544041136313e-01 5.296790599352453333e-01
7.162831250184729104e-01 5.148032027678959288e-01
7.288494956328320784e-01 7.437994371565419538e-01
7.414158662471912464e-01 6.975184611425908621e-01
7.539822368615503034e-01 7.927854825636647673e-01
7.665486074759094715e-01 6.544471979233936754e-01
7.791149780902686395e-01 8.163839660270680865e-01
7.916813487046279185e-01 6.448356394935511604e-01
8.042477193189870865e-01 8.126756537503259104e-01
8.168140899333462546e-01 7.395095970783140960e-01
8.293804605477054226e-01 7.726608740700338096e-01
8.419468311620645906e-01 7.554640008660774564e-01
8.545132017764237586e-01 6.331294665758564477e-01
8.670795723907829267e-01 8.386386042378320971e-01
8.796459430051422057e-01 8.329537993939637452e-01
8.922123136195013737e-01 8.270623102494963907e-01
9.047786842338605418e-01 7.245135862972565954e-01
9.173450548482194877e-01 7.599384894619201081e-01
9.299114254625787668e-01 6.516870293411625159e-01
9.424777960769379348e-01 8.260796947914200716e-01
9.550441666912971028e-01 8.012725508005971164e-01
9.676105373056562708e-01 8.060513255053788351e-01
9.801769079200154389e-01 9.363188228762169274e-01
9.927432785343746069e-01 8.887477360997052545e-01
1.005309649148733886e+00 8.131123659509426060e-01
1.017876019763092943e+00 6.632787046202518466e-01
1.030442390377452222e+00 9.146059813912365000e-01
1.043008760991811279e+00 1.028058332855420698e+00
1.055575131606170558e+00 8.620310410179160554e-01
1.068141502220529837e+00 8.502680121791429402e-01
1.080707872834888894e+00 8.224242073764764793e-01
1.093274243449248173e+00 7.830010071582086395e-01
1.105840614063607008e+00 8.222024856811696036e-01
1.118406984677966287e+00 9.512368972133722345e-01
1.130973355292325566e+00 8.619482372513239676e-01
1.143539725906684623e+00 9.181327121057435425e-01
1.156106096521043902e+00 8.289698487462147103e-01
1.168672467135402959e+00 9.313021867936455145e-01
1.181238837749762238e+00 9.605074388987242529e-01
1.193805208364121295e+00 9.439908183871960068e-01
1.206371578978480574e+00 1.012027687982146373e+00
1.218937949592839853e+00 8.796106999038355578e-01
1.231504320207198910e+00 1.080745998020716359e+00
1.244070690821558189e+00 9.108543837409956989e-01
1.256637061435917246e+00 9.685301936469572492e-01
1.269203432050276525e+00 1.104501562093073597e+00
1.281769802664635582e+00 9.758247087379613438e-01
1.294336173278994861e+00 9.832901140622637426e-01
1.306902543893354141e+00 1.043646986558935952e+00
1.319468914507712975e+00 8.255668000507987436e-01
1.332035285122072255e+00 1.005711360660985099e+00
1.344601655736431534e+00 8.986993385909067822e-01
1.357168026350790591e+00 9.978804539444232624e-01
1.369734396965149870e+00 9.875049136008408057e-01
1.382300767579508927e+00 8.941915347311422124e-01
1.394867138193868206e+00 1.079381207446082902e+00
1.407433508808227263e+00 7.630023484755434904e-01
1.419999879422586542e+00 9.115588847280396978e-01
1.432566250036945821e+00 1.133973076813026504e+00
1.445132620651304878e+00 1.003615941243615861e+00
1.457698991265664157e+00 1.023545761511797103e+00
1.470265361880023214e+00 1.028842484838040638e+00
1.482831732494382493e+00 9.307381052122818410e-01
1.495398103108741550e+00 8.146640378636098578e-01
1.507964473723100607e+00 1.058665811770409970e+00
1.520530844337459886e+00 1.012181825143577685e+00
1.533097214951818943e+00 1.036368372873511134e+00
1.545663585566178222e+00 1.094595505608642050e+00
1.558229956180537279e+00 8.844414485130273063e-01
1.570796326794896558e+00 1.153301669655366846e+00
1.583362697409255837e+00 1.085740030138292900e+00
1.595929068023614894e+00 9.914624885960358069e-01
1.608495438637974173e+00 9.211007807438901240e-01
1.621061809252333230e+00 9.447003628253110019e-01
1.633628179866692509e+00 9.686625466715804711e-01
1.646194550481051566e+00 9.581163171901785347e-01
1.658760921095410845e+00 1.000789133607021153e+00
1.671327291709770124e+00 9.549006971709352865e-01
1.683893662324129181e+00 9.983832968876682479e-01
1.696460032938488460e+00 8.125049237262301771e-01
1.709026403552847517e+00 1.128592434751808371e+00
1.721592774167206796e+00 1.129166805789153294e+00
1.734159144781565853e+00 9.037197992753137621e-01
1.746725515395925132e+00 1.057257514051210379e+00
1.759291886010284411e+00 1.026649415407510979e+00
1.771858256624643468e+00 1.021003360593620624e+00
1.784424627239002747e+00 1.038752053134247344e+00
1.796990997853361804e+00 9.971089318549974934e-01
1.809557368467721084e+00 7.600765604812750320e-01
1.822123739082079918e+00 1.120060528472085259e+00
1.834690109696438975e+00 8.407962647311597593e-01
1.847256480310798255e+00 8.335804594416923452e-01
1.859822850925157534e+00 9.665869692855609818e-01
1.872389221539516591e+00 9.812069711642086300e-01
1.884955592153875870e+00 9.456358110958866803e-01
1.897521962768234927e+00 8.088859230669455114e-01
1.910088333382594206e+00 8.811051596659514873e-01
1.922654703996953263e+00 8.299304975128284356e-01
1.935221074611312542e+00 9.083764461313026395e-01
1.947787445225671821e+00 1.147725032984323823e+00
1.960353815840030878e+00 9.837792020777125224e-01
1.972920186454390157e+00 1.014750987915449709e+00
1.985486557068749214e+00 9.258236111723291417e-01
1.998052927683108493e+00 8.609908989253143297e-01
2.010619298297467772e+00 8.914230955359930819e-01
2.023185668911826607e+00 7.725608198195426102e-01
2.035752039526185886e+00 7.701307743151832863e-01
2.048318410140545165e+00 8.201573827197612410e-01
2.060884780754904444e+00 9.899664335647699875e-01
2.073451151369263723e+00 8.515923278974756316e-01
2.086017521983622558e+00 7.371539538728238972e-01
2.098583892597981837e+00 6.195125014503131133e-01
2.111150263212341116e+00 8.320423802803841307e-01
2.123716633826700395e+00 1.014040082523378850e+00
2.136283004441059674e+00 8.105477384118667805e-01
2.148849375055418509e+00 8.369463054795480694e-01
2.161415745669777788e+00 8.753888405457175281e-01
2.173982116284137067e+00 8.487428634431837260e-01
2.186548486898496346e+00 7.725511204450002944e-01
2.199114857512855181e+00 9.092089558782945335e-01
2.211681228127214016e+00 8.833068697563218885e-01
2.224247598741573295e+00 8.483617895635818806e-01
2.236813969355932574e+00 8.300683787925828838e-01
2.249380339970291853e+00 8.105435310317355979e-01
2.261946710584651132e+00 7.062026338676686832e-01
2.274513081199009967e+00 8.420570871533842316e-01
2.287079451813369246e+00 5.807880267794403029e-01
2.299645822427728525e+00 7.324623563487847600e-01
2.312212193042087804e+00 6.251832593923949410e-01
2.324778563656447083e+00 8.043961097399318083e-01
2.337344934270805918e+00 6.276965982383528875e-01
2.349911304885165197e+00 8.405637759340713888e-01
2.362477675499524477e+00 7.577627381491911507e-01
2.375044046113883756e+00 5.451426105670896805e-01
2.387610416728242591e+00 7.195810576236316702e-01
2.400176787342601870e+00 7.238467912670502047e-01
2.412743157956961149e+00 7.556202370118857425e-01
2.425309528571320428e+00 5.982017115972420029e-01
2.437875899185679707e+00 7.896307883682402995e-01
2.450442269800038542e+00 6.034721520584919174e-01
2.463008640414397821e+00 7.323341190228900288e-01
2.475575011028757100e+00 6.435570040098537170e-01
2.488141381643116379e+00 7.001108047233072229e-01
2.500707752257475658e+00 5.365182974066551314e-01
2.513274122871834493e+00 7.069490059210632449e-01
2.525840493486193772e+00 5.762216323464730561e-01
2.538406864100553051e+00 4.715129497099658229e-01
2.550973234714912330e+00 6.002107659222682967e-01
2.563539605329271165e+00 4.871287987249456330e-01
2.576105975943630444e+00 5.568034462845830035e-01
2.588672346557989723e+00 5.505521170777590845e-01
2.601238717172349002e+00 5.605833364199451774e-01
2.613805087786708281e+00 5.661574119904374536e-01
2.626371458401067116e+00 3.086047396061453174e-01
2.638937829015425951e+00 6.301492246035764744e-01
2.651504199629785230e+00 4.039353760074810284e-01
2.664070570244144509e+00 3.751140741032060189e-01
2.676636940858503788e+00 5.001885976904980602e-01
2.689203311472863067e+00 3.076176202244005342e-01
2.701769682087221902e+00 4.648246110880565607e-01
2.714336052701581181e+00 6.465613306986703890e-01
2.726902423315940460e+00 6.405553750586623352e-01
2.739468793930299739e+00 4.522213521547037707e-01
2.752035164544658574e+00 2.149768406089317963e-01
2.764601535159017853e+00 4.494651215998649030e-01
2.777167905773377132e+00 1.988670734377334381e-01
2.789734276387736411e+00 4.224476430655645376e-01
2.802300647002095690e+00 3.188919624490680338e-01
2.814867017616454525e+00 2.020186334923465554e-01
2.827433388230813804e+00 3.364316880779368857e-01
2.839999758845173083e+00 3.567922276908278567e-01
2.852566129459532362e+00 4.285532085647786871e-01
2.865132500073891642e+00 4.307672765252624214e-01
2.877698870688250476e+00 3.318751761429366565e-01
2.890265241302609756e+00 2.952913405534622893e-01
2.902831611916969035e+00 1.489806442354820737e-01
2.915397982531328314e+00 5.133274300492945974e-02
2.927964353145687149e+00 1.480436624170573534e-01
2.940530723760046428e+00 2.320153206180735062e-01
2.953097094374405707e+00 1.903657519505294604e-01
2.965663464988764986e+00 2.628614173201879178e-01
2.978229835603124265e+00 2.713297279392200556e-01
2.990796206217483100e+00 1.262274094089759213e-01
3.003362576831842379e+00 3.146830483010522594e-01
3.015928947446201214e+00 1.575045979886609826e-01
3.028495318060560493e+00 1.389599312760169958e-01
3.041061688674919772e+00 8.356838017234539950e-02
3.053628059289279051e+00 8.575542237787206479e-02
3.066194429903637886e+00 1.431754146061575972e-01
3.078760800517997165e+00 -8.788049212146403777e-02
3.091327171132356444e+00 9.025220248680015933e-02
3.103893541746715723e+00 1.177502424582482082e-02
3.116459912361074558e+00 1.297632641213900817e-01
3.129026282975433837e+00 5.397687376846687507e-02
3.141592653589793116e+00 -6.965695800358254197e-02
3.154159024204152395e+00 -8.667533314779223008e-02
3.166725394818511674e+00 -1.250229980437337074e-01
3.179291765432870509e+00 1.131368779045294204e-01
3.191858136047229788e+00 -7.636580023333722211e-02
3.204424506661589067e+00 6.156057065726389110e-03
3.216990877275948346e+00 -1.649999171919433461e-02
3.229557247890307181e+00 -2.081182257724011331e-01
3.242123618504666460e+00 -7.296444260531659287e-02
3.254689989119025739e+00 -1.540203293968051557e-01
3.267256359733385018e+00 -1.460664703936212505e-02
3.279822730347744297e+00 -3.193010591224548222e-01
3.292389100962103132e+00 -1.243435824077814000e-01
3.304955471576462411e+00 -2.152256626925740934e-01
3.317521842190821690e+00 -2.408236492033891951e-01
3.330088212805180969e+00 -1.074134652268943224e-01
3.342654583419540248e+00 -1.384926726577382916e-01
3.355220954033899083e+00 -7.223464598554082960e-02
3.367787324648258362e+00 -4.167739735521071576e-01
3.380353695262617642e+00 -3.133204864491617725e-01
3.392920065876976921e+00 -2.353135227233118520e-01
3.405486436491335756e+00 -3.579865768946784987e-01
3.418052807105695035e+00 -2.883708829900816228e-01
3.430619177720054314e+00 -2.752247766593938771e-01
3.443185548334413593e+00 -2.611173842683486290e-01
3.455751918948772872e+00 -2.429625754994623743e-01
3.468318289563131707e+00 -4.040780260041322292e-01
3.480884660177490986e+00 -2.928571948398678293e-01
3.493451030791850265e+00 -3.583112873054596359e-01
3.506017401406209544e+00 -6.394186116195863523e-01
3.518583772020568823e+00 -5.168689827078565280e-01
3.531150142634927658e+00 -2.376546677676871500e-01
3.543716513249286937e+00 -3.293265372416914194e-01
3.556282883863646216e+00 -4.153933770919780444e-01
3.568849254478005495e+00 -4.330702120545011358e-01
3.581415625092364330e+00 -4.936151517595555038e-01
3.593981995706723609e+00 -4.089647760405107912e-01
3.606548366321082888e+00 -4.696960349564048842e-01
3.619114736935442167e+00 -4.015030301728987894e-01
3.631681107549800558e+00 -5.884129056752012144e-01
3.644247478164159837e+00 -4.966400347883128119e-01
3.656813848778519116e+00 -5.190179976218478597e-01
3.669380219392877951e+00 -5.512401107052194993e-01
3.681946590007237230e+00 -6.464644737109266348e-01
3.694512960621596509e+00 -5.319513653036849199e-01
3.707079331235955788e+00 -6.464712773329170936e-01
3.719645701850315067e+00 -4.885795578743922229e-01
3.732212072464673902e+00 -5.966867552156216448e-01
3.744778443079033181e+00 -5.516391984787727409e-01
3.757344813693392460e+00 -4.952283234464374129e-01
3.769911184307751739e+00 -6.068122884545376072e-01
3.782477554922110574e+00 -6.181180774895089769e-01
3.795043925536469853e+00 -6.637984525076663367e-01
3.807610296150829132e+00 -5.296248994414946010e-01
3.820176666765188411e+00 -5.850645912062699683e-01
3.832743037379547690e+00 -6.779656078953959497e-01
3.845309407993906525e+00 -5.372911384328409312e-01
3.857875778608265804e+00 -6.700367581354788049e-01
3.870442149222625083e+00 -6.208448126932808453e-01
3.883008519836984362e+00 -6.404536982405925061e-01
3.895574890451343641e+00 -5.199474171222435714e-01
3.908141261065702476e+00 -4.756634438399987008e-01
3.920707631680061755e+00 -8.290332551740648981e-01
3.933274002294421035e+00 -7.711858709837992043e-01
3.945840372908780314e+00 -6.382286273358812601e-01
3.958406743523139149e+00 -7.136630271946149406e-01
3.970973114137498428e+00 -1.003747233251266247e+00
3.983539484751857707e+00 -7.753371882271533622e-01
3.996105855366216986e+00 -6.191225811706626558e-01
4.008672225980576265e+00 -8.150834960136056351e-01
4.021238596594935544e+00 -7.212522011855552195e-01
4.033804967209294823e+00 -7.046744748205825415e-01
4.046371337823653214e+00 -7.990798688314270093e-01
4.058937708438012493e+00 -5.251534105173298883e-01
4.071504079052371772e+00 -8.460274404661494163e-01
4.084070449666731051e+00 -1.002254254451483417e+00
4.096636820281090330e+00 -8.577127533495655376e-01
4.109203190895449609e+00 -8.232468306977850370e-01
4.121769561509808888e+00 -8.249202468362261120e-01
4.134335932124168167e+00 -8.000565216750262776e-01
4.146902302738527446e+00 -8.547783819454324306e-01
4.159468673352886725e+00 -7.720241726007860406e-01
4.172035043967245116e+00 -9.770940129033559574e-01
4.184601414581604395e+00 -9.363558935420451812e-01
4.197167785195963674e+00 -8.714270849132905727e-01
4.209734155810322953e+00 -8.597041031095791208e-01
4.222300526424682232e+00 -9.240120015515944640e-01
4.234866897039041511e+00 -8.404213358167891279e-01
4.247433267653400790e+00 -1.000997724794028931e+00
4.259999638267760069e+00 -9.405747886519265633e-01
4.272566008882119348e+00 -1.012771303589762084e+00
4.285132379496477739e+00 -9.378143345500903338e-01
4.297698750110837018e+00 -1.013784630632447170e+00
4.310265120725196297e+00 -1.048919174496368845e+00
4.322831491339555576e+00 -1.027025672725291550e+00
4.335397861953914855e+00 -1.036773778367830134e+00
4.347964232568274134e+00 -8.861529278906710161e-01
4.360530603182633413e+00 -9.899914273572367751e-01
4.373096973796992692e+00 -1.120563969293504991e+00
4.385663344411351972e+00 -1.165498659788076097e+00
4.398229715025710362e+00 -8.627068440784086967e-01
4.410796085640069641e+00 -1.022778273824089146e+00
4.423362456254428032e+00 -8.632830507954026844e-01
4.435928826868787311e+00 -9.683741682546965768e-01
4.448495197483146590e+00 -9.758028361308285215e-01
4.461061568097505869e+00 -9.838069211364028899e-01
4.473627938711865148e+00 -1.005650608459800477e+00
4.486194309326224428e+00 -1.136037162921944121e+00
4.498760679940583707e+00 -8.855028701791671786e-01
4.511327050554942986e+00 -1.036160124764602175e+00
4.523893421169302265e+00 -1.002291564129841550e+00
4.536459791783661544e+00 -1.028827200391496888e+00
4.549026162398019935e+00 -1.090026034712495928e+00
4.561592533012379214e+00 -9.895560355111273632e-01
4.574158903626738493e+00 -9.514322913440189655e-01
4.586725274241097772e+00 -9.347243080541302040e-01
4.599291644855457051e+00 -9.774524722029547252e-01
4.611858015469816330e+00 -9.021352776472861823e-01
4.624424386084175609e+00 -9.194790154200744858e-01
4.636990756698534888e+00 -9.901356160327247080e-01
4.649557127312894167e+00 -1.027550923485349488e+00
4.662123497927252558e+00 -8.957492312079138319e-01
4.674689868541611837e+00 -8.140513876484352096e-01
4.687256239155971116e+00 -9.837195780259396782e-01
4.699822609770330395e+00 -8.003597222253866494e-01
4.712388980384689674e+00 -1.010484004083029408e+00
4.724955350999048953e+00 -1.035725571529349631e+00
4.737521721613408232e+00 -1.076559394364269506e+00
4.750088092227767511e+00 -9.778682653764677601e-01
4.762654462842126790e+00 -1.071981321157904121e+00
4.775220833456485181e+00 -8.060779594210563115e-01
4.787787204070844460e+00 -1.070601205857055094e+00
4.800353574685203739e+00 -8.885202779851356647e-01
4.812919945299563018e+00 -1.106597272144375088e+00
4.825486315913922297e+00 -1.069004449840562421e+00
4.838052686528281576e+00 -1.072467712974676468e+00
4.850619057142640855e+00 -1.025158765795832316e+00
4.863185427757000134e+00 -1.003680168288443308e+00
4.875751798371359413e+00 -9.867937024357555931e-01
4.888318168985717804e+00 -9.213668630311159236e-01
4.900884539600077083e+00 -1.067255848124999185e+00
4.913450910214436362e+00 -9.311066922715057759e-01
4.926017280828795641e+00 -1.071611181660259149e+00
4.938583651443154920e+00 -9.267638348270785809e-01
4.951150022057514200e+00 -1.043387739972932327e+00
4.963716392671873479e+00 -9.986619120817640249e-01
4.976282763286232758e+00 -1.097975690562225326e+00
4.988849133900592037e+00 -9.744430459542313683e-01
5.001415504514951316e+00 -7.746714518731967480e-01
5.013981875129309707e+00 -9.724699205525547674e-01
5.026548245743668986e+00 -7.470872801954873133e-01
5.039114616358028265e+00 -8.774282345689206064e-01
5.051680986972387544e+00 -8.334621815096161512e-01
5.064247357586746823e+00 -9.572415097148294638e-01
5.076813728201106102e+00 -1.141277212882837455e+00
5.089380098815465381e+00 -8.775436770734427183e-01
5.101946469429824660e+00 -9.505580582460161354e-01
5.114512840044183939e+00 -1.046907109322160245e+00
5.127079210658542330e+00 -1.028370763826922385e+00
5.139645581272901609e+00 -9.249004981205739551e-01
5.152211951887260888e+00 -8.788287216107809607e-01
5.164778322501620167e+00 -1.056977324746359415e+00
5.177344693115979446e+00 -9.854866610889493339e-01
5.189911063730338725e+00 -7.311905901471527081e-01
5.202477434344698004e+00 -7.506876855818173100e-01
5.215043804959057283e+00 -9.192387094239817813e-01
5.227610175573416562e+00 -8.894157887742840662e-01
5.240176546187774953e+00 -7.360521049543899963e-01
5.252742916802134232e+00 -7.410258566015454074e-01
5.265309287416492623e+00 -8.684356374579412785e-01
5.277875658030851902e+00 -6.090922689260306333e-01
5.290442028645211181e+00 -8.968405678543079906e-01
5.303008399259570460e+00 -1.013934349425586356e+00
5.315574769873929739e+00 -8.444016997712977535e-01
5.328141140488289018e+00 -8.332784689488360597e-01
5.340707511102648297e+00 -8.618747178767393047e-01
5.353273881717007576e+00 -8.056764604865906954e-01
5.365840252331366855e+00 -9.185845549398062859e-01
5.378406622945726134e+00 -8.065890432487637929e-01
5.390972993560084525e+00 -7.378116441794612124e-01
5.403539364174443804e+00 -7.815593594881157236e-01
5.416105734788803083e+00 -5.514523882075017536e-01
5.428672105403162362e+00 -7.878017159909554978e-01
5.441238476017521641e+00 -6.077766731805198663e-01
5.453804846631880920e+00 -8.379724799728162088e-01
5.466371217246240199e+00 -7.308398958750413898e-01
5.478937587860599479e+00 -7.271001455570199612e-01
5.491503958474958758e+00 -5.710739836900888822e-01
5.504070329089317148e+00 -7.147425074251928523e-01
5.516636699703676427e+00 -5.978878544381576177e-01
5.529203070318035707e+00 -7.272018715646427767e-01
5.541769440932394986e+00 -8.478596844003520872e-01
5.554335811546754265e+00 -6.718777964510272982e-01
5.566902182161113544e+00 -4.983750125644893503e-01
5.579468552775472823e+00 -6.325912797887665029e-01
5.592034923389832102e+00 -6.692489568070620898e-01
5.604601294004191381e+00 -5.745674284143186261e-01
5.617167664618549772e+00 -6.363991048414444629e-01
5.629734035232909051e+00 -5.196882613210164203e-01
5.642300405847268330e+00 -6.165073565838165015e-01
5.654866776461627609e+00 -5.540172592148739916e-01
5.667433147075986888e+00 -5.469594020367961607e-01
5.679999517690346167e+00 -5.628178690011225171e-01
5.692565888304705446e+00 -6.131808623300759598e-01
5.705132258919064725e+00 -7.173291760840388998e-01
5.717698629533424004e+00 -3.446512472773275992e-01
5.730265000147783283e+00 -4.495161657918968490e-01
5.742831370762141674e+00 -3.731990859130713267e-01
5.755397741376500953e+00 -6.416252297953799477e-01
5.767964111990860232e+00 -4.832519851631414953e-01
5.780530482605219511e+00 -5.381408129000810892e-01
5.793096853219578790e+00 -4.582736503585743693e-01
5.805663223833938069e+00 -3.688914082281027906e-01
5.818229594448297348e+00 -4.747677356486788014e-01
5.830795965062656627e+00 -4.608881672720711031e-01
5.843362335677015906e+00 -4.005236106260256501e-01
5.855928706291374297e+00 -4.182765749286472268e-01
5.868495076905733576e+00 -4.015822773645307264e-01
5.881061447520092855e+00 -5.819451387424461331e-01
5.893627818134452134e+00 -3.795545313647222807e-01
5.906194188748811413e+00 -2.517075674014244147e-01
5.918760559363170692e+00 -5.904463270951916254e-01
5.931326929977529971e+00 -4.794865356292963288e-01
5.943893300591889250e+00 -4.304602352612358351e-01
5.956459671206248530e+00 -3.296729687197918479e-01
5.969026041820606920e+00 -3.388174767201984627e-01
5.981592412434966199e+00 -1.752105596767787044e-01
5.994158783049325478e+00 -1.805964872312133540e-01
6.006725153663684758e+00 -1.439584821037184492e-01
6.019291524278044037e+00 -3.421139089363900432e-01
6.031857894892402427e+00 -3.036147796087633743e-01
6.044424265506761706e+00 1.239853599837212328e-02
6.056990636121120986e+00 5.548888116571823459e-02
6.069557006735480265e+00 -3.445378265786408489e-01
6.082123377349839544e+00 -2.635380230431518811e-01
6.094689747964198823e+00 -1.240137807994916991e-01
6.107256118578558102e+00 -1.906169431731254416e-01
6.119822489192916493e+00 7.457012890728878518e-02
6.132388859807275772e+00 -3.367013179454247385e-01
6.144955230421635051e+00 -2.192845192306966950e-01
6.157521601035994330e+00 -2.078002658318514051e-01
6.170087971650353609e+00 -2.140599914888233202e-01
6.182654342264712888e+00 -2.185615517178622347e-01
6.195220712879072167e+00 5.197621344313546610e-02
6.207787083493431446e+00 -1.638883897253236299e-01
6.220353454107790725e+00 -1.520399468159681633e-01
6.232919824722149116e+00 -2.849794784022939564e-02
6.245486195336508395e+00 9.658002116767139267e-02
6.258052565950867674e+00 5.373169552893108936e-02
6.270618936565226953e+00 -6.030841042319083634e-02
