0.000000000000000000e+00 -1.119007498378544801e-03
1.256637061435917323e-02 6.070588689563152784e-02
2.513274122871834645e-02 2.029064819907195061e-01
3.769911184307751795e-02 1.770830700207053077e-01
5.026548245743669291e-02 1.263834854773843719e-01
6.283185307179586787e-02 7.189066489993851949e-02
7.539822368615503589e-02 -3.399410550060433245e-02
8.796459430051420392e-02 -3.319725902079670443e-02
1.005309649148733858e-01 8.644575340990917622e-03
1.130973355292325677e-01 -6.424832469266325563e-03
1.256637061435917357e-01 1.717573648387316354e-01
1.382300767579508760e-01 -5.805341861984267271e-02
1.507964473723100718e-01 1.898840175829942523e-01
1.633628179866692676e-01 2.160313883619834063e-01
1.759291886010284078e-01 1.298054237980980907e-01
1.884955592153875759e-01 7.347409238001939569e-02
2.010619298297467716e-01 2.349545592179893561e-01
2.136283004441059397e-01 2.601896049657644316e-01
2.261946710584651354e-01 3.356626058013256753e-01
2.387610416728242757e-01 3.588095312193454456e-01
2.513274122871834715e-01 3.516838531885461694e-01
2.638937829015426395e-01 3.221426000899703657e-01
2.764601535159017520e-01 2.348107261367599619e-01
2.890265241302609756e-01 2.886655896269196830e-01
3.015928947446201436e-01 3.730332849763809411e-01
3.141592653589793116e-01 4.074469015506932967e-01
3.267256359733385351e-01 4.896011146062945740e-01
3.392920065876976476e-01 3.146956945841948294e-01
3.518583772020568157e-01 2.795204648987428264e-01
3.644247478164160392e-01 3.774511834727181658e-01
3.769911184307751517e-01 3.099286245634894632e-01
3.895574890451343197e-01 3.563469495111243890e-01
4.021238596594935433e-01 4.483414081397166795e-01
4.146902302738527113e-01 3.711333226556344789e-01
4.272566008882118793e-01 5.195634204503698506e-01
4.398229715025711029e-01 5.132659636439682593e-01
4.523893421169302709e-01 3.808405780051655753e-01
4.649557127312893834e-01 5.334712111020494252e-01
4.775220833456485514e-01 4.372556821832263019e-01
4.900884539600077194e-01 4.379564140319063270e-01
5.026548245743669430e-01 5.131008465696650367e-01
5.152211951887261110e-01 5.603083989370976070e-01
5.277875658030852790e-01 4.984998031847114319e-01
5.403539364174444470e-01 5.608439647138738771e-01
5.529203070318035040e-01 6.100596697682549863e-01
5.654866776461627831e-01 4.880492490736280109e-01
5.780530482605219511e-01 5.141863197183150769e-01
5.906194188748811191e-01 6.291276626893376189e-01
6.031857894892402872e-01 4.299254647260158380e-01
6.157521601035994552e-01 6.759961710348363351e-01
6.283185307179586232e-01 4.310243495224714838e-01
6.408849013323177912e-01 5.185714253759421410e-01
6.534512719466770703e-01 7.067164093100388733e-01
6.660176425610361273e-01 5.584535228709328614e-01
6.785840131753952953e-01 6.694391561757851994e-01
6.911503837897544633e-01 7.163461501478993743e-01
7.037167544041136313e-01 7.643857063153607356e-01
7.162831250184729104e-01 4.691147571382412451e-01
7.288494956328320784e-01 6.753622820096237822e-01
7.414158662471912464e-01 6.890930249179457734e-01
7.539822368615503034e-01 6.238609597933254536e-01
7.665486074759094715e-01 7.697019785797987179e-01
7.791149780902686395e-01 8.576091268101267984e-01
7.916813487046279185e-01 7.000195152464905313e-01
8.042477193189870865e-01 8.010157154602505214e-01
8.168140899333462546e-01 5.911949842033296099e-01
8.293804605477054226e-01 6.422309811684310255e-01
8.419468311620645906e-01 7.157930101739850004e-01
8.545132017764237586e-01 6.709276822711763844e-01
8.670795723907829267e-01 6.024683594916815377e-01
8.796459430051422057e-01 7.591644132428549963e-01
8.922123136195013737e-01 8.084834855937742537e-01
9.047786842338605418e-01 5.904433732327870610e-01
9.173450548482194877e-01 7.920070598075373836e-01
9.299114254625787668e-01 8.316519856453824522e-01
9.424777960769379348e-01 7.045320873129863326e-01
9.550441666912971028e-01 8.742312427362158855e-01
9.676105373056562708e-01 8.086694487887661209e-01
9.801769079200154389e-01 8.184739838994150585e-01
9.927432785343746069e-01 8.673894346351820328e-01
1.005309649148733886e+00 8.190544844833067550e-01
1.017876019763092943e+00 7.069517943961078910e-01
1.030442390377452222e+00 9.518847511601657985e-01
1.043008760991811279e+00 9.845336728443903063e-01
1.055575131606170558e+00 8.467949515224182377e-01
1.068141502220529837e+00 9.648082060275142702e-01
1.080707872834888894e+00 8.551855449075543847e-01
1.093274243449248173e+00 8.984474699046485213e-01
1.105840614063607008e+00 7.720516553100253976e-01
1.118406984677966287e+00 8.206952781758234394e-01
1.130973355292325566e+00 1.042112845706170798e+00
1.143539725906684623e+00 8.852298564405867154e-01
1.156106096521043902e+00 1.005397804687667040e+00
1.168672467135402959e+00 9.821623568042344710e-01
1.181238837749762238e+00 7.001899931708147617e-01
1.193805208364121295e+00 9.872250195593677002e-01
1.206371578978480574e+00 9.742497884181839929e-01
1.218937949592839853e+00 9.864890896468766490e-01
1.231504320207198910e+00 1.105260852281716888e+00
1.244070690821558189e+00 9.843084547068021717e-01
1.256637061435917246e+00 1.075398333147066676e+00
1.269203432050276525e+00 9.177863582204799364e-01
1.281769802664635582e+00 9.959552536506630638e-01
1.294336173278994861e+00 1.135454634578644484e+00
1.306902543893354141e+00 9.547997644002511608e-01
1.319468914507712975e+00 1.156367101070087111e+00
1.332035285122072255e+00 8.715315576408686482e-01
1.344601655736431534e+00 9.079861213679746301e-01
1.357168026350790591e+00 1.032365633864543941e+00
1.369734396965149870e+00 1.060051120536302571e+00
1.382300767579508927e+00 9.501724043869785863e-01
1.394867138193868206e+00 1.054613758329849826e+00
1.407433508808227263e+00 9.726455350348495177e-01
1.419999879422586542e+00 9.700648352544350983e-01
1.432566250036945821e+00 9.926100043178307519e-01
1.445132620651304878e+00 1.088999455690263130e+00
1.457698991265664157e+00 1.030420192668380697e+00
1.470265361880023214e+00 9.940993038433387774e-01
1.482831732494382493e+00 9.716543601720398771e-01
1.495398103108741550e+00 1.118139975101202221e+00
1.507964473723100607e+00 1.106314251492624523e+00
1.520530844337459886e+00 1.093000717324201787e+00
1.533097214951818943e+00 1.131327694228718483e+00
1.545663585566178222e+00 1.119578068135855364e+00
1.558229956180537279e+00 9.768675959627277638e-01
1.570796326794896558e+00 9.073178182748774523e-01
1.583362697409255837e+00 1.039486567522029725e+00
1.595929068023614894e+00 9.030239858578088530e-01
1.608495438637974173e+00 8.893104991196847386e-01
1.621061809252333230e+00 9.590126349627891011e-01
1.633628179866692509e+00 9.207042617277944041e-01
1.646194550481051566e+00 9.008565810576836252e-01
1.658760921095410845e+00 9.102892698520043124e-01
1.671327291709770124e+00 1.063967749277225927e+00
1.683893662324129181e+00 1.044518667799279488e+00
1.696460032938488460e+00 1.053316322719412446e+00
1.709026403552847517e+00 1.008926556197908830e+00
1.721592774167206796e+00 9.417958220846753825e-01
1.734159144781565853e+00 7.958618875241187940e-01
1.746725515395925132e+00 9.531892717678510651e-01
1.759291886010284411e+00 8.901801305525466335e-01
1.771858256624643468e+00 1.253247691645086093e+00
1.784424627239002747e+00 8.827180567231052155e-01
1.796990997853361804e+00 9.151298048049905098e-01
1.809557368467721084e+00 1.039889704873805609e+00
1.822123739082079918e+00 1.005168841350245312e+00
1.834690109696438975e+00 1.025834684710027034e+00
1.847256480310798255e+00 1.039478627276883893e+00
1.859822850925157534e+00 9.217032322750027262e-01
1.872389221539516591e+00 1.202381249706249378e+00
1.884955592153875870e+00 8.776745626500546127e-01
1.897521962768234927e+00 9.863704198391787248e-01
1.910088333382594206e+00 9.868860716997058802e-01
1.922654703996953263e+00 8.954978060793200578e-01
1.935221074611312542e+00 8.556001003502489155e-01
1.947787445225671821e+00 9.067173898221336792e-01
1.960353815840030878e+00 1.057085719070404384e+00
1.972920186454390157e+00 7.764789643677598718e-01
1.985486557068749214e+00 8.750432303182016369e-01
1.998052927683108493e+00 1.059305379925795876e+00
2.010619298297467772e+00 1.010973901610719761e+00
2.023185668911826607e+00 8.762702526682263349e-01
2.035752039526185886e+00 9.627259643917257526e-01
2.048318410140545165e+00 8.503504527656401413e-01
2.060884780754904444e+00 7.745356646623166030e-01
2.073451151369263723e+00 9.484597575920725721e-01
2.086017521983622558e+00 7.549273947502948001e-01
2.098583892597981837e+00 7.863250038978739642e-01
2.111150263212341116e+00 1.016018530300959455e+00
2.123716633826700395e+00 8.757811232279181235e-01
2.136283004441059674e+00 9.528743038993296999e-01
2.148849375055418509e+00 7.557910404949954586e-01
2.161415745669777788e+00 7.329485716792543126e-01
2.173982116284137067e+00 7.350185250371447099e-01
2.186548486898496346e+00 8.707022017711029127e-01
2.199114857512855181e+00 8.228949203624058573e-01
2.211681228127214016e+00 7.438369121522678817e-01
2.224247598741573295e+00 7.574047793484145474e-01
2.236813969355932574e+00 6.869070989865365684e-01
2.249380339970291853e+00 5.538982978744830810e-01
2.261946710584651132e+00 8.712101045511622122e-01
2.274513081199009967e+00 9.425105231409801609e-01
2.287079451813369246e+00 9.496991750143251032e-01
2.299645822427728525e+00 6.481910684373279885e-01
2.312212193042087804e+00 8.196046053146246457e-01
2.324778563656447083e+00 7.197156549228926892e-01
2.337344934270805918e+00 8.107143497432445223e-01
2.349911304885165197e+00 8.349217779525360816e-01
2.362477675499524477e+00 7.702668410239936758e-01
2.375044046113883756e+00 6.667693724124348353e-01
2.387610416728242591e+00 5.596640178336462768e-01
2.400176787342601870e+00 5.201689897970365184e-01
2.412743157956961149e+00 5.949519683538078141e-01
2.425309528571320428e+00 7.119720462617079582e-01
2.437875899185679707e+00 6.533576275058391447e-01
2.450442269800038542e+00 6.212526352327665258e-01
2.463008640414397821e+00 5.487947630687348699e-01
2.475575011028757100e+00 6.043369925109277618e-01
2.488141381643116379e+00 7.360255274768769951e-01
2.500707752257475658e+00 5.244004945087117342e-01
2.513274122871834493e+00 4.971263260979394971e-01
2.525840493486193772e+00 6.868143678453092482e-01
2.538406864100553051e+00 4.926906144541615129e-01
2.550973234714912330e+00 6.023107113900921794e-01
2.563539605329271165e+00 4.932744871054257629e-01
2.576105975943630444e+00 5.368452275299988585e-01
2.588672346557989723e+00 3.716464323297991590e-01
2.601238717172349002e+00 4.853864347413719971e-01
2.613805087786708281e+00 5.465251427277932894e-01
2.626371458401067116e+00 5.192914109360650121e-01
2.638937829015425951e+00 4.497830750434990144e-01
2.651504199629785230e+00 5.210107357741751155e-01
2.664070570244144509e+00 4.707520706141317124e-01
2.676636940858503788e+00 4.859053494402265638e-01
2.689203311472863067e+00 6.800972680547970883e-01
2.701769682087221902e+00 4.423860776545214812e-01
2.714336052701581181e+00 3.160742540356122898e-01
2.726902423315940460e+00 3.005622033035428853e-01
2.739468793930299739e+00 4.420030049174691333e-01
2.752035164544658574e+00 2.881914868419925280e-01
2.764601535159017853e+00 4.098452101575967843e-01
2.777167905773377132e+00 4.727128891484514428e-01
2.789734276387736411e+00 3.680672970216445350e-01
2.802300647002095690e+00 4.128964462476170660e-01
2.814867017616454525e+00 4.529838958442001795e-01
2.827433388230813804e+00 1.898452192202456645e-01
2.839999758845173083e+00 2.720504315186708655e-01
2.852566129459532362e+00 3.980334664130047995e-01
2.865132500073891642e+00 1.911399635585055989e-01
2.877698870688250476e+00 2.417287521206925027e-01
2.890265241302609756e+00 1.900010581597668946e-01
2.902831611916969035e+00 1.546480378773378295e-01
2.915397982531328314e+00 1.676918282708314556e-01
2.927964353145687149e+00 3.179937333517504072e-01
2.940530723760046428e+00 3.300492543639956811e-01
2.953097094374405707e+00 1.713801647530936723e-01
2.965663464988764986e+00 7.310181559563873332e-02
2.978229835603124265e+00 1.414242417559314902e-01
2.990796206217483100e+00 -8.066536140254895737e-02
3.003362576831842379e+00 5.189096192229311622e-02
3.015928947446201214e+00 2.114453716366850311e-01
3.028495318060560493e+00 2.734335641550418861e-01
3.041061688674919772e+00 2.351107792624345383e-01
3.053628059289279051e+00 3.547115321903220042e-02
3.066194429903637886e+00 -3.804641929310946524e-02
3.078760800517997165e+00 1.305733111883424225e-01
3.091327171132356444e+00 1.138804091916059136e-01
3.103893541746715723e+00 4.054563972110304670e-02
3.116459912361074558e+00 1.233310140458694221e-01
3.129026282975433837e+00 1.655254140021243658e-01
3.141592653589793116e+00 -2.607912180754452802e-02
3.154159024204152395e+00 -1.823956416134526470e-01
3.166725394818511674e+00 1.010655013480848546e-01
3.179291765432870509e+00 -2.707140481038569080e-01
3.191858136047229788e+00 -1.044527286053612142e-01
3.204424506661589067e+00 -2.820504928889786544e-01
3.216990877275948346e+00 -1.989025866085042948e-01
3.229557247890307181e+00 -2.037341680367273644e-01
3.242123618504666460e+00 2.474040921431003293e-02
3.254689989119025739e+00 -1.620739865244801847e-01
3.267256359733385018e+00 -7.766557310777777445e-02
3.279822730347744297e+00 -6.438122169674692641e-02
3.292389100962103132e+00 -1.456000754706035794e-01
3.304955471576462411e+00 -1.758642666467227222e-01
3.317521842190821690e+00 -2.472821114073061044e-01
3.330088212805180969e+00 -2.317186742448361092e-01
3.342654583419540248e+00 -5.249930552910894721e-02
3.355220954033899083e+00 -2.217147841318888590e-01
3.367787324648258362e+00 -1.968564614871665674e-01
3.380353695262617642e+00 -1.195912639966434099e-01
3.392920065876976921e+00 -2.455139343026879195e-01
3.405486436491335756e+00 -2.372795677195571606e-01
3.418052807105695035e+00 -3.628109705182313571e-01
3.430619177720054314e+00 -2.559211007058382892e-01
3.443185548334413593e+00 -9.130934375903954070e-02
3.455751918948772872e+00 -4.683561758969582711e-01
3.468318289563131707e+00 -1.077386609002224938e-01
3.480884660177490986e+00 -2.608342800205985523e-01
3.493451030791850265e+00 -1.691244692189142751e-01
3.506017401406209544e+00 -3.702839492677366673e-01
3.518583772020568823e+00 -2.969553510636701033e-01
3.531150142634927658e+00 -2.799490410954466602e-01
3.543716513249286937e+00 -5.275486228522341392e-01
3.556282883863646216e+00 -3.720970799443492627e-01
3.568849254478005495e+00 -2.862929013264809419e-01
3.581415625092364330e+00 -4.891930507848588072e-01
3.593981995706723609e+00 -4.310117077242979766e-01
3.606548366321082888e+00 -4.913484472556047811e-01
3.619114736935442167e+00 -3.298647644103320231e-01
3.631681107549800558e+00 -3.650533135954188158e-01
3.644247478164159837e+00 -5.108086536340439299e-01
3.656813848778519116e+00 -6.205393536610539496e-01
3.669380219392877951e+00 -4.293077568506170061e-01
3.681946590007237230e+00 -5.137284298111324254e-01
3.694512960621596509e+00 -4.815467185022988539e-01
3.707079331235955788e+00 -6.231328855307843861e-01
3.719645701850315067e+00 -4.811044694206448313e-01
3.732212072464673902e+00 -4.667775763508449360e-01
3.744778443079033181e+00 -6.111156094354329715e-01
3.757344813693392460e+00 -5.003262499276051045e-01
3.769911184307751739e+00 -6.103102381296924284e-01
3.782477554922110574e+00 -5.759167675848863022e-01
3.795043925536469853e+00 -6.897930636275332317e-01
3.807610296150829132e+00 -8.274001389311770316e-01
3.820176666765188411e+00 -7.260441887505871827e-01
3.832743037379547690e+00 -5.133469148052501874e-01
3.845309407993906525e+00 -6.205586472412071286e-01
3.857875778608265804e+00 -5.741964124726907093e-01
3.870442149222625083e+00 -3.855544739635227702e-01
3.883008519836984362e+00 -6.285948752619795465e-01
3.895574890451343641e+00 -7.521368352354149689e-01
3.908141261065702476e+00 -6.393137450932011578e-01
3.920707631680061755e+00 -7.043972133662309565e-01
3.933274002294421035e+00 -7.567624302062984087e-01
3.945840372908780314e+00 -6.558391290092521198e-01
3.958406743523139149e+00 -6.771454777849992279e-01
3.970973114137498428e+00 -7.760936056289654550e-01
3.983539484751857707e+00 -5.670479554453693449e-01
3.996105855366216986e+00 -6.076876235486914357e-01
4.008672225980576265e+00 -6.824698789076683036e-01
4.021238596594935544e+00 -8.875691922751041130e-01
4.033804967209294823e+00 -8.309358773670924014e-01
4.046371337823653214e+00 -9.407644599367561700e-01
4.058937708438012493e+00 -9.774326895888669764e-01
4.071504079052371772e+00 -8.328052934696628107e-01
4.084070449666731051e+00 -8.933059844312634112e-01
4.096636820281090330e+00 -7.224773073579472404e-01
4.109203190895449609e+00 -9.211526444756441556e-01
4.121769561509808888e+00 -7.229646293154852188e-01
4.134335932124168167e+00 -8.817207102806839947e-01
4.146902302738527446e+00 -7.989228198485316401e-01
4.159468673352886725e+00 -8.314722231670556019e-01
4.172035043967245116e+00 -8.391870024343507373e-01
4.184601414581604395e+00 -7.868933575706997807e-01
4.197167785195963674e+00 -8.987187765049577948e-01
4.209734155810322953e+00 -9.470009849931086965e-01
4.222300526424682232e+00 -9.311982769973323748e-01
4.234866897039041511e+00 -8.102999897317747502e-01
4.247433267653400790e+00 -8.233429293554475059e-01
4.259999638267760069e+00 -8.639366483410186870e-01
4.272566008882119348e+00 -8.736852409283325516e-01
4.285132379496477739e+00 -1.093789078091861988e+00
4.297698750110837018e+00 -9.592891559686084202e-01
4.310265120725196297e+00 -1.203984932051649803e+00
4.322831491339555576e+00 -1.121947395115627577e+00
4.335397861953914855e+00 -7.764937325948324531e-01
4.347964232568274134e+00 -1.032954114076765961e+00
4.360530603182633413e+00 -1.001812384639099829e+00
4.373096973796992692e+00 -9.279586560923855920e-01
4.385663344411351972e+00 -1.157223700856635507e+00
4.398229715025710362e+00 -8.702904295766661358e-01
4.410796085640069641e+00 -8.139743363667993892e-01
4.423362456254428032e+00 -9.425930431295933554e-01
4.435928826868787311e+00 -1.036806174835140926e+00
4.448495197483146590e+00 -8.540823443207008481e-01
4.461061568097505869e+00 -8.300354141161929711e-01
4.473627938711865148e+00 -9.047665134889413263e-01
4.486194309326224428e+00 -1.069918334239654989e+00
4.498760679940583707e+00 -1.051039164021509986e+00
4.511327050554942986e+00 -1.038058584721514244e+00
4.523893421169302265e+00 -9.240064569078170198e-01
4.536459791783661544e+00 -9.351123715173244033e-01
4.549026162398019935e+00 -9.252199189518597322e-01
4.561592533012379214e+00 -1.129455793039167544e+00
4.574158903626738493e+00 -7.700681407483753738e-01
4.586725274241097772e+00 -9.747262161550180881e-01
4.599291644855457051e+00 -1.057489032505185111e+00
4.611858015469816330e+00 -1.120992340435357226e+00
4.624424386084175609e+00 -9.928050073434165901e-01
4.636990756698534888e+00 -8.829349349947528403e-01
4.649557127312894167e+00 -9.321540868254641898e-01
4.662123497927252558e+00 -9.855501138448505838e-01
4.674689868541611837e+00 -1.028406992112331553e+00
4.687256239155971116e+00 -9.994988369346098356e-01
4.699822609770330395e+00 -9.616240235215517407e-01
4.712388980384689674e+00 -1.043067850810762920e+00
4.724955350999048953e+00 -1.068205657079058790e+00
4.737521721613408232e+00 -1.057693762104984891e+00
4.750088092227767511e+00 -1.011374557799058715e+00
4.762654462842126790e+00 -1.216904689767355219e+00
4.775220833456485181e+00 -1.088868420138914050e+00
4.787787204070844460e+00 -1.108499434891389468e+00
4.800353574685203739e+00 -8.784724441132332196e-01
4.812919945299563018e+00 -9.401867357504872791e-01
4.825486315913922297e+00 -1.131971940519145292e+00
4.838052686528281576e+00 -1.067484894386844907e+00
4.850619057142640855e+00 -1.038350513023717614e+00
4.863185427757000134e+00 -1.015313738464586502e+00
4.875751798371359413e+00 -9.590092495173530018e-01
4.888318168985717804e+00 -1.089906229043769770e+00
4.900884539600077083e+00 -9.160378221830705048e-01
4.913450910214436362e+00 -1.165118554365260461e+00
4.926017280828795641e+00 -1.051435187772569169e+00
4.938583651443154920e+00 -9.209649963443582443e-01
4.951150022057514200e+00 -9.288038210405213935e-01
4.963716392671873479e+00 -1.168502206795451581e+00
4.976282763286232758e+00 -9.283393859949439220e-01
4.988849133900592037e+00 -1.057128827164621976e+00
5.001415504514951316e+00 -1.183393451306766764e+00
5.013981875129309707e+00 -1.012562121358248080e+00
5.026548245743668986e+00 -9.289244736632948918e-01
5.039114616358028265e+00 -9.018718072790046225e-01
5.051680986972387544e+00 -8.989437113467295681e-01
5.064247357586746823e+00 -8.400139461336287861e-01
5.076813728201106102e+00 -1.005260401050255936e+00
5.089380098815465381e+00 -9.180520371841497385e-01
5.101946469429824660e+00 -9.224845149795948274e-01
5.114512840044183939e+00 -9.790988528284808590e-01
5.127079210658542330e+00 -9.509804596781767927e-01
5.139645581272901609e+00 -9.955397465979337612e-01
5.152211951887260888e+00 -8.816337162370876390e-01
5.164778322501620167e+00 -7.947089289988310545e-01
5.177344693115979446e+00 -8.701851333709433867e-01
5.189911063730338725e+00 -9.871368188326392623e-01
5.202477434344698004e+00 -6.366352275260329652e-01
5.215043804959057283e+00 -8.385288722662895822e-01
5.227610175573416562e+00 -6.022090644358024658e-01
5.240176546187774953e+00 -8.054460109223575692e-01
5.252742916802134232e+00 -8.084637146003899044e-01
5.265309287416492623e+00 -8.256828320215725547e-01
5.277875658030851902e+00 -6.982024497203467295e-01
5.290442028645211181e+00 -8.772378264849529650e-01
5.303008399259570460e+00 -7.726456921628329644e-01
5.315574769873929739e+00 -8.100295617107602375e-01
5.328141140488289018e+00 -7.730343969804440718e-01
5.340707511102648297e+00 -6.249677496220270578e-01
5.353273881717007576e+00 -9.067173287972323248e-01
5.365840252331366855e+00 -6.575486678908802896e-01
5.378406622945726134e+00 -6.942873683444639177e-01
5.390972993560084525e+00 -7.422029895902634289e-01
5.403539364174443804e+00 -6.737605839776644734e-01
5.416105734788803083e+00 -6.619090012985118232e-01
5.428672105403162362e+00 -8.347516080775463365e-01
5.441238476017521641e+00 -7.502700303004913307e-01
5.453804846631880920e+00 -6.539227726250422812e-01
5.466371217246240199e+00 -7.866778554670706969e-01
5.478937587860599479e+00 -6.692096156104827553e-01
5.491503958474958758e+00 -6.983155473998055029e-01
5.504070329089317148e+00 -6.525121532070748964e-01
5.516636699703676427e+00 -6.363938291439892314e-01
5.529203070318035707e+00 -8.184657764100411459e-01
5.541769440932394986e+00 -6.055888198173533521e-01
5.554335811546754265e+00 -5.796691415888824972e-01
5.566902182161113544e+00 -7.184485136660797577e-01
5.579468552775472823e+00 -6.281601494667026220e-01
5.592034923389832102e+00 -5.693497964154503599e-01
5.604601294004191381e+00 -6.240002033477483057e-01
5.617167664618549772e+00 -7.838333218395536761e-01
5.629734035232909051e+00 -5.311593255197050167e-01
5.642300405847268330e+00 -6.046179584360872328e-01
5.654866776461627609e+00 -5.949742501786793314e-01
5.667433147075986888e+00 -5.377673195066061673e-01
5.679999517690346167e+00 -4.571659367015661890e-01
5.692565888304705446e+00 -4.910846060838303107e-01
5.705132258919064725e+00 -4.677746109682707765e-01
5.717698629533424004e+00 -3.106287418170300962e-01
5.730265000147783283e+00 -6.473824666253261695e-01
5.742831370762141674e+00 -5.522839881096146541e-01
5.755397741376500953e+00 -4.851924446112612643e-01
5.767964111990860232e+00 -3.405920404569244830e-01
5.780530482605219511e+00 -6.852345470718703702e-01
5.793096853219578790e+00 -3.886494678022804350e-01
5.805663223833938069e+00 -4.236387543730516514e-01
5.818229594448297348e+00 -3.752828273738121334e-01
5.830795965062656627e+00 -4.376011142882480498e-01
5.843362335677015906e+00 -2.537888876554263984e-01
5.855928706291374297e+00 -3.694170310673314805e-01
5.868495076905733576e+00 -5.475783550375959985e-01
5.881061447520092855e+00 -4.586703588473163840e-01
5.893627818134452134e+00 -4.415009157367769110e-01
5.906194188748811413e+00 -3.841423630007207435e-01
5.918760559363170692e+00 -2.640517948560012762e-01
5.931326929977529971e+00 -2.989797996086033804e-01
5.943893300591889250e+00 -3.107590557509056772e-01
5.956459671206248530e+00 -2.054553168099367833e-01
5.969026041820606920e+00 -3.284468147616345646e-01
5.981592412434966199e+00 -3.257810968081690794e-01
5.994158783049325478e+00 -5.231577158765616797e-01
6.006725153663684758e+00 -3.698312710080417509e-01
6.019291524278044037e+00 -1.298331424337658968e-01
6.031857894892402427e+00 -3.714465001777825792e-01
6.044424265506761706e+00 -1.759808878916685471e-01
6.056990636121120986e+00 -2.174729795011645928e-01
6.069557006735480265e+00 -3.466238890270705864e-01
6.082123377349839544e+00 2.149229282424500176e-02
6.094689747964198823e+00 -2.356048795868102841e-01
6.107256118578558102e+00 -7.553793586076108790e-02
6.119822489192916493e+00 -1.633918416924036721e-01
6.132388859807275772e+00 -1.219592942666036378e-01
6.144955230421635051e+00 6.083145220363039840e-02
6.157521601035994330e+00 -2.479283020525651915e-01
6.170087971650353609e+00 -2.235978236948972242e-01
6.182654342264712888e+00 -9.851891770379311852e-02
6.195220712879072167e+00 -2.550347616718307564e-01
6.207787083493431446e+00 -1.169088359420038942e-01
6.220353454107790725e+00 -8.622965161545104174e-02
6.232919824722149116e+00 -9.855791659237213287e-02
6.245486195336508395e+00 -1.294561656116184276e-02
6.258052565950867674e+00 -1.492340503637158422e-01
6.270618936565226953e+00 4.316461709578871264e-02
