0.000000000000000000e+00 -4.724908608279679983e-02
1.256637061435917323e-02 6.607897542817370296e-02
2.513274122871834645e-02 -1.337183791621920567e-02
3.769911184307751795e-02 -1.002375306077107342e-01
5.026548245743669291e-02 1.762572287234096674e-02
6.283185307179586787e-02 4.461363255313256088e-02
7.539822368615503589e-02 1.308225855477287980e-01
8.796459430051420392e-02 8.239764246560725425e-02
1.005309649148733858e-01 -4.251574954821699115e-02
1.130973355292325677e-01 2.308221618835893385e-01
1.256637061435917357e-01 1.276644778044233319e-01
1.382300767579508760e-01 2.800701388826188354e-01
1.507964473723100718e-01 1.836464242795182722e-01
1.633628179866692676e-01 1.155745794567118179e-01
1.759291886010284078e-01 2.444148084299547219e-01
1.884955592153875759e-01 2.056040569802441431e-01
2.010619298297467716e-01 3.372834454690376016e-01
2.136283004441059397e-01 3.757106712087227574e-01
2.261946710584651354e-01 3.127248399288044545e-01
2.387610416728242757e-01 5.426484745963122691e-02
2.513274122871834715e-01 4.362078906211375173e-01
2.638937829015426395e-01 1.355661823027328461e-01
2.764601535159017520e-01 3.234848059796215924e-01
2.890265241302609756e-01 1.139363840842047004e-01
3.015928947446201436e-01 3.379087037124653969e-01
3.141592653589793116e-01 2.750450560558773683e-01
3.267256359733385351e-01 2.726823650998533299e-01
3.392920065876976476e-01 4.937223273142405944e-01
3.518583772020568157e-01 4.466859824724672690e-01
3.644247478164160392e-01 2.481986903056326854e-01
3.769911184307751517e-01 3.851916446552404172e-01
3.895574890451343197e-01 5.231879026459147486e-01
4.021238596594935433e-01 2.262156700659704311e-01
4.146902302738527113e-01 5.006577874948141549e-01
4.272566008882118793e-01 4.385518992664946825e-01
4.398229715025711029e-01 5.875998395633053040e-01
4.523893421169302709e-01 3.308445422944918946e-01
4.649557127312893834e-01 6.569637857026653371e-01
4.775220833456485514e-01 5.072032843694327386e-01
4.900884539600077194e-01 5.820213130102201982e-01
5.026548245743669430e-01 3.704143596588236331e-01
5.152211951887261110e-01 4.761868988104414613e-01
5.277875658030852790e-01 6.404825454169177368e-01
5.403539364174444470e-01 4.228732464691600801e-01
5.529203070318035040e-01 3.354666120788429295e-01
5.654866776461627831e-01 5.313005073290215652e-01
5.780530482605219511e-01 4.445193738619630519e-01
5.906194188748811191e-01 5.870908945501364107e-01
6.031857894892402872e-01 5.321935041378076381e-01
6.157521601035994552e-01 5.155906314739894247e-01
6.283185307179586232e-01 6.969358524947735223e-01
6.408849013323177912e-01 6.053284061887375112e-01
6.534512719466770703e-01 5.939383362040472347e-01
6.660176425610361273e-01 6.351528462103117612e-01
6.785840131753952953e-01 5.518081131380242477e-01
6.911503837897544633e-01 7.621088939207749657e-01
7.037167544041136313e-01 6.577404387986981460e-01
7.162831250184729104e-01 7.951412424917237987e-01
7.288494956328320784e-01 6.656000907189770777e-01
7.414158662471912464e-01 8.356263654481794756e-01
7.539822368615503034e-01 8.584728475841236772e-01
7.665486074759094715e-01 4.836037709519394046e-01
7.791149780902686395e-01 6.585081169463861128e-01
7.916813487046279185e-01 8.124848587920576737e-01
8.042477193189870865e-01 6.330133060493849939e-01
8.168140899333462546e-01 8.748191047176954172e-01
8.293804605477054226e-01 7.294493135612591939e-01
8.419468311620645906e-01 7.696647879650556634e-01
8.545132017764237586e-01 7.792568557974257626e-01
8.670795723907829267e-01 8.792850474271135530e-01
8.796459430051422057e-01 9.324158335849099810e-01
8.922123136195013737e-01 8.270006408480623517e-01
9.047786842338605418e-01 5.239353435849638529e-01
9.173450548482194877e-01 9.354585104171629917e-01
9.299114254625787668e-01 7.853233731297255549e-01
9.424777960769379348e-01 9.527927462440365369e-01
9.550441666912971028e-01 7.243788423549863964e-01
9.676105373056562708e-01 8.961830474270976454e-01
9.801769079200154389e-01 6.440707682463242545e-01
9.927432785343746069e-01 8.141700011157084749e-01
1.005309649148733886e+00 9.281687307439169254e-01
1.017876019763092943e+00 9.050286091688921619e-01
1.030442390377452222e+00 7.453659093795076407e-01
1.043008760991811279e+00 8.928501587131962847e-01
1.055575131606170558e+00 8.557899953375464053e-01
1.068141502220529837e+00 8.935072435785677003e-01
1.080707872834888894e+00 8.825256542041444163e-01
1.093274243449248173e+00 7.888742769918983821e-01
1.105840614063607008e+00 8.685852425449456238e-01
1.118406984677966287e+00 7.566584875999935456e-01
1.130973355292325566e+00 8.375597584780415383e-01
1.143539725906684623e+00 1.027938966149151367e+00
1.156106096521043902e+00 8.633641636452674684e-01
1.168672467135402959e+00 8.707539830557243787e-01
1.181238837749762238e+00 9.036847336091172744e-01
1.193805208364121295e+00 9.675850003147761225e-01
1.206371578978480574e+00 1.091240389142744904e+00
1.218937949592839853e+00 7.266282381701840709e-01
1.231504320207198910e+00 9.653959832962930587e-01
1.244070690821558189e+00 1.061180087523883042e+00
1.256637061435917246e+00 1.131694753644071794e+00
1.269203432050276525e+00 1.006588034411210586e+00
1.281769802664635582e+00 1.069865374227864319e+00
1.294336173278994861e+00 9.300446626054379440e-01
1.306902543893354141e+00 9.098334532206903136e-01
1.319468914507712975e+00 9.665199318241228799e-01
1.332035285122072255e+00 9.635754349316202338e-01
1.344601655736431534e+00 1.097122709511020089e+00
1.357168026350790591e+00 9.606613585832444180e-01
1.369734396965149870e+00 9.267786702187761350e-01
1.382300767579508927e+00 1.018386265836201954e+00
1.394867138193868206e+00 1.141704748386399348e+00
1.407433508808227263e+00 1.041786016377295399e+00
1.419999879422586542e+00 8.472426452802694907e-01
1.432566250036945821e+00 1.127063157270312699e+00
1.445132620651304878e+00 1.148875122786706227e+00
1.457698991265664157e+00 1.059994171861738277e+00
1.470265361880023214e+00 9.895502478798933188e-01
1.482831732494382493e+00 9.770012883858913977e-01
1.495398103108741550e+00 1.188418286984542993e+00
1.507964473723100607e+00 8.807677184164027784e-01
1.520530844337459886e+00 1.092953914859331910e+00
1.533097214951818943e+00 9.921842094383734878e-01
1.545663585566178222e+00 9.816906728467258425e-01
1.558229956180537279e+00 1.189968695785100117e+00
1.570796326794896558e+00 1.113477116446693893e+00
1.583362697409255837e+00 1.036347643686493347e+00
1.595929068023614894e+00 9.324707684652148165e-01
1.608495438637974173e+00 9.824482820885556134e-01
1.621061809252333230e+00 9.710238477517698641e-01
1.633628179866692509e+00 1.164073002750107833e+00
1.646194550481051566e+00 1.008185490010104601e+00
1.658760921095410845e+00 1.020792613649187830e+00
1.671327291709770124e+00 9.217159323155745820e-01
1.683893662324129181e+00 1.042528453946119482e+00
1.696460032938488460e+00 1.112161014083396626e+00
1.709026403552847517e+00 1.039769882549731683e+00
1.721592774167206796e+00 9.991606679330427010e-01
1.734159144781565853e+00 8.935988286206710818e-01
1.746725515395925132e+00 9.555724257757948203e-01
1.759291886010284411e+00 9.532697660811950691e-01
1.771858256624643468e+00 8.781924606323623372e-01
1.784424627239002747e+00 9.997612868215552950e-01
1.796990997853361804e+00 9.026162480395151233e-01
1.809557368467721084e+00 8.860508762962893137e-01
1.822123739082079918e+00 9.552427428432889167e-01
1.834690109696438975e+00 1.017044430248699838e+00
1.847256480310798255e+00 8.239215963177263236e-01
1.859822850925157534e+00 7.728997214294511808e-01
1.872389221539516591e+00 8.948418404450716457e-01
1.884955592153875870e+00 1.013234873836201366e+00
1.897521962768234927e+00 1.024639375450730583e+00
1.910088333382594206e+00 9.231589143960371446e-01
1.922654703996953263e+00 8.714133516982343064e-01
1.935221074611312542e+00 9.587207068995600157e-01
1.947787445225671821e+00 9.132820180359387807e-01
1.960353815840030878e+00 9.727457536080873490e-01
1.972920186454390157e+00 9.581493590834164742e-01
1.985486557068749214e+00 9.484192893443526007e-01
1.998052927683108493e+00 8.034020404755788380e-01
2.010619298297467772e+00 1.001866616386263509e+00
2.023185668911826607e+00 1.018881017758802798e+00
2.035752039526185886e+00 8.453529005733826374e-01
2.048318410140545165e+00 9.438885635121444517e-01
2.060884780754904444e+00 9.394698374389306439e-01
2.073451151369263723e+00 8.648633493910574677e-01
2.086017521983622558e+00 8.560832249866590082e-01
2.098583892597981837e+00 8.431180745758926065e-01
2.111150263212341116e+00 8.668362432030910503e-01
2.123716633826700395e+00 7.668300525740536777e-01
2.136283004441059674e+00 9.586409669568707326e-01
2.148849375055418509e+00 9.190463626935663211e-01
2.161415745669777788e+00 1.058872505111146500e+00
2.173982116284137067e+00 7.163967914159055095e-01
2.186548486898496346e+00 9.511406795567836081e-01
2.199114857512855181e+00 9.193772726636295634e-01
2.211681228127214016e+00 8.678330436098565803e-01
2.224247598741573295e+00 7.753199236551571172e-01
2.236813969355932574e+00 5.505410025506433103e-01
2.249380339970291853e+00 9.160400167937901017e-01
2.261946710584651132e+00 7.560543098611118840e-01
2.274513081199009967e+00 8.345804867361557022e-01
2.287079451813369246e+00 7.906678339179714632e-01
2.299645822427728525e+00 8.442472418326305572e-01
2.312212193042087804e+00 8.876725928660237352e-01
2.324778563656447083e+00 8.027985607771225274e-01
2.337344934270805918e+00 5.813155746081914987e-01
2.349911304885165197e+00 5.968720789663963799e-01
2.362477675499524477e+00 7.510585680009792542e-01
2.375044046113883756e+00 7.555276380033935091e-01
2.387610416728242591e+00 8.166958130583946707e-01
2.400176787342601870e+00 5.499299197505079784e-01
2.412743157956961149e+00 8.126097498835515021e-01
2.425309528571320428e+00 6.003431037720523555e-01
2.437875899185679707e+00 5.581603235765615345e-01
2.450442269800038542e+00 4.445132233804227062e-01
2.463008640414397821e+00 5.429477601926504526e-01
2.475575011028757100e+00 6.109371090470928634e-01
2.488141381643116379e+00 5.182277117659750409e-01
2.500707752257475658e+00 5.467203701782656911e-01
2.513274122871834493e+00 4.498788818639693488e-01
2.525840493486193772e+00 4.825648280281087388e-01
2.538406864100553051e+00 6.120621358289652925e-01
2.550973234714912330e+00 5.429306474662971560e-01
2.563539605329271165e+00 4.103045884551145828e-01
2.576105975943630444e+00 5.506993689028449879e-01
2.588672346557989723e+00 5.960698499439567311e-01
2.601238717172349002e+00 7.087203237856336546e-01
2.613805087786708281e+00 4.246004476739275724e-01
2.626371458401067116e+00 4.993213367396683866e-01
2.638937829015425951e+00 4.735545046676002401e-01
2.651504199629785230e+00 3.201632397198185265e-01
2.664070570244144509e+00 3.674342401909037603e-01
2.676636940858503788e+00 4.729389003363762556e-01
2.689203311472863067e+00 3.729230718655273114e-01
2.701769682087221902e+00 4.449087227665759481e-01
2.714336052701581181e+00 2.500628490444520291e-01
2.726902423315940460e+00 4.886325556882719079e-01
2.739468793930299739e+00 5.124493560890042154e-01
2.752035164544658574e+00 4.660399202552176212e-01
2.764601535159017853e+00 3.609016377462460068e-01
2.777167905773377132e+00 4.015962269686640385e-01
2.789734276387736411e+00 1.892940936264702612e-01
2.802300647002095690e+00 1.704769533234673784e-01
2.814867017616454525e+00 2.499103902504460073e-01
2.827433388230813804e+00 1.894127137692692142e-01
2.839999758845173083e+00 4.490430357082655366e-01
2.852566129459532362e+00 2.679466988883510981e-01
2.865132500073891642e+00 3.143991113440806062e-01
2.877698870688250476e+00 3.552556840057976006e-01
2.890265241302609756e+00 1.825724415156682046e-01
2.902831611916969035e+00 3.648198310176642423e-01
2.915397982531328314e+00 2.460929057902022932e-01
2.927964353145687149e+00 1.871802444298572565e-01
2.940530723760046428e+00 2.179686007527084357e-01
2.953097094374405707e+00 1.802664560777071379e-01
2.965663464988764986e+00 1.435429047437006556e-01
2.978229835603124265e+00 4.741820393939885636e-02
2.990796206217483100e+00 1.652078881364536511e-01
3.003362576831842379e+00 2.203335001801388915e-01
3.015928947446201214e+00 1.831035970603262508e-01
3.028495318060560493e+00 1.241158642144296609e-01
3.041061688674919772e+00 6.608456438775403563e-02
3.053628059289279051e+00 9.140521636939258343e-02
3.066194429903637886e+00 2.084843266778210191e-01
3.078760800517997165e+00 5.093115155889219731e-02
3.091327171132356444e+00 9.446240922731331813e-02
3.103893541746715723e+00 1.950376072767644187e-01
3.116459912361074558e+00 -1.092418818117461971e-01
3.129026282975433837e+00 6.774722166722130234e-02
3.141592653589793116e+00 7.517786792684773289e-02
3.154159024204152395e+00 1.376666072179044131e-01
3.166725394818511674e+00 -1.397092922815693916e-01
3.179291765432870509e+00 -1.399529567583934764e-04
3.191858136047229788e+00 6.426255892096979783e-02
3.204424506661589067e+00 -1.690386531235855139e-01
3.216990877275948346e+00 -8.085251886158217882e-02
3.229557247890307181e+00 -2.912952282915527713e-02
3.242123618504666460e+00 -1.262621356217172031e-01
3.254689989119025739e+00 3.989859423000670369e-02
3.267256359733385018e+00 -2.976993507408293160e-02
3.279822730347744297e+00 -1.404319707225025748e-01
3.292389100962103132e+00 -1.657912139994637546e-01
3.304955471576462411e+00 -7.193877051290993585e-02
3.317521842190821690e+00 -2.435954275887248222e-01
3.330088212805180969e+00 -2.012075037267143096e-01
3.342654583419540248e+00 -2.112171690321814621e-01
3.355220954033899083e+00 -1.599307339452623600e-01
3.367787324648258362e+00 -5.620866804735730193e-02
3.380353695262617642e+00 -2.872534799488326018e-01
3.392920065876976921e+00 -1.284334313269756556e-01
3.405486436491335756e+00 -2.427475283564912156e-01
3.418052807105695035e+00 -3.629749796386417260e-01
3.430619177720054314e+00 -3.443360867110403234e-01
3.443185548334413593e+00 -2.654534258388687729e-01
3.455751918948772872e+00 -3.466616428091146562e-01
3.468318289563131707e+00 -3.591626872987391805e-01
3.480884660177490986e+00 -5.203042990594379802e-01
3.493451030791850265e+00 -3.961688366077582568e-01
3.506017401406209544e+00 -2.446971583354502489e-01
3.518583772020568823e+00 -2.615128387701759483e-01
3.531150142634927658e+00 -6.323838506845274043e-01
3.543716513249286937e+00 -5.474103749344967351e-01
3.556282883863646216e+00 -2.925911147504525189e-01
3.568849254478005495e+00 -4.967388648512498506e-01
3.581415625092364330e+00 -3.755658691206618660e-01
3.593981995706723609e+00 -4.450519546205436994e-01
3.606548366321082888e+00 -3.575061984629256950e-01
3.619114736935442167e+00 -4.524031622012408271e-01
3.631681107549800558e+00 -5.706313174197149563e-01
3.644247478164159837e+00 -4.788398681307544091e-01
3.656813848778519116e+00 -5.841031664432404513e-01
3.669380219392877951e+00 -3.856830965318377435e-01
3.681946590007237230e+00 -6.443431527054288566e-01
3.694512960621596509e+00 -5.152456112790864129e-01
3.707079331235955788e+00 -4.747128108677911573e-01
3.719645701850315067e+00 -5.106679555182547237e-01
3.732212072464673902e+00 -4.898706619523611749e-01
3.744778443079033181e+00 -7.150753330515625672e-01
3.757344813693392460e+00 -6.767965107966392724e-01
3.769911184307751739e+00 -6.054137054826844722e-01
3.782477554922110574e+00 -6.264714834733755566e-01
3.795043925536469853e+00 -5.807739981595576584e-01
3.807610296150829132e+00 -5.708701325874477872e-01
3.820176666765188411e+00 -7.615304662216620946e-01
3.832743037379547690e+00 -7.252929063914101970e-01
3.845309407993906525e+00 -6.270387078080116305e-01
3.857875778608265804e+00 -7.268404499430766164e-01
3.870442149222625083e+00 -9.042117207775897114e-01
3.883008519836984362e+00 -4.701126803819696276e-01
3.895574890451343641e+00 -4.909339764229827541e-01
3.908141261065702476e+00 -7.384481673939314872e-01
3.920707631680061755e+00 -7.169944292680169307e-01
3.933274002294421035e+00 -6.696121511587481701e-01
3.945840372908780314e+00 -7.778592568778183169e-01
3.958406743523139149e+00 -7.433062371413486913e-01
3.970973114137498428e+00 -7.169276804197129982e-01
3.983539484751857707e+00 -7.262221114680332823e-01
3.996105855366216986e+00 -7.814841181496364753e-01
4.008672225980576265e+00 -9.570704079312495338e-01
4.021238596594935544e+00 -7.651838232795119543e-01
4.033804967209294823e+00 -8.925037555674915080e-01
4.046371337823653214e+00 -8.480744988860128286e-01
4.058937708438012493e+00 -8.837658578959537437e-01
4.071504079052371772e+00 -8.354151510093558164e-01
4.084070449666731051e+00 -8.423752704348511644e-01
4.096636820281090330e+00 -7.818383568652627069e-01
4.109203190895449609e+00 -8.664521256465561594e-01
4.121769561509808888e+00 -9.146614577841611915e-01
4.134335932124168167e+00 -6.940653025965486389e-01
4.146902302738527446e+00 -7.372588295041276885e-01
4.159468673352886725e+00 -8.014606246434068382e-01
4.172035043967245116e+00 -8.808052620908346508e-01
4.184601414581604395e+00 -9.191160982019063175e-01
4.197167785195963674e+00 -7.412358687429874138e-01
4.209734155810322953e+00 -9.454520018956117378e-01
4.222300526424682232e+00 -9.037307679323846044e-01
4.234866897039041511e+00 -9.453113921927978058e-01
4.247433267653400790e+00 -7.498838303552316509e-01
4.259999638267760069e+00 -8.979468319817501820e-01
4.272566008882119348e+00 -9.461550071260961259e-01
4.285132379496477739e+00 -9.170045155047116259e-01
4.297698750110837018e+00 -8.427776584235572299e-01
4.310265120725196297e+00 -8.914651761740511882e-01
4.322831491339555576e+00 -1.088579979496971051e+00
4.335397861953914855e+00 -9.302704877950942475e-01
4.347964232568274134e+00 -9.687928615006037303e-01
4.360530603182633413e+00 -1.038331547647384223e+00
4.373096973796992692e+00 -9.828644360666060065e-01
4.385663344411351972e+00 -1.106508548563217786e+00
4.398229715025710362e+00 -7.764881552983429192e-01
4.410796085640069641e+00 -1.060404518726444145e+00
4.423362456254428032e+00 -8.718728745647396083e-01
4.435928826868787311e+00 -9.666445385451190031e-01
4.448495197483146590e+00 -7.619347857983843619e-01
4.461061568097505869e+00 -9.724664412515756640e-01
4.473627938711865148e+00 -1.043263639032198986e+00
4.486194309326224428e+00 -1.027646698845772644e+00
4.498760679940583707e+00 -1.120063548820903643e+00
4.511327050554942986e+00 -1.050097708607005798e+00
4.523893421169302265e+00 -1.040521180558267478e+00
4.536459791783661544e+00 -1.108264237477073033e+00
4.549026162398019935e+00 -1.072833082267213856e+00
4.561592533012379214e+00 -1.126039349187720529e+00
4.574158903626738493e+00 -1.048514817302707014e+00
4.586725274241097772e+00 -1.006242480635804570e+00
4.599291644855457051e+00 -9.874982542311377953e-01
4.611858015469816330e+00 -1.110822118638851164e+00
4.624424386084175609e+00 -9.400883889953193240e-01
4.636990756698534888e+00 -1.069017147119842415e+00
4.649557127312894167e+00 -1.071131196242454564e+00
4.662123497927252558e+00 -1.113809802999902399e+00
4.674689868541611837e+00 -1.059654630800512587e+00
4.687256239155971116e+00 -1.035400622225733924e+00
4.699822609770330395e+00 -1.074142459071436573e+00
4.712388980384689674e+00 -1.163719768080783590e+00
4.724955350999048953e+00 -1.147104696940767887e+00
4.737521721613408232e+00 -9.416064719231771463e-01
4.750088092227767511e+00 -1.011374084886163427e+00
4.762654462842126790e+00 -1.150781599833943902e+00
4.775220833456485181e+00 -8.481060496038395069e-01
4.787787204070844460e+00 -9.791335555605862329e-01
4.800353574685203739e+00 -1.094165609954427243e+00
4.812919945299563018e+00 -1.061079526600476886e+00
4.825486315913922297e+00 -1.006979795593067939e+00
4.838052686528281576e+00 -1.117147049243043311e+00
4.850619057142640855e+00 -1.006389821225462278e+00
4.863185427757000134e+00 -1.038874296703742095e+00
4.875751798371359413e+00 -9.429017100018629582e-01
4.888318168985717804e+00 -1.001135288736727302e+00
4.900884539600077083e+00 -1.154662925974324184e+00
4.913450910214436362e+00 -1.037940245630840197e+00
4.926017280828795641e+00 -9.491224511430451649e-01
4.938583651443154920e+00 -9.199585463022711407e-01
4.951150022057514200e+00 -9.835631528141726143e-01
4.963716392671873479e+00 -9.936741977065980391e-01
4.976282763286232758e+00 -1.012524414348747293e+00
4.988849133900592037e+00 -1.121612377764709345e+00
5.001415504514951316e+00 -7.133646488022934440e-01
5.013981875129309707e+00 -9.385954203813293706e-01
5.026548245743668986e+00 -1.126034249644334295e+00
5.039114616358028265e+00 -9.121419209021367491e-01
5.051680986972387544e+00 -1.059046540044499718e+00
5.064247357586746823e+00 -1.154711881709079568e+00
5.076813728201106102e+00 -7.662540320042232622e-01
5.089380098815465381e+00 -9.315139892147054068e-01
5.101946469429824660e+00 -8.271845643685330485e-01
5.114512840044183939e+00 -1.076610229685311948e+00
5.127079210658542330e+00 -1.045916686643947990e+00
5.139645581272901609e+00 -1.123426252985213702e+00
5.152211951887260888e+00 -1.041057665928580400e+00
5.164778322501620167e+00 -7.779796556956179998e-01
5.177344693115979446e+00 -9.197783267050846367e-01
5.189911063730338725e+00 -1.086677568287198969e+00
5.202477434344698004e+00 -7.769596187451177638e-01
5.215043804959057283e+00 -8.545763454460189035e-01
5.227610175573416562e+00 -9.112395587424286791e-01
5.240176546187774953e+00 -8.070259222991743586e-01
5.252742916802134232e+00 -9.409156911372320575e-01
5.265309287416492623e+00 -7.391324672370586102e-01
5.277875658030851902e+00 -7.994367977996916785e-01
5.290442028645211181e+00 -8.043923798383121326e-01
5.303008399259570460e+00 -9.663082093374507631e-01
5.315574769873929739e+00 -8.164996901150273212e-01
5.328141140488289018e+00 -9.066032014037755937e-01
5.340707511102648297e+00 -1.033734877475559255e+00
5.353273881717007576e+00 -6.416618425207124554e-01
5.365840252331366855e+00 -8.838738637064688097e-01
5.378406622945726134e+00 -9.509311877182792250e-01
5.390972993560084525e+00 -7.534319416499419830e-01
5.403539364174443804e+00 -8.823057842279584673e-01
5.416105734788803083e+00 -7.104821929502018740e-01
5.428672105403162362e+00 -8.008403081167461135e-01
5.441238476017521641e+00 -8.698729659023880512e-01
5.453804846631880920e+00 -6.551632373101583529e-01
5.466371217246240199e+00 -7.649116977535329598e-01
5.478937587860599479e+00 -6.154226537173501654e-01
5.491503958474958758e+00 -6.476422297430382002e-01
5.504070329089317148e+00 -8.112346476141525375e-01
5.516636699703676427e+00 -8.484897254448946491e-01
5.529203070318035707e+00 -7.933761172157874908e-01
5.541769440932394986e+00 -9.199890262156686926e-01
5.554335811546754265e+00 -6.317265648824803570e-01
5.566902182161113544e+00 -6.194901095932909829e-01
5.579468552775472823e+00 -5.607786687234832534e-01
5.592034923389832102e+00 -5.694697503044904296e-01
5.604601294004191381e+00 -5.093407031837261512e-01
5.617167664618549772e+00 -6.789379161455985079e-01
5.629734035232909051e+00 -7.867841619043151047e-01
5.642300405847268330e+00 -6.367766052955667888e-01
5.654866776461627609e+00 -6.497805257626115827e-01
5.667433147075986888e+00 -5.219690084604410307e-01
5.679999517690346167e+00 -5.247763656922311837e-01
5.692565888304705446e+00 -4.832780078286696424e-01
5.705132258919064725e+00 -5.185826913595233956e-01
5.717698629533424004e+00 -4.192844495515468672e-01
5.730265000147783283e+00 -5.434161508121136963e-01
5.742831370762141674e+00 -4.715900067014330843e-01
5.755397741376500953e+00 -4.129742336560448535e-01
5.767964111990860232e+00 -5.879625536542751885e-01
5.780530482605219511e+00 -5.375874319355528064e-01
5.793096853219578790e+00 -5.307631172590289159e-01
5.805663223833938069e+00 -4.950809814043643509e-01
5.818229594448297348e+00 -4.682248413525114672e-01
5.830795965062656627e+00 -5.030734950932352900e-01
5.843362335677015906e+00 -3.523191986574986112e-01
5.855928706291374297e+00 -5.014150920679618650e-01
5.868495076905733576e+00 -3.026060469600831970e-01
5.881061447520092855e+00 -2.906708354627713931e-01
5.893627818134452134e+00 -4.036543795574538129e-01
5.906194188748811413e+00 -3.380376162566542941e-01
5.918760559363170692e+00 -4.229735372388350179e-01
5.931326929977529971e+00 -4.417393858750419677e-01
5.943893300591889250e+00 -5.107885336174934343e-01
5.956459671206248530e+00 -2.884779000963657025e-01
5.969026041820606920e+00 -4.212630541727967470e-01
5.981592412434966199e+00 -4.338474924231736085e-01
5.994158783049325478e+00 -3.168546001967219028e-01
6.006725153663684758e+00 -2.422002194348661930e-01
6.019291524278044037e+00 -6.073163508278145439e-02
6.031857894892402427e+00 -3.079647668093430934e-01
6.044424265506761706e+00 -2.758746891428447423e-01
6.056990636121120986e+00 -4.340641206482194758e-01
6.069557006735480265e+00 -1.797687074951186958e-01
6.082123377349839544e+00 -1.146256256543308205e-01
6.094689747964198823e+00 -4.251034177934623348e-02
6.107256118578558102e+00 -9.119976082956912644e-02
6.119822489192916493e+00 -1.657325004303273341e-01
6.132388859807275772e+00 -8.632570170477199545e-02
6.144955230421635051e+00 -1.623278603584271673e-01
6.157521601035994330e+00 -5.005453183371992576e-02
6.170087971650353609e+00 -4.553977314240975627e-02
6.182654342264712888e+00 -1.914218655366921040e-01
6.195220712879072167e+00 -8.812700352608775212e-02
6.207787083493431446e+00 -2.570050247268705901e-01
6.220353454107790725e+00 4.470991398847798393e-02
6.232919824722149116e+00 -6.237620919586616547e-02
6.245486195336508395e+00 1.688258690073758672e-02
6.258052565950867674e+00 -4.216760416790253652e-02
6.270618936565226953e+00 -4.344017610270881069e-02
