0.000000000000000000e+00 2.612775620059038656e-02
1.256637061435917323e-02 8.811033808549997154e-03
2.513274122871834645e-02 -1.986322829794695197e-02
3.769911184307751795e-02 6.158239310974431002e-02
5.026548245743669291e-02 1.810949899431019833e-02
6.283185307179586787e-02 9.635942488580258314e-02
7.539822368615503589e-02 1.186412441750671343e-02
8.796459430051420392e-02 -1.799365545919776044e-02
1.005309649148733858e-01 -1.865791357529346384e-02
1.130973355292325677e-01 2.620207756125078613e-03
1.256637061435917357e-01 2.199561731129305309e-01
1.382300767579508760e-01 2.409457265006321181e-01
1.507964473723100718e-01 1.893657160855914956e-01
1.633628179866692676e-01 8.521854975739820426e-02
1.759291886010284078e-01 1.620604825904819746e-01
1.884955592153875759e-01 2.615185932197412466e-01
2.010619298297467716e-01 3.313669943181874467e-01
2.136283004441059397e-01 -2.615589370425561166e-02
2.261946710584651354e-01 8.073314111859219988e-02
2.387610416728242757e-01 2.300333803353647733e-01
2.513274122871834715e-01 3.984347764654863067e-01
2.638937829015426395e-01 3.959428739783018569e-01
2.764601535159017520e-01 2.002902649550276082e-01
2.890265241302609756e-01 4.940404061694522730e-02
3.015928947446201436e-01 3.941980840605557312e-01
3.141592653589793116e-01 4.138930538629130851e-01
3.267256359733385351e-01 2.943936124591584047e-01
3.392920065876976476e-01 2.960547779331162976e-01
3.518583772020568157e-01 2.790622078298109487e-01
3.644247478164160392e-01 4.097041201263343924e-01
3.769911184307751517e-01 2.531143095343670879e-01
3.895574890451343197e-01 4.501185554258702592e-01
4.021238596594935433e-01 2.884200908807056929e-01
4.146902302738527113e-01 5.477529422099832734e-01
4.272566008882118793e-01 4.758369460649393146e-01
4.398229715025711029e-01 2.839324021761679973e-01
4.523893421169302709e-01 7.376982356311819755e-01
4.649557127312893834e-01 5.364491797045937149e-01
4.775220833456485514e-01 3.678935190924895737e-01
4.900884539600077194e-01 5.091735548933583599e-01
5.026548245743669430e-01 4.605695826870970233e-01
5.152211951887261110e-01 6.010823822044429887e-01
5.277875658030852790e-01 5.480539274071468681e-01
5.403539364174444470e-01 6.451944989713138678e-01
5.529203070318035040e-01 5.077146493221585954e-01
5.654866776461627831e-01 7.636885882644495194e-01
5.780530482605219511e-01 6.352556471107346781e-01
5.906194188748811191e-01 5.138590024102861475e-01
6.031857894892402872e-01 6.948207140740901844e-01
6.157521601035994552e-01 6.098617274575086622e-01
6.283185307179586232e-01 6.477430140829578686e-01
6.408849013323177912e-01 6.890199384688173723e-01
6.534512719466770703e-01 7.018056219673495244e-01
6.660176425610361273e-01 6.183180893147535162e-01
6.785840131753952953e-01 6.253447517347576756e-01
6.911503837897544633e-01 8.320743245786442754e-01
7.037167544041136313e-01 6.149973556013378362e-01
7.162831250184729104e-01 6.637927622666516259e-01
7.288494956328320784e-01 8.092808845836556575e-01
7.414158662471912464e-01 6.795212422912791927e-01
7.539822368615503034e-01 4.865642832699942355e-01
7.665486074759094715e-01 6.284616123816365585e-01
7.791149780902686395e-01 7.011044332546242375e-01
7.916813487046279185e-01 7.376011621808136187e-01
8.042477193189870865e-01 8.077680396513755579e-01
8.168140899333462546e-01 7.999189495503784553e-01
8.293804605477054226e-01 8.856337483216054629e-01
8.419468311620645906e-01 7.266547696243342847e-01
8.545132017764237586e-01 5.890659740277970347e-01
8.670795723907829267e-01 8.690473259242448290e-01
8.796459430051422057e-01 6.714938320008925210e-01
8.922123136195013737e-01 7.600067447926402986e-01
9.047786842338605418e-01 5.385988624126653024e-01
9.173450548482194877e-01 8.031814072945221428e-01
9.299114254625787668e-01 7.903181007517668943e-01
9.424777960769379348e-01 6.699620833942023790e-01
9.550441666912971028e-01 7.176935972713283096e-01
9.676105373056562708e-01 6.745483111159498169e-01
9.801769079200154389e-01 9.580657371452216964e-01
9.927432785343746069e-01 8.314888395617372474e-01
1.005309649148733886e+00 9.570695750079682984e-01
1.017876019763092943e+00 8.273263255870965116e-01
1.030442390377452222e+00 9.740921834968971904e-01
1.043008760991811279e+00 8.469007687321986610e-01
1.055575131606170558e+00 7.796085050430308083e-01
1.068141502220529837e+00 7.641818679847529605e-01
1.080707872834888894e+00 9.045727170745732071e-01
1.093274243449248173e+00 8.624172895688695384e-01
1.105840614063607008e+00 1.082463282254613635e+00
1.118406984677966287e+00 9.498582891428511976e-01
1.130973355292325566e+00 8.405599602347151311e-01
1.143539725906684623e+00 9.408694192516051658e-01
1.156106096521043902e+00 8.614148976986372164e-01
1.168672467135402959e+00 8.505924470371970525e-01
1.181238837749762238e+00 9.139326833866006083e-01
1.193805208364121295e+00 9.868451324733973351e-01
1.206371578978480574e+00 9.042761416200194580e-01
1.218937949592839853e+00 8.886085580880971335e-01
1.231504320207198910e+00 8.023362835165090967e-01
1.244070690821558189e+00 7.623973007856594819e-01
1.256637061435917246e+00 8.561818736843972433e-01
1.269203432050276525e+00 9.511886212703667409e-01
1.281769802664635582e+00 8.907387069441451422e-01
1.294336173278994861e+00 1.011765067614754265e+00
1.306902543893354141e+00 8.370709576147474795e-01
1.319468914507712975e+00 9.127643520881993933e-01
1.332035285122072255e+00 7.930301738598525274e-01
1.344601655736431534e+00 7.522257930160928252e-01
1.357168026350790591e+00 7.886148307498637156e-01
1.369734396965149870e+00 9.674955401295322055e-01
1.382300767579508927e+00 1.048958485576386934e+00
1.394867138193868206e+00 1.107543249633953453e+00
1.407433508808227263e+00 9.693711578013344266e-01
1.419999879422586542e+00 1.055065647472072543e+00
1.432566250036945821e+00 9.765834500392366335e-01
1.445132620651304878e+00 1.058533862703012307e+00
1.457698991265664157e+00 1.076555333530282876e+00
1.470265361880023214e+00 9.515201985306772636e-01
1.482831732494382493e+00 8.773150252125360149e-01
1.495398103108741550e+00 9.101927700178519265e-01
1.507964473723100607e+00 8.145637765310950185e-01
1.520530844337459886e+00 1.118721790283562889e+00
1.533097214951818943e+00 8.787532581625879802e-01
1.545663585566178222e+00 1.028753452513962996e+00
1.558229956180537279e+00 1.098769783369705211e+00
1.570796326794896558e+00 8.814553525849900817e-01
1.583362697409255837e+00 9.980904616726582468e-01
1.595929068023614894e+00 9.744037146382249492e-01
1.608495438637974173e+00 8.648559918100242605e-01
1.621061809252333230e+00 8.543330139937782564e-01
1.633628179866692509e+00 8.615287911366288354e-01
1.646194550481051566e+00 1.087739901619521943e+00
1.658760921095410845e+00 9.348542916806823477e-01
1.671327291709770124e+00 1.262451542881749544e+00
1.683893662324129181e+00 9.716990162341156978e-01
1.696460032938488460e+00 9.552022322771405172e-01
1.709026403552847517e+00 1.081708130341960450e+00
1.721592774167206796e+00 1.042508439203146065e+00
1.734159144781565853e+00 9.638860052269386802e-01
1.746725515395925132e+00 9.225142769032503853e-01
1.759291886010284411e+00 9.318885680476570732e-01
1.771858256624643468e+00 1.113104706171016645e+00
1.784424627239002747e+00 1.049047145627312716e+00
1.796990997853361804e+00 1.005837191630808869e+00
1.809557368467721084e+00 9.631255897485871964e-01
1.822123739082079918e+00 9.282225577400678995e-01
1.834690109696438975e+00 9.234495949551138061e-01
1.847256480310798255e+00 9.267116123039406128e-01
1.859822850925157534e+00 8.815868948367604485e-01
1.872389221539516591e+00 8.353915298444125614e-01
1.884955592153875870e+00 9.907416840140227388e-01
1.897521962768234927e+00 1.045227751666191862e+00
1.910088333382594206e+00 8.720199206283181237e-01
1.922654703996953263e+00 1.087232847066070596e+00
1.935221074611312542e+00 7.872268341454222718e-01
1.947787445225671821e+00 9.590722820635844137e-01
1.960353815840030878e+00 8.796840724877474926e-01
1.972920186454390157e+00 1.019909069224078646e+00
1.985486557068749214e+00 8.280308502810074245e-01
1.998052927683108493e+00 8.149224222525445205e-01
2.010619298297467772e+00 7.722937969854124507e-01
2.023185668911826607e+00 9.479191411605734086e-01
2.035752039526185886e+00 9.010200235033901661e-01
2.048318410140545165e+00 7.450402564529210458e-01
2.060884780754904444e+00 8.327211398582706758e-01
2.073451151369263723e+00 1.042327459142279533e+00
2.086017521983622558e+00 8.498370985193975935e-01
2.098583892597981837e+00 8.994146281778080398e-01
2.111150263212341116e+00 8.983642655913197661e-01
2.123716633826700395e+00 9.468285728613684560e-01
2.136283004441059674e+00 8.756137744339388407e-01
2.148849375055418509e+00 8.430636605652106486e-01
2.161415745669777788e+00 7.706718432041277378e-01
2.173982116284137067e+00 7.169669461397965016e-01
2.186548486898496346e+00 8.342375622050720585e-01
2.199114857512855181e+00 8.271847859596007657e-01
2.211681228127214016e+00 7.549401775195565545e-01
2.224247598741573295e+00 9.246093841302323035e-01
2.236813969355932574e+00 5.532828355698344858e-01
2.249380339970291853e+00 7.506784169619549196e-01
2.261946710584651132e+00 7.510273428241287519e-01
2.274513081199009967e+00 6.540817588980685215e-01
2.287079451813369246e+00 7.862256797959009669e-01
2.299645822427728525e+00 7.676184560893833941e-01
2.312212193042087804e+00 8.236102828523796937e-01
2.324778563656447083e+00 8.361031277645118998e-01
2.337344934270805918e+00 8.548031936790843055e-01
2.349911304885165197e+00 7.791201591300251916e-01
2.362477675499524477e+00 7.977586313361001435e-01
2.375044046113883756e+00 6.243084384649544294e-01
2.387610416728242591e+00 6.985511000424533545e-01
2.400176787342601870e+00 7.819872177368789590e-01
2.412743157956961149e+00 7.670728366308574575e-01
2.425309528571320428e+00 7.197775774232793022e-01
2.437875899185679707e+00 6.304808623789756039e-01
2.450442269800038542e+00 5.914374596867101319e-01
2.463008640414397821e+00 5.122133341173257248e-01
2.475575011028757100e+00 7.216137410261739271e-01
2.488141381643116379e+00 5.151393406960862453e-01
2.500707752257475658e+00 5.881611954412254706e-01
2.513274122871834493e+00 5.597390998917559646e-01
2.525840493486193772e+00 6.222186199283388230e-01
2.538406864100553051e+00 5.412549382472917614e-01
2.550973234714912330e+00 4.607659479555051840e-01
2.563539605329271165e+00 6.580428624386205350e-01
2.576105975943630444e+00 6.048971121763281333e-01
2.588672346557989723e+00 4.621094978208645787e-01
2.601238717172349002e+00 4.476759284329652200e-01
2.613805087786708281e+00 3.834831284765221060e-01
2.626371458401067116e+00 6.013601248233337859e-01
2.638937829015425951e+00 5.398763645764286245e-01
2.651504199629785230e+00 5.580465814723698514e-01
2.664070570244144509e+00 3.791753484617835790e-01
2.676636940858503788e+00 5.084572338729330676e-01
2.689203311472863067e+00 6.188434888546145984e-01
2.701769682087221902e+00 4.323220919614114144e-01
2.714336052701581181e+00 3.651491628010821722e-01
2.726902423315940460e+00 2.012324087270362105e-01
2.739468793930299739e+00 4.270268435622803782e-01
2.752035164544658574e+00 2.554810481456847859e-01
2.764601535159017853e+00 5.409356223157001375e-01
2.777167905773377132e+00 3.021453499296186118e-01
2.789734276387736411e+00 4.836102111058962483e-01
2.802300647002095690e+00 4.837032633073873322e-01
2.814867017616454525e+00 3.935243453200506503e-01
2.827433388230813804e+00 3.106108700267125045e-01
2.839999758845173083e+00 3.798191816723984204e-01
2.852566129459532362e+00 3.714825444662009368e-01
2.865132500073891642e+00 2.651492080792778872e-01
2.877698870688250476e+00 1.332838258025626776e-01
2.890265241302609756e+00 2.575763675741918335e-01
2.902831611916969035e+00 3.036819470574327884e-01
2.915397982531328314e+00 4.986640662882256825e-01
2.927964353145687149e+00 3.173253751871467077e-01
2.940530723760046428e+00 2.406219706413753323e-01
2.953097094374405707e+00 1.057193615393804409e-01
2.965663464988764986e+00 2.694788375801936420e-01
2.978229835603124265e+00 1.545399525875597591e-01
2.990796206217483100e+00 2.152625340438807378e-02
3.003362576831842379e+00 2.592744756524994476e-01
3.015928947446201214e+00 1.116034819533803790e-01
3.028495318060560493e+00 4.068758478910357301e-02
3.041061688674919772e+00 -3.512485663112838163e-03
3.053628059289279051e+00 7.799867809620647519e-02
3.066194429903637886e+00 1.316955693059035370e-03
3.078760800517997165e+00 3.070599834502948933e-02
3.091327171132356444e+00 1.302515159899041708e-01
3.103893541746715723e+00 1.132788386465054808e-01
3.116459912361074558e+00 2.990014210004408174e-02
3.129026282975433837e+00 9.877489389217361526e-02
3.141592653589793116e+00 -3.462111889376080082e-02
3.154159024204152395e+00 -1.613482053072478606e-01
3.166725394818511674e+00 7.575921703926599693e-02
3.179291765432870509e+00 -5.012392894130278387e-02
3.191858136047229788e+00 9.893920867422613397e-02
3.204424506661589067e+00 1.722571919811323737e-01
3.216990877275948346e+00 -9.355155613274959703e-02
3.229557247890307181e+00 -9.612990808532777265e-02
3.242123618504666460e+00 -3.418696479262464116e-01
3.254689989119025739e+00 -7.471207514682327855e-02
3.267256359733385018e+00 -1.828818747555181756e-01
3.279822730347744297e+00 -3.534310620887246568e-01
3.292389100962103132e+00 -2.203087185266709991e-01
3.304955471576462411e+00 -5.494385687374543636e-02
3.317521842190821690e+00 -6.617780420344809844e-02
3.330088212805180969e+00 -1.761832251289441320e-01
3.342654583419540248e+00 -2.737098976210152745e-01
3.355220954033899083e+00 -4.842950107227600443e-01
3.367787324648258362e+00 -1.593089645746749161e-01
3.380353695262617642e+00 -1.371328827527155125e-01
3.392920065876976921e+00 -3.672545806902536292e-01
3.405486436491335756e+00 -2.129460415990040156e-01
3.418052807105695035e+00 -3.088708186629951502e-01
3.430619177720054314e+00 -2.701694207680781501e-01
3.443185548334413593e+00 -2.303018021563464912e-01
3.455751918948772872e+00 -2.918056005140496900e-01
3.468318289563131707e+00 -2.369124282681758786e-01
3.480884660177490986e+00 -4.104183800120425607e-01
3.493451030791850265e+00 -4.820987503734951440e-01
3.506017401406209544e+00 -4.861456859895263438e-01
3.518583772020568823e+00 -2.525898080610731733e-01
3.531150142634927658e+00 -4.061109402971797566e-01
3.543716513249286937e+00 -3.469776807023676746e-01
3.556282883863646216e+00 -2.487385283869950892e-01
3.568849254478005495e+00 -3.186419855045793947e-01
3.581415625092364330e+00 -5.314825800419205049e-01
3.593981995706723609e+00 -5.215905873314741203e-01
3.606548366321082888e+00 -4.393412048780325208e-01
3.619114736935442167e+00 -2.949945992794423266e-01
3.631681107549800558e+00 -5.837961593266627336e-01
3.644247478164159837e+00 -5.511791694279302156e-01
3.656813848778519116e+00 -3.653452097179960001e-01
3.669380219392877951e+00 -6.232867598715676749e-01
3.681946590007237230e+00 -4.691664823878504142e-01
3.694512960621596509e+00 -4.233663411345550132e-01
3.707079331235955788e+00 -6.102871305602126650e-01
3.719645701850315067e+00 -6.958279344024972390e-01
3.732212072464673902e+00 -4.986519191658581041e-01
3.744778443079033181e+00 -5.684715510572072583e-01
3.757344813693392460e+00 -7.116417553780072236e-01
3.769911184307751739e+00 -5.624006258613744036e-01
3.782477554922110574e+00 -5.618367442015016477e-01
3.795043925536469853e+00 -4.872604752660448235e-01
3.807610296150829132e+00 -6.503681423123954808e-01
3.820176666765188411e+00 -7.578330309619245586e-01
3.832743037379547690e+00 -5.165905499140110990e-01
3.845309407993906525e+00 -7.404580230728567969e-01
3.857875778608265804e+00 -6.831552986422974039e-01
3.870442149222625083e+00 -6.328039151908216864e-01
3.883008519836984362e+00 -6.891147250902827093e-01
3.895574890451343641e+00 -6.922181269396233683e-01
3.908141261065702476e+00 -5.395052959377559798e-01
3.920707631680061755e+00 -7.159390344399119144e-01
3.933274002294421035e+00 -7.344410701021991672e-01
3.945840372908780314e+00 -8.320427850878915343e-01
3.958406743523139149e+00 -8.732131701830457837e-01
3.970973114137498428e+00 -7.913419620285715439e-01
3.983539484751857707e+00 -7.383898645725549548e-01
3.996105855366216986e+00 -7.401754136163382070e-01
4.008672225980576265e+00 -7.784092023888588008e-01
4.021238596594935544e+00 -8.271221177751912901e-01
4.033804967209294823e+00 -6.143316425941157677e-01
4.046371337823653214e+00 -1.008433366932777631e+00
4.058937708438012493e+00 -7.067888689873929042e-01
4.071504079052371772e+00 -8.086200968622039298e-01
4.084070449666731051e+00 -8.959255219346253796e-01
4.096636820281090330e+00 -6.524977712834625354e-01
4.109203190895449609e+00 -7.732768944193354477e-01
4.121769561509808888e+00 -7.529734970040935504e-01
4.134335932124168167e+00 -8.498840545144541458e-01
4.146902302738527446e+00 -7.581634959351893910e-01
4.159468673352886725e+00 -8.942973007401022745e-01
4.172035043967245116e+00 -7.203480428519930534e-01
4.184601414581604395e+00 -8.935680957623803877e-01
4.197167785195963674e+00 -9.827040333774879066e-01
4.209734155810322953e+00 -9.042127701219507818e-01
4.222300526424682232e+00 -8.528170338935658901e-01
4.234866897039041511e+00 -9.526866060861813867e-01
4.247433267653400790e+00 -7.630297984915821452e-01
4.259999638267760069e+00 -9.710041358599046379e-01
4.272566008882119348e+00 -8.588439106146488200e-01
4.285132379496477739e+00 -8.243121855786010865e-01
4.297698750110837018e+00 -8.248788655179610796e-01
4.310265120725196297e+00 -9.308261199130666297e-01
4.322831491339555576e+00 -9.742006244882822630e-01
4.335397861953914855e+00 -8.525960831826507880e-01
4.347964232568274134e+00 -9.880863345783896801e-01
4.360530603182633413e+00 -9.780946895814213171e-01
4.373096973796992692e+00 -1.013514863343833339e+00
4.385663344411351972e+00 -9.360950615999454882e-01
4.398229715025710362e+00 -9.684656339512789369e-01
4.410796085640069641e+00 -1.092627886779819368e+00
4.423362456254428032e+00 -8.197365864954521131e-01
4.435928826868787311e+00 -8.108860637915017433e-01
4.448495197483146590e+00 -1.085075617517548441e+00
4.461061568097505869e+00 -1.129609590829472099e+00
4.473627938711865148e+00 -9.661166571137765890e-01
4.486194309326224428e+00 -9.948408326521052114e-01
4.498760679940583707e+00 -9.061124244431802977e-01
4.511327050554942986e+00 -8.923659368346442688e-01
4.523893421169302265e+00 -1.018335444232151055e+00
4.536459791783661544e+00 -8.970491590711318075e-01
4.549026162398019935e+00 -8.857206489127793514e-01
4.561592533012379214e+00 -8.823041523030960009e-01
4.574158903626738493e+00 -8.914781024095350670e-01
4.586725274241097772e+00 -1.137227674045031778e+00
4.599291644855457051e+00 -8.998161920296291472e-01
4.611858015469816330e+00 -9.183222411544453845e-01
4.624424386084175609e+00 -9.357692682672943407e-01
4.636990756698534888e+00 -8.529036899582523867e-01
4.649557127312894167e+00 -1.051600534384135033e+00
4.662123497927252558e+00 -9.692817316332474897e-01
4.674689868541611837e+00 -1.260621673149855404e+00
4.687256239155971116e+00 -1.106049351186576990e+00
4.699822609770330395e+00 -9.954744092697047630e-01
4.712388980384689674e+00 -1.029225719491055457e+00
4.724955350999048953e+00 -1.008459278454155728e+00
4.737521721613408232e+00 -1.038013492424549433e+00
4.750088092227767511e+00 -1.060652216344312393e+00
4.762654462842126790e+00 -1.032785093494604123e+00
4.775220833456485181e+00 -1.026848162703183354e+00
4.787787204070844460e+00 -9.930829131819381983e-01
4.800353574685203739e+00 -9.250054125481806944e-01
4.812919945299563018e+00 -1.044574310109854132e+00
4.825486315913922297e+00 -1.147359271975771922e+00
4.838052686528281576e+00 -1.044085929501278542e+00
4.850619057142640855e+00 -9.628303794499082358e-01
4.863185427757000134e+00 -1.094760212431371338e+00
4.875751798371359413e+00 -9.972431409592187324e-01
4.888318168985717804e+00 -1.040152795800170393e+00
4.900884539600077083e+00 -1.103731894888462906e+00
4.913450910214436362e+00 -9.079541291591013419e-01
4.926017280828795641e+00 -1.058735404739581165e+00
4.938583651443154920e+00 -1.127788804850686333e+00
4.951150022057514200e+00 -1.061282976125831556e+00
4.963716392671873479e+00 -8.483122227717869723e-01
4.976282763286232758e+00 -9.441523659037210914e-01
4.988849133900592037e+00 -9.325269464685224108e-01
5.001415504514951316e+00 -1.025996739537963887e+00
5.013981875129309707e+00 -9.636873795907965334e-01
5.026548245743668986e+00 -7.922930461408207448e-01
5.039114616358028265e+00 -1.069146485718862394e+00
5.051680986972387544e+00 -1.163045530651680926e+00
5.064247357586746823e+00 -1.050233322991933171e+00
5.076813728201106102e+00 -8.559350523274849021e-01
5.089380098815465381e+00 -8.501141654474387854e-01
5.101946469429824660e+00 -7.845185621525592179e-01
5.114512840044183939e+00 -7.803139706440584966e-01
5.127079210658542330e+00 -8.874701673057955320e-01
5.139645581272901609e+00 -8.646522985379120341e-01
5.152211951887260888e+00 -8.621368402713035506e-01
5.164778322501620167e+00 -1.008706785572141662e+00
5.177344693115979446e+00 -8.572293592111379645e-01
5.189911063730338725e+00 -7.981704434835760198e-01
5.202477434344698004e+00 -8.888728717533662671e-01
5.215043804959057283e+00 -8.259490653552719053e-01
5.227610175573416562e+00 -8.411558810842254541e-01
5.240176546187774953e+00 -8.402715031953503777e-01
5.252742916802134232e+00 -7.081014056530299250e-01
5.265309287416492623e+00 -8.631236753409055051e-01
5.277875658030851902e+00 -8.466271508668397061e-01
5.290442028645211181e+00 -8.757756599949585441e-01
5.303008399259570460e+00 -8.035841962478490474e-01
5.315574769873929739e+00 -9.170094272255215895e-01
5.328141140488289018e+00 -7.373592499858804272e-01
5.340707511102648297e+00 -7.480724525797319835e-01
5.353273881717007576e+00 -7.537709575075798307e-01
5.365840252331366855e+00 -9.275953566080873403e-01
5.378406622945726134e+00 -9.548183063095924128e-01
5.390972993560084525e+00 -7.036398223422704046e-01
5.403539364174443804e+00 -6.859049191253218103e-01
5.416105734788803083e+00 -7.244742518806785991e-01
5.428672105403162362e+00 -7.605627940078882876e-01
5.441238476017521641e+00 -8.367131618553833583e-01
5.453804846631880920e+00 -7.364415152267200781e-01
5.466371217246240199e+00 -6.816191342031616696e-01
5.478937587860599479e+00 -4.567460852624183887e-01
5.491503958474958758e+00 -7.319949061372854615e-01
5.504070329089317148e+00 -6.869162704584281798e-01
5.516636699703676427e+00 -6.680355543084247616e-01
5.529203070318035707e+00 -5.327570208058982626e-01
5.541769440932394986e+00 -6.872590972795542541e-01
5.554335811546754265e+00 -5.862049228872322493e-01
5.566902182161113544e+00 -8.748959973095261633e-01
5.579468552775472823e+00 -7.782043677383732039e-01
5.592034923389832102e+00 -6.138306524998400349e-01
5.604601294004191381e+00 -5.152092539858443843e-01
5.617167664618549772e+00 -5.652289278166985342e-01
5.629734035232909051e+00 -6.696079839777007159e-01
5.642300405847268330e+00 -5.527871374826243134e-01
5.654866776461627609e+00 -5.908112893322068349e-01
5.667433147075986888e+00 -5.370142602078249450e-01
5.679999517690346167e+00 -6.675023766796721603e-01
5.692565888304705446e+00 -3.731344729038219565e-01
5.705132258919064725e+00 -5.893236822484086979e-01
5.717698629533424004e+00 -4.169235895879905285e-01
5.730265000147783283e+00 -7.322034157879749872e-01
5.742831370762141674e+00 -5.457996147789372365e-01
5.755397741376500953e+00 -5.662415802728182346e-01
5.767964111990860232e+00 -5.284983390215959309e-01
5.780530482605219511e+00 -5.230093858013789010e-01
5.793096853219578790e+00 -4.936196692907142136e-01
5.805663223833938069e+00 -5.530991753895335705e-01
5.818229594448297348e+00 -3.636688570836508205e-01
5.830795965062656627e+00 -4.507859044732348552e-01
5.843362335677015906e+00 -5.745614230758648855e-01
5.855928706291374297e+00 -4.470088060987200129e-01
5.868495076905733576e+00 -4.228116307641887617e-01
5.881061447520092855e+00 -3.942148065311378291e-01
5.893627818134452134e+00 -3.905247226002527272e-01
5.906194188748811413e+00 -3.992157557435754844e-01
5.918760559363170692e+00 -2.927409002551596418e-01
5.931326929977529971e+00 -3.400457898003987345e-01
5.943893300591889250e+00 -1.420060855838196634e-01
5.956459671206248530e+00 -1.352114534672106405e-01
5.969026041820606920e+00 -1.802780839212456687e-01
5.981592412434966199e+00 -2.128402496043674264e-01
5.994158783049325478e+00 -1.746436405968833649e-01
6.006725153663684758e+00 -1.422349927888339749e-01
6.019291524278044037e+00 -3.106854397246336386e-01
6.031857894892402427e+00 -1.095048014315460061e-01
6.044424265506761706e+00 -3.137516173112616658e-01
6.056990636121120986e+00 -1.246089522108473208e-01
6.069557006735480265e+00 -2.021510893952166432e-01
6.082123377349839544e+00 -1.893736198172597252e-01
6.094689747964198823e+00 -1.195627095080387531e-01
6.107256118578558102e+00 -1.235989683244241577e-01
6.119822489192916493e+00 -2.100982679290638311e-01
6.132388859807275772e+00 -1.598775046159778002e-01
6.144955230421635051e+00 -5.295111080144013216e-02
6.157521601035994330e+00 3.616581814219199664e-03
6.170087971650353609e+00 -1.785406020397397597e-01
6.182654342264712888e+00 -1.922659480557776246e-01
6.195220712879072167e+00 -6.407128921971538826e-02
6.207787083493431446e+00 -1.071230086929691183e-01
6.220353454107790725e+00 -8.116801224814435001e-02
6.232919824722149116e+00 -3.543436588809782684e-03
6.245486195336508395e+00 1.577761750387198514e-01
6.258052565950867674e+00 -3.203164002537943478e-03
6.270618936565226953e+00 1.184507136196048110e-01
