0.000000000000000000e+00 5.768130513099409273e-02
1.256637061435917323e-02 2.256769195302058828e-01
2.513274122871834645e-02 2.691520622236332483e-01
3.769911184307751795e-02 6.402286993493229439e-02
5.026548245743669291e-02 -9.936774663943405417e-02
6.283185307179586787e-02 5.911698875478369614e-02
7.539822368615503589e-02 1.183963841397641104e-01
8.796459430051420392e-02 -6.509623650120788252e-02
1.005309649148733858e-01 2.733574730179684498e-02
1.130973355292325677e-01 2.179879085053076926e-01
1.256637061435917357e-01 2.873125004794555570e-01
1.382300767579508760e-01 -2.271104628289349892e-02
1.507964473723100718e-01 1.833265423048265896e-01
1.633628179866692676e-01 1.415419295112395059e-01
1.759291886010284078e-01 2.048407290534115521e-01
1.884955592153875759e-01 7.277396278854468548e-02
2.010619298297467716e-01 2.572461828741037793e-01
2.136283004441059397e-01 1.756164464309010742e-01
2.261946710584651354e-01 2.279106803726317076e-01
2.387610416728242757e-01 1.844425985226553488e-01
2.513274122871834715e-01 2.471134538613578568e-01
2.638937829015426395e-01 2.562573667353491014e-01
2.764601535159017520e-01 2.111108166342363646e-01
2.890265241302609756e-01 2.030356516290949265e-01
3.015928947446201436e-01 3.480224387377264805e-01
3.141592653589793116e-01 4.140776052383724481e-01
3.267256359733385351e-01 3.354468003953929855e-01
3.392920065876976476e-01 2.987339381522775561e-01
3.518583772020568157e-01 4.690554339743754908e-01
3.644247478164160392e-01 5.219937106896005430e-01
3.769911184307751517e-01 3.408248683420755931e-01
3.895574890451343197e-01 3.437864933118148780e-01
4.021238596594935433e-01 6.048647645496840752e-02
4.146902302738527113e-01 5.080763286325351569e-01
4.272566008882118793e-01 3.917438112964184427e-01
4.398229715025711029e-01 3.595283625180114573e-01
4.523893421169302709e-01 5.284216208568367490e-01
4.649557127312893834e-01 5.405001000135233324e-01
4.775220833456485514e-01 5.501251016410666494e-01
4.900884539600077194e-01 4.222871553156201108e-01
5.026548245743669430e-01 4.102653880553648880e-01
5.152211951887261110e-01 5.109660708766953219e-01
5.277875658030852790e-01 5.612948752761596216e-01
5.403539364174444470e-01 3.580829463871424423e-01
5.529203070318035040e-01 7.138095000833258874e-01
5.654866776461627831e-01 4.292561971362145457e-01
5.780530482605219511e-01 5.576774528687208354e-01
5.906194188748811191e-01 4.979402722082253985e-01
6.031857894892402872e-01 6.316956260139821033e-01
6.157521601035994552e-01 6.080866718178802310e-01
6.283185307179586232e-01 6.495237767895769565e-01
6.408849013323177912e-01 7.078138227035603025e-01
6.534512719466770703e-01 5.643404179007511789e-01
6.660176425610361273e-01 6.577098290380883894e-01
6.785840131753952953e-01 6.283076605678372673e-01
6.911503837897544633e-01 4.686472640406612600e-01
7.037167544041136313e-01 6.475881016178191008e-01
7.162831250184729104e-01 7.355062876708227115e-01
7.288494956328320784e-01 7.250724047711258891e-01
7.414158662471912464e-01 5.717448492430564633e-01
7.539822368615503034e-01 7.886240854614737783e-01
7.665486074759094715e-01 6.281657746260863595e-01
7.791149780902686395e-01 6.386522737074504796e-01
7.916813487046279185e-01 7.556330064976172212e-01
8.042477193189870865e-01 6.883027807261981046e-01
8.168140899333462546e-01 8.690891090550780795e-01
8.293804605477054226e-01 7.562328941793099446e-01
8.419468311620645906e-01 8.449338465896236716e-01
8.545132017764237586e-01 7.514486286469578280e-01
8.670795723907829267e-01 7.792285489236491225e-01
8.796459430051422057e-01 8.207584618771106566e-01
8.922123136195013737e-01 5.640486748219034618e-01
9.047786842338605418e-01 7.266604843473548625e-01
9.173450548482194877e-01 6.422892349489635055e-01
9.299114254625787668e-01 6.536621480501092485e-01
9.424777960769379348e-01 8.842845733624503657e-01
9.550441666912971028e-01 8.987803513010712564e-01
9.676105373056562708e-01 8.383388213545588386e-01
9.801769079200154389e-01 7.982267340286200996e-01
9.927432785343746069e-01 8.297439447754083597e-01
1.005309649148733886e+00 9.961477899588172535e-01
1.017876019763092943e+00 7.914099610680523922e-01
1.030442390377452222e+00 8.956251054872246264e-01
1.043008760991811279e+00 8.610485802100792396e-01
1.055575131606170558e+00 1.132863544540080980e+00
1.068141502220529837e+00 9.559363327650292064e-01
1.080707872834888894e+00 8.650029195232999957e-01
1.093274243449248173e+00 1.062940382708025489e+00
1.105840614063607008e+00 8.785929125288489683e-01
1.118406984677966287e+00 8.770969968951926043e-01
1.130973355292325566e+00 8.110554999393405629e-01
1.143539725906684623e+00 8.577230501403029228e-01
1.156106096521043902e+00 8.128405480395630711e-01
1.168672467135402959e+00 1.127486446860906488e+00
1.181238837749762238e+00 8.876348397093600795e-01
1.193805208364121295e+00 8.992425318181820337e-01
1.206371578978480574e+00 8.882624317229697031e-01
1.218937949592839853e+00 8.315950802816224341e-01
1.231504320207198910e+00 8.748611199584409581e-01
1.244070690821558189e+00 9.640929704446146165e-01
1.256637061435917246e+00 9.158961424847278376e-01
1.269203432050276525e+00 1.018382405581543582e+00
1.281769802664635582e+00 8.882435025327213296e-01
1.294336173278994861e+00 8.411925807338507255e-01
1.306902543893354141e+00 8.638132021120985549e-01
1.319468914507712975e+00 1.060211009632859636e+00
1.332035285122072255e+00 9.240630744752561521e-01
1.344601655736431534e+00 7.346683994923129957e-01
1.357168026350790591e+00 1.122203247860057651e+00
1.369734396965149870e+00 7.932866800121028961e-01
1.382300767579508927e+00 9.294305617107505579e-01
1.394867138193868206e+00 9.528360140226553865e-01
1.407433508808227263e+00 7.878501100716380767e-01
1.419999879422586542e+00 8.413924704434123658e-01
1.432566250036945821e+00 1.054841985093173617e+00
1.445132620651304878e+00 1.017220696005282310e+00
1.457698991265664157e+00 1.005283346320353655e+00
1.470265361880023214e+00 1.010294892483753815e+00
1.482831732494382493e+00 9.958598960108724363e-01
1.495398103108741550e+00 9.299866045382169100e-01
1.507964473723100607e+00 9.331133764569291555e-01
1.520530844337459886e+00 9.855859250454888087e-01
1.533097214951818943e+00 9.220845675552223897e-01
1.545663585566178222e+00 8.848342472493018196e-01
1.558229956180537279e+00 1.048555022646634693e+00
1.570796326794896558e+00 1.225410979308474202e+00
1.583362697409255837e+00 9.342510563040085092e-01
1.595929068023614894e+00 8.519876626266720265e-01
1.608495438637974173e+00 9.947454712519415709e-01
1.621061809252333230e+00 9.935824459985788115e-01
1.633628179866692509e+00 1.074376238725926580e+00
1.646194550481051566e+00 9.805735436802356375e-01
1.658760921095410845e+00 9.780258287034093723e-01
1.671327291709770124e+00 1.048628341642158679e+00
1.683893662324129181e+00 1.045749122092389571e+00
1.696460032938488460e+00 1.083082426079792215e+00
1.709026403552847517e+00 9.216887891920048093e-01
1.721592774167206796e+00 8.798038214464160012e-01
1.734159144781565853e+00 8.610966998558944319e-01
1.746725515395925132e+00 9.616413031772349518e-01
1.759291886010284411e+00 1.148209277775987802e+00
1.771858256624643468e+00 8.816125699696970575e-01
1.784424627239002747e+00 8.289995632430776640e-01
1.796990997853361804e+00 1.108383605301220598e+00
1.809557368467721084e+00 1.092387089366334996e+00
1.822123739082079918e+00 8.402930960345954547e-01
1.834690109696438975e+00 8.729913347401088153e-01
1.847256480310798255e+00 9.872785498323800590e-01
1.859822850925157534e+00 9.971230011358562795e-01
1.872389221539516591e+00 9.182186802426022254e-01
1.884955592153875870e+00 9.306936406036249165e-01
1.897521962768234927e+00 8.685439252794089349e-01
1.910088333382594206e+00 7.886892803212275371e-01
1.922654703996953263e+00 8.921281829407432529e-01
1.935221074611312542e+00 8.920182222367507574e-01
1.947787445225671821e+00 8.707662747951705473e-01
1.960353815840030878e+00 8.424805327007774958e-01
1.972920186454390157e+00 1.062196452511749101e+00
1.985486557068749214e+00 8.987004413431736172e-01
1.998052927683108493e+00 9.088086384091783598e-01
2.010619298297467772e+00 9.194234815696259444e-01
2.023185668911826607e+00 9.706005354919509109e-01
2.035752039526185886e+00 8.856437899382559875e-01
2.048318410140545165e+00 8.406906313806543629e-01
2.060884780754904444e+00 9.065949173959347851e-01
2.073451151369263723e+00 7.606031962677334279e-01
2.086017521983622558e+00 9.596571046953439321e-01
2.098583892597981837e+00 9.825894048384389290e-01
2.111150263212341116e+00 7.093952720517667787e-01
2.123716633826700395e+00 1.054625448756113304e+00
2.136283004441059674e+00 1.013829338054297313e+00
2.148849375055418509e+00 8.552813323479034890e-01
2.161415745669777788e+00 7.104037974251065091e-01
2.173982116284137067e+00 9.978142996709538082e-01
2.186548486898496346e+00 7.759383009239472218e-01
2.199114857512855181e+00 7.845146725398943754e-01
2.211681228127214016e+00 7.924536308395359052e-01
2.224247598741573295e+00 8.860438595433139941e-01
2.236813969355932574e+00 8.165787281305797451e-01
2.249380339970291853e+00 7.820941846066020720e-01
2.261946710584651132e+00 8.735062600850335146e-01
2.274513081199009967e+00 7.270490358325735203e-01
2.287079451813369246e+00 8.425976028717143684e-01
2.299645822427728525e+00 7.286242784076655266e-01
2.312212193042087804e+00 7.765224539057269393e-01
2.324778563656447083e+00 6.441566975923767036e-01
2.337344934270805918e+00 8.113187587659638211e-01
2.349911304885165197e+00 7.395262224182616029e-01
2.362477675499524477e+00 6.732963809112451070e-01
2.375044046113883756e+00 5.199053693746642502e-01
2.387610416728242591e+00 7.505248896818516036e-01
2.400176787342601870e+00 6.693854827372759386e-01
2.412743157956961149e+00 5.972456886199606352e-01
2.425309528571320428e+00 6.688939132452539349e-01
2.437875899185679707e+00 6.558814724143458008e-01
2.450442269800038542e+00 6.785403513315776403e-01
2.463008640414397821e+00 5.783374923434804193e-01
2.475575011028757100e+00 7.532894570300459058e-01
2.488141381643116379e+00 5.900422206303302941e-01
2.500707752257475658e+00 6.031381965473673334e-01
2.513274122871834493e+00 6.840147769632118901e-01
2.525840493486193772e+00 5.790443189929631584e-01
2.538406864100553051e+00 6.184674668882366166e-01
2.550973234714912330e+00 4.924671058429869741e-01
2.563539605329271165e+00 4.216450743828790704e-01
2.576105975943630444e+00 5.222500687845792466e-01
2.588672346557989723e+00 5.906895230437411159e-01
2.601238717172349002e+00 5.066304137649672024e-01
2.613805087786708281e+00 3.378328615813585567e-01
2.626371458401067116e+00 1.898479332023914612e-01
2.638937829015425951e+00 4.271025721595155811e-01
2.651504199629785230e+00 3.297397293965518283e-01
2.664070570244144509e+00 3.791257571431473350e-01
2.676636940858503788e+00 3.507783266046632931e-01
2.689203311472863067e+00 3.410978920799080383e-01
2.701769682087221902e+00 4.618691247952286250e-01
2.714336052701581181e+00 4.092429054307290537e-01
2.726902423315940460e+00 4.679958468196806498e-01
2.739468793930299739e+00 4.885340378431679564e-01
2.752035164544658574e+00 4.035256660987411315e-01
2.764601535159017853e+00 5.158096019637063989e-01
2.777167905773377132e+00 3.405821559781956887e-01
2.789734276387736411e+00 3.504890745476919589e-01
2.802300647002095690e+00 3.885481472991596519e-01
2.814867017616454525e+00 4.437387864981581775e-01
2.827433388230813804e+00 3.196252666532478082e-01
2.839999758845173083e+00 8.886394700766508947e-02
2.852566129459532362e+00 3.311020706364575239e-01
2.865132500073891642e+00 2.253350083338447607e-01
2.877698870688250476e+00 1.881269009129770131e-01
2.890265241302609756e+00 1.958698310758388850e-01
2.902831611916969035e+00 2.413127111267376890e-01
2.915397982531328314e+00 3.347440387745998502e-01
2.927964353145687149e+00 -5.477360362108746328e-03
2.940530723760046428e+00 4.082827566270604835e-01
2.953097094374405707e+00 2.470926103082771719e-01
2.965663464988764986e+00 2.160558228017803450e-01
2.978229835603124265e+00 1.294084464426252801e-01
2.990796206217483100e+00 1.915642315410874541e-01
3.003362576831842379e+00 2.766829903344217301e-02
3.015928947446201214e+00 2.329801224559355788e-01
3.028495318060560493e+00 1.687666912420243970e-01
3.041061688674919772e+00 1.066736503233794986e-01
3.053628059289279051e+00 4.216833149399012298e-02
3.066194429903637886e+00 6.283948761649441050e-02
3.078760800517997165e+00 -8.479329380324945875e-04
3.091327171132356444e+00 -5.190676888454249377e-02
3.103893541746715723e+00 7.071860841774861572e-02
3.116459912361074558e+00 5.396437428795684832e-02
3.129026282975433837e+00 -1.993552012866671441e-02
3.141592653589793116e+00 5.368689397188471102e-02
3.154159024204152395e+00 -2.806647948306667528e-02
3.166725394818511674e+00 -1.453625541289363561e-02
3.179291765432870509e+00 4.861011299305842415e-03
3.191858136047229788e+00 -7.657676848523142787e-04
3.204424506661589067e+00 -1.722193415718871745e-01
3.216990877275948346e+00 1.129515830496327644e-02
3.229557247890307181e+00 -1.110034264877752530e-01
3.242123618504666460e+00 1.464025436382590528e-02
3.254689989119025739e+00 2.854659571508581795e-02
3.267256359733385018e+00 -1.753167265517394102e-01
3.279822730347744297e+00 -2.016045717630548517e-01
3.292389100962103132e+00 -1.810512781917156533e-01
3.304955471576462411e+00 -1.965876206192042341e-01
3.317521842190821690e+00 -2.211185182905772706e-01
3.330088212805180969e+00 -1.653152078123596436e-01
3.342654583419540248e+00 -2.483743886414652713e-01
3.355220954033899083e+00 -2.610407494598978029e-01
3.367787324648258362e+00 -2.816968106082204937e-01
3.380353695262617642e+00 -6.700070602850766166e-02
3.392920065876976921e+00 -2.374449995949386161e-01
3.405486436491335756e+00 -2.627471259897021794e-01
3.418052807105695035e+00 -2.480675775789484283e-01
3.430619177720054314e+00 -3.286861161635178941e-01
3.443185548334413593e+00 -4.489597803618896044e-01
3.455751918948772872e+00 -3.370968819604469591e-01
3.468318289563131707e+00 -5.084860683861556208e-01
3.480884660177490986e+00 -3.101515339699741358e-01
3.493451030791850265e+00 -2.542682667003088315e-01
3.506017401406209544e+00 -3.032019652295997458e-01
3.518583772020568823e+00 -3.035601125568100911e-01
3.531150142634927658e+00 -1.952326341550002231e-01
3.543716513249286937e+00 -3.909454722681842687e-01
3.556282883863646216e+00 -2.860589562662056995e-01
3.568849254478005495e+00 -4.180171119970650384e-01
3.581415625092364330e+00 -5.642564302374758478e-01
3.593981995706723609e+00 -4.944780393070222768e-01
3.606548366321082888e+00 -5.498210551007707281e-01
3.619114736935442167e+00 -5.474510324636845393e-01
3.631681107549800558e+00 -5.054204960015130643e-01
3.644247478164159837e+00 -4.426898082244817845e-01
3.656813848778519116e+00 -5.239689821742654630e-01
3.669380219392877951e+00 -4.266090932389339785e-01
3.681946590007237230e+00 -6.832570887664117798e-01
3.694512960621596509e+00 -6.394717190329052281e-01
3.707079331235955788e+00 -6.793426185236056680e-01
3.719645701850315067e+00 -5.467311991658280190e-01
3.732212072464673902e+00 -4.678899198441539009e-01
3.744778443079033181e+00 -5.268190731031874297e-01
3.757344813693392460e+00 -7.220422693870229836e-01
3.769911184307751739e+00 -4.012450486535389382e-01
3.782477554922110574e+00 -6.571418183544276426e-01
3.795043925536469853e+00 -6.439662266386110279e-01
3.807610296150829132e+00 -7.948174611693858971e-01
3.820176666765188411e+00 -3.847034297018503413e-01
3.832743037379547690e+00 -6.387565884532657723e-01
3.845309407993906525e+00 -5.580337347380315283e-01
3.857875778608265804e+00 -6.733051272498159490e-01
3.870442149222625083e+00 -6.965531793322662368e-01
3.883008519836984362e+00 -7.295474117453387697e-01
3.895574890451343641e+00 -6.862588103943929596e-01
3.908141261065702476e+00 -6.266421728667687097e-01
3.920707631680061755e+00 -5.993738769371177444e-01
3.933274002294421035e+00 -4.384831516652496486e-01
3.945840372908780314e+00 -6.824843376361863223e-01
3.958406743523139149e+00 -8.451281064584295066e-01
3.970973114137498428e+00 -8.652655406974012475e-01
3.983539484751857707e+00 -8.282422594524078141e-01
3.996105855366216986e+00 -8.892881735227478046e-01
4.008672225980576265e+00 -6.389550088467831346e-01
4.021238596594935544e+00 -8.623038990444603646e-01
4.033804967209294823e+00 -7.996860558470179070e-01
4.046371337823653214e+00 -8.776750975717653169e-01
4.058937708438012493e+00 -8.711532876502975364e-01
4.071504079052371772e+00 -9.287583718553542589e-01
4.084070449666731051e+00 -9.796815688753505169e-01
4.096636820281090330e+00 -9.271950413842995342e-01
4.109203190895449609e+00 -8.499199720243665324e-01
4.121769561509808888e+00 -7.922815340485630520e-01
4.134335932124168167e+00 -9.122440988075517510e-01
4.146902302738527446e+00 -7.774668223172377379e-01
4.159468673352886725e+00 -8.086993865092840794e-01
4.172035043967245116e+00 -9.432345835657511834e-01
4.184601414581604395e+00 -6.673445054882636285e-01
4.197167785195963674e+00 -7.792464362557204316e-01
4.209734155810322953e+00 -1.046647763412435150e+00
4.222300526424682232e+00 -9.484187120595156673e-01
4.234866897039041511e+00 -8.425861694949822178e-01
4.247433267653400790e+00 -8.995329178308306695e-01
4.259999638267760069e+00 -1.013097017402093236e+00
4.272566008882119348e+00 -9.454956719661176123e-01
4.285132379496477739e+00 -9.547309221133771784e-01
4.297698750110837018e+00 -1.104495892875538621e+00
4.310265120725196297e+00 -1.056805387364084803e+00
4.322831491339555576e+00 -9.057229929144808844e-01
4.335397861953914855e+00 -8.889734360094813104e-01
4.347964232568274134e+00 -8.609325417843474160e-01
4.360530603182633413e+00 -7.082354876847732905e-01
4.373096973796992692e+00 -8.692703835516433220e-01
4.385663344411351972e+00 -8.825383525991294942e-01
4.398229715025710362e+00 -9.143897810475142274e-01
4.410796085640069641e+00 -9.736618821493759901e-01
4.423362456254428032e+00 -8.741583983773131283e-01
4.435928826868787311e+00 -9.909642288063786886e-01
4.448495197483146590e+00 -1.096204887254249583e+00
4.461061568097505869e+00 -8.901215996097247007e-01
4.473627938711865148e+00 -9.802419653090811424e-01
4.486194309326224428e+00 -8.982457801091942029e-01
4.498760679940583707e+00 -1.035089909836875544e+00
4.511327050554942986e+00 -1.009719214748862948e+00
4.523893421169302265e+00 -9.876193813042436487e-01
4.536459791783661544e+00 -1.074840458054860948e+00
4.549026162398019935e+00 -9.794495358227259807e-01
4.561592533012379214e+00 -1.045978801218133691e+00
4.574158903626738493e+00 -1.028878952886383313e+00
4.586725274241097772e+00 -8.994094401018920548e-01
4.599291644855457051e+00 -9.268442648460932798e-01
4.611858015469816330e+00 -9.116144597941492345e-01
4.624424386084175609e+00 -8.511333431748053790e-01
4.636990756698534888e+00 -8.900419381312671963e-01
4.649557127312894167e+00 -9.463987739452267567e-01
4.662123497927252558e+00 -9.720270454781363423e-01
4.674689868541611837e+00 -8.866144274173424211e-01
4.687256239155971116e+00 -8.794959338203753862e-01
4.699822609770330395e+00 -9.499043749797818625e-01
4.712388980384689674e+00 -9.798579297411643685e-01
4.724955350999048953e+00 -1.063090156830460709e+00
4.737521721613408232e+00 -1.007038953383619928e+00
4.750088092227767511e+00 -1.053218957809538558e+00
4.762654462842126790e+00 -1.089686188816525680e+00
4.775220833456485181e+00 -9.438950846199384292e-01
4.787787204070844460e+00 -1.197725979153778653e+00
4.800353574685203739e+00 -8.295919958633041214e-01
4.812919945299563018e+00 -8.263620861035951837e-01
4.825486315913922297e+00 -1.061423764341078213e+00
4.838052686528281576e+00 -1.057635009230242451e+00
4.850619057142640855e+00 -1.002292627600304131e+00
4.863185427757000134e+00 -9.378841118793618259e-01
4.875751798371359413e+00 -8.616350199767947027e-01
4.888318168985717804e+00 -7.900013691001280813e-01
4.900884539600077083e+00 -8.954684977888325292e-01
4.913450910214436362e+00 -9.766823208783167454e-01
4.926017280828795641e+00 -8.923515049440026159e-01
4.938583651443154920e+00 -1.058573259315976234e+00
4.951150022057514200e+00 -8.458993595824075840e-01
4.963716392671873479e+00 -9.970065640640515259e-01
4.976282763286232758e+00 -9.502572087633286424e-01
4.988849133900592037e+00 -1.009999757691356193e+00
5.001415504514951316e+00 -9.248455739189158642e-01
5.013981875129309707e+00 -8.719251206746295724e-01
5.026548245743668986e+00 -9.880492985497972835e-01
5.039114616358028265e+00 -1.011709066698847304e+00
5.051680986972387544e+00 -8.364943639805697551e-01
5.064247357586746823e+00 -7.858709773711527458e-01
5.076813728201106102e+00 -1.135642782032960652e+00
5.089380098815465381e+00 -9.231123467090495138e-01
5.101946469429824660e+00 -9.514626423815771838e-01
5.114512840044183939e+00 -8.367201019355103853e-01
5.127079210658542330e+00 -8.347561253287228977e-01
5.139645581272901609e+00 -9.452816325736094205e-01
5.152211951887260888e+00 -8.790065747140501928e-01
5.164778322501620167e+00 -1.172471590512387252e+00
5.177344693115979446e+00 -9.672535531550000565e-01
5.189911063730338725e+00 -7.797440087431573019e-01
5.202477434344698004e+00 -8.103188528218433495e-01
5.215043804959057283e+00 -7.622292836741797473e-01
5.227610175573416562e+00 -9.003586608717070172e-01
5.240176546187774953e+00 -8.986304274650142032e-01
5.252742916802134232e+00 -8.933632437043637076e-01
5.265309287416492623e+00 -8.659588621850665691e-01
5.277875658030851902e+00 -9.294408782546658143e-01
5.290442028645211181e+00 -8.327343573017371714e-01
5.303008399259570460e+00 -8.033339793691526287e-01
5.315574769873929739e+00 -8.490026314461943668e-01
5.328141140488289018e+00 -7.962857452333607089e-01
5.340707511102648297e+00 -7.710315486982688427e-01
5.353273881717007576e+00 -6.587270732859515920e-01
5.365840252331366855e+00 -7.540696827508144295e-01
5.378406622945726134e+00 -7.537012118043333597e-01
5.390972993560084525e+00 -7.227383980575693423e-01
5.403539364174443804e+00 -8.138354114398262951e-01
5.416105734788803083e+00 -7.245887531953485450e-01
5.428672105403162362e+00 -8.989545480671734534e-01
5.441238476017521641e+00 -7.072527597141926581e-01
5.453804846631880920e+00 -8.329973874153366875e-01
5.466371217246240199e+00 -7.451409110404391134e-01
5.478937587860599479e+00 -8.449096249377754386e-01
5.491503958474958758e+00 -6.316288873631111800e-01
5.504070329089317148e+00 -6.154526736799701414e-01
5.516636699703676427e+00 -7.542277350402242231e-01
5.529203070318035707e+00 -7.906404835721853042e-01
5.541769440932394986e+00 -6.480377015140337260e-01
5.554335811546754265e+00 -7.375442593335319597e-01
5.566902182161113544e+00 -6.229472919036485035e-01
5.579468552775472823e+00 -6.433594726567564148e-01
5.592034923389832102e+00 -5.676449988984907380e-01
5.604601294004191381e+00 -7.830746073429535326e-01
5.617167664618549772e+00 -6.085851997856025486e-01
5.629734035232909051e+00 -5.735386170115595039e-01
5.642300405847268330e+00 -8.672918109883940296e-01
5.654866776461627609e+00 -7.250118035529093952e-01
5.667433147075986888e+00 -6.519207415392662686e-01
5.679999517690346167e+00 -5.392627576099630060e-01
5.692565888304705446e+00 -6.443266706260065702e-01
5.705132258919064725e+00 -4.561242997534816213e-01
5.717698629533424004e+00 -5.102392760837060059e-01
5.730265000147783283e+00 -4.606951734954085054e-01
5.742831370762141674e+00 -5.162618465685651081e-01
5.755397741376500953e+00 -6.173255412271788645e-01
5.767964111990860232e+00 -5.506558458970046699e-01
5.780530482605219511e+00 -5.079940132076687931e-01
5.793096853219578790e+00 -5.365684222158170202e-01
5.805663223833938069e+00 -3.780460113592198357e-01
5.818229594448297348e+00 -6.412537291834958797e-01
5.830795965062656627e+00 -3.134139471763542906e-01
5.843362335677015906e+00 -5.666063807939863972e-01
5.855928706291374297e+00 -4.759216528169973315e-01
5.868495076905733576e+00 -3.210728177717994680e-01
5.881061447520092855e+00 -4.953819496533414246e-01
5.893627818134452134e+00 -8.736419648856191822e-02
5.906194188748811413e+00 -4.500410564041951167e-01
5.918760559363170692e+00 -4.753326800067223523e-01
5.931326929977529971e+00 -3.407762402920075928e-01
5.943893300591889250e+00 -2.330150512513397554e-01
5.956459671206248530e+00 -2.701754364727271818e-01
5.969026041820606920e+00 -4.419921399434983966e-01
5.981592412434966199e+00 -2.177770287822093920e-01
5.994158783049325478e+00 -1.009753221988881067e-01
6.006725153663684758e+00 -3.382673570335288371e-01
6.019291524278044037e+00 -3.165044704681729826e-01
6.031857894892402427e+00 -1.352180085171844071e-01
6.044424265506761706e+00 -2.118628870975249878e-01
6.056990636121120986e+00 -1.153443068493640172e-01
6.069557006735480265e+00 -2.199062185475930131e-01
6.082123377349839544e+00 -1.004993976851378257e-01
6.094689747964198823e+00 -2.231367617361972311e-01
6.107256118578558102e+00 -1.749151950387554388e-01
6.119822489192916493e+00 -5.838696006602822619e-02
6.132388859807275772e+00 -1.155855636837666844e-01
6.144955230421635051e+00 -1.414277837529295534e-01
6.157521601035994330e+00 -1.324600353755750193e-01
6.170087971650353609e+00 -2.430731719061271501e-01
6.182654342264712888e+00 -7.820877731420448897e-02
6.195220712879072167e+00 -1.624100356187389016e-01
6.207787083493431446e+00 -8.491190259798803153e-04
6.220353454107790725e+00 2.497529117914047692e-02
6.232919824722149116e+00 1.106848087146710818e-01
6.245486195336508395e+00 -3.603124672567772913e-02
6.258052565950867674e+00 -4.942170078921144516e-02
6.270618936565226953e+00 -1.022444861207327388e-01
