0.000000000000000000e+00 -1.058813415974580417e-02
1.256637061435917323e-02 -7.619959848034540961e-02
2.513274122871834645e-02 8.699016452545334233e-02
3.769911184307751795e-02 1.685575141912099006e-01
5.026548245743669291e-02 6.195563462443753888e-02
6.283185307179586787e-02 2.007448340341725923e-01
7.539822368615503589e-02 1.490778623816660375e-01
8.796459430051420392e-02 3.413503811961973167e-01
1.005309649148733858e-01 1.869278112405195202e-01
1.130973355292325677e-01 1.883348222368508296e-01
1.256637061435917357e-01 -4.216561442785715652e-02
1.382300767579508760e-01 2.373818015085903399e-01
1.507964473723100718e-01 1.494850018207911635e-01
1.633628179866692676e-01 3.664613633188067432e-01
1.759291886010284078e-01 -4.377874807051096440e-03
1.884955592153875759e-01 1.822873791519822873e-01
2.010619298297467716e-01 3.538783130050301984e-02
2.136283004441059397e-01 3.280178261475363843e-01
2.261946710584651354e-01 3.610408756908456418e-01
2.387610416728242757e-01 4.075578261603338692e-01
2.513274122871834715e-01 2.279126366255292968e-01
2.638937829015426395e-01 2.112454345709884884e-01
2.764601535159017520e-01 3.459033296685199432e-01
2.890265241302609756e-01 2.823423452934035738e-01
3.015928947446201436e-01 2.473390016036208228e-01
3.141592653589793116e-01 2.938421412530883292e-01
3.267256359733385351e-01 3.058497414281749482e-01
3.392920065876976476e-01 2.501116434279301859e-01
3.518583772020568157e-01 4.749075964225949464e-01
3.644247478164160392e-01 3.891880033419424234e-01
3.769911184307751517e-01 4.571984187820902212e-01
3.895574890451343197e-01 2.526205532935621445e-01
4.021238596594935433e-01 4.410806822268559246e-01
4.146902302738527113e-01 4.000967870687199834e-01
4.272566008882118793e-01 4.033037032937089039e-01
4.398229715025711029e-01 5.663848345298675424e-01
4.523893421169302709e-01 1.968076708294765886e-01
4.649557127312893834e-01 5.817020037667084420e-01
4.775220833456485514e-01 4.895541721975628091e-01
4.900884539600077194e-01 4.431346612848817701e-01
5.026548245743669430e-01 5.543736823445821749e-01
5.152211951887261110e-01 3.417835678829634904e-01
5.277875658030852790e-01 6.178867233786755619e-01
5.403539364174444470e-01 5.398735935362655169e-01
5.529203070318035040e-01 3.441575080047235558e-01
5.654866776461627831e-01 3.639201479030443886e-01
5.780530482605219511e-01 5.068177678109286877e-01
5.906194188748811191e-01 5.857815836649794550e-01
6.031857894892402872e-01 4.751895597258547488e-01
6.157521601035994552e-01 6.574872393002633153e-01
6.283185307179586232e-01 7.300408278187506816e-01
6.408849013323177912e-01 6.854488445653261763e-01
6.534512719466770703e-01 5.919675296167811185e-01
6.660176425610361273e-01 6.598272556186209892e-01
6.785840131753952953e-01 6.271877937927285984e-01
6.911503837897544633e-01 7.087749621111090192e-01
7.037167544041136313e-01 6.904436416054078318e-01
7.162831250184729104e-01 6.164077582265481414e-01
7.288494956328320784e-01 6.892557615818387662e-01
7.414158662471912464e-01 7.571161896995222129e-01
7.539822368615503034e-01 7.572959293436188899e-01
7.665486074759094715e-01 8.124602474089224202e-01
7.791149780902686395e-01 7.375989142968361056e-01
7.916813487046279185e-01 7.111990047589575870e-01
8.042477193189870865e-01 6.518888754571580124e-01
8.168140899333462546e-01 7.896904489432552410e-01
8.293804605477054226e-01 7.840647901701994771e-01
8.419468311620645906e-01 7.087223797756120325e-01
8.545132017764237586e-01 6.147481728217044639e-01
8.670795723907829267e-01 8.254378406791863521e-01
8.796459430051422057e-01 7.602805974527153676e-01
8.922123136195013737e-01 9.167456003024371247e-01
9.047786842338605418e-01 8.082329109954535795e-01
9.173450548482194877e-01 9.628287104628973081e-01
9.299114254625787668e-01 8.636495259526775214e-01
9.424777960769379348e-01 6.485451342425193610e-01
9.550441666912971028e-01 8.039191496660296199e-01
9.676105373056562708e-01 7.902046183054646233e-01
9.801769079200154389e-01 1.013876984041503393e+00
9.927432785343746069e-01 7.276605350666998095e-01
1.005309649148733886e+00 8.510645233490871098e-01
1.017876019763092943e+00 7.491665846232291592e-01
1.030442390377452222e+00 8.426741845676611886e-01
1.043008760991811279e+00 1.024815814222198584e+00
1.055575131606170558e+00 8.798384209594038996e-01
1.068141502220529837e+00 7.811546593194198529e-01
1.080707872834888894e+00 9.059882687679465807e-01
1.093274243449248173e+00 9.768761398981878896e-01
1.105840614063607008e+00 8.278021865650632138e-01
1.118406984677966287e+00 7.715539815596812456e-01
1.130973355292325566e+00 8.531205734489782921e-01
1.143539725906684623e+00 8.445684106384531153e-01
1.156106096521043902e+00 9.047565558437482558e-01
1.168672467135402959e+00 9.971848431441527882e-01
1.181238837749762238e+00 8.610914492612394833e-01
1.193805208364121295e+00 9.673460105124037645e-01
1.206371578978480574e+00 9.965377077405466189e-01
1.218937949592839853e+00 8.419036180629473343e-01
1.231504320207198910e+00 8.710890538363539326e-01
1.244070690821558189e+00 1.035324438367428712e+00
1.256637061435917246e+00 9.400904181973107621e-01
1.269203432050276525e+00 9.314245411211795611e-01
1.281769802664635582e+00 9.322143952443979753e-01
1.294336173278994861e+00 1.071037202461330384e+00
1.306902543893354141e+00 1.045451193498976750e+00
1.319468914507712975e+00 8.325909347299651486e-01
1.332035285122072255e+00 9.425302720465786877e-01
1.344601655736431534e+00 1.076204419252899447e+00
1.357168026350790591e+00 1.070129492706436647e+00
1.369734396965149870e+00 1.068956675196849782e+00
1.382300767579508927e+00 9.241102357840547121e-01
1.394867138193868206e+00 1.021123636953994662e+00
1.407433508808227263e+00 9.988507730548867869e-01
1.419999879422586542e+00 9.186654050457194742e-01
1.432566250036945821e+00 1.088136277812841834e+00
1.445132620651304878e+00 9.465141960447912561e-01
1.457698991265664157e+00 9.185504018032862872e-01
1.470265361880023214e+00 8.690307252517567305e-01
1.482831732494382493e+00 9.269555451718510808e-01
1.495398103108741550e+00 1.002726132535759707e+00
1.507964473723100607e+00 1.263144164189110130e+00
1.520530844337459886e+00 9.464598479981131129e-01
1.533097214951818943e+00 8.708120867130982878e-01
1.545663585566178222e+00 1.039342066066650361e+00
1.558229956180537279e+00 1.095592583052822588e+00
1.570796326794896558e+00 9.934002919774105322e-01
1.583362697409255837e+00 1.082863522679628820e+00
1.595929068023614894e+00 9.451654129233268975e-01
1.608495438637974173e+00 9.853048265712728293e-01
1.621061809252333230e+00 1.046746262236820657e+00
1.633628179866692509e+00 8.503822118631505500e-01
1.646194550481051566e+00 1.329386108833956914e+00
1.658760921095410845e+00 9.618806787564956329e-01
1.671327291709770124e+00 9.083635417083033570e-01
1.683893662324129181e+00 1.038228049169673373e+00
1.696460032938488460e+00 1.004644702753333618e+00
1.709026403552847517e+00 9.108964996067332454e-01
1.721592774167206796e+00 1.167020016541856497e+00
1.734159144781565853e+00 1.034483578241530255e+00
1.746725515395925132e+00 9.009191226007284836e-01
1.759291886010284411e+00 1.119873623026940601e+00
1.771858256624643468e+00 1.246903118757725526e+00
1.784424627239002747e+00 1.001381273484672096e+00
1.796990997853361804e+00 1.018388483544237610e+00
1.809557368467721084e+00 1.029608566113908497e+00
1.822123739082079918e+00 1.067348161052287914e+00
1.834690109696438975e+00 9.524078905567825437e-01
1.847256480310798255e+00 1.050159792635563694e+00
1.859822850925157534e+00 9.310862170068053834e-01
1.872389221539516591e+00 1.135540901962731830e+00
1.884955592153875870e+00 8.269425572693160920e-01
1.897521962768234927e+00 1.139860798362079430e+00
1.910088333382594206e+00 9.391265791406028240e-01
1.922654703996953263e+00 9.431074317680726571e-01
1.935221074611312542e+00 7.589090628157931784e-01
1.947787445225671821e+00 1.084358871102005129e+00
1.960353815840030878e+00 8.764885172690165538e-01
1.972920186454390157e+00 9.586024666443951903e-01
1.985486557068749214e+00 8.474748122650463955e-01
1.998052927683108493e+00 6.469467253084240088e-01
2.010619298297467772e+00 8.456482051267797395e-01
2.023185668911826607e+00 8.352362837000066875e-01
2.035752039526185886e+00 8.665399418278282306e-01
2.048318410140545165e+00 8.659117664425722838e-01
2.060884780754904444e+00 8.862527574235877781e-01
2.073451151369263723e+00 9.171496179863309894e-01
2.086017521983622558e+00 8.535361873461967397e-01
2.098583892597981837e+00 7.148324396519273316e-01
2.111150263212341116e+00 8.027937139604127692e-01
2.123716633826700395e+00 7.330099038008999202e-01
2.136283004441059674e+00 7.295227277000813082e-01
2.148849375055418509e+00 8.953775509527075460e-01
2.161415745669777788e+00 7.785224044303418189e-01
2.173982116284137067e+00 8.107774216489274099e-01
2.186548486898496346e+00 8.267159945863098436e-01
2.199114857512855181e+00 8.619895831044788181e-01
2.211681228127214016e+00 9.942560184577898807e-01
2.224247598741573295e+00 7.018338115482287698e-01
2.236813969355932574e+00 9.011105890826003328e-01
2.249380339970291853e+00 9.281299023082965061e-01
2.261946710584651132e+00 8.187517556646235484e-01
2.274513081199009967e+00 7.035284072205681971e-01
2.287079451813369246e+00 7.051884564335730854e-01
2.299645822427728525e+00 6.402886593436568630e-01
2.312212193042087804e+00 7.751179711322538912e-01
2.324778563656447083e+00 8.657393960161294810e-01
2.337344934270805918e+00 7.346937448229450274e-01
2.349911304885165197e+00 6.085109078429112861e-01
2.362477675499524477e+00 5.149365856290341048e-01
2.375044046113883756e+00 8.474648119149916781e-01
2.387610416728242591e+00 6.374197249632844731e-01
2.400176787342601870e+00 6.393550688152750405e-01
2.412743157956961149e+00 7.501592471381247629e-01
2.425309528571320428e+00 6.046602352033197958e-01
2.437875899185679707e+00 6.425488261425572611e-01
2.450442269800038542e+00 4.732978068021859164e-01
2.463008640414397821e+00 4.895308981074021348e-01
2.475575011028757100e+00 4.716604142816580580e-01
2.488141381643116379e+00 5.392685125368881227e-01
2.500707752257475658e+00 7.013340233134640611e-01
2.513274122871834493e+00 5.961761069699357263e-01
2.525840493486193772e+00 5.529997700591002818e-01
2.538406864100553051e+00 5.630707987031109418e-01
2.550973234714912330e+00 5.887573839010834531e-01
2.563539605329271165e+00 6.165675251174842497e-01
2.576105975943630444e+00 4.525589304384556311e-01
2.588672346557989723e+00 5.286105999104495634e-01
2.601238717172349002e+00 4.976958650382810601e-01
2.613805087786708281e+00 3.736043029426738826e-01
2.626371458401067116e+00 6.549934969401434159e-01
2.638937829015425951e+00 6.235779513264050333e-01
2.651504199629785230e+00 4.358710509901103647e-01
2.664070570244144509e+00 4.149141476952868945e-01
2.676636940858503788e+00 2.630406480899119548e-01
2.689203311472863067e+00 4.503807562503824302e-01
2.701769682087221902e+00 3.453840680617795700e-01
2.714336052701581181e+00 3.502121751486063639e-01
2.726902423315940460e+00 5.583688037350311717e-01
2.739468793930299739e+00 3.122389392418556953e-01
2.752035164544658574e+00 5.521481683497005966e-01
2.764601535159017853e+00 4.352679472960740426e-01
2.777167905773377132e+00 3.634318295742916538e-01
2.789734276387736411e+00 4.521653111480398168e-01
2.802300647002095690e+00 3.098871208673721345e-01
2.814867017616454525e+00 4.133130745648915805e-01
2.827433388230813804e+00 9.562059456902066712e-02
2.839999758845173083e+00 5.096309276777466479e-01
2.852566129459532362e+00 2.912711542548724886e-01
2.865132500073891642e+00 1.031568546707987699e-01
2.877698870688250476e+00 1.021360482673366599e-01
2.890265241302609756e+00 1.632759082588617350e-01
2.902831611916969035e+00 2.845015835012936756e-01
2.915397982531328314e+00 3.505178834390282883e-01
2.927964353145687149e+00 2.664289067638355157e-01
2.940530723760046428e+00 2.356444652122939576e-01
2.953097094374405707e+00 2.525090655807647466e-01
2.965663464988764986e+00 -2.634180634551203104e-03
2.978229835603124265e+00 2.036039025893255361e-01
2.990796206217483100e+00 4.354300241529834858e-02
3.003362576831842379e+00 -1.158690387351637985e-02
3.015928947446201214e+00 2.926615922853597063e-01
3.028495318060560493e+00 1.720407526883838134e-02
3.041061688674919772e+00 2.899254873431052204e-02
3.053628059289279051e+00 1.076758909964967842e-01
3.066194429903637886e+00 6.187427952880216603e-02
3.078760800517997165e+00 1.549103976352544376e-01
3.091327171132356444e+00 4.529433406988175870e-02
3.103893541746715723e+00 -3.472553372344169137e-02
3.116459912361074558e+00 -8.897774125652885280e-02
3.129026282975433837e+00 1.010039448940321105e-01
3.141592653589793116e+00 -4.135530134513812350e-02
3.154159024204152395e+00 1.647670110362313423e-01
3.166725394818511674e+00 1.383086091357064659e-02
3.179291765432870509e+00 3.141261014753680969e-02
3.191858136047229788e+00 -3.379270006074094890e-02
3.204424506661589067e+00 1.251473597740623833e-02
3.216990877275948346e+00 -2.402527802815388469e-01
3.229557247890307181e+00 -6.652644386474745875e-02
3.242123618504666460e+00 -3.117060463629460487e-02
3.254689989119025739e+00 -4.015805191284306519e-02
3.267256359733385018e+00 -7.309114783705433771e-02
3.279822730347744297e+00 -1.937824466289144454e-01
3.292389100962103132e+00 -1.964574684974828567e-01
3.304955471576462411e+00 -1.800741240044784752e-01
3.317521842190821690e+00 -2.295333445393831773e-01
3.330088212805180969e+00 -1.415857943047477419e-01
3.342654583419540248e+00 -6.505194892994325961e-02
3.355220954033899083e+00 -2.187747561496317106e-01
3.367787324648258362e+00 -2.550845772428659286e-01
3.380353695262617642e+00 -1.885820964199615146e-01
3.392920065876976921e+00 -1.471264118818715050e-01
3.405486436491335756e+00 -1.484094599551410154e-01
3.418052807105695035e+00 -4.962712227201228621e-01
3.430619177720054314e+00 -2.999542296488755810e-01
3.443185548334413593e+00 -2.432852350706008193e-01
3.455751918948772872e+00 -2.294980739051868390e-01
3.468318289563131707e+00 -2.699545976191849439e-01
3.480884660177490986e+00 -2.715369982467531473e-01
3.493451030791850265e+00 -3.892891726388382212e-01
3.506017401406209544e+00 -3.758549827396441279e-01
3.518583772020568823e+00 -5.234096867351211158e-01
3.531150142634927658e+00 -5.355302905413970027e-01
3.543716513249286937e+00 -3.112505986382453349e-01
3.556282883863646216e+00 -2.412547234329875945e-01
3.568849254478005495e+00 -3.985512386005882757e-01
3.581415625092364330e+00 -3.736910827866282148e-01
3.593981995706723609e+00 -3.591763883936563428e-01
3.606548366321082888e+00 -4.855312253598952910e-01
3.619114736935442167e+00 -4.588485031968693173e-01
3.631681107549800558e+00 -4.944846281573960778e-01
3.644247478164159837e+00 -3.997716049607118460e-01
3.656813848778519116e+00 -4.994400533642845419e-01
3.669380219392877951e+00 -5.447164420483432412e-01
3.681946590007237230e+00 -5.288079879552232132e-01
3.694512960621596509e+00 -6.256475259848729431e-01
3.707079331235955788e+00 -6.397793949823589177e-01
3.719645701850315067e+00 -5.505959585885094043e-01
3.732212072464673902e+00 -5.453280985025328320e-01
3.744778443079033181e+00 -4.925922966057375563e-01
3.757344813693392460e+00 -4.653942571891799274e-01
3.769911184307751739e+00 -8.248880938678495589e-01
3.782477554922110574e+00 -4.907342497672852466e-01
3.795043925536469853e+00 -5.109212307156421051e-01
3.807610296150829132e+00 -5.706565783894850252e-01
3.820176666765188411e+00 -6.489152651159995067e-01
3.832743037379547690e+00 -6.805467369999236293e-01
3.845309407993906525e+00 -6.732786569319796355e-01
3.857875778608265804e+00 -6.966503636023188006e-01
3.870442149222625083e+00 -7.725648485594320825e-01
3.883008519836984362e+00 -6.809087826083141115e-01
3.895574890451343641e+00 -7.369756707005182816e-01
3.908141261065702476e+00 -6.306494843502259418e-01
3.920707631680061755e+00 -6.019043782928229502e-01
3.933274002294421035e+00 -6.846509238794664665e-01
3.945840372908780314e+00 -7.462057067881541217e-01
3.958406743523139149e+00 -7.969017434089803453e-01
3.970973114137498428e+00 -7.721984991145860455e-01
3.983539484751857707e+00 -8.544334221133241813e-01
3.996105855366216986e+00 -7.064179097914502492e-01
4.008672225980576265e+00 -9.416804048934869220e-01
4.021238596594935544e+00 -6.960287073083775145e-01
4.033804967209294823e+00 -7.295889218589449721e-01
4.046371337823653214e+00 -8.142598240479254068e-01
4.058937708438012493e+00 -7.699199943898211718e-01
4.071504079052371772e+00 -8.246870304971487542e-01
4.084070449666731051e+00 -7.542437510594410810e-01
4.096636820281090330e+00 -9.071815756502776829e-01
4.109203190895449609e+00 -6.432303175522108285e-01
4.121769561509808888e+00 -8.265347917804286570e-01
4.134335932124168167e+00 -7.779495097501010203e-01
4.146902302738527446e+00 -7.826605900566735441e-01
4.159468673352886725e+00 -8.256718275435330767e-01
4.172035043967245116e+00 -8.881213859482941508e-01
4.184601414581604395e+00 -9.078312007156860153e-01
4.197167785195963674e+00 -9.559148720958517975e-01
4.209734155810322953e+00 -8.107609958933504890e-01
4.222300526424682232e+00 -1.034461408665313664e+00
4.234866897039041511e+00 -8.538046436876539635e-01
4.247433267653400790e+00 -1.022985372909722246e+00
4.259999638267760069e+00 -8.855722795397298341e-01
4.272566008882119348e+00 -8.776641899069848041e-01
4.285132379496477739e+00 -9.599412296571628866e-01
4.297698750110837018e+00 -1.073265483952852595e+00
4.310265120725196297e+00 -8.886150461892348140e-01
4.322831491339555576e+00 -8.325139406667635411e-01
4.335397861953914855e+00 -9.237086997599944782e-01
4.347964232568274134e+00 -9.716616933666051281e-01
4.360530603182633413e+00 -7.710605778210849470e-01
4.373096973796992692e+00 -1.031356929129355393e+00
4.385663344411351972e+00 -9.891977360629714555e-01
4.398229715025710362e+00 -9.331309447585344197e-01
4.410796085640069641e+00 -9.992080845231977593e-01
4.423362456254428032e+00 -9.287916636839184115e-01
4.435928826868787311e+00 -1.019937910428876160e+00
4.448495197483146590e+00 -8.076311714334653002e-01
4.461061568097505869e+00 -9.357557904346557320e-01
4.473627938711865148e+00 -1.012180209191187341e+00
4.486194309326224428e+00 -1.024012874641673010e+00
4.498760679940583707e+00 -8.788536321723006139e-01
4.511327050554942986e+00 -7.309576176180020424e-01
4.523893421169302265e+00 -8.551076908096011397e-01
4.536459791783661544e+00 -1.207326317405990279e+00
4.549026162398019935e+00 -1.042136471306403855e+00
4.561592533012379214e+00 -1.044822643424373920e+00
4.574158903626738493e+00 -9.663361800258479795e-01
4.586725274241097772e+00 -1.094144082526264272e+00
4.599291644855457051e+00 -1.063702379367995832e+00
4.611858015469816330e+00 -1.085932826676191398e+00
4.624424386084175609e+00 -1.107556016076855609e+00
4.636990756698534888e+00 -1.187883860348605936e+00
4.649557127312894167e+00 -1.100817266089899160e+00
4.662123497927252558e+00 -9.792248520303468151e-01
4.674689868541611837e+00 -9.081605833734883726e-01
4.687256239155971116e+00 -9.676358038298492614e-01
4.699822609770330395e+00 -8.145186735484100105e-01
4.712388980384689674e+00 -1.044903118006406118e+00
4.724955350999048953e+00 -1.083697515568796454e+00
4.737521721613408232e+00 -1.184876661928047525e+00
4.750088092227767511e+00 -9.912000732522143753e-01
4.762654462842126790e+00 -1.168838076199308240e+00
4.775220833456485181e+00 -9.397147382496467971e-01
4.787787204070844460e+00 -9.649428354746663050e-01
4.800353574685203739e+00 -1.034787182145219475e+00
4.812919945299563018e+00 -1.251150552759900725e+00
4.825486315913922297e+00 -9.629954319468606583e-01
4.838052686528281576e+00 -1.098522251230971136e+00
4.850619057142640855e+00 -1.041772491160360525e+00
4.863185427757000134e+00 -9.539125080754072838e-01
4.875751798371359413e+00 -8.576607036367873693e-01
4.888318168985717804e+00 -1.069684784736082639e+00
4.900884539600077083e+00 -1.056072903127145635e+00
4.913450910214436362e+00 -9.716770005597696880e-01
4.926017280828795641e+00 -8.871480777530109663e-01
4.938583651443154920e+00 -1.019594228635019029e+00
4.951150022057514200e+00 -1.045177226743235988e+00
4.963716392671873479e+00 -1.025193607556644348e+00
4.976282763286232758e+00 -9.076807455266084901e-01
4.988849133900592037e+00 -9.723605833474733284e-01
5.001415504514951316e+00 -8.618569419117352304e-01
5.013981875129309707e+00 -9.953050853197740189e-01
5.026548245743668986e+00 -1.014197073892546319e+00
5.039114616358028265e+00 -9.138427574444694113e-01
5.051680986972387544e+00 -8.578387736251582574e-01
5.064247357586746823e+00 -1.028867840507962761e+00
5.076813728201106102e+00 -8.077312585803472222e-01
5.089380098815465381e+00 -1.072076328169334181e+00
5.101946469429824660e+00 -1.035448957041361639e+00
5.114512840044183939e+00 -1.145269455959572635e+00
5.127079210658542330e+00 -9.752528273960803240e-01
5.139645581272901609e+00 -9.706712948466684754e-01
5.152211951887260888e+00 -8.248436563029089008e-01
5.164778322501620167e+00 -1.013955041643982424e+00
5.177344693115979446e+00 -7.146083667169919051e-01
5.189911063730338725e+00 -8.848213193300051849e-01
5.202477434344698004e+00 -9.585698176800204751e-01
5.215043804959057283e+00 -8.467837863811329413e-01
5.227610175573416562e+00 -9.210692343941303539e-01
5.240176546187774953e+00 -6.781025872647101771e-01
5.252742916802134232e+00 -7.730712548311703403e-01
5.265309287416492623e+00 -8.755060712486983920e-01
5.277875658030851902e+00 -8.786832073246741981e-01
5.290442028645211181e+00 -9.654720977783425306e-01
5.303008399259570460e+00 -8.981389438216036414e-01
5.315574769873929739e+00 -8.427004541073583876e-01
5.328141140488289018e+00 -9.479002017635302924e-01
5.340707511102648297e+00 -8.493611479330700487e-01
5.353273881717007576e+00 -8.858406144595795118e-01
5.365840252331366855e+00 -8.501737562583915331e-01
5.378406622945726134e+00 -7.221581498726993287e-01
5.390972993560084525e+00 -8.501073185016244649e-01
5.403539364174443804e+00 -6.604867195790441459e-01
5.416105734788803083e+00 -6.628945861817214791e-01
5.428672105403162362e+00 -6.460236736114516320e-01
5.441238476017521641e+00 -8.253573850311606286e-01
5.453804846631880920e+00 -7.480755124866106387e-01
5.466371217246240199e+00 -9.415956229434260250e-01
5.478937587860599479e+00 -7.692949309381270639e-01
5.491503958474958758e+00 -5.677147793794973252e-01
5.504070329089317148e+00 -5.712662530950753936e-01
5.516636699703676427e+00 -7.377656239911303260e-01
5.529203070318035707e+00 -6.635632450965504026e-01
5.541769440932394986e+00 -6.041156352352989867e-01
5.554335811546754265e+00 -7.082603838328589418e-01
5.566902182161113544e+00 -7.251019004832022219e-01
5.579468552775472823e+00 -3.708409956020807807e-01
5.592034923389832102e+00 -7.234869397273210323e-01
5.604601294004191381e+00 -6.176864877921937058e-01
5.617167664618549772e+00 -6.273390928671825906e-01
5.629734035232909051e+00 -7.478107587571004577e-01
5.642300405847268330e+00 -4.655996659995814690e-01
5.654866776461627609e+00 -4.207022516508913679e-01
5.667433147075986888e+00 -5.604496532220257787e-01
5.679999517690346167e+00 -5.112724711830589630e-01
5.692565888304705446e+00 -6.595799878200768740e-01
5.705132258919064725e+00 -4.113416447653638341e-01
5.717698629533424004e+00 -4.909215868226492474e-01
5.730265000147783283e+00 -4.919150212197358485e-01
5.742831370762141674e+00 -4.607984554181851489e-01
5.755397741376500953e+00 -3.721084263137500181e-01
5.767964111990860232e+00 -4.920707481670840155e-01
5.780530482605219511e+00 -5.149925820509497765e-01
5.793096853219578790e+00 -5.391784384250862816e-01
5.805663223833938069e+00 -3.469116970044496817e-01
5.818229594448297348e+00 -4.312886939656946916e-01
5.830795965062656627e+00 -4.879384453864593629e-01
5.843362335677015906e+00 -5.597377525664862796e-01
5.855928706291374297e+00 -4.282156278675104399e-01
5.868495076905733576e+00 -3.771267377445583491e-01
5.881061447520092855e+00 -2.247174344795124235e-01
5.893627818134452134e+00 -3.356336732923774768e-01
5.906194188748811413e+00 -3.302008785990263595e-01
5.918760559363170692e+00 -3.687490215145676764e-01
5.931326929977529971e+00 -6.269765829320159689e-01
5.943893300591889250e+00 -4.163848858107987994e-01
5.956459671206248530e+00 -3.191567919350998261e-01
5.969026041820606920e+00 -2.265966912349042239e-01
5.981592412434966199e+00 -3.530858514111493429e-01
5.994158783049325478e+00 -3.772047314355223557e-01
6.006725153663684758e+00 -2.683954442601903523e-01
6.019291524278044037e+00 -3.151448978528054723e-01
6.031857894892402427e+00 -2.953844862201372434e-01
6.044424265506761706e+00 -4.056935340488500019e-01
6.056990636121120986e+00 -3.374625309370222759e-01
6.069557006735480265e+00 -4.755272935452916627e-01
6.082123377349839544e+00 -8.521853335036799759e-03
6.094689747964198823e+00 -2.113299677585281089e-01
6.107256118578558102e+00 -7.653630398785955802e-02
6.119822489192916493e+00 -9.837808528532598906e-02
6.132388859807275772e+00 -1.282248664909501346e-01
6.144955230421635051e+00 -1.139221730697807800e-01
6.157521601035994330e+00 -9.635871571888383891e-02
6.170087971650353609e+00 -7.704579394994322261e-02
6.182654342264712888e+00 -6.977597405779872863e-02
6.195220712879072167e+00 -2.098890395000470865e-01
6.207787083493431446e+00 -5.736134608045659333e-02
6.220353454107790725e+00 -7.468099054125010294e-02
6.232919824722149116e+00 -8.126851566120363302e-05
6.245486195336508395e+00 4.974659995619904601e-02
6.258052565950867674e+00 -9.052016751185693044e-02
6.270618936565226953e+00 -5.893064385340291561e-02
