0.000000000000000000e+00 1.174744976469062757e-01
1.256637061435917323e-02 1.905910078617548825e-02
2.513274122871834645e-02 -2.953676389657201515e-02
3.769911184307751795e-02 3.797823474083639878e-02
5.026548245743669291e-02 7.053998648788714632e-02
6.283185307179586787e-02 1.315533809582249414e-01
7.539822368615503589e-02 3.666823206622296660e-02
8.796459430051420392e-02 -6.635715524962296219e-02
1.005309649148733858e-01 8.029376911680635720e-02
1.130973355292325677e-01 -5.521002493562067459e-02
1.256637061435917357e-01 7.469136873649137587e-02
1.382300767579508760e-01 1.024928864644261139e-01
1.507964473723100718e-01 1.295341331207187086e-01
1.633628179866692676e-01 1.647810253959422488e-01
1.759291886010284078e-01 1.993221460887881213e-02
1.884955592153875759e-01 2.310700304969503793e-01
2.010619298297467716e-01 2.479935767936973234e-01
2.136283004441059397e-01 1.007745835382151539e-01
2.261946710584651354e-01 2.739234116968471966e-01
2.387610416728242757e-01 1.701895510623858410e-01
2.513274122871834715e-01 2.867925831847721874e-01
2.638937829015426395e-01 2.059225617905858785e-01
2.764601535159017520e-01 4.034058652317166760e-01
2.890265241302609756e-01 3.425923016159959089e-01
3.015928947446201436e-01 5.723452296759190538e-02
3.141592653589793116e-01 3.077135190114224095e-01
3.267256359733385351e-01 1.955218312412205506e-01
3.392920065876976476e-01 1.805924662815294179e-01
3.518583772020568157e-01 2.471018802831976835e-01
3.644247478164160392e-01 2.420437022851519848e-01
3.769911184307751517e-01 4.155956167445061800e-01
3.895574890451343197e-01 4.303211715251564762e-01
4.021238596594935433e-01 4.207845276160842030e-01
4.146902302738527113e-01 3.943137685399215608e-01
4.272566008882118793e-01 4.180601354744947207e-01
4.398229715025711029e-01 3.879093570670154589e-01
4.523893421169302709e-01 4.570113296965611083e-01
4.649557127312893834e-01 3.041863097703232377e-01
4.775220833456485514e-01 6.786766811911257857e-01
4.900884539600077194e-01 3.520341538675580972e-01
5.026548245743669430e-01 3.275649752514768753e-01
5.152211951887261110e-01 6.359047057547055903e-01
5.277875658030852790e-01 5.504344935252390991e-01
5.403539364174444470e-01 6.657978706794736024e-01
5.529203070318035040e-01 5.302201881761392510e-01
5.654866776461627831e-01 5.315756547335181992e-01
5.780530482605219511e-01 6.541249211014918963e-01
5.906194188748811191e-01 4.358588781481023133e-01
6.031857894892402872e-01 5.743449895952909001e-01
6.157521601035994552e-01 3.922588395270398820e-01
6.283185307179586232e-01 6.243390212568348252e-01
6.408849013323177912e-01 7.150659631122993076e-01
6.534512719466770703e-01 5.756278423245820841e-01
6.660176425610361273e-01 5.387897936932923848e-01
6.785840131753952953e-01 4.841474411022358981e-01
6.911503837897544633e-01 6.358984548939417003e-01
7.037167544041136313e-01 6.598625627466567778e-01
7.162831250184729104e-01 5.997098271267503611e-01
7.288494956328320784e-01 5.594816314211880082e-01
7.414158662471912464e-01 8.054429680040966488e-01
7.539822368615503034e-01 7.306797309362829118e-01
7.665486074759094715e-01 6.258984771771775035e-01
7.791149780902686395e-01 7.694562245692826430e-01
7.916813487046279185e-01 7.882186381909257467e-01
8.042477193189870865e-01 7.741188035589393612e-01
8.168140899333462546e-01 8.192864554424776902e-01
8.293804605477054226e-01 8.076889720562716590e-01
8.419468311620645906e-01 8.526991705247317643e-01
8.545132017764237586e-01 7.188550819879893083e-01
8.670795723907829267e-01 8.386467450801096124e-01
8.796459430051422057e-01 6.437396883611459231e-01
8.922123136195013737e-01 7.050347308865119178e-01
9.047786842338605418e-01 6.155175943016880646e-01
9.173450548482194877e-01 9.246986179977210174e-01
9.299114254625787668e-01 8.136525889170053150e-01
9.424777960769379348e-01 8.174949575148855452e-01
9.550441666912971028e-01 7.252851771171422435e-01
9.676105373056562708e-01 8.764272946300998290e-01
9.801769079200154389e-01 9.773820364007693717e-01
9.927432785343746069e-01 7.878688326118590268e-01
1.005309649148733886e+00 1.008375176222189751e+00
1.017876019763092943e+00 9.520947577806526674e-01
1.030442390377452222e+00 8.055136229204231668e-01
1.043008760991811279e+00 8.196170632675147116e-01
1.055575131606170558e+00 1.033030180243319052e+00
1.068141502220529837e+00 9.068551914095502875e-01
1.080707872834888894e+00 9.108240345392177861e-01
1.093274243449248173e+00 8.412630873007934662e-01
1.105840614063607008e+00 9.015214783682752309e-01
1.118406984677966287e+00 1.016709044547729146e+00
1.130973355292325566e+00 8.557088090721434170e-01
1.143539725906684623e+00 8.415528527826331429e-01
1.156106096521043902e+00 9.252694322311078023e-01
1.168672467135402959e+00 8.378767824871115044e-01
1.181238837749762238e+00 1.049498608996458415e+00
1.193805208364121295e+00 8.713264927559062345e-01
1.206371578978480574e+00 9.145541464142316057e-01
1.218937949592839853e+00 7.824714837266206757e-01
1.231504320207198910e+00 1.079615722564041702e+00
1.244070690821558189e+00 1.001812554255308463e+00
1.256637061435917246e+00 1.151460910018784478e+00
1.269203432050276525e+00 9.836878414135253879e-01
1.281769802664635582e+00 9.322489333419466950e-01
1.294336173278994861e+00 1.138917125273265496e+00
1.306902543893354141e+00 1.036575652552280458e+00
1.319468914507712975e+00 9.407382231550172058e-01
1.332035285122072255e+00 9.175852864642096707e-01
1.344601655736431534e+00 8.863130004943202689e-01
1.357168026350790591e+00 9.454838869993232864e-01
1.369734396965149870e+00 9.832004513854802896e-01
1.382300767579508927e+00 9.530418433761892461e-01
1.394867138193868206e+00 1.025855554133448644e+00
1.407433508808227263e+00 9.831915051564136254e-01
1.419999879422586542e+00 9.434952829463690849e-01
1.432566250036945821e+00 1.140645594219605208e+00
1.445132620651304878e+00 9.404645457073377290e-01
1.457698991265664157e+00 8.954581185767529483e-01
1.470265361880023214e+00 9.852264800491680186e-01
1.482831732494382493e+00 1.042663726165526716e+00
1.495398103108741550e+00 8.875083321697494476e-01
1.507964473723100607e+00 1.008635136575269264e+00
1.520530844337459886e+00 9.739672827160468227e-01
1.533097214951818943e+00 1.017167707869364168e+00
1.545663585566178222e+00 9.797255816185416188e-01
1.558229956180537279e+00 9.936184968958254871e-01
1.570796326794896558e+00 9.254686453740970098e-01
1.583362697409255837e+00 1.216988924921598603e+00
1.595929068023614894e+00 8.732141491355196461e-01
1.608495438637974173e+00 1.074467204459035763e+00
1.621061809252333230e+00 8.154226126059458402e-01
1.633628179866692509e+00 1.026681934411945774e+00
1.646194550481051566e+00 8.214053660227694786e-01
1.658760921095410845e+00 1.005866872850244897e+00
1.671327291709770124e+00 1.058868144831558444e+00
1.683893662324129181e+00 1.031739129016073120e+00
1.696460032938488460e+00 1.126524414792027695e+00
1.709026403552847517e+00 9.062156396401462866e-01
1.721592774167206796e+00 1.101605274021545178e+00
1.734159144781565853e+00 1.089421742720553254e+00
1.746725515395925132e+00 9.780014310139446554e-01
1.759291886010284411e+00 8.414239217687989880e-01
1.771858256624643468e+00 7.966385748314556148e-01
1.784424627239002747e+00 1.054906932233389938e+00
1.796990997853361804e+00 1.009347881872040054e+00
1.809557368467721084e+00 8.632426190394624221e-01
1.822123739082079918e+00 8.240417271904930674e-01
1.834690109696438975e+00 9.832165452874503941e-01
1.847256480310798255e+00 1.131325143842838443e+00
1.859822850925157534e+00 9.548022015661983275e-01
1.872389221539516591e+00 9.288585105783613294e-01
1.884955592153875870e+00 7.640169430454908372e-01
1.897521962768234927e+00 1.034692131646372859e+00
1.910088333382594206e+00 9.245204975625224142e-01
1.922654703996953263e+00 9.029820613243920713e-01
1.935221074611312542e+00 9.622411253687120913e-01
1.947787445225671821e+00 8.938016686448029269e-01
1.960353815840030878e+00 9.786107035323121650e-01
1.972920186454390157e+00 1.037027347539472899e+00
1.985486557068749214e+00 9.804461082533757477e-01
1.998052927683108493e+00 1.276121432929724575e+00
2.010619298297467772e+00 9.449254865694710626e-01
2.023185668911826607e+00 8.644772683668184854e-01
2.035752039526185886e+00 1.052870537126144646e+00
2.048318410140545165e+00 9.986309814271107088e-01
2.060884780754904444e+00 7.614725355501175130e-01
2.073451151369263723e+00 7.803342695550216090e-01
2.086017521983622558e+00 7.772005838242262987e-01
2.098583892597981837e+00 8.158536806805372077e-01
2.111150263212341116e+00 9.798224121471931225e-01
2.123716633826700395e+00 6.694207246269388012e-01
2.136283004441059674e+00 6.446845708042538980e-01
2.148849375055418509e+00 8.405945201787899945e-01
2.161415745669777788e+00 7.806498355011016743e-01
2.173982116284137067e+00 9.817867793106904717e-01
2.186548486898496346e+00 8.102297701667174890e-01
2.199114857512855181e+00 8.127642594477795246e-01
2.211681228127214016e+00 7.852186525477624635e-01
2.224247598741573295e+00 8.827502669656934753e-01
2.236813969355932574e+00 6.933401751879482156e-01
2.249380339970291853e+00 8.449029732724131492e-01
2.261946710584651132e+00 7.599489087740637361e-01
2.274513081199009967e+00 6.908089234966322545e-01
2.287079451813369246e+00 6.987493488987768231e-01
2.299645822427728525e+00 1.032609342816229958e+00
2.312212193042087804e+00 7.315623773575390398e-01
2.324778563656447083e+00 8.732038362619587435e-01
2.337344934270805918e+00 7.291349089993526267e-01
2.349911304885165197e+00 7.058366051078902581e-01
2.362477675499524477e+00 7.759716269864130878e-01
2.375044046113883756e+00 7.833200096201486939e-01
2.387610416728242591e+00 6.996834663080155892e-01
2.400176787342601870e+00 6.414328547992784735e-01
2.412743157956961149e+00 6.783372169562281728e-01
2.425309528571320428e+00 6.219550199215667652e-01
2.437875899185679707e+00 8.202154311366127715e-01
2.450442269800038542e+00 7.549643842629378820e-01
2.463008640414397821e+00 7.359510283724166602e-01
2.475575011028757100e+00 5.832318498765979298e-01
2.488141381643116379e+00 5.320840573823024666e-01
2.500707752257475658e+00 4.979563214563225704e-01
2.513274122871834493e+00 6.944688411581362297e-01
2.525840493486193772e+00 7.331673063944729174e-01
2.538406864100553051e+00 5.734030601916854097e-01
2.550973234714912330e+00 6.877285880358979808e-01
2.563539605329271165e+00 5.175385555628052581e-01
2.576105975943630444e+00 6.158743544554948768e-01
2.588672346557989723e+00 5.442990117136371486e-01
2.601238717172349002e+00 4.037427884519606547e-01
2.613805087786708281e+00 3.719997249440655240e-01
2.626371458401067116e+00 5.022011390176208678e-01
2.638937829015425951e+00 6.063411305567646403e-01
2.651504199629785230e+00 4.492540376507150879e-01
2.664070570244144509e+00 3.340639154361128016e-01
2.676636940858503788e+00 4.442986319483346325e-01
2.689203311472863067e+00 3.533984344603941508e-01
2.701769682087221902e+00 4.320363765210120111e-01
2.714336052701581181e+00 4.146794759389156315e-01
2.726902423315940460e+00 5.255419654336772606e-01
2.739468793930299739e+00 4.147230484236493764e-01
2.752035164544658574e+00 2.349120738517299078e-01
2.764601535159017853e+00 4.713458517918543977e-01
2.777167905773377132e+00 4.540133064250063688e-01
2.789734276387736411e+00 2.312502486917072941e-01
2.802300647002095690e+00 2.243576368644043528e-01
2.814867017616454525e+00 3.223258499163919044e-01
2.827433388230813804e+00 4.485489256734878638e-01
2.839999758845173083e+00 3.861991458928661358e-01
2.852566129459532362e+00 4.034256136000854975e-01
2.865132500073891642e+00 1.717884810834749421e-01
2.877698870688250476e+00 2.140865878610539452e-01
2.890265241302609756e+00 2.480382400507882557e-01
2.902831611916969035e+00 2.342569288663435834e-01
2.915397982531328314e+00 2.572821642331417080e-01
2.927964353145687149e+00 3.727524685202163734e-01
2.940530723760046428e+00 1.356138312916757571e-02
2.953097094374405707e+00 1.998485250844836969e-01
2.965663464988764986e+00 -1.064008509489139387e-02
2.978229835603124265e+00 3.138504290980053124e-01
2.990796206217483100e+00 1.678397055399042381e-01
3.003362576831842379e+00 2.591955792698978911e-01
3.015928947446201214e+00 2.974408647274728867e-02
3.028495318060560493e+00 1.973734729899411233e-01
3.041061688674919772e+00 1.441494872245940306e-01
3.053628059289279051e+00 2.147674645717875808e-01
3.066194429903637886e+00 7.795373867002707013e-02
3.078760800517997165e+00 3.643176891527529632e-02
3.091327171132356444e+00 1.152716695179794582e-01
3.103893541746715723e+00 1.561057317446767345e-01
3.116459912361074558e+00 5.692529738275001888e-03
3.129026282975433837e+00 -5.220869623853056918e-02
3.141592653589793116e+00 -2.936930409760041272e-01
3.154159024204152395e+00 -6.707826725123661182e-02
3.166725394818511674e+00 -5.479693436281507513e-02
3.179291765432870509e+00 8.810915802576588240e-02
3.191858136047229788e+00 4.008466516025312176e-02
3.204424506661589067e+00 4.550006644105064613e-02
3.216990877275948346e+00 -8.168175378884690030e-02
3.229557247890307181e+00 -9.976743366415266601e-02
3.242123618504666460e+00 -1.122451226884217668e-01
3.254689989119025739e+00 -1.292883939604930199e-02
3.267256359733385018e+00 -9.582933417674757703e-03
3.279822730347744297e+00 -6.502779217600553052e-02
3.292389100962103132e+00 -4.836027630953196321e-02
3.304955471576462411e+00 -2.036432873854504555e-01
3.317521842190821690e+00 -3.580968087439340142e-01
3.330088212805180969e+00 -8.605042259494988244e-02
3.342654583419540248e+00 -1.013039673221135112e-01
3.355220954033899083e+00 -1.946782861697173295e-01
3.367787324648258362e+00 -2.726826741004086951e-01
3.380353695262617642e+00 -2.816135847054670460e-01
3.392920065876976921e+00 -3.851453917592492227e-01
3.405486436491335756e+00 -3.736930010821339909e-01
3.418052807105695035e+00 -1.027867072196377851e-01
3.430619177720054314e+00 -2.683562646543183883e-01
3.443185548334413593e+00 -1.605006555397332224e-01
3.455751918948772872e+00 -2.299820260858332910e-01
3.468318289563131707e+00 -3.223741361625090951e-01
3.480884660177490986e+00 -4.346794053807246927e-01
3.493451030791850265e+00 -3.354739301924296591e-01
3.506017401406209544e+00 -4.196963865408412930e-01
3.518583772020568823e+00 -5.525495593314821985e-01
3.531150142634927658e+00 -4.169558117345472104e-01
3.543716513249286937e+00 -4.584751674938498667e-01
3.556282883863646216e+00 -4.685565998115572839e-01
3.568849254478005495e+00 -4.559918074596739923e-01
3.581415625092364330e+00 -3.746922795469821432e-01
3.593981995706723609e+00 -4.591244029421023831e-01
3.606548366321082888e+00 -3.450658683271016214e-01
3.619114736935442167e+00 -2.708930265953926053e-01
3.631681107549800558e+00 -2.376465248331929847e-01
3.644247478164159837e+00 -4.116082515247783125e-01
3.656813848778519116e+00 -4.959903749750065316e-01
3.669380219392877951e+00 -5.531113783478679435e-01
3.681946590007237230e+00 -5.270526578943226514e-01
3.694512960621596509e+00 -5.639791957204756123e-01
3.707079331235955788e+00 -6.629172581726526792e-01
3.719645701850315067e+00 -5.359484969542549493e-01
3.732212072464673902e+00 -4.250652506974966771e-01
3.744778443079033181e+00 -5.293193580464323755e-01
3.757344813693392460e+00 -8.156340800375759814e-01
3.769911184307751739e+00 -5.757926437327111069e-01
3.782477554922110574e+00 -6.271596234905976175e-01
3.795043925536469853e+00 -5.845898723628268900e-01
3.807610296150829132e+00 -5.435813096522605914e-01
3.820176666765188411e+00 -6.050085401128002527e-01
3.832743037379547690e+00 -5.728627874343567017e-01
3.845309407993906525e+00 -7.363379718545622898e-01
3.857875778608265804e+00 -5.921899987894855277e-01
3.870442149222625083e+00 -7.599057307290365548e-01
3.883008519836984362e+00 -4.958219006843886945e-01
3.895574890451343641e+00 -7.401904148701067276e-01
3.908141261065702476e+00 -6.323338272658134418e-01
3.920707631680061755e+00 -7.499734230821581971e-01
3.933274002294421035e+00 -7.070926031738852258e-01
3.945840372908780314e+00 -7.458311503384851271e-01
3.958406743523139149e+00 -6.742982168792949205e-01
3.970973114137498428e+00 -9.190786544555694659e-01
3.983539484751857707e+00 -6.949962012763992725e-01
3.996105855366216986e+00 -8.550325514734784527e-01
4.008672225980576265e+00 -8.353853325228848270e-01
4.021238596594935544e+00 -8.842062831440502535e-01
4.033804967209294823e+00 -7.875021453085270240e-01
4.046371337823653214e+00 -8.531625870414141222e-01
4.058937708438012493e+00 -6.871833908760838217e-01
4.071504079052371772e+00 -8.961728770433797786e-01
4.084070449666731051e+00 -6.708556726662394665e-01
4.096636820281090330e+00 -9.118402228894662009e-01
4.109203190895449609e+00 -9.788707692539836414e-01
4.121769561509808888e+00 -7.554194121169159892e-01
4.134335932124168167e+00 -9.788872848085576894e-01
4.146902302738527446e+00 -5.971753269543202958e-01
4.159468673352886725e+00 -9.290983175996267995e-01
4.172035043967245116e+00 -8.011107217859774199e-01
4.184601414581604395e+00 -7.850380289213527707e-01
4.197167785195963674e+00 -8.097785452387993299e-01
4.209734155810322953e+00 -9.196459509153128709e-01
4.222300526424682232e+00 -9.358986447364916472e-01
4.234866897039041511e+00 -8.632619238493444147e-01
4.247433267653400790e+00 -9.008663122704488879e-01
4.259999638267760069e+00 -8.641891713887026594e-01
4.272566008882119348e+00 -8.817362051300355885e-01
4.285132379496477739e+00 -1.023757143444037343e+00
4.297698750110837018e+00 -9.308061101051131603e-01
4.310265120725196297e+00 -8.756226151568958782e-01
4.322831491339555576e+00 -1.014654012613499079e+00
4.335397861953914855e+00 -1.062095678835141666e+00
4.347964232568274134e+00 -9.397438941700011483e-01
4.360530603182633413e+00 -8.730749103116253185e-01
4.373096973796992692e+00 -9.736530270983383417e-01
4.385663344411351972e+00 -9.631100807685011311e-01
4.398229715025710362e+00 -1.040950713299734209e+00
4.410796085640069641e+00 -8.636162349221750967e-01
4.423362456254428032e+00 -1.191583111825876840e+00
4.435928826868787311e+00 -1.037403839293994157e+00
4.448495197483146590e+00 -1.050565447359865345e+00
4.461061568097505869e+00 -1.084675913011101889e+00
4.473627938711865148e+00 -1.039208342139372299e+00
4.486194309326224428e+00 -7.709114985149476684e-01
4.498760679940583707e+00 -1.081625039646482822e+00
4.511327050554942986e+00 -8.696070582217112488e-01
4.523893421169302265e+00 -9.725660368900435060e-01
4.536459791783661544e+00 -1.062639180535071448e+00
4.549026162398019935e+00 -9.760216392140387276e-01
4.561592533012379214e+00 -1.061181074105540523e+00
4.574158903626738493e+00 -6.902363194824463477e-01
4.586725274241097772e+00 -8.792888840639616621e-01
4.599291644855457051e+00 -8.811903183661052852e-01
4.611858015469816330e+00 -1.041937172417119584e+00
4.624424386084175609e+00 -9.798189743420580022e-01
4.636990756698534888e+00 -9.937211821419127400e-01
4.649557127312894167e+00 -1.123959995977548365e+00
4.662123497927252558e+00 -1.173743975484391244e+00
4.674689868541611837e+00 -1.130208200794160511e+00
4.687256239155971116e+00 -1.080349309128190383e+00
4.699822609770330395e+00 -1.030078827931522500e+00
4.712388980384689674e+00 -9.667435994098976249e-01
4.724955350999048953e+00 -1.127254926739605256e+00
4.737521721613408232e+00 -7.972756203193018809e-01
4.750088092227767511e+00 -1.026455772295179036e+00
4.762654462842126790e+00 -1.029824048924303792e+00
4.775220833456485181e+00 -8.759031173035036755e-01
4.787787204070844460e+00 -8.713588198314072830e-01
4.800353574685203739e+00 -1.041248262137130176e+00
4.812919945299563018e+00 -9.253531428543986248e-01
4.825486315913922297e+00 -1.067159714123951719e+00
4.838052686528281576e+00 -8.859360244352788571e-01
4.850619057142640855e+00 -1.317616402760084515e+00
4.863185427757000134e+00 -1.009338498079080937e+00
4.875751798371359413e+00 -8.987391829322776138e-01
4.888318168985717804e+00 -9.930860218784093307e-01
4.900884539600077083e+00 -9.245972165782466723e-01
4.913450910214436362e+00 -1.158597380096751728e+00
4.926017280828795641e+00 -9.948918320984471153e-01
4.938583651443154920e+00 -1.067341557623704862e+00
4.951150022057514200e+00 -9.210489390015752509e-01
4.963716392671873479e+00 -9.120948578531936635e-01
4.976282763286232758e+00 -9.682044444366763036e-01
4.988849133900592037e+00 -9.431805837352995603e-01
5.001415504514951316e+00 -9.521767467322276302e-01
5.013981875129309707e+00 -9.106991484226614197e-01
5.026548245743668986e+00 -1.018901768474474556e+00
5.039114616358028265e+00 -9.112222668011320525e-01
5.051680986972387544e+00 -9.714330533856586625e-01
5.064247357586746823e+00 -1.006475160177257244e+00
5.076813728201106102e+00 -9.596787611035129117e-01
5.089380098815465381e+00 -8.346630964071147796e-01
5.101946469429824660e+00 -9.871980512790892170e-01
5.114512840044183939e+00 -9.182610543221924049e-01
5.127079210658542330e+00 -9.778504858149223988e-01
5.139645581272901609e+00 -7.760105616401105078e-01
5.152211951887260888e+00 -8.111601740741631872e-01
5.164778322501620167e+00 -9.661019618186990066e-01
5.177344693115979446e+00 -9.130598502383961979e-01
5.189911063730338725e+00 -8.166518629432530929e-01
5.202477434344698004e+00 -9.699994484930087868e-01
5.215043804959057283e+00 -8.359760665495519216e-01
5.227610175573416562e+00 -6.933824059589137612e-01
5.240176546187774953e+00 -8.435401875168043739e-01
5.252742916802134232e+00 -9.915068243333041709e-01
5.265309287416492623e+00 -8.497191651919144828e-01
5.277875658030851902e+00 -8.780521511332430862e-01
5.290442028645211181e+00 -7.516836013867480570e-01
5.303008399259570460e+00 -7.784202874462942123e-01
5.315574769873929739e+00 -9.424307590172815718e-01
5.328141140488289018e+00 -8.364295748724611679e-01
5.340707511102648297e+00 -6.487061455894754802e-01
5.353273881717007576e+00 -8.286393375535197059e-01
5.365840252331366855e+00 -7.216660505537814130e-01
5.378406622945726134e+00 -8.567048224579759674e-01
5.390972993560084525e+00 -6.903332629779366236e-01
5.403539364174443804e+00 -7.279183742955753766e-01
5.416105734788803083e+00 -8.398507651959195019e-01
5.428672105403162362e+00 -7.781841933105135833e-01
5.441238476017521641e+00 -7.906826904633351694e-01
5.453804846631880920e+00 -8.890831305809999696e-01
5.466371217246240199e+00 -5.612648197700691455e-01
5.478937587860599479e+00 -7.212611280705218952e-01
5.491503958474958758e+00 -6.379606008044882426e-01
5.504070329089317148e+00 -7.762079338206914203e-01
5.516636699703676427e+00 -8.250342502905856357e-01
5.529203070318035707e+00 -7.730775834345101627e-01
5.541769440932394986e+00 -7.975083730736264309e-01
5.554335811546754265e+00 -6.201257068565181330e-01
5.566902182161113544e+00 -6.735660034114209216e-01
5.579468552775472823e+00 -7.674109450088095752e-01
5.592034923389832102e+00 -5.257004004066962999e-01
5.604601294004191381e+00 -6.862818511279690226e-01
5.617167664618549772e+00 -7.006493833479636724e-01
5.629734035232909051e+00 -6.216924969735679873e-01
5.642300405847268330e+00 -5.526513262292008788e-01
5.654866776461627609e+00 -7.294662886755365339e-01
5.667433147075986888e+00 -5.818500666500195928e-01
5.679999517690346167e+00 -4.883891750593328251e-01
5.692565888304705446e+00 -6.473250315514035291e-01
5.705132258919064725e+00 -5.787037896977231810e-01
5.717698629533424004e+00 -4.695757013127315749e-01
5.730265000147783283e+00 -8.433789613800330986e-01
5.742831370762141674e+00 -6.180470026917633808e-01
5.755397741376500953e+00 -5.705041377586175244e-01
5.767964111990860232e+00 -3.763373137320735751e-01
5.780530482605219511e+00 -5.867816465095422318e-01
5.793096853219578790e+00 -7.451428504264157038e-01
5.805663223833938069e+00 -4.038349331827610911e-01
5.818229594448297348e+00 -6.093412086142766526e-01
5.830795965062656627e+00 -4.236900608486035558e-01
5.843362335677015906e+00 -4.783835706615575112e-01
5.855928706291374297e+00 -6.066105299109531002e-01
5.868495076905733576e+00 -2.333967167347190119e-01
5.881061447520092855e+00 -5.114139510089942275e-01
5.893627818134452134e+00 -4.556570340295663657e-01
5.906194188748811413e+00 -4.402621326972484539e-01
5.918760559363170692e+00 -4.150017950038727976e-01
5.931326929977529971e+00 -4.129485011684070894e-01
5.943893300591889250e+00 -2.232022902988235191e-01
5.956459671206248530e+00 -3.304783022180824426e-01
5.969026041820606920e+00 -4.198851675846299591e-01
5.981592412434966199e+00 -2.673458589373636229e-01
5.994158783049325478e+00 -2.863681964766377486e-01
6.006725153663684758e+00 -4.253580506324705079e-01
6.019291524278044037e+00 -4.870306937611077469e-01
6.031857894892402427e+00 -1.764786649801791674e-01
6.044424265506761706e+00 -3.045624825628568955e-01
6.056990636121120986e+00 -1.614245710303818804e-01
6.069557006735480265e+00 -1.277846407439738319e-01
6.082123377349839544e+00 -2.515454877699710989e-01
6.094689747964198823e+00 -5.307116673181289102e-02
6.107256118578558102e+00 -1.891621812121352109e-01
6.119822489192916493e+00 -2.554244806373182075e-01
6.132388859807275772e+00 -1.895022237187165004e-01
6.144955230421635051e+00 -2.109019106563703172e-01
6.157521601035994330e+00 -1.019570807708529425e-01
6.170087971650353609e+00 -2.549818732624975492e-02
6.182654342264712888e+00 2.948330069369739515e-02
6.195220712879072167e+00 -1.161614647766415764e-01
6.207787083493431446e+00 9.107535221142382120e-03
6.220353454107790725e+00 -2.606741816484105245e-03
6.232919824722149116e+00 -1.949850833291340568e-01
6.245486195336508395e+00 7.664050301668959286e-02
6.258052565950867674e+00 -9.216815817229008501e-02
6.270618936565226953e+00 2.918104690819572217e-02
