0.000000000000000000e+00 -2.095708034342486370e-01
1.256637061435917323e-02 1.388318073177153833e-01
2.513274122871834645e-02 -7.826256744846039892e-02
3.769911184307751795e-02 -4.539311938795710655e-02
5.026548245743669291e-02 9.206157615346391432e-02
6.283185307179586787e-02 -1.728406411410501886e-02
7.539822368615503589e-02 5.895695639936360255e-03
8.796459430051420392e-02 1.031350130039692253e-01
1.005309649148733858e-01 1.428515189499930671e-02
1.130973355292325677e-01 1.065326762552845918e-01
1.256637061435917357e-01 2.870309035279015042e-01
1.382300767579508760e-01 1.190916781721443191e-01
1.507964473723100718e-01 1.308650375723044990e-01
1.633628179866692676e-01 1.852575336268572348e-01
1.759291886010284078e-01 2.409760804558840896e-01
1.884955592153875759e-01 1.750762605678309602e-01
2.010619298297467716e-01 2.445795139629425852e-01
2.136283004441059397e-01 2.683925740121727577e-01
2.261946710584651354e-01 3.200214209503640106e-01
2.387610416728242757e-01 1.365638430809694159e-01
2.513274122871834715e-01 2.248429307045617942e-01
2.638937829015426395e-01 3.934357690759054949e-01
2.764601535159017520e-01 4.306353064159165744e-01
2.890265241302609756e-01 3.569847489576168931e-01
3.015928947446201436e-01 2.680889328827841811e-01
3.141592653589793116e-01 2.779478373423583393e-01
3.267256359733385351e-01 3.623143733642876785e-01
3.392920065876976476e-01 3.907621008179782418e-01
3.518583772020568157e-01 3.593306155789805501e-01
3.644247478164160392e-01 4.099486239456316405e-01
3.769911184307751517e-01 3.856042235440810817e-01
3.895574890451343197e-01 4.590845250000865074e-01
4.021238596594935433e-01 3.034316548228953025e-01
4.146902302738527113e-01 3.417088012591355528e-01
4.272566008882118793e-01 4.031315929004530285e-01
4.398229715025711029e-01 4.068927468286049898e-01
4.523893421169302709e-01 4.456600054792941301e-01
4.649557127312893834e-01 6.907430461861286952e-01
4.775220833456485514e-01 5.364018003382962085e-01
4.900884539600077194e-01 5.457159438385524863e-01
5.026548245743669430e-01 4.671607557518761555e-01
5.152211951887261110e-01 5.583342572426515105e-01
5.277875658030852790e-01 5.565613918300281737e-01
5.403539364174444470e-01 5.810302409525067713e-01
5.529203070318035040e-01 5.911199682198569061e-01
5.654866776461627831e-01 6.030654209435664104e-01
5.780530482605219511e-01 6.701908428207119517e-01
5.906194188748811191e-01 4.912820025376457012e-01
6.031857894892402872e-01 5.601998220903959824e-01
6.157521601035994552e-01 5.680407417801511816e-01
6.283185307179586232e-01 6.022828454870677861e-01
6.408849013323177912e-01 6.528267066973332255e-01
6.534512719466770703e-01 5.897828507352843586e-01
6.660176425610361273e-01 4.770424402406263087e-01
6.785840131753952953e-01 4.430344739235171359e-01
6.911503837897544633e-01 6.047277622848723500e-01
7.037167544041136313e-01 6.578280376727101419e-01
7.162831250184729104e-01 7.177727372746685042e-01
7.288494956328320784e-01 6.840602589399219502e-01
7.414158662471912464e-01 6.966590373424389471e-01
7.539822368615503034e-01 8.063041376164938878e-01
7.665486074759094715e-01 7.813340926420786481e-01
7.791149780902686395e-01 8.308225184707735966e-01
7.916813487046279185e-01 6.836162723722921664e-01
8.042477193189870865e-01 6.266886775858397929e-01
8.168140899333462546e-01 7.388179778509389450e-01
8.293804605477054226e-01 6.971784815790226242e-01
8.419468311620645906e-01 8.289064623862201220e-01
8.545132017764237586e-01 6.709903271955883763e-01
8.670795723907829267e-01 7.585825408692319360e-01
8.796459430051422057e-01 7.904075859268074877e-01
8.922123136195013737e-01 7.958663486690490396e-01
9.047786842338605418e-01 8.121167822675893211e-01
9.173450548482194877e-01 8.653488042255700341e-01
9.299114254625787668e-01 8.371326233483966650e-01
9.424777960769379348e-01 8.195997746254332084e-01
9.550441666912971028e-01 8.322626215690351881e-01
9.676105373056562708e-01 6.140217256465024809e-01
9.801769079200154389e-01 8.177082166162409349e-01
9.927432785343746069e-01 9.782617145862811947e-01
1.005309649148733886e+00 9.088994820691762566e-01
1.017876019763092943e+00 7.755397212824896025e-01
1.030442390377452222e+00 9.983602654444134750e-01
1.043008760991811279e+00 9.539822669324763416e-01
1.055575131606170558e+00 8.386293125244819180e-01
1.068141502220529837e+00 8.741047785668274450e-01
1.080707872834888894e+00 7.022773961057755532e-01
1.093274243449248173e+00 8.946702830449020372e-01
1.105840614063607008e+00 9.200016485149938861e-01
1.118406984677966287e+00 8.769271588420293195e-01
1.130973355292325566e+00 9.609302218175841404e-01
1.143539725906684623e+00 8.960865095222403376e-01
1.156106096521043902e+00 8.771131381840787666e-01
1.168672467135402959e+00 8.837241921616741935e-01
1.181238837749762238e+00 8.621074636310647188e-01
1.193805208364121295e+00 9.891530730598806498e-01
1.206371578978480574e+00 8.423265226933688288e-01
1.218937949592839853e+00 1.076016113046919465e+00
1.231504320207198910e+00 9.506726071763329511e-01
1.244070690821558189e+00 1.043001072940894058e+00
1.256637061435917246e+00 8.254890247891453203e-01
1.269203432050276525e+00 1.036680131956940087e+00
1.281769802664635582e+00 8.812146843524220063e-01
1.294336173278994861e+00 8.017245387958477076e-01
1.306902543893354141e+00 7.987998469360306775e-01
1.319468914507712975e+00 1.046465747876363928e+00
1.332035285122072255e+00 7.648394473245470060e-01
1.344601655736431534e+00 9.100223675896075282e-01
1.357168026350790591e+00 1.049558600830271082e+00
1.369734396965149870e+00 9.907832541674306270e-01
1.382300767579508927e+00 9.833653551973871032e-01
1.394867138193868206e+00 1.015826059918097268e+00
1.407433508808227263e+00 1.006764538157857158e+00
1.419999879422586542e+00 8.938672705499083326e-01
1.432566250036945821e+00 1.117971075532884218e+00
1.445132620651304878e+00 1.067947655165658594e+00
1.457698991265664157e+00 1.016342459525981123e+00
1.470265361880023214e+00 9.984718103089192942e-01
1.482831732494382493e+00 1.083811262497587302e+00
1.495398103108741550e+00 1.196226320286174705e+00
1.507964473723100607e+00 1.055930361361242298e+00
1.520530844337459886e+00 9.564398240636841075e-01
1.533097214951818943e+00 9.214635327267982623e-01
1.545663585566178222e+00 1.054464658653662346e+00
1.558229956180537279e+00 8.858739499369047143e-01
1.570796326794896558e+00 1.143255959158157919e+00
1.583362697409255837e+00 1.062357961387482730e+00
1.595929068023614894e+00 1.028628201813221787e+00
1.608495438637974173e+00 1.036735873144914999e+00
1.621061809252333230e+00 8.942363948193067236e-01
1.633628179866692509e+00 8.859208367375017712e-01
1.646194550481051566e+00 9.034236798360251175e-01
1.658760921095410845e+00 8.885910088199036050e-01
1.671327291709770124e+00 9.198497880068221555e-01
1.683893662324129181e+00 9.573640520843418322e-01
1.696460032938488460e+00 1.118838873983988291e+00
1.709026403552847517e+00 1.104565303824942113e+00
1.721592774167206796e+00 8.762998498808024506e-01
1.734159144781565853e+00 9.628252756543009827e-01
1.746725515395925132e+00 9.917703393843813053e-01
1.759291886010284411e+00 1.004210203836533033e+00
1.771858256624643468e+00 8.538487763892601556e-01
1.784424627239002747e+00 1.087580495284645510e+00
1.796990997853361804e+00 9.093938467826323535e-01
1.809557368467721084e+00 1.069360816457735508e+00
1.822123739082079918e+00 1.083823881820589641e+00
1.834690109696438975e+00 9.236475986028066520e-01
1.847256480310798255e+00 8.755575925434030404e-01
1.859822850925157534e+00 8.942894228041623483e-01
1.872389221539516591e+00 1.054319661195326940e+00
1.884955592153875870e+00 9.788760876451022552e-01
1.897521962768234927e+00 7.803386784618222549e-01
1.910088333382594206e+00 1.005015193980059118e+00
1.922654703996953263e+00 9.935402042204568573e-01
1.935221074611312542e+00 9.337841314437386186e-01
1.947787445225671821e+00 1.110963020038301163e+00
1.960353815840030878e+00 8.208553131541428405e-01
1.972920186454390157e+00 8.762066720299636069e-01
1.985486557068749214e+00 9.881063337332792740e-01
1.998052927683108493e+00 8.896104161808540134e-01
2.010619298297467772e+00 8.838069012567159044e-01
2.023185668911826607e+00 8.291504582553372860e-01
2.035752039526185886e+00 8.862104331717848282e-01
2.048318410140545165e+00 7.394231198415971429e-01
2.060884780754904444e+00 8.823767677774454476e-01
2.073451151369263723e+00 9.791691131279393057e-01
2.086017521983622558e+00 8.424097744937470988e-01
2.098583892597981837e+00 6.715595687321699314e-01
2.111150263212341116e+00 8.383123420652029978e-01
2.123716633826700395e+00 8.843456166593240964e-01
2.136283004441059674e+00 9.130640945268675424e-01
2.148849375055418509e+00 9.896521359561655240e-01
2.161415745669777788e+00 8.306430288216922753e-01
2.173982116284137067e+00 1.010931601565175697e+00
2.186548486898496346e+00 9.947662908038241714e-01
2.199114857512855181e+00 8.223506569111487252e-01
2.211681228127214016e+00 7.389639938987895285e-01
2.224247598741573295e+00 8.570763476675001824e-01
2.236813969355932574e+00 8.179990769472871293e-01
2.249380339970291853e+00 5.028999413894463810e-01
2.261946710584651132e+00 8.086309354416530981e-01
2.274513081199009967e+00 6.683292449871203189e-01
2.287079451813369246e+00 7.844025681721373822e-01
2.299645822427728525e+00 9.285521774208675971e-01
2.312212193042087804e+00 6.394993871565132215e-01
2.324778563656447083e+00 6.815034065361758042e-01
2.337344934270805918e+00 7.914415286760988488e-01
2.349911304885165197e+00 6.568489452934523909e-01
2.362477675499524477e+00 7.726773266324695744e-01
2.375044046113883756e+00 7.787169206870869775e-01
2.387610416728242591e+00 7.311055800372102675e-01
2.400176787342601870e+00 5.714598513930952972e-01
2.412743157956961149e+00 6.750432281111051758e-01
2.425309528571320428e+00 5.150683985391100173e-01
2.437875899185679707e+00 6.061428847146977938e-01
2.450442269800038542e+00 6.514395408885927941e-01
2.463008640414397821e+00 5.323547745241453688e-01
2.475575011028757100e+00 6.086746811829961690e-01
2.488141381643116379e+00 5.029292394954734124e-01
2.500707752257475658e+00 6.082482124854111660e-01
2.513274122871834493e+00 8.077817947721681602e-01
2.525840493486193772e+00 5.960090582528462244e-01
2.538406864100553051e+00 5.948868158002421636e-01
2.550973234714912330e+00 7.021512781103455003e-01
2.563539605329271165e+00 6.716091328121138737e-01
2.576105975943630444e+00 5.777236864069120736e-01
2.588672346557989723e+00 5.515354075848096782e-01
2.601238717172349002e+00 3.726448077894169986e-01
2.613805087786708281e+00 4.082041885716021778e-01
2.626371458401067116e+00 3.138007975799155802e-01
2.638937829015425951e+00 4.808168986380863541e-01
2.651504199629785230e+00 6.511381414900451192e-01
2.664070570244144509e+00 4.879209071223133409e-01
2.676636940858503788e+00 3.749903563769477755e-01
2.689203311472863067e+00 5.364465620617866470e-01
2.701769682087221902e+00 5.013687250360817638e-01
2.714336052701581181e+00 4.899918226293820123e-01
2.726902423315940460e+00 3.797034207725496491e-01
2.739468793930299739e+00 5.488605988420645065e-01
2.752035164544658574e+00 2.302994386624792611e-01
2.764601535159017853e+00 2.337703931654600276e-01
2.777167905773377132e+00 3.258206041989402668e-01
2.789734276387736411e+00 3.465988317121396212e-01
2.802300647002095690e+00 2.825814648699294662e-01
2.814867017616454525e+00 3.306083918845215130e-01
2.827433388230813804e+00 3.817191292608738684e-01
2.839999758845173083e+00 2.200931651019233937e-01
2.852566129459532362e+00 2.083295302977833385e-01
2.865132500073891642e+00 3.969919936727603349e-01
2.877698870688250476e+00 3.010565180386276518e-01
2.890265241302609756e+00 2.089082172113785607e-01
2.902831611916969035e+00 2.271914693859821976e-01
2.915397982531328314e+00 3.499925285799030394e-01
2.927964353145687149e+00 1.718676761808559106e-01
2.940530723760046428e+00 2.316430082163164483e-01
2.953097094374405707e+00 2.161077226838633569e-01
2.965663464988764986e+00 2.253611693077886557e-01
2.978229835603124265e+00 1.761403065887858777e-01
2.990796206217483100e+00 5.959046814257766556e-02
3.003362576831842379e+00 1.026784113700909412e-01
3.015928947446201214e+00 5.347784387506382409e-03
3.028495318060560493e+00 1.220595874949661347e-01
3.041061688674919772e+00 1.178755312944815281e-01
3.053628059289279051e+00 1.855481381416826392e-01
3.066194429903637886e+00 -1.525753285783403301e-01
3.078760800517997165e+00 -6.537867082836687493e-02
3.091327171132356444e+00 -1.034005777783187641e-01
3.103893541746715723e+00 -9.670771803593836147e-02
3.116459912361074558e+00 1.192086746274605286e-01
3.129026282975433837e+00 4.433943370839096149e-02
3.141592653589793116e+00 3.715881880389101249e-02
3.154159024204152395e+00 -1.036329707921758853e-01
3.166725394818511674e+00 -2.013955750701566100e-02
3.179291765432870509e+00 -5.154801431202566536e-02
3.191858136047229788e+00 -1.085456459901226051e-02
3.204424506661589067e+00 -1.170577231097970211e-01
3.216990877275948346e+00 -6.090898399749369863e-02
3.229557247890307181e+00 -2.199269001189606276e-02
3.242123618504666460e+00 -7.132919764682392472e-02
3.254689989119025739e+00 1.239433953754585233e-01
3.267256359733385018e+00 -1.497150780911612744e-01
3.279822730347744297e+00 -1.779863690399477449e-01
3.292389100962103132e+00 -1.165687627061382792e-01
3.304955471576462411e+00 -2.652968050684212376e-01
3.317521842190821690e+00 -1.727358139812317783e-01
3.330088212805180969e+00 -1.978257921233474992e-01
3.342654583419540248e+00 -1.922025323703325794e-01
3.355220954033899083e+00 -1.156927832609569023e-01
3.367787324648258362e+00 -1.741256973396488605e-01
3.380353695262617642e+00 -1.853948638457292575e-01
3.392920065876976921e+00 -1.990476424675198808e-01
3.405486436491335756e+00 -2.221817114571371654e-01
3.418052807105695035e+00 -4.582282812238348546e-01
3.430619177720054314e+00 -2.650548916858592174e-01
3.443185548334413593e+00 -3.523326535161297457e-01
3.455751918948772872e+00 -3.389839514234174178e-01
3.468318289563131707e+00 -3.122093671624701083e-01
3.480884660177490986e+00 -2.793060757035070174e-01
3.493451030791850265e+00 -3.839070167688966584e-01
3.506017401406209544e+00 -2.754661177417848106e-01
3.518583772020568823e+00 -1.547739246915017519e-01
3.531150142634927658e+00 -2.767661116165432977e-01
3.543716513249286937e+00 -6.254034034052917690e-01
3.556282883863646216e+00 -4.269092150303331890e-01
3.568849254478005495e+00 -3.373752435426528584e-01
3.581415625092364330e+00 -4.449925388915256796e-01
3.593981995706723609e+00 -4.586881292652126296e-01
3.606548366321082888e+00 -6.612384913711518708e-01
3.619114736935442167e+00 -3.597077577786205183e-01
3.631681107549800558e+00 -3.291110411574190708e-01
3.644247478164159837e+00 -3.306195062125137918e-01
3.656813848778519116e+00 -6.723193588712044200e-01
3.669380219392877951e+00 -5.068543483142033956e-01
3.681946590007237230e+00 -4.064750189521291190e-01
3.694512960621596509e+00 -5.417482116281153726e-01
3.707079331235955788e+00 -4.233265026645590123e-01
3.719645701850315067e+00 -4.997420571513271903e-01
3.732212072464673902e+00 -5.434956219329564187e-01
3.744778443079033181e+00 -4.661347664783487832e-01
3.757344813693392460e+00 -8.440557310361450627e-01
3.769911184307751739e+00 -5.601528963484790902e-01
3.782477554922110574e+00 -5.877473686409789844e-01
3.795043925536469853e+00 -4.889750361955564895e-01
3.807610296150829132e+00 -4.655144218773107356e-01
3.820176666765188411e+00 -6.679594459718730670e-01
3.832743037379547690e+00 -5.899274873702440303e-01
3.845309407993906525e+00 -5.114842377480747215e-01
3.857875778608265804e+00 -6.559085875681283095e-01
3.870442149222625083e+00 -5.886071261414526079e-01
3.883008519836984362e+00 -6.898900034621044952e-01
3.895574890451343641e+00 -8.839265065610724115e-01
3.908141261065702476e+00 -8.454237176805112775e-01
3.920707631680061755e+00 -6.196032954186934116e-01
3.933274002294421035e+00 -8.033210464755332625e-01
3.945840372908780314e+00 -8.151874682639324021e-01
3.958406743523139149e+00 -6.835254275608473318e-01
3.970973114137498428e+00 -6.140191863006101425e-01
3.983539484751857707e+00 -7.735024417259256380e-01
3.996105855366216986e+00 -5.818767140586379449e-01
4.008672225980576265e+00 -9.198112102526452283e-01
4.021238596594935544e+00 -8.193810420165490438e-01
4.033804967209294823e+00 -7.834590610750081785e-01
4.046371337823653214e+00 -7.650142637881469643e-01
4.058937708438012493e+00 -8.494855411868597050e-01
4.071504079052371772e+00 -8.262026050916807529e-01
4.084070449666731051e+00 -7.172358877901213736e-01
4.096636820281090330e+00 -9.167970308580255523e-01
4.109203190895449609e+00 -6.999673936016854725e-01
4.121769561509808888e+00 -7.437156156835467158e-01
4.134335932124168167e+00 -9.461489560907503371e-01
4.146902302738527446e+00 -8.212673447212870403e-01
4.159468673352886725e+00 -8.352563479039895045e-01
4.172035043967245116e+00 -8.943306629732467039e-01
4.184601414581604395e+00 -1.045848449830996563e+00
4.197167785195963674e+00 -1.034513436077105109e+00
4.209734155810322953e+00 -6.849946739393880657e-01
4.222300526424682232e+00 -9.344020253712373991e-01
4.234866897039041511e+00 -1.257887686138767114e+00
4.247433267653400790e+00 -7.979475545883161214e-01
4.259999638267760069e+00 -1.045724783837544747e+00
4.272566008882119348e+00 -7.850038551536846487e-01
4.285132379496477739e+00 -8.263015703395606426e-01
4.297698750110837018e+00 -9.378226257767267038e-01
4.310265120725196297e+00 -7.298559923517415893e-01
4.322831491339555576e+00 -9.910222385290279323e-01
4.335397861953914855e+00 -1.029502961049960863e+00
4.347964232568274134e+00 -8.928987126783710648e-01
4.360530603182633413e+00 -8.236789447206478432e-01
4.373096973796992692e+00 -8.875559076369921030e-01
4.385663344411351972e+00 -8.996979177673039008e-01
4.398229715025710362e+00 -9.809899522604640376e-01
4.410796085640069641e+00 -9.938371618399105545e-01
4.423362456254428032e+00 -1.003425249845031342e+00
4.435928826868787311e+00 -1.012968651604425396e+00
4.448495197483146590e+00 -8.530246233502501996e-01
4.461061568097505869e+00 -1.027669597252594214e+00
4.473627938711865148e+00 -8.811721750935731512e-01
4.486194309326224428e+00 -8.968227554244430078e-01
4.498760679940583707e+00 -1.021505352334573846e+00
4.511327050554942986e+00 -1.021292068383482743e+00
4.523893421169302265e+00 -9.343562847579252040e-01
4.536459791783661544e+00 -9.056229334010583720e-01
4.549026162398019935e+00 -1.030071522378031679e+00
4.561592533012379214e+00 -1.015697628446369016e+00
4.574158903626738493e+00 -9.730879516900964310e-01
4.586725274241097772e+00 -1.053183487422645559e+00
4.599291644855457051e+00 -9.537433532346669685e-01
4.611858015469816330e+00 -8.848739984431508443e-01
4.624424386084175609e+00 -8.509013967518266330e-01
4.636990756698534888e+00 -1.069981427565412702e+00
4.649557127312894167e+00 -1.062936695842500168e+00
4.662123497927252558e+00 -9.378544733991657223e-01
4.674689868541611837e+00 -1.010789520367232575e+00
4.687256239155971116e+00 -1.070817502211981243e+00
4.699822609770330395e+00 -8.635888110199689827e-01
4.712388980384689674e+00 -1.151683977753169108e+00
4.724955350999048953e+00 -1.030141706851867678e+00
4.737521721613408232e+00 -1.118283528349484746e+00
4.750088092227767511e+00 -1.094774641590052999e+00
4.762654462842126790e+00 -1.141452805424522765e+00
4.775220833456485181e+00 -1.028618308063019793e+00
4.787787204070844460e+00 -9.072099155611731414e-01
4.800353574685203739e+00 -1.086877472061516636e+00
4.812919945299563018e+00 -1.248622401201590071e+00
4.825486315913922297e+00 -9.861021614460429019e-01
4.838052686528281576e+00 -1.129901598898622961e+00
4.850619057142640855e+00 -9.718236551158713210e-01
4.863185427757000134e+00 -1.017142979478992570e+00
4.875751798371359413e+00 -9.543416565561936293e-01
4.888318168985717804e+00 -1.065854508913340881e+00
4.900884539600077083e+00 -1.238363112689483403e+00
4.913450910214436362e+00 -1.093373709602447175e+00
4.926017280828795641e+00 -9.085992008379634166e-01
4.938583651443154920e+00 -9.358932032469767792e-01
4.951150022057514200e+00 -1.006392557148198863e+00
4.963716392671873479e+00 -8.931236077044469868e-01
4.976282763286232758e+00 -8.287601931759458473e-01
4.988849133900592037e+00 -9.249594866032101459e-01
5.001415504514951316e+00 -8.075756196678771648e-01
5.013981875129309707e+00 -8.898471655961389670e-01
5.026548245743668986e+00 -8.897701653292602320e-01
5.039114616358028265e+00 -1.092005779252060993e+00
5.051680986972387544e+00 -8.674602831730187091e-01
5.064247357586746823e+00 -1.133166522362633932e+00
5.076813728201106102e+00 -9.435870324187473068e-01
5.089380098815465381e+00 -9.371021175799167935e-01
5.101946469429824660e+00 -9.202174758220363904e-01
5.114512840044183939e+00 -8.276121108912005697e-01
5.127079210658542330e+00 -9.611397412590693135e-01
5.139645581272901609e+00 -8.961152413329366295e-01
5.152211951887260888e+00 -8.522470643240720456e-01
5.164778322501620167e+00 -7.329467684261756766e-01
5.177344693115979446e+00 -9.975626445601596393e-01
5.189911063730338725e+00 -1.056992634718039392e+00
5.202477434344698004e+00 -7.075747534195220290e-01
5.215043804959057283e+00 -8.744937421178442527e-01
5.227610175573416562e+00 -9.490791901980045742e-01
5.240176546187774953e+00 -8.325363238007156275e-01
5.252742916802134232e+00 -9.440013823134101312e-01
5.265309287416492623e+00 -7.441479118529438219e-01
5.277875658030851902e+00 -7.790356554524036081e-01
5.290442028645211181e+00 -8.933672295619878856e-01
5.303008399259570460e+00 -9.570118002238394705e-01
5.315574769873929739e+00 -9.389982504421411358e-01
5.328141140488289018e+00 -8.025005455782799890e-01
5.340707511102648297e+00 -8.882564511431025878e-01
5.353273881717007576e+00 -9.004732451982937480e-01
5.365840252331366855e+00 -1.102414333414889924e+00
5.378406622945726134e+00 -8.105219972956775321e-01
5.390972993560084525e+00 -7.771734849245116594e-01
5.403539364174443804e+00 -7.630724236105739244e-01
5.416105734788803083e+00 -7.714932365756485000e-01
5.428672105403162362e+00 -7.041471729903825416e-01
5.441238476017521641e+00 -6.694765230721525517e-01
5.453804846631880920e+00 -6.575622733374666407e-01
5.466371217246240199e+00 -6.730655972609934645e-01
5.478937587860599479e+00 -7.325795153985602548e-01
5.491503958474958758e+00 -6.822991999674048458e-01
5.504070329089317148e+00 -7.188683659144207150e-01
5.516636699703676427e+00 -8.111967122840400002e-01
5.529203070318035707e+00 -4.412159722521846739e-01
5.541769440932394986e+00 -7.484768581718450609e-01
5.554335811546754265e+00 -6.068684388289553588e-01
5.566902182161113544e+00 -6.106651573795524035e-01
5.579468552775472823e+00 -5.986862202449160231e-01
5.592034923389832102e+00 -8.169112382006484818e-01
5.604601294004191381e+00 -5.904316195818855029e-01
5.617167664618549772e+00 -6.867446236339851406e-01
5.629734035232909051e+00 -6.765220691816681287e-01
5.642300405847268330e+00 -6.840091333380872163e-01
5.654866776461627609e+00 -6.342023079108239925e-01
5.667433147075986888e+00 -5.928293358322743734e-01
5.679999517690346167e+00 -5.446517531983500193e-01
5.692565888304705446e+00 -4.840835944432468341e-01
5.705132258919064725e+00 -4.908108987435439996e-01
5.717698629533424004e+00 -7.514518093246929098e-01
5.730265000147783283e+00 -6.142814389386330731e-01
5.742831370762141674e+00 -5.641820301196825982e-01
5.755397741376500953e+00 -3.930430405304009556e-01
5.767964111990860232e+00 -6.605166248225571302e-01
5.780530482605219511e+00 -5.774010943373428795e-01
5.793096853219578790e+00 -5.648219752858739673e-01
5.805663223833938069e+00 -3.127193944875757969e-01
5.818229594448297348e+00 -4.113214390544923660e-01
5.830795965062656627e+00 -5.107004247096331717e-01
5.843362335677015906e+00 -3.778005247813900347e-01
5.855928706291374297e+00 -4.901395643890726350e-01
5.868495076905733576e+00 -3.276430266645209421e-01
5.881061447520092855e+00 -4.962287687486364174e-01
5.893627818134452134e+00 -3.841352689514706542e-01
5.906194188748811413e+00 -3.320930017350827157e-01
5.918760559363170692e+00 -2.765477950073527147e-01
5.931326929977529971e+00 -3.984862763520281015e-01
5.943893300591889250e+00 -3.548013533311435985e-01
5.956459671206248530e+00 -5.212939554203390724e-01
5.969026041820606920e+00 -3.695278617392444565e-01
5.981592412434966199e+00 -1.808481723544302366e-01
5.994158783049325478e+00 -3.847732088050390686e-01
6.006725153663684758e+00 -1.706566336117906479e-01
6.019291524278044037e+00 -3.010256424832835620e-01
6.031857894892402427e+00 -3.843882520628257859e-01
6.044424265506761706e+00 -2.356558792533818836e-01
6.056990636121120986e+00 -3.840624762215431032e-01
6.069557006735480265e+00 -3.514796065391578295e-01
6.082123377349839544e+00 -1.794657425826582109e-01
6.094689747964198823e+00 -3.077124264965563349e-01
6.107256118578558102e+00 -1.052502890453593520e-01
6.119822489192916493e+00 -7.486961175485010167e-02
6.132388859807275772e+00 -2.092527477483426546e-01
6.144955230421635051e+00 -2.114098702159465937e-01
6.157521601035994330e+00 -2.541446259364075200e-01
6.170087971650353609e+00 -9.928509366994422991e-02
6.182654342264712888e+00 -2.873029104104950493e-01
6.195220712879072167e+00 6.044110172937980363e-02
6.207787083493431446e+00 -8.769086488831125126e-02
6.220353454107790725e+00 -8.533809298496827789e-03
6.232919824722149116e+00 9.984693214069584322e-03
6.245486195336508395e+00 1.820215254059519838e-01
6.258052565950867674e+00 -1.567058824217501256e-01
6.270618936565226953e+00 1.053833191272151720e-01
