0.000000000000000000e+00 -5.159414744319638230e-02
1.256637061435917323e-02 -3.509076974241105012e-02
2.513274122871834645e-02 3.924073484145634838e-02
3.769911184307751795e-02 1.044312093297113803e-02
5.026548245743669291e-02 -3.143949781591957870e-02
6.283185307179586787e-02 1.489882767806680608e-01
7.539822368615503589e-02 1.542924196187151487e-01
8.796459430051420392e-02 8.734226419284490950e-02
1.005309649148733858e-01 4.923007116102214031e-02
1.130973355292325677e-01 1.150281640485616153e-02
1.256637061435917357e-01 1.165209355506916789e-01
1.382300767579508760e-01 1.850567934248629753e-01
1.507964473723100718e-01 -9.900184162182651404e-02
1.633628179866692676e-01 1.836841542316712261e-01
1.759291886010284078e-01 2.746396547497424456e-01
1.884955592153875759e-01 5.684460216665879195e-02
2.010619298297467716e-01 3.626584868748592427e-01
2.136283004441059397e-01 3.197081961232865477e-01
2.261946710584651354e-01 4.399279448461640429e-01
2.387610416728242757e-01 4.678332319232486602e-01
2.513274122871834715e-01 3.628714430222593768e-01
2.638937829015426395e-01 3.802205463442661082e-01
2.764601535159017520e-01 4.283067077485226415e-01
2.890265241302609756e-01 1.824782046908391409e-01
3.015928947446201436e-01 3.114354338868066119e-01
3.141592653589793116e-01 5.846263784330206770e-01
3.267256359733385351e-01 2.506016139906688811e-01
3.392920065876976476e-01 1.668620568892843492e-01
3.518583772020568157e-01 1.548238394252546279e-01
3.644247478164160392e-01 3.393040329931189536e-01
3.769911184307751517e-01 4.652246505021411793e-01
3.895574890451343197e-01 3.027543341708879288e-01
4.021238596594935433e-01 3.380057354006275050e-01
4.146902302738527113e-01 5.893085880306367930e-01
4.272566008882118793e-01 4.637082244129874242e-01
4.398229715025711029e-01 5.002418394534748902e-01
4.523893421169302709e-01 2.799674374429642065e-01
4.649557127312893834e-01 4.524822057168846889e-01
4.775220833456485514e-01 5.353822136900088235e-01
4.900884539600077194e-01 4.430475809581972957e-01
5.026548245743669430e-01 4.483197896206705391e-01
5.152211951887261110e-01 5.381741712157582791e-01
5.277875658030852790e-01 3.879373208550006558e-01
5.403539364174444470e-01 3.443400154767894961e-01
5.529203070318035040e-01 7.148212657300669903e-01
5.654866776461627831e-01 6.993266776791604578e-01
5.780530482605219511e-01 5.239277630806300490e-01
5.906194188748811191e-01 4.113849837804333109e-01
6.031857894892402872e-01 5.965866874786398544e-01
6.157521601035994552e-01 4.514452725343967021e-01
6.283185307179586232e-01 6.517278571876886639e-01
6.408849013323177912e-01 5.863358539388504598e-01
6.534512719466770703e-01 6.009282974423851842e-01
6.660176425610361273e-01 6.418970067862005413e-01
6.785840131753952953e-01 5.069266064729437415e-01
6.911503837897544633e-01 7.911225179223202453e-01
7.037167544041136313e-01 5.111886406482132328e-01
7.162831250184729104e-01 6.365183053694007942e-01
7.288494956328320784e-01 5.382896763222019265e-01
7.414158662471912464e-01 6.464662379843759688e-01
7.539822368615503034e-01 6.863132797460433920e-01
7.665486074759094715e-01 7.396662966941927042e-01
7.791149780902686395e-01 6.696010521238301427e-01
7.916813487046279185e-01 7.179269830606256342e-01
8.042477193189870865e-01 7.719067951877630618e-01
8.168140899333462546e-01 6.891010412161931997e-01
8.293804605477054226e-01 6.704737819817835343e-01
8.419468311620645906e-01 7.916048142534428678e-01
8.545132017764237586e-01 6.398709653517080653e-01
8.670795723907829267e-01 7.630467609442814769e-01
8.796459430051422057e-01 9.656611750293694341e-01
8.922123136195013737e-01 7.782522352028651280e-01
9.047786842338605418e-01 7.974100114077639079e-01
9.173450548482194877e-01 7.507146958524671954e-01
9.299114254625787668e-01 9.213922729250338950e-01
9.424777960769379348e-01 6.915497475177401210e-01
9.550441666912971028e-01 1.038192375013200497e+00
9.676105373056562708e-01 9.174702812379211814e-01
9.801769079200154389e-01 8.977147131245845069e-01
9.927432785343746069e-01 8.318776589450554981e-01
1.005309649148733886e+00 7.347356591278382254e-01
1.017876019763092943e+00 9.567083332487824610e-01
1.030442390377452222e+00 6.600636616253008349e-01
1.043008760991811279e+00 9.286044259795880329e-01
1.055575131606170558e+00 8.774724896464063395e-01
1.068141502220529837e+00 8.258524849309289984e-01
1.080707872834888894e+00 1.010942920196991057e+00
1.093274243449248173e+00 8.845115548138672290e-01
1.105840614063607008e+00 8.291450945948160012e-01
1.118406984677966287e+00 7.550063340226382813e-01
1.130973355292325566e+00 9.075302968543811355e-01
1.143539725906684623e+00 1.055662441570041521e+00
1.156106096521043902e+00 9.637433172309324281e-01
1.168672467135402959e+00 8.901594197153556154e-01
1.181238837749762238e+00 8.940252669753259163e-01
1.193805208364121295e+00 8.549908157980022905e-01
1.206371578978480574e+00 1.051437072458679234e+00
1.218937949592839853e+00 1.022805026175710452e+00
1.231504320207198910e+00 8.135895655293980955e-01
1.244070690821558189e+00 8.329626542438302028e-01
1.256637061435917246e+00 1.104018420469801587e+00
1.269203432050276525e+00 1.182344593062325311e+00
1.281769802664635582e+00 1.096928338852964258e+00
1.294336173278994861e+00 1.011115231118933533e+00
1.306902543893354141e+00 1.069073780028621190e+00
1.319468914507712975e+00 8.496482485867515866e-01
1.332035285122072255e+00 1.046595273850313035e+00
1.344601655736431534e+00 9.832041725346134520e-01
1.357168026350790591e+00 1.083668105856068875e+00
1.369734396965149870e+00 1.130871209489329177e+00
1.382300767579508927e+00 9.407877565446789436e-01
1.394867138193868206e+00 1.177520866708237746e+00
1.407433508808227263e+00 1.052114635653530028e+00
1.419999879422586542e+00 9.747179384010689063e-01
1.432566250036945821e+00 1.014119169655392394e+00
1.445132620651304878e+00 9.095819950042423052e-01
1.457698991265664157e+00 9.201683492247292318e-01
1.470265361880023214e+00 8.375683542100013090e-01
1.482831732494382493e+00 1.103038501837009244e+00
1.495398103108741550e+00 9.157475755721816713e-01
1.507964473723100607e+00 9.596628629244108311e-01
1.520530844337459886e+00 9.549369800641882566e-01
1.533097214951818943e+00 1.038844521104654861e+00
1.545663585566178222e+00 9.749299469578227573e-01
1.558229956180537279e+00 1.143044639819387420e+00
1.570796326794896558e+00 9.411712146640073273e-01
1.583362697409255837e+00 1.033165863833126474e+00
1.595929068023614894e+00 1.004820900257682670e+00
1.608495438637974173e+00 8.988153723436832498e-01
1.621061809252333230e+00 8.637519907083696102e-01
1.633628179866692509e+00 1.053840618300840637e+00
1.646194550481051566e+00 9.590525007951559155e-01
1.658760921095410845e+00 9.944583995882113614e-01
1.671327291709770124e+00 9.342760050579833608e-01
1.683893662324129181e+00 8.930985774806707855e-01
1.696460032938488460e+00 1.124517186800216617e+00
1.709026403552847517e+00 1.126911536816592729e+00
1.721592774167206796e+00 8.789467401816639658e-01
1.734159144781565853e+00 8.377219386443562898e-01
1.746725515395925132e+00 8.996127970306142529e-01
1.759291886010284411e+00 9.969030484626835165e-01
1.771858256624643468e+00 8.242816277808127090e-01
1.784424627239002747e+00 1.020178185820989292e+00
1.796990997853361804e+00 9.668593461327258387e-01
1.809557368467721084e+00 8.435280001293523622e-01
1.822123739082079918e+00 1.040253820705983046e+00
1.834690109696438975e+00 1.065326696631385905e+00
1.847256480310798255e+00 9.417612034400726362e-01
1.859822850925157534e+00 1.023386926482200643e+00
1.872389221539516591e+00 9.398326609561752365e-01
1.884955592153875870e+00 9.231499548561611368e-01
1.897521962768234927e+00 1.069241157221554772e+00
1.910088333382594206e+00 9.844586674277496785e-01
1.922654703996953263e+00 8.648976271620588685e-01
1.935221074611312542e+00 8.387688481477479918e-01
1.947787445225671821e+00 1.051018254089654214e+00
1.960353815840030878e+00 8.462212282612028291e-01
1.972920186454390157e+00 1.037973700295355073e+00
1.985486557068749214e+00 8.301041252004147664e-01
1.998052927683108493e+00 8.398838672333687194e-01
2.010619298297467772e+00 8.939158186597919720e-01
2.023185668911826607e+00 7.607630478205058555e-01
2.035752039526185886e+00 8.638687046016232385e-01
2.048318410140545165e+00 8.499876758297603141e-01
2.060884780754904444e+00 9.537511420923528993e-01
2.073451151369263723e+00 9.675964585590941525e-01
2.086017521983622558e+00 8.564904708821923229e-01
2.098583892597981837e+00 7.945538191279988283e-01
2.111150263212341116e+00 8.768379940302902797e-01
2.123716633826700395e+00 7.893617362738003518e-01
2.136283004441059674e+00 9.985039746951124284e-01
2.148849375055418509e+00 6.342334404664042857e-01
2.161415745669777788e+00 6.615726866188025301e-01
2.173982116284137067e+00 7.650177070012915692e-01
2.186548486898496346e+00 8.159652072895716701e-01
2.199114857512855181e+00 9.246720212618921853e-01
2.211681228127214016e+00 7.600879991291196180e-01
2.224247598741573295e+00 8.200580029419676231e-01
2.236813969355932574e+00 9.427359287355324691e-01
2.249380339970291853e+00 7.575650914598331953e-01
2.261946710584651132e+00 6.641386660477777149e-01
2.274513081199009967e+00 7.970782668401086291e-01
2.287079451813369246e+00 7.579922914124224143e-01
2.299645822427728525e+00 7.910753065884250645e-01
2.312212193042087804e+00 7.322625089006110644e-01
2.324778563656447083e+00 7.274338245773191991e-01
2.337344934270805918e+00 5.916156998449505489e-01
2.349911304885165197e+00 6.496112080472613570e-01
2.362477675499524477e+00 8.577008159426999789e-01
2.375044046113883756e+00 6.469020039413141410e-01
2.387610416728242591e+00 6.125441733112202414e-01
2.400176787342601870e+00 5.781541649084143142e-01
2.412743157956961149e+00 8.740062654413416343e-01
2.425309528571320428e+00 6.593230727473523567e-01
2.437875899185679707e+00 5.042698742580117299e-01
2.450442269800038542e+00 6.085762020581189091e-01
2.463008640414397821e+00 6.986410694759501716e-01
2.475575011028757100e+00 7.976389214107149073e-01
2.488141381643116379e+00 7.642165694018729916e-01
2.500707752257475658e+00 4.962625017911087566e-01
2.513274122871834493e+00 5.914382808225616683e-01
2.525840493486193772e+00 5.798215268398967392e-01
2.538406864100553051e+00 7.406703190284302796e-01
2.550973234714912330e+00 6.872296011467580179e-01
2.563539605329271165e+00 4.419080794360921161e-01
2.576105975943630444e+00 4.999904366274502965e-01
2.588672346557989723e+00 4.353828540997122243e-01
2.601238717172349002e+00 3.960393398617464422e-01
2.613805087786708281e+00 5.047911384135412849e-01
2.626371458401067116e+00 5.079874188133991497e-01
2.638937829015425951e+00 4.990291478912391443e-01
2.651504199629785230e+00 4.795024022322108004e-01
2.664070570244144509e+00 3.307688951287406365e-01
2.676636940858503788e+00 6.615102109567349009e-01
2.689203311472863067e+00 4.521647456714014135e-01
2.701769682087221902e+00 4.011037310597403982e-01
2.714336052701581181e+00 3.100477330216526717e-01
2.726902423315940460e+00 3.566203871690944993e-01
2.739468793930299739e+00 2.806955489913620649e-01
2.752035164544658574e+00 2.097173223621073002e-01
2.764601535159017853e+00 4.440936687206428202e-01
2.777167905773377132e+00 3.327334242898429828e-01
2.789734276387736411e+00 2.058787960702304909e-01
2.802300647002095690e+00 4.300102834046293232e-01
2.814867017616454525e+00 3.410215065361923981e-01
2.827433388230813804e+00 3.977148639662755336e-01
2.839999758845173083e+00 2.083611682240291141e-01
2.852566129459532362e+00 2.765508714744792651e-01
2.865132500073891642e+00 3.679892364942697336e-01
2.877698870688250476e+00 2.756319970948307163e-01
2.890265241302609756e+00 3.304929878637996032e-01
2.902831611916969035e+00 1.893581329737759888e-01
2.915397982531328314e+00 2.134021865702524778e-01
2.927964353145687149e+00 1.900829273186777912e-01
2.940530723760046428e+00 2.358923026751276186e-01
2.953097094374405707e+00 2.329661944526242867e-02
2.965663464988764986e+00 2.867619236061232368e-01
2.978229835603124265e+00 9.405105174366706899e-02
2.990796206217483100e+00 2.918276635433449950e-01
3.003362576831842379e+00 1.690786969759857927e-01
3.015928947446201214e+00 2.154788296497614497e-01
3.028495318060560493e+00 8.120698889933110343e-02
3.041061688674919772e+00 2.594993423076443761e-01
3.053628059289279051e+00 1.053952562574970025e-01
3.066194429903637886e+00 1.332183449802810116e-01
3.078760800517997165e+00 -3.934114571135712002e-02
3.091327171132356444e+00 -2.004421584894392622e-02
3.103893541746715723e+00 5.448870535973981966e-02
3.116459912361074558e+00 8.698866884593479953e-02
3.129026282975433837e+00 5.859699826283237822e-02
3.141592653589793116e+00 -1.273226998017984359e-03
3.154159024204152395e+00 -1.619861871030764400e-01
3.166725394818511674e+00 2.795864665166802529e-02
3.179291765432870509e+00 -1.254108933872174481e-01
3.191858136047229788e+00 -9.846969145342804319e-03
3.204424506661589067e+00 -7.316762437944372699e-02
3.216990877275948346e+00 -2.244321710829355054e-01
3.229557247890307181e+00 -9.094281416905435067e-02
3.242123618504666460e+00 -1.871890780258352038e-01
3.254689989119025739e+00 4.498106100279479491e-02
3.267256359733385018e+00 -6.361263460358640431e-02
3.279822730347744297e+00 -2.560989548257718851e-01
3.292389100962103132e+00 -1.846624873168246084e-01
3.304955471576462411e+00 -3.047876659719034320e-01
3.317521842190821690e+00 -1.235149996856771681e-01
3.330088212805180969e+00 -1.354569347233899601e-01
3.342654583419540248e+00 -2.835494494395008336e-01
3.355220954033899083e+00 -9.304477919042324074e-02
3.367787324648258362e+00 -2.103320928802036582e-01
3.380353695262617642e+00 -2.252808329673349486e-01
3.392920065876976921e+00 -3.625266563726767255e-01
3.405486436491335756e+00 -1.299886180553425641e-01
3.418052807105695035e+00 -1.809076920447265646e-01
3.430619177720054314e+00 -4.599446515599416307e-01
3.443185548334413593e+00 -2.563599036972061262e-01
3.455751918948772872e+00 -3.217010455967311833e-01
3.468318289563131707e+00 -5.537648737721522219e-01
3.480884660177490986e+00 -2.690457249855350286e-01
3.493451030791850265e+00 -4.761056256169678425e-01
3.506017401406209544e+00 -3.198203763195566762e-01
3.518583772020568823e+00 -4.763157796440228298e-01
3.531150142634927658e+00 -4.100345214557237772e-01
3.543716513249286937e+00 -2.653858162415891897e-01
3.556282883863646216e+00 -4.797900520990835416e-01
3.568849254478005495e+00 -4.524015660071130651e-01
3.581415625092364330e+00 -2.563405638027002054e-01
3.593981995706723609e+00 -2.973352367653725459e-01
3.606548366321082888e+00 -3.848886684417903714e-01
3.619114736935442167e+00 -3.040011835251371641e-01
3.631681107549800558e+00 -3.549413689231852853e-01
3.644247478164159837e+00 -3.377552136702625663e-01
3.656813848778519116e+00 -3.342606071705153670e-01
3.669380219392877951e+00 -5.156585488422402719e-01
3.681946590007237230e+00 -5.571987740073258699e-01
3.694512960621596509e+00 -2.559627043668573632e-01
3.707079331235955788e+00 -4.391062741638216416e-01
3.719645701850315067e+00 -4.640479115837566337e-01
3.732212072464673902e+00 -5.058435293510171737e-01
3.744778443079033181e+00 -4.427885027199887080e-01
3.757344813693392460e+00 -4.928609466122088056e-01
3.769911184307751739e+00 -4.814752642231169277e-01
3.782477554922110574e+00 -5.532843321758055266e-01
3.795043925536469853e+00 -6.508207633951305082e-01
3.807610296150829132e+00 -5.052477168262963225e-01
3.820176666765188411e+00 -6.880690972900186386e-01
3.832743037379547690e+00 -7.981079989040793521e-01
3.845309407993906525e+00 -6.291738120907744980e-01
3.857875778608265804e+00 -6.049109305327747821e-01
3.870442149222625083e+00 -7.131601211528637574e-01
3.883008519836984362e+00 -4.916624664733701966e-01
3.895574890451343641e+00 -7.180407960469010753e-01
3.908141261065702476e+00 -6.295989931558656494e-01
3.920707631680061755e+00 -6.005430355208969395e-01
3.933274002294421035e+00 -6.220809458549880766e-01
3.945840372908780314e+00 -7.986119282838062272e-01
3.958406743523139149e+00 -8.915492704430234561e-01
3.970973114137498428e+00 -6.172698107189045214e-01
3.983539484751857707e+00 -6.100620404228891402e-01
3.996105855366216986e+00 -6.471361654589550261e-01
4.008672225980576265e+00 -7.002516795458536558e-01
4.021238596594935544e+00 -7.500600597263472613e-01
4.033804967209294823e+00 -8.355367468848146073e-01
4.046371337823653214e+00 -7.339395861895450235e-01
4.058937708438012493e+00 -8.503123258250001593e-01
4.071504079052371772e+00 -5.934036108625730943e-01
4.084070449666731051e+00 -9.000291477480236724e-01
4.096636820281090330e+00 -8.977634039882983474e-01
4.109203190895449609e+00 -8.875262487570971803e-01
4.121769561509808888e+00 -7.234104780897254727e-01
4.134335932124168167e+00 -9.388695084591243134e-01
4.146902302738527446e+00 -6.267359636040626958e-01
4.159468673352886725e+00 -1.052245001885208531e+00
4.172035043967245116e+00 -8.228761432137706722e-01
4.184601414581604395e+00 -6.580836396881060146e-01
4.197167785195963674e+00 -8.549604020801785387e-01
4.209734155810322953e+00 -9.707178828517045721e-01
4.222300526424682232e+00 -8.595679665257563995e-01
4.234866897039041511e+00 -8.819450247491966710e-01
4.247433267653400790e+00 -9.661381530250354732e-01
4.259999638267760069e+00 -7.513873161698052527e-01
4.272566008882119348e+00 -7.827730264612207112e-01
4.285132379496477739e+00 -8.700706652277468978e-01
4.297698750110837018e+00 -1.028124582979281332e+00
4.310265120725196297e+00 -8.203830754418410809e-01
4.322831491339555576e+00 -9.913652538863659824e-01
4.335397861953914855e+00 -8.695466923864548781e-01
4.347964232568274134e+00 -1.001006489941090427e+00
4.360530603182633413e+00 -1.097254578685209925e+00
4.373096973796992692e+00 -9.342971200268964660e-01
4.385663344411351972e+00 -8.588539197492455202e-01
4.398229715025710362e+00 -9.235278796570425275e-01
4.410796085640069641e+00 -1.102144824841905235e+00
4.423362456254428032e+00 -8.813211758710564059e-01
4.435928826868787311e+00 -8.905799337476384414e-01
4.448495197483146590e+00 -1.065591942846724205e+00
4.461061568097505869e+00 -9.293694119491633376e-01
4.473627938711865148e+00 -9.696753609556015840e-01
4.486194309326224428e+00 -1.133082529809386729e+00
4.498760679940583707e+00 -9.445349797612181408e-01
4.511327050554942986e+00 -1.104150052389237580e+00
4.523893421169302265e+00 -1.051849068714318935e+00
4.536459791783661544e+00 -9.565585110037366778e-01
4.549026162398019935e+00 -1.095813096779264750e+00
4.561592533012379214e+00 -1.231799738345995987e+00
4.574158903626738493e+00 -1.037068144559809113e+00
4.586725274241097772e+00 -1.085881684327204777e+00
4.599291644855457051e+00 -1.023750920142738829e+00
4.611858015469816330e+00 -1.135661790142563854e+00
4.624424386084175609e+00 -1.047996112998535345e+00
4.636990756698534888e+00 -1.007358692185096549e+00
4.649557127312894167e+00 -8.775751304769936478e-01
4.662123497927252558e+00 -1.017049511185243116e+00
4.674689868541611837e+00 -9.595978558550897208e-01
4.687256239155971116e+00 -1.072264940690309531e+00
4.699822609770330395e+00 -8.680792955841662994e-01
4.712388980384689674e+00 -9.692998255290973253e-01
4.724955350999048953e+00 -1.006617373905793311e+00
4.737521721613408232e+00 -9.388520301339088325e-01
4.750088092227767511e+00 -9.359110500500638086e-01
4.762654462842126790e+00 -1.177702165111677912e+00
4.775220833456485181e+00 -8.022292861204796122e-01
4.787787204070844460e+00 -1.074397008209952986e+00
4.800353574685203739e+00 -1.187352955637999141e+00
4.812919945299563018e+00 -8.497284482271120210e-01
4.825486315913922297e+00 -1.026590799462932413e+00
4.838052686528281576e+00 -1.077141674108691660e+00
4.850619057142640855e+00 -1.106407215439198843e+00
4.863185427757000134e+00 -9.936382351029636739e-01
4.875751798371359413e+00 -1.001903225483100845e+00
4.888318168985717804e+00 -9.728922348070514481e-01
4.900884539600077083e+00 -1.005527438363249537e+00
4.913450910214436362e+00 -1.097656317628919798e+00
4.926017280828795641e+00 -1.038912733501293761e+00
4.938583651443154920e+00 -1.010088803071763852e+00
4.951150022057514200e+00 -9.570650972463966566e-01
4.963716392671873479e+00 -1.001782976696307781e+00
4.976282763286232758e+00 -1.044113562779307225e+00
4.988849133900592037e+00 -9.694226973914015222e-01
5.001415504514951316e+00 -8.648995364318685652e-01
5.013981875129309707e+00 -7.903130666603112031e-01
5.026548245743668986e+00 -9.735136299781648184e-01
5.039114616358028265e+00 -8.983140290144429052e-01
5.051680986972387544e+00 -9.444956506002180063e-01
5.064247357586746823e+00 -9.304991126113993927e-01
5.076813728201106102e+00 -8.400509949425072342e-01
5.089380098815465381e+00 -9.510645855835175855e-01
5.101946469429824660e+00 -8.468510536285960288e-01
5.114512840044183939e+00 -1.069327488931577808e+00
5.127079210658542330e+00 -8.539107445257859696e-01
5.139645581272901609e+00 -9.100605526285516778e-01
5.152211951887260888e+00 -9.151231167988327364e-01
5.164778322501620167e+00 -9.502323225874472756e-01
5.177344693115979446e+00 -1.009384859214691232e+00
5.189911063730338725e+00 -9.145501636599459028e-01
5.202477434344698004e+00 -8.890976439407612952e-01
5.215043804959057283e+00 -9.138635222706754657e-01
5.227610175573416562e+00 -7.676223323177037150e-01
5.240176546187774953e+00 -9.389820574380112195e-01
5.252742916802134232e+00 -7.827091908938301756e-01
5.265309287416492623e+00 -9.396655449813684502e-01
5.277875658030851902e+00 -8.799858187255813480e-01
5.290442028645211181e+00 -9.519602592549391007e-01
5.303008399259570460e+00 -8.592888081160759972e-01
5.315574769873929739e+00 -8.442383346944331013e-01
5.328141140488289018e+00 -9.554292561620941759e-01
5.340707511102648297e+00 -6.571448792354888102e-01
5.353273881717007576e+00 -9.158499882537434189e-01
5.365840252331366855e+00 -7.565390524948343298e-01
5.378406622945726134e+00 -7.098942868539667161e-01
5.390972993560084525e+00 -7.986635237757115924e-01
5.403539364174443804e+00 -7.441163889763708905e-01
5.416105734788803083e+00 -7.962055296707113428e-01
5.428672105403162362e+00 -6.026423213902317721e-01
5.441238476017521641e+00 -6.735848162582641629e-01
5.453804846631880920e+00 -5.232706264753463898e-01
5.466371217246240199e+00 -8.078455453221187188e-01
5.478937587860599479e+00 -7.506592584393174672e-01
5.491503958474958758e+00 -7.743800278866370679e-01
5.504070329089317148e+00 -7.497928416174761690e-01
5.516636699703676427e+00 -7.783672191900933290e-01
5.529203070318035707e+00 -6.296700082152449918e-01
5.541769440932394986e+00 -6.116489661042145976e-01
5.554335811546754265e+00 -6.805021174352965385e-01
5.566902182161113544e+00 -3.575414817788029609e-01
5.579468552775472823e+00 -7.057415563382667401e-01
5.592034923389832102e+00 -6.155085131155659806e-01
5.604601294004191381e+00 -6.807458152311940403e-01
5.617167664618549772e+00 -8.194489238463458225e-01
5.629734035232909051e+00 -7.620481260921818656e-01
5.642300405847268330e+00 -7.966980476969981462e-01
5.654866776461627609e+00 -6.244439865543756074e-01
5.667433147075986888e+00 -6.194984590212226916e-01
5.679999517690346167e+00 -7.554262871820356384e-01
5.692565888304705446e+00 -6.861708557803951614e-01
5.705132258919064725e+00 -4.809863784271743437e-01
5.717698629533424004e+00 -4.988902306133978781e-01
5.730265000147783283e+00 -6.207403079524137501e-01
5.742831370762141674e+00 -5.282249446644514679e-01
5.755397741376500953e+00 -5.926356799837938505e-01
5.767964111990860232e+00 -4.226409901969479521e-01
5.780530482605219511e+00 -4.515476630668528446e-01
5.793096853219578790e+00 -4.706031003265837565e-01
5.805663223833938069e+00 -5.009841665305084790e-01
5.818229594448297348e+00 -4.481987412882026955e-01
5.830795965062656627e+00 -3.124123666941534538e-01
5.843362335677015906e+00 -3.781553955090364294e-01
5.855928706291374297e+00 -3.148786248131970056e-01
5.868495076905733576e+00 -4.007200012949111434e-01
5.881061447520092855e+00 -2.601994150593059940e-01
5.893627818134452134e+00 -3.300299687876676602e-01
5.906194188748811413e+00 -3.132217419369678346e-01
5.918760559363170692e+00 -5.750769302971039387e-01
5.931326929977529971e+00 -2.947464358095847614e-01
5.943893300591889250e+00 -3.245705969181937878e-01
5.956459671206248530e+00 -2.597470529933403327e-01
5.969026041820606920e+00 -3.926506259082889194e-01
5.981592412434966199e+00 -2.748678706341136091e-01
5.994158783049325478e+00 -3.336291920076168704e-01
6.006725153663684758e+00 -2.078242452926646611e-01
6.019291524278044037e+00 -2.308634760115247375e-01
6.031857894892402427e+00 -3.693110301592332223e-01
6.044424265506761706e+00 -3.442961741619945393e-01
6.056990636121120986e+00 -2.691151844573029805e-01
6.069557006735480265e+00 -7.535664169001915491e-02
6.082123377349839544e+00 -3.739017646586305643e-01
6.094689747964198823e+00 -1.075161984353649736e-01
6.107256118578558102e+00 -3.405475892431301110e-01
6.119822489192916493e+00 -2.843103163398842947e-01
6.132388859807275772e+00 -2.015510309547018930e-01
6.144955230421635051e+00 -1.399498590316128332e-03
6.157521601035994330e+00 -4.964283764119654940e-02
6.170087971650353609e+00 -1.385517084532557897e-01
6.182654342264712888e+00 -4.164728419048800701e-02
6.195220712879072167e+00 -9.463413724492455992e-03
6.207787083493431446e+00 -2.666489858001516722e-02
6.220353454107790725e+00 1.285481032881290175e-02
6.232919824722149116e+00 1.145262408088342648e-01
6.245486195336508395e+00 -1.730978768786176625e-01
6.258052565950867674e+00 1.054042044225381725e-01
6.270618936565226953e+00 -1.368450926385307853e-01
