0.000000000000000000e+00 2.372853475223059838e-01
1.256637061435917323e-02 -1.148378567753679802e-01
2.513274122871834645e-02 -1.002887035069388449e-01
3.769911184307751795e-02 -1.042716288282719561e-01
5.026548245743669291e-02 -8.632249900382925334e-02
6.283185307179586787e-02 1.485142402297388031e-01
7.539822368615503589e-02 9.383413255101678840e-02
8.796459430051420392e-02 3.352349261981266149e-02
1.005309649148733858e-01 5.012612010989361822e-03
1.130973355292325677e-01 1.374063694539886527e-01
1.256637061435917357e-01 1.313190607730077009e-01
1.382300767579508760e-01 -1.526715728459746568e-01
1.507964473723100718e-01 7.536772485171368274e-02
1.633628179866692676e-01 1.201897509892638771e-01
1.759291886010284078e-01 1.588019826000456602e-01
1.884955592153875759e-01 1.941473936203029216e-01
2.010619298297467716e-01 2.170792391623946049e-01
2.136283004441059397e-01 3.337299681016177022e-01
2.261946710584651354e-01 2.774422612722460268e-01
2.387610416728242757e-01 1.170400091507339813e-01
2.513274122871834715e-01 1.532538956724134871e-01
2.638937829015426395e-01 2.323767559371133218e-01
2.764601535159017520e-01 1.256955460433656635e-01
2.890265241302609756e-01 2.995595855179216671e-01
3.015928947446201436e-01 3.576113584142870949e-01
3.141592653589793116e-01 1.727577699575738313e-01
3.267256359733385351e-01 3.464013701785877419e-01
3.392920065876976476e-01 3.241672526484908334e-01
3.518583772020568157e-01 4.582766819210193909e-01
3.644247478164160392e-01 3.593061845702765211e-01
3.769911184307751517e-01 2.139975443985330517e-01
3.895574890451343197e-01 3.848375337438879051e-01
4.021238596594935433e-01 3.371903407948794729e-01
4.146902302738527113e-01 3.674153444825989379e-01
4.272566008882118793e-01 4.829515660824329482e-01
4.398229715025711029e-01 3.936449466911541850e-01
4.523893421169302709e-01 3.935606056374153505e-01
4.649557127312893834e-01 5.573894334969212716e-01
4.775220833456485514e-01 4.773904984919883909e-01
4.900884539600077194e-01 4.532170129794881319e-01
5.026548245743669430e-01 3.532729893591012305e-01
5.152211951887261110e-01 4.081966030150329106e-01
5.277875658030852790e-01 4.393846720557397223e-01
5.403539364174444470e-01 6.469619585407953011e-01
5.529203070318035040e-01 4.346242245889822553e-01
5.654866776461627831e-01 5.951929820770829327e-01
5.780530482605219511e-01 5.214174539441187584e-01
5.906194188748811191e-01 4.882488930101206992e-01
6.031857894892402872e-01 5.981285552436566011e-01
6.157521601035994552e-01 6.812439455624507145e-01
6.283185307179586232e-01 5.917577289069925195e-01
6.408849013323177912e-01 6.599832353208198166e-01
6.534512719466770703e-01 6.134151116715855778e-01
6.660176425610361273e-01 5.611401087742529104e-01
6.785840131753952953e-01 6.160634054416832539e-01
6.911503837897544633e-01 6.441910040406892968e-01
7.037167544041136313e-01 6.893655322303212651e-01
7.162831250184729104e-01 6.984886829106907724e-01
7.288494956328320784e-01 8.388951867225798997e-01
7.414158662471912464e-01 7.377396918654600677e-01
7.539822368615503034e-01 5.754460018303522162e-01
7.665486074759094715e-01 7.193642314470386490e-01
7.791149780902686395e-01 7.037274552359606972e-01
7.916813487046279185e-01 5.659852111388051776e-01
8.042477193189870865e-01 7.608154478044695246e-01
8.168140899333462546e-01 7.708800860979709846e-01
8.293804605477054226e-01 7.832779626663450845e-01
8.419468311620645906e-01 7.839613580423474559e-01
8.545132017764237586e-01 7.196694441424943411e-01
8.670795723907829267e-01 6.045559414532902798e-01
8.796459430051422057e-01 1.019935823742763814e+00
8.922123136195013737e-01 7.464035857711140975e-01
9.047786842338605418e-01 7.494265494712205600e-01
9.173450548482194877e-01 9.011788248676240176e-01
9.299114254625787668e-01 8.290128543555123075e-01
9.424777960769379348e-01 7.359949267834254849e-01
9.550441666912971028e-01 8.787215523007029239e-01
9.676105373056562708e-01 5.792999989461434796e-01
9.801769079200154389e-01 7.882871110385969438e-01
9.927432785343746069e-01 8.648693014999281337e-01
1.005309649148733886e+00 8.847880972565026481e-01
1.017876019763092943e+00 7.936759331395488726e-01
1.030442390377452222e+00 9.082223413572502180e-01
1.043008760991811279e+00 8.934629618306035859e-01
1.055575131606170558e+00 9.754782938733232989e-01
1.068141502220529837e+00 8.249671027362163178e-01
1.080707872834888894e+00 9.452727452191231894e-01
1.093274243449248173e+00 9.369277852994373212e-01
1.105840614063607008e+00 7.614001906496732364e-01
1.118406984677966287e+00 9.860794235094225701e-01
1.130973355292325566e+00 9.973970059094562357e-01
1.143539725906684623e+00 9.536752885786040634e-01
1.156106096521043902e+00 7.986186728485069608e-01
1.168672467135402959e+00 7.639010909299296381e-01
1.181238837749762238e+00 9.554913243816322010e-01
1.193805208364121295e+00 8.677299018786137630e-01
1.206371578978480574e+00 1.046150326037386780e+00
1.218937949592839853e+00 8.001978163870374638e-01
1.231504320207198910e+00 1.122485702717517020e+00
1.244070690821558189e+00 8.378504245775771908e-01
1.256637061435917246e+00 8.640660571693504766e-01
1.269203432050276525e+00 9.694220713272797552e-01
1.281769802664635582e+00 7.332681191767848050e-01
1.294336173278994861e+00 1.017090242516228260e+00
1.306902543893354141e+00 1.152047862834314707e+00
1.319468914507712975e+00 1.171821866600897044e+00
1.332035285122072255e+00 9.097447974672072668e-01
1.344601655736431534e+00 8.037672081392924772e-01
1.357168026350790591e+00 9.180105316368126767e-01
1.369734396965149870e+00 9.293230965202592397e-01
1.382300767579508927e+00 8.184284388961781120e-01
1.394867138193868206e+00 7.753889073938969867e-01
1.407433508808227263e+00 1.029819031712207789e+00
1.419999879422586542e+00 1.210606425381165696e+00
1.432566250036945821e+00 1.086651802971132730e+00
1.445132620651304878e+00 9.283339354498739704e-01
1.457698991265664157e+00 9.673683044917200657e-01
1.470265361880023214e+00 1.073264926946823294e+00
1.482831732494382493e+00 8.716523064860052239e-01
1.495398103108741550e+00 9.819146667457144817e-01
1.507964473723100607e+00 9.394032268826505438e-01
1.520530844337459886e+00 1.010362422124600368e+00
1.533097214951818943e+00 9.977260357567836468e-01
1.545663585566178222e+00 1.077086099734177349e+00
1.558229956180537279e+00 1.093811175203688979e+00
1.570796326794896558e+00 1.124410805453559092e+00
1.583362697409255837e+00 1.105847166603427967e+00
1.595929068023614894e+00 8.789075982969037915e-01
1.608495438637974173e+00 9.854785429405740205e-01
1.621061809252333230e+00 8.957549811488199065e-01
1.633628179866692509e+00 1.079176911117725179e+00
1.646194550481051566e+00 9.403511094041335783e-01
1.658760921095410845e+00 1.041940590027643720e+00
1.671327291709770124e+00 1.131811216286292554e+00
1.683893662324129181e+00 1.186286892202191190e+00
1.696460032938488460e+00 8.878762828544146668e-01
1.709026403552847517e+00 9.970619779912603953e-01
1.721592774167206796e+00 9.309972606788057270e-01
1.734159144781565853e+00 1.106758407727858939e+00
1.746725515395925132e+00 8.619640782690841663e-01
1.759291886010284411e+00 8.651994252684607201e-01
1.771858256624643468e+00 8.904242332900822454e-01
1.784424627239002747e+00 8.156303721736869461e-01
1.796990997853361804e+00 9.854280442876967028e-01
1.809557368467721084e+00 9.979461751638086797e-01
1.822123739082079918e+00 9.774364564064906835e-01
1.834690109696438975e+00 9.334863798588399764e-01
1.847256480310798255e+00 9.878386257666957881e-01
1.859822850925157534e+00 6.579653941752907631e-01
1.872389221539516591e+00 9.278789094735419019e-01
1.884955592153875870e+00 9.712475332162131547e-01
1.897521962768234927e+00 9.095668496610452847e-01
1.910088333382594206e+00 9.533102556411182649e-01
1.922654703996953263e+00 1.215602668694847788e+00
1.935221074611312542e+00 1.082350712112124747e+00
1.947787445225671821e+00 9.751358406189107875e-01
1.960353815840030878e+00 8.337158572209693030e-01
1.972920186454390157e+00 9.822360713969904289e-01
1.985486557068749214e+00 8.649563486481889329e-01
1.998052927683108493e+00 9.076630142687613922e-01
2.010619298297467772e+00 9.984583307025575172e-01
2.023185668911826607e+00 8.720939563922084359e-01
2.035752039526185886e+00 8.022209543740371762e-01
2.048318410140545165e+00 8.271376453054714029e-01
2.060884780754904444e+00 8.668988835550182070e-01
2.073451151369263723e+00 8.137308358052816049e-01
2.086017521983622558e+00 7.546175650966675530e-01
2.098583892597981837e+00 9.391273824567138995e-01
2.111150263212341116e+00 7.708415405556334754e-01
2.123716633826700395e+00 8.564226959793420635e-01
2.136283004441059674e+00 7.775038716846157660e-01
2.148849375055418509e+00 1.053312509195640567e+00
2.161415745669777788e+00 9.876422561465603156e-01
2.173982116284137067e+00 7.779929715519326994e-01
2.186548486898496346e+00 8.468917783789839948e-01
2.199114857512855181e+00 7.871139759743907005e-01
2.211681228127214016e+00 8.742059708073883773e-01
2.224247598741573295e+00 7.222320168360262249e-01
2.236813969355932574e+00 5.970933178180887202e-01
2.249380339970291853e+00 9.981200415342083021e-01
2.261946710584651132e+00 7.613345928944655894e-01
2.274513081199009967e+00 7.968963464048203216e-01
2.287079451813369246e+00 7.306365936936914940e-01
2.299645822427728525e+00 7.923106541888861321e-01
2.312212193042087804e+00 4.776646095676678749e-01
2.324778563656447083e+00 9.578420627615858995e-01
2.337344934270805918e+00 8.924121852349289341e-01
2.349911304885165197e+00 6.741186856880126976e-01
2.362477675499524477e+00 8.031561449698684241e-01
2.375044046113883756e+00 6.498891625255511784e-01
2.387610416728242591e+00 5.699435583564435026e-01
2.400176787342601870e+00 5.969694182536896543e-01
2.412743157956961149e+00 6.445758100442964267e-01
2.425309528571320428e+00 6.623823646707921453e-01
2.437875899185679707e+00 7.051263768431595969e-01
2.450442269800038542e+00 6.474828017615389397e-01
2.463008640414397821e+00 6.501540554355690338e-01
2.475575011028757100e+00 6.267481406589933135e-01
2.488141381643116379e+00 6.067152281987382434e-01
2.500707752257475658e+00 8.405239206577355127e-01
2.513274122871834493e+00 5.275705920439339724e-01
2.525840493486193772e+00 5.624713652792242558e-01
2.538406864100553051e+00 5.157935853726680620e-01
2.550973234714912330e+00 6.537688499649658702e-01
2.563539605329271165e+00 5.377800227115266951e-01
2.576105975943630444e+00 4.025636069525891925e-01
2.588672346557989723e+00 7.093063613611771956e-01
2.601238717172349002e+00 5.856804360219113326e-01
2.613805087786708281e+00 4.844641963482944624e-01
2.626371458401067116e+00 5.951822015249670361e-01
2.638937829015425951e+00 5.275862375524045245e-01
2.651504199629785230e+00 5.179096621399732481e-01
2.664070570244144509e+00 5.825948330577166434e-01
2.676636940858503788e+00 4.415823990227419893e-01
2.689203311472863067e+00 4.409637794708528014e-01
2.701769682087221902e+00 3.786927675060965393e-01
2.714336052701581181e+00 3.448302742609429261e-01
2.726902423315940460e+00 5.090682248652622643e-01
2.739468793930299739e+00 4.947760162407883189e-01
2.752035164544658574e+00 4.015736137888824553e-01
2.764601535159017853e+00 5.170954702694753324e-01
2.777167905773377132e+00 2.788634990411865133e-01
2.789734276387736411e+00 3.294161843779646048e-01
2.802300647002095690e+00 3.570333089523933245e-01
2.814867017616454525e+00 3.111631401789596296e-01
2.827433388230813804e+00 3.368870921777613603e-01
2.839999758845173083e+00 2.971558812123559212e-01
2.852566129459532362e+00 3.636405445412906889e-01
2.865132500073891642e+00 4.787344756543437940e-01
2.877698870688250476e+00 1.482623576345829530e-01
2.890265241302609756e+00 2.732406034324999511e-01
2.902831611916969035e+00 1.654315954560593993e-01
2.915397982531328314e+00 3.082585464515528173e-01
2.927964353145687149e+00 1.792743463320849440e-01
2.940530723760046428e+00 1.966989479686896969e-01
2.953097094374405707e+00 1.340351023672909370e-01
2.965663464988764986e+00 9.389572103674410919e-02
2.978229835603124265e+00 2.024390113206363528e-01
2.990796206217483100e+00 1.100543540934752901e-01
3.003362576831842379e+00 1.185289449899050301e-01
3.015928947446201214e+00 7.367192466230418346e-02
3.028495318060560493e+00 -9.745264311543513913e-02
3.041061688674919772e+00 1.888857208182767589e-01
3.053628059289279051e+00 4.383429581456127488e-04
3.066194429903637886e+00 1.714726822467237954e-01
3.078760800517997165e+00 -5.279793430422270728e-02
3.091327171132356444e+00 3.002664767809139212e-02
3.103893541746715723e+00 5.393492507322646123e-02
3.116459912361074558e+00 8.155269934786480573e-03
3.129026282975433837e+00 -1.270963270032999248e-01
3.141592653589793116e+00 1.983502913569068493e-02
3.154159024204152395e+00 7.868378604131522069e-02
3.166725394818511674e+00 -3.025115892071094520e-02
3.179291765432870509e+00 3.727554396611963694e-02
3.191858136047229788e+00 -9.747947738497737824e-02
3.204424506661589067e+00 -1.882051718268604179e-01
3.216990877275948346e+00 -1.752534177686527750e-01
3.229557247890307181e+00 -1.902447604809052728e-01
3.242123618504666460e+00 -2.100888802759899865e-01
3.254689989119025739e+00 -1.279913547337955815e-01
3.267256359733385018e+00 -2.271643466168934422e-01
3.279822730347744297e+00 -7.665094742018496721e-02
3.292389100962103132e+00 -4.587781020128794962e-02
3.304955471576462411e+00 -4.815068518024830102e-02
3.317521842190821690e+00 -1.709910042800775465e-01
3.330088212805180969e+00 -2.929801940056623311e-01
3.342654583419540248e+00 -2.763719808712366000e-01
3.355220954033899083e+00 -2.612561050867406864e-01
3.367787324648258362e+00 -1.557290837346219092e-01
3.380353695262617642e+00 -1.895540950863351393e-01
3.392920065876976921e+00 -1.584626396241171076e-01
3.405486436491335756e+00 -3.785653912429634560e-01
3.418052807105695035e+00 -3.543678661191023149e-01
3.430619177720054314e+00 -2.919154898333233272e-01
3.443185548334413593e+00 -3.467512808157012238e-01
3.455751918948772872e+00 -4.987892823401083309e-01
3.468318289563131707e+00 -3.834178417769746328e-01
3.480884660177490986e+00 -4.262540956580124218e-01
3.493451030791850265e+00 -3.173820725066287540e-01
3.506017401406209544e+00 -2.041144713182566628e-01
3.518583772020568823e+00 -5.108552832355677253e-01
3.531150142634927658e+00 -2.995264330082094695e-01
3.543716513249286937e+00 -5.405510722321106298e-01
3.556282883863646216e+00 -4.305781550202396613e-01
3.568849254478005495e+00 -2.207657163216398266e-01
3.581415625092364330e+00 -5.598441305228140097e-01
3.593981995706723609e+00 -5.727408486632977747e-01
3.606548366321082888e+00 -6.462895199249719669e-01
3.619114736935442167e+00 -4.811521145784831144e-01
3.631681107549800558e+00 -5.302692029337677804e-01
3.644247478164159837e+00 -2.982051534676966043e-01
3.656813848778519116e+00 -3.917378508176091456e-01
3.669380219392877951e+00 -2.520763654204060122e-01
3.681946590007237230e+00 -4.955809669820785412e-01
3.694512960621596509e+00 -6.064370645906009827e-01
3.707079331235955788e+00 -3.769398926246951831e-01
3.719645701850315067e+00 -4.247129383404271707e-01
3.732212072464673902e+00 -5.355095186398470819e-01
3.744778443079033181e+00 -7.935725059151707006e-01
3.757344813693392460e+00 -6.521891724468755758e-01
3.769911184307751739e+00 -4.656318233916345029e-01
3.782477554922110574e+00 -4.630558101771013457e-01
3.795043925536469853e+00 -6.219520512618947894e-01
3.807610296150829132e+00 -7.066732266307567123e-01
3.820176666765188411e+00 -5.460685889156347006e-01
3.832743037379547690e+00 -7.703536729149853546e-01
3.845309407993906525e+00 -6.822241452315578325e-01
3.857875778608265804e+00 -6.507899208009995107e-01
3.870442149222625083e+00 -7.561518066156983631e-01
3.883008519836984362e+00 -5.996528445736669655e-01
3.895574890451343641e+00 -5.146725676649708259e-01
3.908141261065702476e+00 -5.913183321691820593e-01
3.920707631680061755e+00 -9.437503103496176493e-01
3.933274002294421035e+00 -7.351719617964453946e-01
3.945840372908780314e+00 -7.347440921171657369e-01
3.958406743523139149e+00 -6.297721307882628849e-01
3.970973114137498428e+00 -7.555578308468702264e-01
3.983539484751857707e+00 -8.321752815209008114e-01
3.996105855366216986e+00 -7.948303034779033993e-01
4.008672225980576265e+00 -8.919383125186893801e-01
4.021238596594935544e+00 -8.626742118499730605e-01
4.033804967209294823e+00 -6.565691014676569015e-01
4.046371337823653214e+00 -6.427750079930484306e-01
4.058937708438012493e+00 -7.614297984575632006e-01
4.071504079052371772e+00 -6.718204439991201093e-01
4.084070449666731051e+00 -7.637806268652134190e-01
4.096636820281090330e+00 -7.018150896162624885e-01
4.109203190895449609e+00 -9.661947935819392708e-01
4.121769561509808888e+00 -9.450218939427449394e-01
4.134335932124168167e+00 -7.469637557023292018e-01
4.146902302738527446e+00 -9.594749292942794661e-01
4.159468673352886725e+00 -7.432792767179127180e-01
4.172035043967245116e+00 -8.905777718289444866e-01
4.184601414581604395e+00 -9.690376136408164198e-01
4.197167785195963674e+00 -9.684001404546453973e-01
4.209734155810322953e+00 -8.533470014938711046e-01
4.222300526424682232e+00 -6.532642927729763738e-01
4.234866897039041511e+00 -9.892711537772177488e-01
4.247433267653400790e+00 -8.225002930301397175e-01
4.259999638267760069e+00 -9.338459750719708685e-01
4.272566008882119348e+00 -9.094827119110459046e-01
4.285132379496477739e+00 -8.436050654663920234e-01
4.297698750110837018e+00 -7.354394400425061651e-01
4.310265120725196297e+00 -9.522790574617397974e-01
4.322831491339555576e+00 -8.904894069606608120e-01
4.335397861953914855e+00 -1.027046196901141739e+00
4.347964232568274134e+00 -9.022276415944812111e-01
4.360530603182633413e+00 -9.459209289992658309e-01
4.373096973796992692e+00 -8.365931769694081588e-01
4.385663344411351972e+00 -1.002217680091433749e+00
4.398229715025710362e+00 -9.613552235135776058e-01
4.410796085640069641e+00 -9.291236537434631737e-01
4.423362456254428032e+00 -1.020556975424417478e+00
4.435928826868787311e+00 -1.065356436122118611e+00
4.448495197483146590e+00 -8.594999218695177357e-01
4.461061568097505869e+00 -1.026955482938324282e+00
4.473627938711865148e+00 -1.027490887446435686e+00
4.486194309326224428e+00 -9.219315945583684835e-01
4.498760679940583707e+00 -9.240559611786542948e-01
4.511327050554942986e+00 -9.198991226550923272e-01
4.523893421169302265e+00 -1.051438879641320101e+00
4.536459791783661544e+00 -1.103455055511018967e+00
4.549026162398019935e+00 -9.092387017330557653e-01
4.561592533012379214e+00 -8.969806568870839492e-01
4.574158903626738493e+00 -9.530221552458986167e-01
4.586725274241097772e+00 -1.141950002081833393e+00
4.599291644855457051e+00 -1.071874962452274316e+00
4.611858015469816330e+00 -7.792819842385363405e-01
4.624424386084175609e+00 -1.256166359114501585e+00
4.636990756698534888e+00 -1.062970440675372608e+00
4.649557127312894167e+00 -9.222462670016132735e-01
4.662123497927252558e+00 -1.173313720307757047e+00
4.674689868541611837e+00 -1.184170439836417454e+00
4.687256239155971116e+00 -8.407610126509129644e-01
4.699822609770330395e+00 -1.119892381647135116e+00
4.712388980384689674e+00 -1.123942175774459429e+00
4.724955350999048953e+00 -1.115999224774805176e+00
4.737521721613408232e+00 -1.024334022939272115e+00
4.750088092227767511e+00 -9.347696559074685219e-01
4.762654462842126790e+00 -8.682607877420955855e-01
4.775220833456485181e+00 -1.126023849159500045e+00
4.787787204070844460e+00 -1.008365005728038888e+00
4.800353574685203739e+00 -9.084860520907764858e-01
4.812919945299563018e+00 -1.038588382130991361e+00
4.825486315913922297e+00 -8.439157349627414151e-01
4.838052686528281576e+00 -1.122892338377923460e+00
4.850619057142640855e+00 -1.109422584547467672e+00
4.863185427757000134e+00 -8.287050623406932992e-01
4.875751798371359413e+00 -1.118006873082100672e+00
4.888318168985717804e+00 -8.890704694086504212e-01
4.900884539600077083e+00 -1.024185138496602088e+00
4.913450910214436362e+00 -1.004721619289098200e+00
4.926017280828795641e+00 -9.147588750509433320e-01
4.938583651443154920e+00 -9.826077851935659524e-01
4.951150022057514200e+00 -1.010367238376029819e+00
4.963716392671873479e+00 -8.977207712226289438e-01
4.976282763286232758e+00 -9.909616906901291822e-01
4.988849133900592037e+00 -1.022274678529288217e+00
5.001415504514951316e+00 -9.340246919298963446e-01
5.013981875129309707e+00 -9.923644393776349659e-01
5.026548245743668986e+00 -9.600812689137400158e-01
5.039114616358028265e+00 -1.072004461360218874e+00
5.051680986972387544e+00 -1.046222930525570582e+00
5.064247357586746823e+00 -8.455518271208855019e-01
5.076813728201106102e+00 -1.080635025178215969e+00
5.089380098815465381e+00 -9.270621370419753760e-01
5.101946469429824660e+00 -8.949777667899487810e-01
5.114512840044183939e+00 -8.702214770638261321e-01
5.127079210658542330e+00 -1.092065235034421988e+00
5.139645581272901609e+00 -8.734210090169536311e-01
5.152211951887260888e+00 -9.132612274275838660e-01
5.164778322501620167e+00 -7.438590120696149111e-01
5.177344693115979446e+00 -1.006426633108659763e+00
5.189911063730338725e+00 -8.543635526669774993e-01
5.202477434344698004e+00 -6.461385525323712908e-01
5.215043804959057283e+00 -7.877948523331950170e-01
5.227610175573416562e+00 -8.777938118712410587e-01
5.240176546187774953e+00 -8.565010610956479420e-01
5.252742916802134232e+00 -7.370992395460029822e-01
5.265309287416492623e+00 -8.066380949787058663e-01
5.277875658030851902e+00 -9.552820631701270937e-01
5.290442028645211181e+00 -7.725017782510650299e-01
5.303008399259570460e+00 -8.493774898200739942e-01
5.315574769873929739e+00 -1.037320773329520218e+00
5.328141140488289018e+00 -8.297375651171899902e-01
5.340707511102648297e+00 -8.364708544587031724e-01
5.353273881717007576e+00 -9.486855472547022217e-01
5.365840252331366855e+00 -8.634405362375957571e-01
5.378406622945726134e+00 -8.294620118577606949e-01
5.390972993560084525e+00 -6.334931172039189873e-01
5.403539364174443804e+00 -8.844001296084094133e-01
5.416105734788803083e+00 -5.564796930592056379e-01
5.428672105403162362e+00 -7.736360322296729208e-01
5.441238476017521641e+00 -5.848595913265650648e-01
5.453804846631880920e+00 -5.493670390836772333e-01
5.466371217246240199e+00 -9.710773601544966382e-01
5.478937587860599479e+00 -9.850581737943706617e-01
5.491503958474958758e+00 -5.675670819432914183e-01
5.504070329089317148e+00 -5.851651950932534874e-01
5.516636699703676427e+00 -7.759229099532298779e-01
5.529203070318035707e+00 -5.660972096216108085e-01
5.541769440932394986e+00 -5.325107471088412758e-01
5.554335811546754265e+00 -7.450000774641236667e-01
5.566902182161113544e+00 -6.949303556761079470e-01
5.579468552775472823e+00 -4.334883661425320001e-01
5.592034923389832102e+00 -6.490055370268268398e-01
5.604601294004191381e+00 -5.125556865476914581e-01
5.617167664618549772e+00 -6.180729314898337767e-01
5.629734035232909051e+00 -5.614251918963992782e-01
5.642300405847268330e+00 -5.910199966619809064e-01
5.654866776461627609e+00 -8.131263552658304361e-01
5.667433147075986888e+00 -5.262850914173140549e-01
5.679999517690346167e+00 -5.675092871168133657e-01
5.692565888304705446e+00 -6.449382498147051557e-01
5.705132258919064725e+00 -4.710938907518073537e-01
5.717698629533424004e+00 -4.069640649583425307e-01
5.730265000147783283e+00 -5.392873827958405419e-01
5.742831370762141674e+00 -7.049621110135534385e-01
5.755397741376500953e+00 -6.695575691252991790e-01
5.767964111990860232e+00 -4.908721090769882500e-01
5.780530482605219511e+00 -3.953919474109451881e-01
5.793096853219578790e+00 -4.294542674811875349e-01
5.805663223833938069e+00 -3.367249819182881465e-01
5.818229594448297348e+00 -4.625119448911033659e-01
5.830795965062656627e+00 -5.445430446089325471e-01
5.843362335677015906e+00 -3.435393842518732477e-01
5.855928706291374297e+00 -1.688248428741725149e-01
5.868495076905733576e+00 -2.695455038250219593e-01
5.881061447520092855e+00 -4.963490500604736955e-01
5.893627818134452134e+00 -4.033184686751571379e-01
5.906194188748811413e+00 -4.661442406070759881e-01
5.918760559363170692e+00 -2.696502706518689729e-01
5.931326929977529971e+00 -4.017003964731704069e-01
5.943893300591889250e+00 -2.969933238147356991e-01
5.956459671206248530e+00 -3.219931564410521974e-01
5.969026041820606920e+00 -3.102493611634593584e-01
5.981592412434966199e+00 -3.375407310061672161e-01
5.994158783049325478e+00 -2.690348433504717862e-01
6.006725153663684758e+00 -2.154262522272510916e-01
6.019291524278044037e+00 -4.199173594226589534e-01
6.031857894892402427e+00 -1.127223378831959943e-01
6.044424265506761706e+00 -3.831842031791410363e-01
6.056990636121120986e+00 -3.495597178884910505e-01
6.069557006735480265e+00 -1.819292676146118393e-01
6.082123377349839544e+00 -1.779637615108115301e-01
6.094689747964198823e+00 -1.492481097897973286e-01
6.107256118578558102e+00 -2.452324447333970037e-01
6.119822489192916493e+00 9.568661814011661382e-02
6.132388859807275772e+00 -1.464423186418908063e-01
6.144955230421635051e+00 -9.854901987068687141e-02
6.157521601035994330e+00 -3.129834802051074116e-01
6.170087971650353609e+00 -2.406943502830345971e-01
6.182654342264712888e+00 -1.414658215360303783e-01
6.195220712879072167e+00 -1.995230671475375084e-01
6.207787083493431446e+00 -8.021095136424856442e-02
6.220353454107790725e+00 -2.490981990221268760e-01
6.232919824722149116e+00 -1.996962354430887321e-01
6.245486195336508395e+00 -1.458066046438190599e-01
6.258052565950867674e+00 -9.492841873056420687e-03
6.270618936565226953e+00 -1.142900088709823264e-01
