0.000000000000000000e+00 2.337666169782205358e-02
1.256637061435917323e-02 -1.254536556542242554e-01
2.513274122871834645e-02 -1.615744154243856645e-01
3.769911184307751795e-02 8.271463113912679022e-02
5.026548245743669291e-02 2.433649272138382336e-01
6.283185307179586787e-02 -4.472814433183328053e-03
7.539822368615503589e-02 6.859553512216357007e-02
8.796459430051420392e-02 1.869549929837379665e-01
1.005309649148733858e-01 1.245734951917027988e-01
1.130973355292325677e-01 1.924432642789785097e-01
1.256637061435917357e-01 2.073968257165757501e-01
1.382300767579508760e-01 9.106235006692608991e-03
1.507964473723100718e-01 -6.466848180310075245e-02
1.633628179866692676e-01 1.454206534103035797e-01
1.759291886010284078e-01 8.819036528776054429e-02
1.884955592153875759e-01 3.344658618745421363e-01
2.010619298297467716e-01 2.142282276623237169e-01
2.136283004441059397e-01 3.814062864555792798e-01
2.261946710584651354e-01 2.676738723411523080e-01
2.387610416728242757e-01 1.704398662806141385e-01
2.513274122871834715e-01 2.837152228972758539e-01
2.638937829015426395e-01 3.832779295940124120e-01
2.764601535159017520e-01 1.209913401050665693e-01
2.890265241302609756e-01 3.433700280584109366e-01
3.015928947446201436e-01 2.249889760682878825e-01
3.141592653589793116e-01 3.672970496150073094e-01
3.267256359733385351e-01 2.556422788140890745e-01
3.392920065876976476e-01 4.028182520955496115e-01
3.518583772020568157e-01 2.299168231191726919e-01
3.644247478164160392e-01 1.421999730539577067e-01
3.769911184307751517e-01 2.288439805660678616e-01
3.895574890451343197e-01 3.620511724766064532e-01
4.021238596594935433e-01 5.242232654134577619e-01
4.146902302738527113e-01 3.974223445784522135e-01
4.272566008882118793e-01 4.464287315596262573e-01
4.398229715025711029e-01 4.929428676513875618e-01
4.523893421169302709e-01 4.658827924521828923e-01
4.649557127312893834e-01 4.787485831854677576e-01
4.775220833456485514e-01 5.380441644947924207e-01
4.900884539600077194e-01 4.656410611508254305e-01
5.026548245743669430e-01 5.201316317646840215e-01
5.152211951887261110e-01 2.755519340198644418e-01
5.277875658030852790e-01 5.408858959031084268e-01
5.403539364174444470e-01 4.583609030946718121e-01
5.529203070318035040e-01 3.420454324047723649e-01
5.654866776461627831e-01 4.959205871165527912e-01
5.780530482605219511e-01 4.911620003111251687e-01
5.906194188748811191e-01 7.754012252819402207e-01
6.031857894892402872e-01 4.052864700628633354e-01
6.157521601035994552e-01 6.506312531779101516e-01
6.283185307179586232e-01 5.227148347228367520e-01
6.408849013323177912e-01 5.956622801787541110e-01
6.534512719466770703e-01 6.524842588980288571e-01
6.660176425610361273e-01 5.229754622142499532e-01
6.785840131753952953e-01 7.596240170465846653e-01
6.911503837897544633e-01 5.003625950366878961e-01
7.037167544041136313e-01 4.906602335628816869e-01
7.162831250184729104e-01 5.431996469811651851e-01
7.288494956328320784e-01 4.727539066805690471e-01
7.414158662471912464e-01 6.570399913512413592e-01
7.539822368615503034e-01 5.953162193433612082e-01
7.665486074759094715e-01 7.042510322485899810e-01
7.791149780902686395e-01 8.680425925542815113e-01
7.916813487046279185e-01 6.379096905673684592e-01
8.042477193189870865e-01 7.226382375213449283e-01
8.168140899333462546e-01 7.181016820092063213e-01
8.293804605477054226e-01 8.093331367611639182e-01
8.419468311620645906e-01 8.852944999549903216e-01
8.545132017764237586e-01 7.829456460028746401e-01
8.670795723907829267e-01 5.526531282145408230e-01
8.796459430051422057e-01 1.013784520785085297e+00
8.922123136195013737e-01 8.582193099160039251e-01
9.047786842338605418e-01 7.098345254909810276e-01
9.173450548482194877e-01 8.816912755185589701e-01
9.299114254625787668e-01 8.329670982485499753e-01
9.424777960769379348e-01 7.972520972359488090e-01
9.550441666912971028e-01 7.953931681181404256e-01
9.676105373056562708e-01 8.240534163055531769e-01
9.801769079200154389e-01 8.488415290334669905e-01
9.927432785343746069e-01 5.811412341885403565e-01
1.005309649148733886e+00 6.297061719850689521e-01
1.017876019763092943e+00 1.012501249998758013e+00
1.030442390377452222e+00 8.382682539651687970e-01
1.043008760991811279e+00 8.535590397330217183e-01
1.055575131606170558e+00 9.731744781586051385e-01
1.068141502220529837e+00 8.398589686972327550e-01
1.080707872834888894e+00 8.497338134940954912e-01
1.093274243449248173e+00 1.133874282703306591e+00
1.105840614063607008e+00 8.595695987650706638e-01
1.118406984677966287e+00 8.328376567764105287e-01
1.130973355292325566e+00 8.413314937714593267e-01
1.143539725906684623e+00 9.407483146501532945e-01
1.156106096521043902e+00 7.330010318033095551e-01
1.168672467135402959e+00 8.565712318187019836e-01
1.181238837749762238e+00 8.997380729782312736e-01
1.193805208364121295e+00 1.006563116987669648e+00
1.206371578978480574e+00 8.677095684863920244e-01
1.218937949592839853e+00 9.204148822209813341e-01
1.231504320207198910e+00 1.105940741361449930e+00
1.244070690821558189e+00 1.059933797240769859e+00
1.256637061435917246e+00 9.071740468828962678e-01
1.269203432050276525e+00 9.280056694839370346e-01
1.281769802664635582e+00 8.123620694666018327e-01
1.294336173278994861e+00 8.854420296272895730e-01
1.306902543893354141e+00 1.041307261895337177e+00
1.319468914507712975e+00 1.030636792923609768e+00
1.332035285122072255e+00 9.969940566626195322e-01
1.344601655736431534e+00 8.835975142894162415e-01
1.357168026350790591e+00 9.844461749767042802e-01
1.369734396965149870e+00 1.101647084715363212e+00
1.382300767579508927e+00 8.652841987087328546e-01
1.394867138193868206e+00 1.032266523342052933e+00
1.407433508808227263e+00 9.605443780468732040e-01
1.419999879422586542e+00 1.088157557816444632e+00
1.432566250036945821e+00 9.128153194975339169e-01
1.445132620651304878e+00 1.052534691419410251e+00
1.457698991265664157e+00 1.081580097345652414e+00
1.470265361880023214e+00 9.300330951747245445e-01
1.482831732494382493e+00 8.445193696947426165e-01
1.495398103108741550e+00 9.929799731157983311e-01
1.507964473723100607e+00 9.344759997152487507e-01
1.520530844337459886e+00 1.087295890959838696e+00
1.533097214951818943e+00 1.024138901876894270e+00
1.545663585566178222e+00 9.333884891336198253e-01
1.558229956180537279e+00 1.101371144700255655e+00
1.570796326794896558e+00 1.090993771001435464e+00
1.583362697409255837e+00 1.088719035830227666e+00
1.595929068023614894e+00 1.007704147292716623e+00
1.608495438637974173e+00 9.861106795904933664e-01
1.621061809252333230e+00 9.889982899672770111e-01
1.633628179866692509e+00 1.037883993643693881e+00
1.646194550481051566e+00 1.013103920711055261e+00
1.658760921095410845e+00 7.725343412001067778e-01
1.671327291709770124e+00 1.074813070492403932e+00
1.683893662324129181e+00 1.079572713597421796e+00
1.696460032938488460e+00 8.541462372602079967e-01
1.709026403552847517e+00 1.047441300094136274e+00
1.721592774167206796e+00 1.023915374373293607e+00
1.734159144781565853e+00 9.924220294888727034e-01
1.746725515395925132e+00 9.605449658483488085e-01
1.759291886010284411e+00 1.141609873363213401e+00
1.771858256624643468e+00 1.013204792066290327e+00
1.784424627239002747e+00 1.055199603467458225e+00
1.796990997853361804e+00 1.087420335070496069e+00
1.809557368467721084e+00 9.157874227067214212e-01
1.822123739082079918e+00 1.030132511303961662e+00
1.834690109696438975e+00 1.020503018792708883e+00
1.847256480310798255e+00 8.959350250537176930e-01
1.859822850925157534e+00 9.365418973696455485e-01
1.872389221539516591e+00 9.829932833835041128e-01
1.884955592153875870e+00 7.674193394474317920e-01
1.897521962768234927e+00 1.169302545089888179e+00
1.910088333382594206e+00 9.790823919018678545e-01
1.922654703996953263e+00 1.054921842815316202e+00
1.935221074611312542e+00 9.706601419526702523e-01
1.947787445225671821e+00 8.800547414097776855e-01
1.960353815840030878e+00 9.550255011748471912e-01
1.972920186454390157e+00 9.118917579817393815e-01
1.985486557068749214e+00 9.129632555690320173e-01
1.998052927683108493e+00 9.477609835187205123e-01
2.010619298297467772e+00 9.898571074052735508e-01
2.023185668911826607e+00 8.092077500443881632e-01
2.035752039526185886e+00 8.828117379395263864e-01
2.048318410140545165e+00 8.552540225876493762e-01
2.060884780754904444e+00 1.074033921852673101e+00
2.073451151369263723e+00 7.921796180760054540e-01
2.086017521983622558e+00 1.010373650019697589e+00
2.098583892597981837e+00 9.557151046336218592e-01
2.111150263212341116e+00 7.446726393289077039e-01
2.123716633826700395e+00 9.641037477077131213e-01
2.136283004441059674e+00 9.553450616264584916e-01
2.148849375055418509e+00 8.267431056611411755e-01
2.161415745669777788e+00 8.286299879297986948e-01
2.173982116284137067e+00 8.584442056070161753e-01
2.186548486898496346e+00 9.136773431727494010e-01
2.199114857512855181e+00 9.103177161050433064e-01
2.211681228127214016e+00 7.922140519966489602e-01
2.224247598741573295e+00 7.878993691991876824e-01
2.236813969355932574e+00 8.445618677843476085e-01
2.249380339970291853e+00 7.951446634071799302e-01
2.261946710584651132e+00 7.023975371219102204e-01
2.274513081199009967e+00 7.957301687761848541e-01
2.287079451813369246e+00 7.668217687943926775e-01
2.299645822427728525e+00 9.276353948777860126e-01
2.312212193042087804e+00 6.147002078051843066e-01
2.324778563656447083e+00 5.820038921464298909e-01
2.337344934270805918e+00 5.581031053321848789e-01
2.349911304885165197e+00 7.972791934155522009e-01
2.362477675499524477e+00 6.059814392485600720e-01
2.375044046113883756e+00 7.297736111571957451e-01
2.387610416728242591e+00 7.054747354160169071e-01
2.400176787342601870e+00 5.667259798813190086e-01
2.412743157956961149e+00 8.058970124202717855e-01
2.425309528571320428e+00 6.737055088649854806e-01
2.437875899185679707e+00 3.323214737026407017e-01
2.450442269800038542e+00 6.522665026903611274e-01
2.463008640414397821e+00 5.562495062422811998e-01
2.475575011028757100e+00 5.969281547432808699e-01
2.488141381643116379e+00 5.829137491587562669e-01
2.500707752257475658e+00 4.564346913778590809e-01
2.513274122871834493e+00 5.886654601572602896e-01
2.525840493486193772e+00 7.159211203791721045e-01
2.538406864100553051e+00 4.912822111048951723e-01
2.550973234714912330e+00 5.200208487174574623e-01
2.563539605329271165e+00 4.962043839754876617e-01
2.576105975943630444e+00 5.042689902187517115e-01
2.588672346557989723e+00 4.818257183284028189e-01
2.601238717172349002e+00 5.152252140844217898e-01
2.613805087786708281e+00 4.663930261051587034e-01
2.626371458401067116e+00 3.953657650725839190e-01
2.638937829015425951e+00 4.515371339470910517e-01
2.651504199629785230e+00 3.110104072859017910e-01
2.664070570244144509e+00 5.402501137060600200e-01
2.676636940858503788e+00 3.851344336147680680e-01
2.689203311472863067e+00 5.358678907021570126e-01
2.701769682087221902e+00 5.567908685898945720e-01
2.714336052701581181e+00 6.066903635305431752e-01
2.726902423315940460e+00 5.841309048667724380e-01
2.739468793930299739e+00 3.259010810242505274e-01
2.752035164544658574e+00 1.847540656099684042e-01
2.764601535159017853e+00 4.513759739629993328e-01
2.777167905773377132e+00 3.531498967894804442e-01
2.789734276387736411e+00 3.927982547686278414e-01
2.802300647002095690e+00 4.592369054692838626e-01
2.814867017616454525e+00 3.322170847329231069e-01
2.827433388230813804e+00 3.028281182686465289e-01
2.839999758845173083e+00 2.965176032138881479e-01
2.852566129459532362e+00 3.433947007078218538e-01
2.865132500073891642e+00 2.879853876224419684e-01
2.877698870688250476e+00 2.516210643629437915e-01
2.890265241302609756e+00 2.710991767577785594e-01
2.902831611916969035e+00 1.934853220236474325e-01
2.915397982531328314e+00 7.333124218455028265e-02
2.927964353145687149e+00 1.850616325741975821e-01
2.940530723760046428e+00 2.607836372835273808e-01
2.953097094374405707e+00 3.031845328689761754e-01
2.965663464988764986e+00 2.180338845810862736e-01
2.978229835603124265e+00 1.105577739130475662e-01
2.990796206217483100e+00 6.505880287174320431e-02
3.003362576831842379e+00 1.859266157179297330e-01
3.015928947446201214e+00 1.442205387951764062e-01
3.028495318060560493e+00 1.422269895896323411e-02
3.041061688674919772e+00 6.887694313594933115e-02
3.053628059289279051e+00 3.067790881229854882e-01
3.066194429903637886e+00 8.016575233069950235e-02
3.078760800517997165e+00 4.459616845943518981e-02
3.091327171132356444e+00 -5.346908838824875748e-02
3.103893541746715723e+00 -5.242395215829739191e-02
3.116459912361074558e+00 1.953737350784822968e-01
3.129026282975433837e+00 -8.643357180150028352e-02
3.141592653589793116e+00 4.854970448904109143e-02
3.154159024204152395e+00 -1.828852727922219631e-02
3.166725394818511674e+00 6.818865055442124845e-02
3.179291765432870509e+00 -1.069051419800448877e-01
3.191858136047229788e+00 1.217016110414154834e-02
3.204424506661589067e+00 -1.066257269400543300e-01
3.216990877275948346e+00 -1.046009460902781879e-01
3.229557247890307181e+00 1.121086535053358452e-01
3.242123618504666460e+00 -4.708217609714215185e-02
3.254689989119025739e+00 3.935787427103627778e-02
3.267256359733385018e+00 -1.488351665260686518e-01
3.279822730347744297e+00 -2.274324916169384592e-03
3.292389100962103132e+00 -8.084366188452805913e-02
3.304955471576462411e+00 -3.187335424430055575e-01
3.317521842190821690e+00 -3.589329294537413895e-01
3.330088212805180969e+00 -1.816263084778861059e-01
3.342654583419540248e+00 -2.349457244931151545e-01
3.355220954033899083e+00 -1.881041994040596743e-01
3.367787324648258362e+00 -3.136956238495385851e-01
3.380353695262617642e+00 -2.463805571761430169e-01
3.392920065876976921e+00 -8.438910243315078663e-02
3.405486436491335756e+00 -2.461389371208885235e-01
3.418052807105695035e+00 -3.773379487662409937e-01
3.430619177720054314e+00 -2.623855306828400402e-01
3.443185548334413593e+00 -3.203918518051650510e-01
3.455751918948772872e+00 -2.500336076072680047e-01
3.468318289563131707e+00 -2.794625908012762228e-01
3.480884660177490986e+00 -3.425245068396505776e-01
3.493451030791850265e+00 -4.316223013552484833e-01
3.506017401406209544e+00 -2.865234987272718969e-01
3.518583772020568823e+00 -3.085372923427482372e-01
3.531150142634927658e+00 -2.797225106126620675e-01
3.543716513249286937e+00 -4.098459358402178343e-01
3.556282883863646216e+00 -4.959075345248308286e-01
3.568849254478005495e+00 -4.001630599798982058e-01
3.581415625092364330e+00 -3.502107850272020428e-01
3.593981995706723609e+00 -5.004324455842227293e-01
3.606548366321082888e+00 -6.407821855047246551e-01
3.619114736935442167e+00 -5.301360337060189165e-01
3.631681107549800558e+00 -6.911863751979776538e-01
3.644247478164159837e+00 -2.881024763213185791e-01
3.656813848778519116e+00 -5.050957173596162253e-01
3.669380219392877951e+00 -5.404973001951764999e-01
3.681946590007237230e+00 -4.626022112446235290e-01
3.694512960621596509e+00 -5.611060676929853219e-01
3.707079331235955788e+00 -4.310525506978022392e-01
3.719645701850315067e+00 -5.998008620024102289e-01
3.732212072464673902e+00 -6.935316290606865497e-01
3.744778443079033181e+00 -5.204550857035785683e-01
3.757344813693392460e+00 -6.535232764097831382e-01
3.769911184307751739e+00 -6.472621425188944677e-01
3.782477554922110574e+00 -6.597452263321359478e-01
3.795043925536469853e+00 -7.232790484408821996e-01
3.807610296150829132e+00 -6.103885876360309881e-01
3.820176666765188411e+00 -6.919027184814017239e-01
3.832743037379547690e+00 -7.519734981417798281e-01
3.845309407993906525e+00 -6.543147701135149097e-01
3.857875778608265804e+00 -6.082503660981203319e-01
3.870442149222625083e+00 -4.886116298295867244e-01
3.883008519836984362e+00 -7.599297126704080974e-01
3.895574890451343641e+00 -7.548636136606501346e-01
3.908141261065702476e+00 -8.612360013089611632e-01
3.920707631680061755e+00 -6.755421029734480776e-01
3.933274002294421035e+00 -7.493238265709269985e-01
3.945840372908780314e+00 -8.242689162229067668e-01
3.958406743523139149e+00 -6.975450601475359225e-01
3.970973114137498428e+00 -6.750489217735259340e-01
3.983539484751857707e+00 -7.982640606280960727e-01
3.996105855366216986e+00 -8.098191118023078117e-01
4.008672225980576265e+00 -7.403254072562617250e-01
4.021238596594935544e+00 -7.129780791512223548e-01
4.033804967209294823e+00 -8.362351508055392291e-01
4.046371337823653214e+00 -7.423258580048235356e-01
4.058937708438012493e+00 -6.837142510555801467e-01
4.071504079052371772e+00 -7.007281873325575949e-01
4.084070449666731051e+00 -8.972598094854759010e-01
4.096636820281090330e+00 -7.149237379486074184e-01
4.109203190895449609e+00 -6.184798912224488410e-01
4.121769561509808888e+00 -9.462274433068738055e-01
4.134335932124168167e+00 -9.537474625376254345e-01
4.146902302738527446e+00 -8.678539155666665783e-01
4.159468673352886725e+00 -1.043017633578915859e+00
4.172035043967245116e+00 -1.046505810318123286e+00
4.184601414581604395e+00 -7.719364876816959820e-01
4.197167785195963674e+00 -9.288955637882970739e-01
4.209734155810322953e+00 -8.220900113245190877e-01
4.222300526424682232e+00 -7.382725354196663092e-01
4.234866897039041511e+00 -8.835309749679737257e-01
4.247433267653400790e+00 -9.424692210482387145e-01
4.259999638267760069e+00 -7.877010514804533292e-01
4.272566008882119348e+00 -9.344677399573995125e-01
4.285132379496477739e+00 -8.259782840571832097e-01
4.297698750110837018e+00 -9.006649993525900344e-01
4.310265120725196297e+00 -1.107460695732480627e+00
4.322831491339555576e+00 -9.770332070161049653e-01
4.335397861953914855e+00 -8.081828133440871476e-01
4.347964232568274134e+00 -9.418947239941880545e-01
4.360530603182633413e+00 -9.811227586807512724e-01
4.373096973796992692e+00 -1.024809561637450628e+00
4.385663344411351972e+00 -9.942976354704882169e-01
4.398229715025710362e+00 -8.747936305644904431e-01
4.410796085640069641e+00 -9.476221169093168584e-01
4.423362456254428032e+00 -9.526924977285052831e-01
4.435928826868787311e+00 -9.342182709161914733e-01
4.448495197483146590e+00 -1.081241606367468355e+00
4.461061568097505869e+00 -9.495823058907910674e-01
4.473627938711865148e+00 -9.863764182053367247e-01
4.486194309326224428e+00 -1.120430177308849418e+00
4.498760679940583707e+00 -9.742334925528686185e-01
4.511327050554942986e+00 -1.182502862163631541e+00
4.523893421169302265e+00 -9.347094237514406156e-01
4.536459791783661544e+00 -1.042977896384808201e+00
4.549026162398019935e+00 -1.050561421465173506e+00
4.561592533012379214e+00 -9.657197382084425907e-01
4.574158903626738493e+00 -9.757875040257851795e-01
4.586725274241097772e+00 -9.404143519419408959e-01
4.599291644855457051e+00 -9.386087556577593638e-01
4.611858015469816330e+00 -1.045284172969048297e+00
4.624424386084175609e+00 -1.079875901540857219e+00
4.636990756698534888e+00 -1.003129777227891761e+00
4.649557127312894167e+00 -1.028801202021800920e+00
4.662123497927252558e+00 -8.044936806297773302e-01
4.674689868541611837e+00 -1.040153760090153368e+00
4.687256239155971116e+00 -8.666750091029523650e-01
4.699822609770330395e+00 -9.710926585121756327e-01
4.712388980384689674e+00 -1.199893121590319467e+00
4.724955350999048953e+00 -9.214988220618465231e-01
4.737521721613408232e+00 -1.031931665926125952e+00
4.750088092227767511e+00 -1.026598233222200340e+00
4.762654462842126790e+00 -8.925703018507202824e-01
4.775220833456485181e+00 -1.023200397371802239e+00
4.787787204070844460e+00 -1.124515971056826658e+00
4.800353574685203739e+00 -9.501638722746859056e-01
4.812919945299563018e+00 -8.456612193448873604e-01
4.825486315913922297e+00 -8.117483967043007675e-01
4.838052686528281576e+00 -8.871893316580995448e-01
4.850619057142640855e+00 -1.080184572354492945e+00
4.863185427757000134e+00 -9.808257249733557392e-01
4.875751798371359413e+00 -1.115014992586080389e+00
4.888318168985717804e+00 -1.196068565831508668e+00
4.900884539600077083e+00 -1.017119420573177502e+00
4.913450910214436362e+00 -1.091446455169270635e+00
4.926017280828795641e+00 -8.504164025875571298e-01
4.938583651443154920e+00 -9.391297328408882983e-01
4.951150022057514200e+00 -8.169912189974212202e-01
4.963716392671873479e+00 -9.921384348414443721e-01
4.976282763286232758e+00 -9.090017085445576406e-01
4.988849133900592037e+00 -9.824943143447220084e-01
5.001415504514951316e+00 -1.093061342071605768e+00
5.013981875129309707e+00 -8.812266928373070352e-01
5.026548245743668986e+00 -1.067297594635881364e+00
5.039114616358028265e+00 -8.954155477051102263e-01
5.051680986972387544e+00 -1.012490926300251060e+00
5.064247357586746823e+00 -8.439456350590828215e-01
5.076813728201106102e+00 -9.856025771241432309e-01
5.089380098815465381e+00 -9.408999284466048607e-01
5.101946469429824660e+00 -6.678874403311019226e-01
5.114512840044183939e+00 -9.827573274528629277e-01
5.127079210658542330e+00 -9.747727080015852197e-01
5.139645581272901609e+00 -1.042684918490081714e+00
5.152211951887260888e+00 -1.038312549177749178e+00
5.164778322501620167e+00 -1.076758684311587944e+00
5.177344693115979446e+00 -8.949155691321972750e-01
5.189911063730338725e+00 -7.922162219909314462e-01
5.202477434344698004e+00 -7.476767471612022486e-01
5.215043804959057283e+00 -9.906017562913727037e-01
5.227610175573416562e+00 -8.277954640131088837e-01
5.240176546187774953e+00 -8.506320087046531642e-01
5.252742916802134232e+00 -6.724714414216376168e-01
5.265309287416492623e+00 -7.881900701355479821e-01
5.277875658030851902e+00 -8.139829002433764948e-01
5.290442028645211181e+00 -8.067103382693289193e-01
5.303008399259570460e+00 -8.324316605687607229e-01
5.315574769873929739e+00 -8.138262477298658926e-01
5.328141140488289018e+00 -8.570156886473765390e-01
5.340707511102648297e+00 -6.503755580665152580e-01
5.353273881717007576e+00 -7.717584747497934217e-01
5.365840252331366855e+00 -8.214131717493072804e-01
5.378406622945726134e+00 -9.538288895345296003e-01
5.390972993560084525e+00 -8.815159111109106549e-01
5.403539364174443804e+00 -6.024212298363147422e-01
5.416105734788803083e+00 -8.355058803645760701e-01
5.428672105403162362e+00 -6.505366966503552950e-01
5.441238476017521641e+00 -7.463698853146732981e-01
5.453804846631880920e+00 -9.541486591186855160e-01
5.466371217246240199e+00 -5.512101996024518780e-01
5.478937587860599479e+00 -9.210046057333090008e-01
5.491503958474958758e+00 -5.388747430426120699e-01
5.504070329089317148e+00 -8.094624690690552793e-01
5.516636699703676427e+00 -8.677752502437234838e-01
5.529203070318035707e+00 -8.518310751180460105e-01
5.541769440932394986e+00 -6.372755740206123010e-01
5.554335811546754265e+00 -6.033995854711856621e-01
5.566902182161113544e+00 -6.255911133673432989e-01
5.579468552775472823e+00 -6.356454402309308360e-01
5.592034923389832102e+00 -6.525906319884912099e-01
5.604601294004191381e+00 -4.895024130617080527e-01
5.617167664618549772e+00 -4.756463017521549430e-01
5.629734035232909051e+00 -7.255420001615082715e-01
5.642300405847268330e+00 -4.507662046394933508e-01
5.654866776461627609e+00 -6.274404470278088786e-01
5.667433147075986888e+00 -4.806556057877220955e-01
5.679999517690346167e+00 -6.216869123579421563e-01
5.692565888304705446e+00 -5.516739972772600753e-01
5.705132258919064725e+00 -5.625828984210002881e-01
5.717698629533424004e+00 -5.389908395084641590e-01
5.730265000147783283e+00 -5.041420941284084911e-01
5.742831370762141674e+00 -6.193928352260373860e-01
5.755397741376500953e+00 -2.217460698144828601e-01
5.767964111990860232e+00 -3.891507519442242158e-01
5.780530482605219511e+00 -4.706651166165062294e-01
5.793096853219578790e+00 -4.711652924024820610e-01
5.805663223833938069e+00 -3.015190803318846813e-01
5.818229594448297348e+00 -4.951942540533500470e-01
5.830795965062656627e+00 -5.914460998019521742e-01
5.843362335677015906e+00 -3.313868684546426024e-01
5.855928706291374297e+00 -3.978557718105287799e-01
5.868495076905733576e+00 -4.366365666423735470e-01
5.881061447520092855e+00 -3.755366027229209980e-01
5.893627818134452134e+00 -1.327595681736849498e-01
5.906194188748811413e+00 -2.848768682420875775e-01
5.918760559363170692e+00 -4.369293707066798649e-01
5.931326929977529971e+00 -3.388088816730778219e-01
5.943893300591889250e+00 -2.148290035239731055e-01
5.956459671206248530e+00 -2.523562944261861785e-01
5.969026041820606920e+00 -3.940512141905186949e-01
5.981592412434966199e+00 -2.973850227812616098e-01
5.994158783049325478e+00 -2.634112845239636735e-01
6.006725153663684758e+00 -3.924357375614979104e-01
6.019291524278044037e+00 -2.247937246888839780e-01
6.031857894892402427e+00 -2.157554862243842575e-01
6.044424265506761706e+00 -3.198079272762445191e-01
6.056990636121120986e+00 -2.756069745525139836e-01
6.069557006735480265e+00 -2.492283014474156455e-01
6.082123377349839544e+00 -2.281150134615549940e-01
6.094689747964198823e+00 -2.731603330934309071e-01
6.107256118578558102e+00 -3.157816714264070623e-01
6.119822489192916493e+00 -2.951924527247622998e-01
6.132388859807275772e+00 -1.320551963595224809e-01
6.144955230421635051e+00 -1.750996521481531232e-01
6.157521601035994330e+00 -7.978615024411692125e-02
6.170087971650353609e+00 -7.960710411713584067e-02
6.182654342264712888e+00 -1.476293766157357468e-01
6.195220712879072167e+00 3.977312603647351064e-02
6.207787083493431446e+00 -1.715942768595158929e-01
6.220353454107790725e+00 -1.324215812791845748e-01
6.232919824722149116e+00 5.802482247266663173e-02
6.245486195336508395e+00 -1.089657359922553692e-01
6.258052565950867674e+00 -1.089702432690970724e-01
6.270618936565226953e+00 -1.557627830572697603e-01
