0.000000000000000000e+00 2.274562259303913349e-03
1.256637061435917323e-02 -5.896543303196229852e-02
2.513274122871834645e-02 8.338767934947793198e-03
3.769911184307751795e-02 -7.556631219656058385e-03
5.026548245743669291e-02 1.200226976733727025e-01
6.283185307179586787e-02 6.724225718869078494e-02
7.539822368615503589e-02 1.311349066925278639e-01
8.796459430051420392e-02 -5.649657809408914488e-02
1.005309649148733858e-01 1.820158334577333115e-01
1.130973355292325677e-01 1.606396543869251237e-03
1.256637061435917357e-01 2.934104319261223726e-01
1.382300767579508760e-01 1.129543428895556506e-01
1.507964473723100718e-01 9.066180588372654836e-02
1.633628179866692676e-01 1.692910983353335674e-01
1.759291886010284078e-01 -1.552047860694602543e-02
1.884955592153875759e-01 1.328244400120349444e-01
2.010619298297467716e-01 2.462213518346066665e-01
2.136283004441059397e-01 3.142360159414559484e-01
2.261946710584651354e-01 3.557309484262614063e-01
2.387610416728242757e-01 2.482688333623948862e-01
2.513274122871834715e-01 1.190508277928725711e-01
2.638937829015426395e-01 2.293250956820156727e-01
2.764601535159017520e-01 3.319365621555588897e-01
2.890265241302609756e-01 1.978330633295181662e-01
3.015928947446201436e-01 3.301114426926533563e-01
3.141592653589793116e-01 4.311262178751027463e-01
3.267256359733385351e-01 3.371870788782673767e-01
3.392920065876976476e-01 3.219846777256071269e-01
3.518583772020568157e-01 2.711828099119673596e-01
3.644247478164160392e-01 3.176702142008066554e-01
3.769911184307751517e-01 5.297646912851678991e-01
3.895574890451343197e-01 5.499509338127264169e-01
4.021238596594935433e-01 6.050587256061779051e-01
4.146902302738527113e-01 5.892926272985699043e-01
4.272566008882118793e-01 4.364498055879110772e-01
4.398229715025711029e-01 5.630933257403768488e-01
4.523893421169302709e-01 3.963836262546111544e-01
4.649557127312893834e-01 5.147913064098222913e-01
4.775220833456485514e-01 6.616547753477750593e-01
4.900884539600077194e-01 4.902717168218443944e-01
5.026548245743669430e-01 4.457504079114427142e-01
5.152211951887261110e-01 5.546802068179398360e-01
5.277875658030852790e-01 5.919850084511961708e-01
5.403539364174444470e-01 3.018717517743174650e-01
5.529203070318035040e-01 5.840048343794465024e-01
5.654866776461627831e-01 5.155483461215671914e-01
5.780530482605219511e-01 5.316033694744568550e-01
5.906194188748811191e-01 6.628499709221553626e-01
6.031857894892402872e-01 6.356779989702575628e-01
6.157521601035994552e-01 5.634675393800506749e-01
6.283185307179586232e-01 5.119138929111279879e-01
6.408849013323177912e-01 5.291592453359177384e-01
6.534512719466770703e-01 4.992262931650619517e-01
6.660176425610361273e-01 4.345217555131349885e-01
6.785840131753952953e-01 6.415849198751739646e-01
6.911503837897544633e-01 5.416878445557008481e-01
7.037167544041136313e-01 7.819813770291264010e-01
7.162831250184729104e-01 5.802486587938604501e-01
7.288494956328320784e-01 5.589108014174335448e-01
7.414158662471912464e-01 6.360600905595158450e-01
7.539822368615503034e-01 7.136714096740671698e-01
7.665486074759094715e-01 6.325351091045519070e-01
7.791149780902686395e-01 6.201945883797708170e-01
7.916813487046279185e-01 6.731112209611213038e-01
8.042477193189870865e-01 7.440183968216115273e-01
8.168140899333462546e-01 5.640550273297995076e-01
8.293804605477054226e-01 5.909996414321544433e-01
8.419468311620645906e-01 8.183952708262991482e-01
8.545132017764237586e-01 6.794119966981589931e-01
8.670795723907829267e-01 6.693788978249981536e-01
8.796459430051422057e-01 6.050763014141813390e-01
8.922123136195013737e-01 6.833222899144149043e-01
9.047786842338605418e-01 8.497361837681415286e-01
9.173450548482194877e-01 9.336858631887136051e-01
9.299114254625787668e-01 8.280911151247667412e-01
9.424777960769379348e-01 6.619494476354683687e-01
9.550441666912971028e-01 9.488197599417308448e-01
9.676105373056562708e-01 8.445635073688574357e-01
9.801769079200154389e-01 1.135963437817978594e+00
9.927432785343746069e-01 7.711578793072160209e-01
1.005309649148733886e+00 8.343832179796839554e-01
1.017876019763092943e+00 7.320437187569578397e-01
1.030442390377452222e+00 8.045635954120404776e-01
1.043008760991811279e+00 8.284715589059044039e-01
1.055575131606170558e+00 1.004249986472270262e+00
1.068141502220529837e+00 9.496621053252276567e-01
1.080707872834888894e+00 6.691252933703132344e-01
1.093274243449248173e+00 8.713326648731752888e-01
1.105840614063607008e+00 8.217668325128981710e-01
1.118406984677966287e+00 9.710572907036014723e-01
1.130973355292325566e+00 1.105066623246200974e+00
1.143539725906684623e+00 7.666953412737298468e-01
1.156106096521043902e+00 9.337942890966595133e-01
1.168672467135402959e+00 8.031301439974429801e-01
1.181238837749762238e+00 8.425882529849680891e-01
1.193805208364121295e+00 8.644476951166817358e-01
1.206371578978480574e+00 8.816532050609207083e-01
1.218937949592839853e+00 1.021595962147229697e+00
1.231504320207198910e+00 1.067902245294719332e+00
1.244070690821558189e+00 7.356821963008255416e-01
1.256637061435917246e+00 9.388060107490207029e-01
1.269203432050276525e+00 8.861845349973128672e-01
1.281769802664635582e+00 9.475657545564069029e-01
1.294336173278994861e+00 8.963357234598062773e-01
1.306902543893354141e+00 8.879152875389024757e-01
1.319468914507712975e+00 1.003217781111017448e+00
1.332035285122072255e+00 8.298869356728655333e-01
1.344601655736431534e+00 1.114528913584162062e+00
1.357168026350790591e+00 1.064617441594932101e+00
1.369734396965149870e+00 8.868575649261795091e-01
1.382300767579508927e+00 8.816956926696823960e-01
1.394867138193868206e+00 9.536744725843483428e-01
1.407433508808227263e+00 1.141922614510318512e+00
1.419999879422586542e+00 1.031865287770869166e+00
1.432566250036945821e+00 8.445140026396892319e-01
1.445132620651304878e+00 1.100137603998535774e+00
1.457698991265664157e+00 9.654671869981077403e-01
1.470265361880023214e+00 1.052681088308403901e+00
1.482831732494382493e+00 1.047040443571317647e+00
1.495398103108741550e+00 9.163576057634427174e-01
1.507964473723100607e+00 8.673226065484881397e-01
1.520530844337459886e+00 9.697768527658000570e-01
1.533097214951818943e+00 1.112509517811254511e+00
1.545663585566178222e+00 9.301616984618336081e-01
1.558229956180537279e+00 1.028250727749953963e+00
1.570796326794896558e+00 1.058624685107573127e+00
1.583362697409255837e+00 9.994118876588145017e-01
1.595929068023614894e+00 1.083006803135159402e+00
1.608495438637974173e+00 9.349730993563809545e-01
1.621061809252333230e+00 9.607943305409442081e-01
1.633628179866692509e+00 1.051848173542224041e+00
1.646194550481051566e+00 9.689162114619119803e-01
1.658760921095410845e+00 9.793526477268850172e-01
1.671327291709770124e+00 9.649263777465582059e-01
1.683893662324129181e+00 9.928729343010807007e-01
1.696460032938488460e+00 9.369542210629147050e-01
1.709026403552847517e+00 9.534167516633035300e-01
1.721592774167206796e+00 1.014179203913736060e+00
1.734159144781565853e+00 8.950210351069569636e-01
1.746725515395925132e+00 9.867820898371943983e-01
1.759291886010284411e+00 1.167246444082466139e+00
1.771858256624643468e+00 9.076192147723520787e-01
1.784424627239002747e+00 1.054721749164785782e+00
1.796990997853361804e+00 8.663216022710243935e-01
1.809557368467721084e+00 1.072611635519351347e+00
1.822123739082079918e+00 1.022652123856442996e+00
1.834690109696438975e+00 1.023856468570240708e+00
1.847256480310798255e+00 1.104385348195766614e+00
1.859822850925157534e+00 9.189242764060111535e-01
1.872389221539516591e+00 8.779465954656278104e-01
1.884955592153875870e+00 1.135609546702588402e+00
1.897521962768234927e+00 8.889469111922766453e-01
1.910088333382594206e+00 9.326884858170975123e-01
1.922654703996953263e+00 8.682061944517037722e-01
1.935221074611312542e+00 1.064099128494498947e+00
1.947787445225671821e+00 8.545200911151913381e-01
1.960353815840030878e+00 1.027542322201111302e+00
1.972920186454390157e+00 8.604699447880271856e-01
1.985486557068749214e+00 9.790345514142224648e-01
1.998052927683108493e+00 1.008864569624265073e+00
2.010619298297467772e+00 8.854960349194072045e-01
2.023185668911826607e+00 1.009158957832889447e+00
2.035752039526185886e+00 8.676225555555777680e-01
2.048318410140545165e+00 9.096744853990903490e-01
2.060884780754904444e+00 9.743812593765286412e-01
2.073451151369263723e+00 8.915363291344140517e-01
2.086017521983622558e+00 8.180480575737593130e-01
2.098583892597981837e+00 8.844674905729102976e-01
2.111150263212341116e+00 9.565629292885627910e-01
2.123716633826700395e+00 8.244554719846685087e-01
2.136283004441059674e+00 8.403120852971522892e-01
2.148849375055418509e+00 7.110088811662551578e-01
2.161415745669777788e+00 6.760793870407511008e-01
2.173982116284137067e+00 9.405814332481560180e-01
2.186548486898496346e+00 7.867829122482292714e-01
2.199114857512855181e+00 9.816480468240684765e-01
2.211681228127214016e+00 8.376135669898591152e-01
2.224247598741573295e+00 8.191459618089449446e-01
2.236813969355932574e+00 8.014075964599214341e-01
2.249380339970291853e+00 8.719058843045579543e-01
2.261946710584651132e+00 7.743592148639905082e-01
2.274513081199009967e+00 8.727402825118082408e-01
2.287079451813369246e+00 8.190059510302698520e-01
2.299645822427728525e+00 4.899711486320492138e-01
2.312212193042087804e+00 8.899124140588762222e-01
2.324778563656447083e+00 8.006886335460228210e-01
2.337344934270805918e+00 7.471214907785194148e-01
2.349911304885165197e+00 8.198116010785745367e-01
2.362477675499524477e+00 6.661247482238402684e-01
2.375044046113883756e+00 7.806539647472988674e-01
2.387610416728242591e+00 5.216528354718648064e-01
2.400176787342601870e+00 6.769287237050758410e-01
2.412743157956961149e+00 7.308661817681314510e-01
2.425309528571320428e+00 7.198325408851766749e-01
2.437875899185679707e+00 5.387332189027124185e-01
2.450442269800038542e+00 6.957095552581592512e-01
2.463008640414397821e+00 5.293578777106908717e-01
2.475575011028757100e+00 5.802217125359453442e-01
2.488141381643116379e+00 5.373188221763787187e-01
2.500707752257475658e+00 4.132710974826846462e-01
2.513274122871834493e+00 5.879022808797835786e-01
2.525840493486193772e+00 5.498026630825340044e-01
2.538406864100553051e+00 6.223940723746980153e-01
2.550973234714912330e+00 5.174566576680562635e-01
2.563539605329271165e+00 5.992725030311214507e-01
2.576105975943630444e+00 6.991197544219880378e-01
2.588672346557989723e+00 6.010055311474065132e-01
2.601238717172349002e+00 5.347137783748990847e-01
2.613805087786708281e+00 4.048320500636882757e-01
2.626371458401067116e+00 4.155836337429321681e-01
2.638937829015425951e+00 2.162940623541000362e-01
2.651504199629785230e+00 2.883202821587559916e-01
2.664070570244144509e+00 4.996243756040740225e-01
2.676636940858503788e+00 3.959602583673720866e-01
2.689203311472863067e+00 3.517633718379734598e-01
2.701769682087221902e+00 4.440448842988854450e-01
2.714336052701581181e+00 3.895618152736662898e-01
2.726902423315940460e+00 3.036192586128054760e-01
2.739468793930299739e+00 3.345667249265739107e-01
2.752035164544658574e+00 2.654188166766821011e-01
2.764601535159017853e+00 4.321490526519292108e-01
2.777167905773377132e+00 3.482312786466620347e-01
2.789734276387736411e+00 3.376853994064635267e-01
2.802300647002095690e+00 3.102833221851165058e-01
2.814867017616454525e+00 4.209214329261367626e-01
2.827433388230813804e+00 3.910746386689886722e-01
2.839999758845173083e+00 2.275476708078080224e-01
2.852566129459532362e+00 3.594619928813055920e-01
2.865132500073891642e+00 3.575140516851738060e-01
2.877698870688250476e+00 2.357052310207811419e-01
2.890265241302609756e+00 3.993991149501283089e-02
2.902831611916969035e+00 1.930101777664836593e-01
2.915397982531328314e+00 2.086991659572423885e-01
2.927964353145687149e+00 2.943479614904951913e-01
2.940530723760046428e+00 -1.186348674392606328e-01
2.953097094374405707e+00 2.710080460967984606e-01
2.965663464988764986e+00 3.846640009422265249e-01
2.978229835603124265e+00 1.291564828427069211e-01
2.990796206217483100e+00 6.985445381984942137e-02
3.003362576831842379e+00 9.863251607321120440e-02
3.015928947446201214e+00 1.266294803064230423e-01
3.028495318060560493e+00 -4.564066301635563705e-02
3.041061688674919772e+00 -4.580555108232378658e-02
3.053628059289279051e+00 -1.414486355854617516e-02
3.066194429903637886e+00 1.486618781954753832e-01
3.078760800517997165e+00 -1.649999350724713765e-02
3.091327171132356444e+00 1.679164246207200395e-01
3.103893541746715723e+00 5.286198516314734308e-02
3.116459912361074558e+00 -1.100926633519204792e-02
3.129026282975433837e+00 -4.402228112490418066e-02
3.141592653589793116e+00 -6.852541810187064153e-02
3.154159024204152395e+00 1.417392135385279854e-02
3.166725394818511674e+00 6.291813616627572187e-03
3.179291765432870509e+00 -1.503606893990706017e-01
3.191858136047229788e+00 1.189533799903506189e-01
3.204424506661589067e+00 6.196675775185818413e-02
3.216990877275948346e+00 -4.563191523714674180e-02
3.229557247890307181e+00 -2.466327137680995873e-02
3.242123618504666460e+00 -1.452238609102988742e-01
3.254689989119025739e+00 -2.123911003107300521e-01
3.267256359733385018e+00 -5.914004572395230308e-02
3.279822730347744297e+00 -2.661694485705649038e-01
3.292389100962103132e+00 -1.534768980476914069e-01
3.304955471576462411e+00 -1.403548605625302148e-01
3.317521842190821690e+00 -2.403320275914593573e-01
3.330088212805180969e+00 -1.186438035055096540e-01
3.342654583419540248e+00 -3.095276211569931712e-01
3.355220954033899083e+00 -2.903396442963483981e-01
3.367787324648258362e+00 -1.979924071321144674e-01
3.380353695262617642e+00 -2.253906234405259057e-01
3.392920065876976921e+00 -1.084990672869916017e-01
3.405486436491335756e+00 -1.971454480975388668e-01
3.418052807105695035e+00 -3.696274849502740323e-01
3.430619177720054314e+00 -5.084390759761909795e-01
3.443185548334413593e+00 -2.467962941743908623e-01
3.455751918948772872e+00 -3.248865420474865706e-01
3.468318289563131707e+00 -4.718916214980596324e-01
3.480884660177490986e+00 -2.374625416835284830e-01
3.493451030791850265e+00 -3.965352173456100915e-01
3.506017401406209544e+00 -2.580964268182922572e-01
3.518583772020568823e+00 -4.351595235828363273e-01
3.531150142634927658e+00 -4.393058338455918532e-01
3.543716513249286937e+00 -3.837569495352783355e-01
3.556282883863646216e+00 -4.064855767938096998e-01
3.568849254478005495e+00 -3.131113354826728923e-01
3.581415625092364330e+00 -3.948623502232482263e-01
3.593981995706723609e+00 -3.547621549535684982e-01
3.606548366321082888e+00 -5.256181511258225525e-01
3.619114736935442167e+00 -3.678850047992999750e-01
3.631681107549800558e+00 -5.868046253175314142e-01
3.644247478164159837e+00 -5.006597218016165529e-01
3.656813848778519116e+00 -4.544104544434452997e-01
3.669380219392877951e+00 -4.522465514341436621e-01
3.681946590007237230e+00 -4.213550983631345614e-01
3.694512960621596509e+00 -7.719886054456351898e-01
3.707079331235955788e+00 -4.523837147184494589e-01
3.719645701850315067e+00 -3.681682773088020832e-01
3.732212072464673902e+00 -6.932518018239663959e-01
3.744778443079033181e+00 -6.223095757617835844e-01
3.757344813693392460e+00 -5.339235958665590198e-01
3.769911184307751739e+00 -4.923271777844579478e-01
3.782477554922110574e+00 -4.920674287566716432e-01
3.795043925536469853e+00 -5.243220548266476211e-01
3.807610296150829132e+00 -5.337438377754090135e-01
3.820176666765188411e+00 -6.731170763014567848e-01
3.832743037379547690e+00 -4.888268735343442861e-01
3.845309407993906525e+00 -5.451693865374092063e-01
3.857875778608265804e+00 -6.158302799996671073e-01
3.870442149222625083e+00 -5.455008303797014291e-01
3.883008519836984362e+00 -6.785195000735105841e-01
3.895574890451343641e+00 -6.414616094740763774e-01
3.908141261065702476e+00 -6.243225571047157363e-01
3.920707631680061755e+00 -6.349702618610975069e-01
3.933274002294421035e+00 -7.081034143596370845e-01
3.945840372908780314e+00 -5.437873458265052307e-01
3.958406743523139149e+00 -6.455736290864655391e-01
3.970973114137498428e+00 -6.959156250939814159e-01
3.983539484751857707e+00 -6.842430356524903390e-01
3.996105855366216986e+00 -7.248613849666440956e-01
4.008672225980576265e+00 -8.455510948037439078e-01
4.021238596594935544e+00 -8.171285527354296141e-01
4.033804967209294823e+00 -8.342446950715609599e-01
4.046371337823653214e+00 -8.127605186215166588e-01
4.058937708438012493e+00 -7.768389038714700323e-01
4.071504079052371772e+00 -7.492998723947925654e-01
4.084070449666731051e+00 -8.633623830561100165e-01
4.096636820281090330e+00 -7.374069511814413946e-01
4.109203190895449609e+00 -7.825444282488376313e-01
4.121769561509808888e+00 -8.453885389092463676e-01
4.134335932124168167e+00 -7.906902751370884497e-01
4.146902302738527446e+00 -7.757490435601125389e-01
4.159468673352886725e+00 -8.714141018520112913e-01
4.172035043967245116e+00 -7.908915628661060682e-01
4.184601414581604395e+00 -8.268006521850270740e-01
4.197167785195963674e+00 -8.517981802700822502e-01
4.209734155810322953e+00 -9.486129100689093541e-01
4.222300526424682232e+00 -9.521261351215382085e-01
4.234866897039041511e+00 -6.806310394554727639e-01
4.247433267653400790e+00 -7.365422460558660456e-01
4.259999638267760069e+00 -9.960782373688548130e-01
4.272566008882119348e+00 -9.962937913382552413e-01
4.285132379496477739e+00 -9.923212258783339346e-01
4.297698750110837018e+00 -8.468978658323127462e-01
4.310265120725196297e+00 -8.344480740421148512e-01
4.322831491339555576e+00 -1.057333328477253032e+00
4.335397861953914855e+00 -8.135724861607805947e-01
4.347964232568274134e+00 -1.127960255572039605e+00
4.360530603182633413e+00 -9.866898436923304816e-01
4.373096973796992692e+00 -8.375717059247700380e-01
4.385663344411351972e+00 -8.666731802241136595e-01
4.398229715025710362e+00 -9.577189657855721405e-01
4.410796085640069641e+00 -9.461330143743982291e-01
4.423362456254428032e+00 -9.422528238410713408e-01
4.435928826868787311e+00 -9.323656136541094153e-01
4.448495197483146590e+00 -8.831978106759079683e-01
4.461061568097505869e+00 -8.171312377782506964e-01
4.473627938711865148e+00 -1.056599574337792280e+00
4.486194309326224428e+00 -8.638476979311828785e-01
4.498760679940583707e+00 -1.076012517655990042e+00
4.511327050554942986e+00 -8.562651509605000433e-01
4.523893421169302265e+00 -7.922691060833509935e-01
4.536459791783661544e+00 -1.017732118295107568e+00
4.549026162398019935e+00 -1.086103497125058936e+00
4.561592533012379214e+00 -1.055546999258249796e+00
4.574158903626738493e+00 -1.131354834849642721e+00
4.586725274241097772e+00 -9.146431360308657776e-01
4.599291644855457051e+00 -9.105651291745259224e-01
4.611858015469816330e+00 -1.027125481400199103e+00
4.624424386084175609e+00 -8.636015194842974196e-01
4.636990756698534888e+00 -9.152627692395786108e-01
4.649557127312894167e+00 -1.080464780213529208e+00
4.662123497927252558e+00 -1.042081221741542496e+00
4.674689868541611837e+00 -9.349157028089325472e-01
4.687256239155971116e+00 -8.902697548888556245e-01
4.699822609770330395e+00 -8.550215558569289609e-01
4.712388980384689674e+00 -1.014534345136167026e+00
4.724955350999048953e+00 -9.807578041576386907e-01
4.737521721613408232e+00 -9.768956427284658517e-01
4.750088092227767511e+00 -1.188667227380278080e+00
4.762654462842126790e+00 -9.862687189353743777e-01
4.775220833456485181e+00 -8.279788681032858033e-01
4.787787204070844460e+00 -9.726886462596099348e-01
4.800353574685203739e+00 -9.984325111209176873e-01
4.812919945299563018e+00 -8.410809736499806899e-01
4.825486315913922297e+00 -1.092792757099960266e+00
4.838052686528281576e+00 -9.906688819154362280e-01
4.850619057142640855e+00 -9.311031428118125008e-01
4.863185427757000134e+00 -1.080693485912683549e+00
4.875751798371359413e+00 -8.917570385994014748e-01
4.888318168985717804e+00 -1.115917172308874550e+00
4.900884539600077083e+00 -9.517743035292454135e-01
4.913450910214436362e+00 -7.063460751555974415e-01
4.926017280828795641e+00 -1.077509238089136678e+00
4.938583651443154920e+00 -8.223339068030103283e-01
4.951150022057514200e+00 -1.132852549525651176e+00
4.963716392671873479e+00 -7.957495104241649742e-01
4.976282763286232758e+00 -9.355804277748281939e-01
4.988849133900592037e+00 -9.201264057834156462e-01
5.001415504514951316e+00 -9.069322339252265941e-01
5.013981875129309707e+00 -9.073493243319737944e-01
5.026548245743668986e+00 -1.113661711056009862e+00
5.039114616358028265e+00 -9.708167458307224162e-01
5.051680986972387544e+00 -9.161969738132168528e-01
5.064247357586746823e+00 -8.643404015982047994e-01
5.076813728201106102e+00 -8.431035648882079236e-01
5.089380098815465381e+00 -7.331502129945115520e-01
5.101946469429824660e+00 -9.344595345090689342e-01
5.114512840044183939e+00 -8.576927122297836048e-01
5.127079210658542330e+00 -8.744992635316622964e-01
5.139645581272901609e+00 -7.451072023904705688e-01
5.152211951887260888e+00 -1.198702947393355256e+00
5.164778322501620167e+00 -7.188520969647937964e-01
5.177344693115979446e+00 -9.450862127550130332e-01
5.189911063730338725e+00 -9.792166029665234639e-01
5.202477434344698004e+00 -9.470707779123557213e-01
5.215043804959057283e+00 -7.816814262252231860e-01
5.227610175573416562e+00 -1.021291774923635653e+00
5.240176546187774953e+00 -8.553404056722065940e-01
5.252742916802134232e+00 -9.272835358502210523e-01
5.265309287416492623e+00 -8.924619418938335436e-01
5.277875658030851902e+00 -9.397174919551318784e-01
5.290442028645211181e+00 -8.058345343841698538e-01
5.303008399259570460e+00 -7.272411614231130139e-01
5.315574769873929739e+00 -8.531888814830936862e-01
5.328141140488289018e+00 -8.104952659195803211e-01
5.340707511102648297e+00 -8.257277328495982172e-01
5.353273881717007576e+00 -6.956580756263348597e-01
5.365840252331366855e+00 -7.132263954961236552e-01
5.378406622945726134e+00 -7.380039462077770951e-01
5.390972993560084525e+00 -8.164696968122099330e-01
5.403539364174443804e+00 -8.675101430421694459e-01
5.416105734788803083e+00 -7.522472344097429486e-01
5.428672105403162362e+00 -7.964443319315206438e-01
5.441238476017521641e+00 -8.909912291551858043e-01
5.453804846631880920e+00 -7.253689856349413434e-01
5.466371217246240199e+00 -5.003336850126330893e-01
5.478937587860599479e+00 -6.026724884766372359e-01
5.491503958474958758e+00 -5.298793659241504139e-01
5.504070329089317148e+00 -7.069683950225384983e-01
5.516636699703676427e+00 -7.976122606540292370e-01
5.529203070318035707e+00 -5.638435353626934932e-01
5.541769440932394986e+00 -5.997666045683622826e-01
5.554335811546754265e+00 -7.443162772937850225e-01
5.566902182161113544e+00 -6.543348898733427621e-01
5.579468552775472823e+00 -6.970615359472392969e-01
5.592034923389832102e+00 -5.750802560955751153e-01
5.604601294004191381e+00 -7.009482147742767122e-01
5.617167664618549772e+00 -4.228551935256579242e-01
5.629734035232909051e+00 -5.527406700442932808e-01
5.642300405847268330e+00 -4.518179366540745479e-01
5.654866776461627609e+00 -6.583847355944866253e-01
5.667433147075986888e+00 -6.752374079111630456e-01
5.679999517690346167e+00 -6.192024550788924886e-01
5.692565888304705446e+00 -6.494305715108442678e-01
5.705132258919064725e+00 -4.674159666264094404e-01
5.717698629533424004e+00 -5.344576122073380064e-01
5.730265000147783283e+00 -7.012558336661294245e-01
5.742831370762141674e+00 -3.958418770661461528e-01
5.755397741376500953e+00 -4.727178658845433978e-01
5.767964111990860232e+00 -4.958797900806896086e-01
5.780530482605219511e+00 -5.186998316596237446e-01
5.793096853219578790e+00 -4.739406731073437795e-01
5.805663223833938069e+00 -5.229919932135943528e-01
5.818229594448297348e+00 -3.792489405983489048e-01
5.830795965062656627e+00 -4.488245440855715973e-01
5.843362335677015906e+00 -5.359450130080636310e-01
5.855928706291374297e+00 -4.215248559651808558e-01
5.868495076905733576e+00 -3.360739598655695937e-01
5.881061447520092855e+00 -2.721480754887535825e-01
5.893627818134452134e+00 -3.994048666796505276e-01
5.906194188748811413e+00 -3.286301414411137989e-01
5.918760559363170692e+00 -3.763889369095571591e-01
5.931326929977529971e+00 -2.971306421855996471e-01
5.943893300591889250e+00 -3.553332655752112768e-01
5.956459671206248530e+00 -4.739013967535852245e-01
5.969026041820606920e+00 -1.258667542297851327e-01
5.981592412434966199e+00 -2.495062004515616327e-01
5.994158783049325478e+00 -4.840213154480134672e-01
6.006725153663684758e+00 -2.043479617228556311e-01
6.019291524278044037e+00 -3.338282208830126718e-01
6.031857894892402427e+00 -2.225390501286083345e-01
6.044424265506761706e+00 -3.234577136947333620e-01
6.056990636121120986e+00 -2.829679517395013999e-01
6.069557006735480265e+00 -3.128046282510763554e-01
6.082123377349839544e+00 -1.068613542783790338e-01
6.094689747964198823e+00 -1.219642570195718645e-01
6.107256118578558102e+00 -2.291942962891553026e-01
6.119822489192916493e+00 -1.190466874066025277e-01
6.132388859807275772e+00 -1.977683389499767241e-01
6.144955230421635051e+00 -2.716492970013987818e-01
6.157521601035994330e+00 -9.057201370466241852e-03
6.170087971650353609e+00 8.269001134796001573e-02
6.182654342264712888e+00 -5.505717127276645029e-02
6.195220712879072167e+00 -4.692200183527666518e-02
6.207787083493431446e+00 1.458017883155497962e-01
6.220353454107790725e+00 -7.951447958865136278e-02
6.232919824722149116e+00 -1.972043102704527651e-01
6.245486195336508395e+00 -8.932016453717879501e-02
6.258052565950867674e+00 -6.466049958539461795e-02
6.270618936565226953e+00 8.496457557156002205e-02
