0.000000000000000000e+00 3.571782398882496906e-02
1.256637061435917323e-02 1.507120318648546564e-01
2.513274122871834645e-02 5.784192842753214936e-02
3.769911184307751795e-02 1.794589944822357896e-01
5.026548245743669291e-02 2.144404122737331164e-02
6.283185307179586787e-02 1.305651264926121491e-01
7.539822368615503589e-02 -8.038742499074491565e-02
8.796459430051420392e-02 2.396254861823527427e-01
1.005309649148733858e-01 -7.280789918799204785e-02
1.130973355292325677e-01 2.033957088890415987e-02
1.256637061435917357e-01 1.383791157941268446e-01
1.382300767579508760e-01 1.974418266315117743e-01
1.507964473723100718e-01 1.032217650340414017e-02
1.633628179866692676e-01 2.744555245765208928e-01
1.759291886010284078e-01 3.372882254268325664e-01
1.884955592153875759e-01 1.820648379676340634e-01
2.010619298297467716e-01 1.160509875737596175e-01
2.136283004441059397e-01 1.347025215392803621e-01
2.261946710584651354e-01 1.749910477913324824e-01
2.387610416728242757e-01 2.673671667347251590e-01
2.513274122871834715e-01 2.060468338356048479e-01
2.638937829015426395e-01 4.717607257286512423e-01
2.764601535159017520e-01 3.139726998169646288e-01
2.890265241302609756e-01 3.743022187258720490e-01
3.015928947446201436e-01 2.368836293024599859e-01
3.141592653589793116e-01 3.173790955402482350e-01
3.267256359733385351e-01 4.370457769142271909e-01
3.392920065876976476e-01 4.217448424899969406e-01
3.518583772020568157e-01 4.162314377371303387e-01
3.644247478164160392e-01 5.817153383449084059e-01
3.769911184307751517e-01 3.039782102747350945e-01
3.895574890451343197e-01 3.549932044799158359e-01
4.021238596594935433e-01 4.582196590112057044e-01
4.146902302738527113e-01 3.475200083934840700e-01
4.272566008882118793e-01 6.424024545933959551e-01
4.398229715025711029e-01 3.727555826422629393e-01
4.523893421169302709e-01 5.310707545358934745e-01
4.649557127312893834e-01 4.626289542074458194e-01
4.775220833456485514e-01 4.659127897576465505e-01
4.900884539600077194e-01 4.956157490436975399e-01
5.026548245743669430e-01 4.417780451642927542e-01
5.152211951887261110e-01 4.815213316605873595e-01
5.277875658030852790e-01 2.411199751527401403e-01
5.403539364174444470e-01 6.149793451321494686e-01
5.529203070318035040e-01 4.327680345387966421e-01
5.654866776461627831e-01 4.803289128247367756e-01
5.780530482605219511e-01 4.403295228685901175e-01
5.906194188748811191e-01 5.253856912049612582e-01
6.031857894892402872e-01 6.279075070892317090e-01
6.157521601035994552e-01 5.957983212244392091e-01
6.283185307179586232e-01 3.800763365150249817e-01
6.408849013323177912e-01 6.622558203393982268e-01
6.534512719466770703e-01 6.884854448408035399e-01
6.660176425610361273e-01 7.128741485229955765e-01
6.785840131753952953e-01 7.123274635876211125e-01
6.911503837897544633e-01 7.457285540668782131e-01
7.037167544041136313e-01 7.332963880331359041e-01
7.162831250184729104e-01 7.190430893042605298e-01
7.288494956328320784e-01 7.219631444034679824e-01
7.414158662471912464e-01 8.673043242485506399e-01
7.539822368615503034e-01 6.476201000222744364e-01
7.665486074759094715e-01 6.832297183282981523e-01
7.791149780902686395e-01 7.320985875474411708e-01
7.916813487046279185e-01 5.742644620299165448e-01
8.042477193189870865e-01 7.305650260747313940e-01
8.168140899333462546e-01 7.656470241572757018e-01
8.293804605477054226e-01 5.202660916118573287e-01
8.419468311620645906e-01 7.822172252101586842e-01
8.545132017764237586e-01 9.328431670102210749e-01
8.670795723907829267e-01 7.921648983785799514e-01
8.796459430051422057e-01 1.018224026412490879e+00
8.922123136195013737e-01 6.251053089304110522e-01
9.047786842338605418e-01 6.649987773702873417e-01
9.173450548482194877e-01 9.701855356090136606e-01
9.299114254625787668e-01 7.417400585997712126e-01
9.424777960769379348e-01 8.368101862019347026e-01
9.550441666912971028e-01 8.130771715171165592e-01
9.676105373056562708e-01 9.207514626597032015e-01
9.801769079200154389e-01 6.845854086766912650e-01
9.927432785343746069e-01 8.661742128338891789e-01
1.005309649148733886e+00 6.842600187026446346e-01
1.017876019763092943e+00 9.141737198206580928e-01
1.030442390377452222e+00 8.899503094994317687e-01
1.043008760991811279e+00 9.105392966310149605e-01
1.055575131606170558e+00 9.982081916847451719e-01
1.068141502220529837e+00 7.569943856645373614e-01
1.080707872834888894e+00 9.406374244917276028e-01
1.093274243449248173e+00 7.685254170834930898e-01
1.105840614063607008e+00 1.037818300408379191e+00
1.118406984677966287e+00 8.582175119463602009e-01
1.130973355292325566e+00 7.583504804607703598e-01
1.143539725906684623e+00 9.786319147037030319e-01
1.156106096521043902e+00 9.647513926802262496e-01
1.168672467135402959e+00 9.598842100032709546e-01
1.181238837749762238e+00 8.535778776886211450e-01
1.193805208364121295e+00 8.808907259267511058e-01
1.206371578978480574e+00 1.060814377671918995e+00
1.218937949592839853e+00 1.029185106872252620e+00
1.231504320207198910e+00 9.100098397083000723e-01
1.244070690821558189e+00 9.132355625341944672e-01
1.256637061435917246e+00 9.854660891465041317e-01
1.269203432050276525e+00 1.061113411939639928e+00
1.281769802664635582e+00 1.064157274835686229e+00
1.294336173278994861e+00 9.974698887969127847e-01
1.306902543893354141e+00 1.204520585755007422e+00
1.319468914507712975e+00 8.831198661286461249e-01
1.332035285122072255e+00 8.837228484238324189e-01
1.344601655736431534e+00 1.066880388146167258e+00
1.357168026350790591e+00 1.029477663862812253e+00
1.369734396965149870e+00 9.281523873375567835e-01
1.382300767579508927e+00 8.801734182971517884e-01
1.394867138193868206e+00 9.359388836694612079e-01
1.407433508808227263e+00 8.542757775380530605e-01
1.419999879422586542e+00 1.004462431594132177e+00
1.432566250036945821e+00 1.022741103664379425e+00
1.445132620651304878e+00 1.022337633659697209e+00
1.457698991265664157e+00 1.089830846610862380e+00
1.470265361880023214e+00 1.129074148762768015e+00
1.482831732494382493e+00 9.779224240678264790e-01
1.495398103108741550e+00 1.116336710428254886e+00
1.507964473723100607e+00 9.476208441080888889e-01
1.520530844337459886e+00 1.069680136632979117e+00
1.533097214951818943e+00 9.970705102823402832e-01
1.545663585566178222e+00 1.116073097792766644e+00
1.558229956180537279e+00 1.176380636048384609e+00
1.570796326794896558e+00 1.081363719645849653e+00
1.583362697409255837e+00 9.055791662949592702e-01
1.595929068023614894e+00 9.284213898870823378e-01
1.608495438637974173e+00 9.658806231816903232e-01
1.621061809252333230e+00 8.523210296493559657e-01
1.633628179866692509e+00 1.082781627743136577e+00
1.646194550481051566e+00 7.858445246426057906e-01
1.658760921095410845e+00 1.042645853253757027e+00
1.671327291709770124e+00 9.492700000945939465e-01
1.683893662324129181e+00 1.020392394088018850e+00
1.696460032938488460e+00 8.430186781590968126e-01
1.709026403552847517e+00 9.264025143642258264e-01
1.721592774167206796e+00 8.414392007819460062e-01
1.734159144781565853e+00 7.833979923707052873e-01
1.746725515395925132e+00 8.193199251877831824e-01
1.759291886010284411e+00 9.662886983806583396e-01
1.771858256624643468e+00 1.041059983119319021e+00
1.784424627239002747e+00 9.465735303749412966e-01
1.796990997853361804e+00 1.084337360254700178e+00
1.809557368467721084e+00 9.148212395382268047e-01
1.822123739082079918e+00 9.926813092160107210e-01
1.834690109696438975e+00 1.017578425827341704e+00
1.847256480310798255e+00 1.068764792650940265e+00
1.859822850925157534e+00 8.121264822218462465e-01
1.872389221539516591e+00 1.083907061433851293e+00
1.884955592153875870e+00 1.119111718935112965e+00
1.897521962768234927e+00 8.926532353491256622e-01
1.910088333382594206e+00 1.096706985768131304e+00
1.922654703996953263e+00 1.015329276841524075e+00
1.935221074611312542e+00 9.442553723878656102e-01
1.947787445225671821e+00 9.650827317021317686e-01
1.960353815840030878e+00 9.409928996254103284e-01
1.972920186454390157e+00 1.005661680146412884e+00
1.985486557068749214e+00 8.829610431540717563e-01
1.998052927683108493e+00 1.055419952260971961e+00
2.010619298297467772e+00 8.104704219126406262e-01
2.023185668911826607e+00 7.805562773105498842e-01
2.035752039526185886e+00 9.834975794013611772e-01
2.048318410140545165e+00 9.651968714967403828e-01
2.060884780754904444e+00 8.641805564471127798e-01
2.073451151369263723e+00 6.823610737101224455e-01
2.086017521983622558e+00 1.035661347258306497e+00
2.098583892597981837e+00 7.859465952431289315e-01
2.111150263212341116e+00 1.049939204221043365e+00
2.123716633826700395e+00 8.204538852740853594e-01
2.136283004441059674e+00 9.443248689066121582e-01
2.148849375055418509e+00 9.173941561048930549e-01
2.161415745669777788e+00 8.677856009489716138e-01
2.173982116284137067e+00 6.036518921629899781e-01
2.186548486898496346e+00 6.444359623785975710e-01
2.199114857512855181e+00 7.722857330952868082e-01
2.211681228127214016e+00 8.092173527501232977e-01
2.224247598741573295e+00 6.451306934121795456e-01
2.236813969355932574e+00 7.159525805807112064e-01
2.249380339970291853e+00 1.090813731778942586e+00
2.261946710584651132e+00 8.473761410215751022e-01
2.274513081199009967e+00 7.726357862930055553e-01
2.287079451813369246e+00 9.217741662140573888e-01
2.299645822427728525e+00 9.881602496892487597e-01
2.312212193042087804e+00 9.720447839143049329e-01
2.324778563656447083e+00 7.835627156037220375e-01
2.337344934270805918e+00 5.232260162262942771e-01
2.349911304885165197e+00 7.833101142412089990e-01
2.362477675499524477e+00 7.978625720218248674e-01
2.375044046113883756e+00 5.895940639863717081e-01
2.387610416728242591e+00 6.945602476103104328e-01
2.400176787342601870e+00 7.474563798276266935e-01
2.412743157956961149e+00 5.998628108759991306e-01
2.425309528571320428e+00 5.566708503613841952e-01
2.437875899185679707e+00 7.530920657554558417e-01
2.450442269800038542e+00 6.068614324331105259e-01
2.463008640414397821e+00 6.131726758869447957e-01
2.475575011028757100e+00 6.635726337245897444e-01
2.488141381643116379e+00 6.080568951883690287e-01
2.500707752257475658e+00 5.835432484203134651e-01
2.513274122871834493e+00 4.503908452634334258e-01
2.525840493486193772e+00 5.514466647082727491e-01
2.538406864100553051e+00 4.969512893625092076e-01
2.550973234714912330e+00 6.022380428888103321e-01
2.563539605329271165e+00 6.500162582570377934e-01
2.576105975943630444e+00 5.097331718288338198e-01
2.588672346557989723e+00 4.440344541573703063e-01
2.601238717172349002e+00 5.286436591054265444e-01
2.613805087786708281e+00 5.494342891929927530e-01
2.626371458401067116e+00 7.579995285522667103e-01
2.638937829015425951e+00 4.290063373394621404e-01
2.651504199629785230e+00 4.386704797438839565e-01
2.664070570244144509e+00 4.921010903647551893e-01
2.676636940858503788e+00 5.767374899903020546e-01
2.689203311472863067e+00 4.047181026660185976e-01
2.701769682087221902e+00 1.964066753107754915e-01
2.714336052701581181e+00 3.516391400700737413e-01
2.726902423315940460e+00 6.737509187773423891e-01
2.739468793930299739e+00 4.583507691554346009e-01
2.752035164544658574e+00 3.518606400468442530e-01
2.764601535159017853e+00 6.482594345698264870e-01
2.777167905773377132e+00 4.870747465866683279e-01
2.789734276387736411e+00 2.881868861300858065e-01
2.802300647002095690e+00 1.757210393470495513e-01
2.814867017616454525e+00 3.893937360236925938e-01
2.827433388230813804e+00 2.083821943295578738e-01
2.839999758845173083e+00 2.948798337296887895e-01
2.852566129459532362e+00 2.407508439160119806e-01
2.865132500073891642e+00 1.606361113453830258e-01
2.877698870688250476e+00 3.840756681443309728e-01
2.890265241302609756e+00 2.287469492415916683e-01
2.902831611916969035e+00 1.776945989776430868e-01
2.915397982531328314e+00 2.664281779874662637e-01
2.927964353145687149e+00 2.694801145645109308e-01
2.940530723760046428e+00 4.412717697357626534e-03
2.953097094374405707e+00 2.406485493937455811e-01
2.965663464988764986e+00 2.709125765375219874e-01
2.978229835603124265e+00 2.822093848112515735e-01
2.990796206217483100e+00 2.697831215454695730e-01
3.003362576831842379e+00 1.563536112386477717e-01
3.015928947446201214e+00 1.832164228745178924e-01
3.028495318060560493e+00 5.829768995668378057e-02
3.041061688674919772e+00 1.617680362144887085e-01
3.053628059289279051e+00 4.183786129405724086e-02
3.066194429903637886e+00 1.480081994680314539e-01
3.078760800517997165e+00 3.722404681288449257e-02
3.091327171132356444e+00 1.757623289484258611e-02
3.103893541746715723e+00 3.092086966063344738e-02
3.116459912361074558e+00 7.232579824795179468e-02
3.129026282975433837e+00 3.236808737812700565e-02
3.141592653589793116e+00 -9.153327980527028659e-03
3.154159024204152395e+00 -3.194558399311899222e-01
3.166725394818511674e+00 -3.114424749098831588e-02
3.179291765432870509e+00 5.244079790598379920e-02
3.191858136047229788e+00 1.053990437838129984e-01
3.204424506661589067e+00 -4.939269879256864837e-02
3.216990877275948346e+00 -8.856365647267988583e-02
3.229557247890307181e+00 -1.239437174068908076e-01
3.242123618504666460e+00 -1.041570691655789721e-01
3.254689989119025739e+00 -4.475508271680465888e-02
3.267256359733385018e+00 -7.217008429276261516e-02
3.279822730347744297e+00 -1.409556920975550409e-01
3.292389100962103132e+00 -1.458232057354379996e-01
3.304955471576462411e+00 -1.086804510736518459e-01
3.317521842190821690e+00 -1.966585260784131650e-02
3.330088212805180969e+00 -1.831320333012503021e-01
3.342654583419540248e+00 -2.122246925419585262e-02
3.355220954033899083e+00 -1.948899268252261285e-01
3.367787324648258362e+00 -2.161989186324196066e-01
3.380353695262617642e+00 -3.350012653072049762e-01
3.392920065876976921e+00 -2.143656569135884704e-01
3.405486436491335756e+00 -1.539984210378148588e-01
3.418052807105695035e+00 -2.892942108006673618e-01
3.430619177720054314e+00 -2.681755406843945311e-01
3.443185548334413593e+00 -3.108905077396783567e-01
3.455751918948772872e+00 -2.593715739649161689e-01
3.468318289563131707e+00 -3.262366699427711181e-01
3.480884660177490986e+00 -3.028119823337904748e-01
3.493451030791850265e+00 -3.658290531033383530e-01
3.506017401406209544e+00 -2.801261643085789510e-01
3.518583772020568823e+00 -1.477904016855749458e-01
3.531150142634927658e+00 -2.321385725120619359e-01
3.543716513249286937e+00 -3.069592239678261003e-01
3.556282883863646216e+00 -3.283417994979517807e-01
3.568849254478005495e+00 -3.216040293903644764e-01
3.581415625092364330e+00 -4.326616567314063855e-01
3.593981995706723609e+00 -3.676578889506804115e-01
3.606548366321082888e+00 -4.038311913865938463e-01
3.619114736935442167e+00 -3.547552856607620875e-01
3.631681107549800558e+00 -5.188718607068318889e-01
3.644247478164159837e+00 -4.224519678558746882e-01
3.656813848778519116e+00 -3.891272142277916735e-01
3.669380219392877951e+00 -4.738930649412623208e-01
3.681946590007237230e+00 -7.103573207574087611e-01
3.694512960621596509e+00 -4.419277534306506605e-01
3.707079331235955788e+00 -5.588343787108198679e-01
3.719645701850315067e+00 -6.177832653882813219e-01
3.732212072464673902e+00 -5.568735244458785649e-01
3.744778443079033181e+00 -5.615885157952439366e-01
3.757344813693392460e+00 -4.891101518437964701e-01
3.769911184307751739e+00 -6.939260601696588537e-01
3.782477554922110574e+00 -5.526644882085430810e-01
3.795043925536469853e+00 -4.969797562220946152e-01
3.807610296150829132e+00 -6.332349112380901701e-01
3.820176666765188411e+00 -6.630344204368104899e-01
3.832743037379547690e+00 -6.877579238094669867e-01
3.845309407993906525e+00 -7.310769406708906848e-01
3.857875778608265804e+00 -6.287511200803549416e-01
3.870442149222625083e+00 -7.095618007000874528e-01
3.883008519836984362e+00 -6.748924963516474973e-01
3.895574890451343641e+00 -6.782872733399949450e-01
3.908141261065702476e+00 -7.607701794570487230e-01
3.920707631680061755e+00 -6.236485331084740125e-01
3.933274002294421035e+00 -6.206345895368005072e-01
3.945840372908780314e+00 -8.807673033030196663e-01
3.958406743523139149e+00 -8.074404898029441391e-01
3.970973114137498428e+00 -9.410872708630078076e-01
3.983539484751857707e+00 -7.645042596186517603e-01
3.996105855366216986e+00 -6.412390555539150272e-01
4.008672225980576265e+00 -6.147446166816230573e-01
4.021238596594935544e+00 -8.485156908073119286e-01
4.033804967209294823e+00 -7.386803647912850712e-01
4.046371337823653214e+00 -7.421746283403830580e-01
4.058937708438012493e+00 -7.096642071250891526e-01
4.071504079052371772e+00 -7.164991126084234718e-01
4.084070449666731051e+00 -9.499790311671969523e-01
4.096636820281090330e+00 -6.589577257914192021e-01
4.109203190895449609e+00 -8.306622900756625016e-01
4.121769561509808888e+00 -7.588013502829180634e-01
4.134335932124168167e+00 -8.740430559586576109e-01
4.146902302738527446e+00 -9.498946107593928545e-01
4.159468673352886725e+00 -9.182201339359424841e-01
4.172035043967245116e+00 -6.961191969827149606e-01
4.184601414581604395e+00 -8.896370023076259903e-01
4.197167785195963674e+00 -9.621940058635847226e-01
4.209734155810322953e+00 -8.251413294422024203e-01
4.222300526424682232e+00 -9.297142918831847735e-01
4.234866897039041511e+00 -8.097782079858366622e-01
4.247433267653400790e+00 -7.658621573716670738e-01
4.259999638267760069e+00 -9.162088617122009504e-01
4.272566008882119348e+00 -9.275571760751206707e-01
4.285132379496477739e+00 -9.659377559123643042e-01
4.297698750110837018e+00 -9.205322143239234034e-01
4.310265120725196297e+00 -1.060688079972949005e+00
4.322831491339555576e+00 -8.497362229085499985e-01
4.335397861953914855e+00 -8.631886951344799330e-01
4.347964232568274134e+00 -1.014567009488336335e+00
4.360530603182633413e+00 -9.767058982807594880e-01
4.373096973796992692e+00 -8.691804423166984428e-01
4.385663344411351972e+00 -1.020469435537867842e+00
4.398229715025710362e+00 -1.100078306928213401e+00
4.410796085640069641e+00 -8.771271123763776378e-01
4.423362456254428032e+00 -9.440256553617641933e-01
4.435928826868787311e+00 -8.855372461401460615e-01
4.448495197483146590e+00 -1.044018890239627906e+00
4.461061568097505869e+00 -1.018998465199596914e+00
4.473627938711865148e+00 -8.097382636260490596e-01
4.486194309326224428e+00 -9.257312325339596137e-01
4.498760679940583707e+00 -1.129903128691084557e+00
4.511327050554942986e+00 -9.051985877669160852e-01
4.523893421169302265e+00 -8.833274539772590916e-01
4.536459791783661544e+00 -1.076904177090238557e+00
4.549026162398019935e+00 -1.120930251515214637e+00
4.561592533012379214e+00 -8.981192014229610887e-01
4.574158903626738493e+00 -9.511259844261857888e-01
4.586725274241097772e+00 -8.327163644407802323e-01
4.599291644855457051e+00 -1.149363999663984837e+00
4.611858015469816330e+00 -1.105527774728684687e+00
4.624424386084175609e+00 -8.233862047277368257e-01
4.636990756698534888e+00 -8.947007223241021379e-01
4.649557127312894167e+00 -7.957139225864383603e-01
4.662123497927252558e+00 -9.509083072973547601e-01
4.674689868541611837e+00 -9.588361353150030020e-01
4.687256239155971116e+00 -9.105376874835251488e-01
4.699822609770330395e+00 -9.494410122350948056e-01
4.712388980384689674e+00 -9.929159597618110178e-01
4.724955350999048953e+00 -1.131714917779344187e+00
4.737521721613408232e+00 -7.570565799042023869e-01
4.750088092227767511e+00 -7.518130321378110326e-01
4.762654462842126790e+00 -1.007577433959839563e+00
4.775220833456485181e+00 -1.004707980073129781e+00
4.787787204070844460e+00 -8.725780149948845210e-01
4.800353574685203739e+00 -9.667794446284779797e-01
4.812919945299563018e+00 -9.323225983682901230e-01
4.825486315913922297e+00 -1.041295531440959543e+00
4.838052686528281576e+00 -9.774726596716867277e-01
4.850619057142640855e+00 -9.969707856838790905e-01
4.863185427757000134e+00 -9.445795363765709940e-01
4.875751798371359413e+00 -1.183879642073965233e+00
4.888318168985717804e+00 -1.011089252418168938e+00
4.900884539600077083e+00 -8.621971460876839410e-01
4.913450910214436362e+00 -8.499016774320511391e-01
4.926017280828795641e+00 -1.137870531289584264e+00
4.938583651443154920e+00 -9.613733378807047814e-01
4.951150022057514200e+00 -9.890652255777808710e-01
4.963716392671873479e+00 -9.821747966175266020e-01
4.976282763286232758e+00 -1.158084281845230379e+00
4.988849133900592037e+00 -8.808775836491293809e-01
5.001415504514951316e+00 -9.517935332622635691e-01
5.013981875129309707e+00 -7.837448329235794375e-01
5.026548245743668986e+00 -8.913608634397005570e-01
5.039114616358028265e+00 -1.133405730168699943e+00
5.051680986972387544e+00 -7.427953399598958839e-01
5.064247357586746823e+00 -8.999244039198666112e-01
5.076813728201106102e+00 -8.689386427299456983e-01
5.089380098815465381e+00 -8.811716655298951206e-01
5.101946469429824660e+00 -8.743204114417182371e-01
5.114512840044183939e+00 -1.022618742216197418e+00
5.127079210658542330e+00 -9.714768058142233542e-01
5.139645581272901609e+00 -7.468842383139923102e-01
5.152211951887260888e+00 -9.247390280644787186e-01
5.164778322501620167e+00 -7.900584656611592260e-01
5.177344693115979446e+00 -1.065538109552847335e+00
5.189911063730338725e+00 -9.508721331057147230e-01
5.202477434344698004e+00 -9.645487288099632295e-01
5.215043804959057283e+00 -8.343247464566819760e-01
5.227610175573416562e+00 -1.050596298506798254e+00
5.240176546187774953e+00 -8.902712775886642005e-01
5.252742916802134232e+00 -7.787495103781225669e-01
5.265309287416492623e+00 -7.695754168256566663e-01
5.277875658030851902e+00 -8.638097412590035606e-01
5.290442028645211181e+00 -8.120635967965214030e-01
5.303008399259570460e+00 -8.562679260283256877e-01
5.315574769873929739e+00 -6.819113357556927379e-01
5.328141140488289018e+00 -7.550954153053743845e-01
5.340707511102648297e+00 -7.970230601504910695e-01
5.353273881717007576e+00 -7.466210097386328792e-01
5.365840252331366855e+00 -9.223718261107023419e-01
5.378406622945726134e+00 -8.482018228993405407e-01
5.390972993560084525e+00 -9.177661262931613440e-01
5.403539364174443804e+00 -8.036220917265658459e-01
5.416105734788803083e+00 -9.233847215966314304e-01
5.428672105403162362e+00 -6.699833091162206156e-01
5.441238476017521641e+00 -7.133603439677783653e-01
5.453804846631880920e+00 -6.389755832986019346e-01
5.466371217246240199e+00 -6.373647723354994854e-01
5.478937587860599479e+00 -8.627631744044870210e-01
5.491503958474958758e+00 -7.673239930573864109e-01
5.504070329089317148e+00 -7.361773159439941594e-01
5.516636699703676427e+00 -6.700635931598131201e-01
5.529203070318035707e+00 -4.974446972533976830e-01
5.541769440932394986e+00 -5.920976517854600329e-01
5.554335811546754265e+00 -7.458106576371239527e-01
5.566902182161113544e+00 -7.169705624024766966e-01
5.579468552775472823e+00 -7.129607427226736238e-01
5.592034923389832102e+00 -6.061032311618390622e-01
5.604601294004191381e+00 -6.330496349866363559e-01
5.617167664618549772e+00 -6.812379058048071423e-01
5.629734035232909051e+00 -5.264029789285229466e-01
5.642300405847268330e+00 -5.497886041797108714e-01
5.654866776461627609e+00 -7.720669822455883402e-01
5.667433147075986888e+00 -5.115264208221115272e-01
5.679999517690346167e+00 -5.356639190039772513e-01
5.692565888304705446e+00 -5.094894852253427642e-01
5.705132258919064725e+00 -4.556643901467683500e-01
5.717698629533424004e+00 -5.130730149488170744e-01
5.730265000147783283e+00 -6.500975456499633598e-01
5.742831370762141674e+00 -4.106031115791536346e-01
5.755397741376500953e+00 -5.235502603752105744e-01
5.767964111990860232e+00 -4.652727738664695356e-01
5.780530482605219511e+00 -5.061406265281930272e-01
5.793096853219578790e+00 -5.207840370960203913e-01
5.805663223833938069e+00 -5.662643111968752585e-01
5.818229594448297348e+00 -4.317401668459018294e-01
5.830795965062656627e+00 -5.089560188959586506e-01
5.843362335677015906e+00 -4.309782696425245585e-01
5.855928706291374297e+00 -3.703341279891891880e-01
5.868495076905733576e+00 -3.669610067640937112e-01
5.881061447520092855e+00 -4.142119189497183163e-01
5.893627818134452134e+00 -4.786322411627038087e-01
5.906194188748811413e+00 -3.994115383179580592e-01
5.918760559363170692e+00 -4.116843309315174615e-01
5.931326929977529971e+00 -3.129482372616058661e-01
5.943893300591889250e+00 -4.522092397927354179e-01
5.956459671206248530e+00 -5.115118952078303582e-01
5.969026041820606920e+00 -2.127927266868768208e-01
5.981592412434966199e+00 -2.327722238791261056e-01
5.994158783049325478e+00 -1.617648526823609045e-01
6.006725153663684758e+00 -2.988327602269001404e-01
6.019291524278044037e+00 -1.569598621904139679e-01
6.031857894892402427e+00 -2.278851688922064189e-01
6.044424265506761706e+00 -2.755118487469791488e-01
6.056990636121120986e+00 -1.506921610529234901e-01
6.069557006735480265e+00 -1.860653413044475735e-01
6.082123377349839544e+00 -3.697182193192917188e-01
6.094689747964198823e+00 -2.087603106985297663e-01
6.107256118578558102e+00 -1.252443554106790202e-01
6.119822489192916493e+00 -1.305575048756986989e-01
6.132388859807275772e+00 -2.304518061577763843e-01
6.144955230421635051e+00 -1.483554097005787553e-01
6.157521601035994330e+00 -9.201335769019128308e-02
6.170087971650353609e+00 -1.114646373824309117e-01
6.182654342264712888e+00 6.831693655519957553e-02
6.195220712879072167e+00 -1.437412164154310279e-01
6.207787083493431446e+00 -5.674091236557879392e-02
6.220353454107790725e+00 -1.716799767039718372e-01
6.232919824722149116e+00 1.761512437047428881e-01
6.245486195336508395e+00 -1.606506141374043350e-01
6.258052565950867674e+00 -2.942210544046197640e-02
6.270618936565226953e+00 1.582938217025954275e-01
