0.000000000000000000e+00 1.719559075122934766e-01
1.256637061435917323e-02 6.418009500380611465e-02
2.513274122871834645e-02 -9.605178703748902536e-02
3.769911184307751795e-02 3.872690263898324881e-03
5.026548245743669291e-02 8.600612695949794162e-02
6.283185307179586787e-02 -4.605442752000796225e-02
7.539822368615503589e-02 3.323317417358857551e-01
8.796459430051420392e-02 1.266360380534534980e-01
1.005309649148733858e-01 2.490444538836870947e-02
1.130973355292325677e-01 9.752815644021516073e-02
1.256637061435917357e-01 1.080256771773373536e-01
1.382300767579508760e-01 1.862664267383372374e-02
1.507964473723100718e-01 1.923475523155518674e-01
1.633628179866692676e-01 3.277399272082466286e-01
1.759291886010284078e-01 1.847209610733789309e-01
1.884955592153875759e-01 1.523840103138662805e-01
2.010619298297467716e-01 2.702686703340635987e-01
2.136283004441059397e-01 1.165261632711112882e-01
2.261946710584651354e-01 2.458625990511025261e-01
2.387610416728242757e-01 3.492136192483757950e-01
2.513274122871834715e-01 1.189479049958601375e-01
2.638937829015426395e-01 2.523241010772887538e-01
2.764601535159017520e-01 2.305819066803996842e-01
2.890265241302609756e-01 2.748236560212368174e-01
3.015928947446201436e-01 4.776810707268153156e-01
3.141592653589793116e-01 2.889403397006182206e-01
3.267256359733385351e-01 2.107265520331818021e-01
3.392920065876976476e-01 2.309470739485754154e-01
3.518583772020568157e-01 2.755909833142405896e-01
3.644247478164160392e-01 3.549177641423975627e-01
3.769911184307751517e-01 3.933997302060247558e-01
3.895574890451343197e-01 3.176513308488986831e-01
4.021238596594935433e-01 4.192233689806336150e-01
4.146902302738527113e-01 3.516802918234105957e-01
4.272566008882118793e-01 3.251088047866648179e-01
4.398229715025711029e-01 3.017979762405997302e-01
4.523893421169302709e-01 5.356897367371278307e-01
4.649557127312893834e-01 5.714103630571075731e-01
4.775220833456485514e-01 5.106069661077052846e-01
4.900884539600077194e-01 4.599087178527085928e-01
5.026548245743669430e-01 4.087078659614964971e-01
5.152211951887261110e-01 4.460640617523295992e-01
5.277875658030852790e-01 4.779077526782806729e-01
5.403539364174444470e-01 5.524784103582760508e-01
5.529203070318035040e-01 4.645099875385458321e-01
5.654866776461627831e-01 5.968992762109902595e-01
5.780530482605219511e-01 7.876665207017968795e-01
5.906194188748811191e-01 5.660882996544668311e-01
6.031857894892402872e-01 5.195693689328959586e-01
6.157521601035994552e-01 6.166002804884801458e-01
6.283185307179586232e-01 4.089179465048110584e-01
6.408849013323177912e-01 6.032864326719423742e-01
6.534512719466770703e-01 7.485490452570560116e-01
6.660176425610361273e-01 5.659107960695647366e-01
6.785840131753952953e-01 5.045455999995469565e-01
6.911503837897544633e-01 7.159830746254889355e-01
7.037167544041136313e-01 5.665539396554909457e-01
7.162831250184729104e-01 6.790543601016402198e-01
7.288494956328320784e-01 6.260266367271405397e-01
7.414158662471912464e-01 6.321612950378263651e-01
7.539822368615503034e-01 5.853336030469007412e-01
7.665486074759094715e-01 6.498193295720027240e-01
7.791149780902686395e-01 7.659283291198082377e-01
7.916813487046279185e-01 8.002049673091502502e-01
8.042477193189870865e-01 6.825825328604964159e-01
8.168140899333462546e-01 6.847682528015718306e-01
8.293804605477054226e-01 6.565319559668532090e-01
8.419468311620645906e-01 8.504657554947332443e-01
8.545132017764237586e-01 9.604294981107676099e-01
8.670795723907829267e-01 5.786701974243126934e-01
8.796459430051422057e-01 8.202918710890020337e-01
8.922123136195013737e-01 7.145431599131780720e-01
9.047786842338605418e-01 9.017879605731130566e-01
9.173450548482194877e-01 8.025810611878277934e-01
9.299114254625787668e-01 8.710466169083530552e-01
9.424777960769379348e-01 1.022977834113445006e+00
9.550441666912971028e-01 9.637505313934339179e-01
9.676105373056562708e-01 1.032405354550938181e+00
9.801769079200154389e-01 1.044168904829274602e+00
9.927432785343746069e-01 9.433894232416560888e-01
1.005309649148733886e+00 8.229731934121843340e-01
1.017876019763092943e+00 8.322509186802490300e-01
1.030442390377452222e+00 9.707704708089229806e-01
1.043008760991811279e+00 8.898852282620087761e-01
1.055575131606170558e+00 7.162305216487938608e-01
1.068141502220529837e+00 8.399238733916363220e-01
1.080707872834888894e+00 9.365027769011468051e-01
1.093274243449248173e+00 7.415350906706141831e-01
1.105840614063607008e+00 1.052139558297193300e+00
1.118406984677966287e+00 8.171365783262918292e-01
1.130973355292325566e+00 9.256503562456435130e-01
1.143539725906684623e+00 8.174398342039125298e-01
1.156106096521043902e+00 9.793053925185795094e-01
1.168672467135402959e+00 9.173383415537890162e-01
1.181238837749762238e+00 8.784891846678224425e-01
1.193805208364121295e+00 8.225477643839992359e-01
1.206371578978480574e+00 9.009023803446081224e-01
1.218937949592839853e+00 7.423443020612630061e-01
1.231504320207198910e+00 1.046097313104773496e+00
1.244070690821558189e+00 1.026765133764059534e+00
1.256637061435917246e+00 8.966346682410522018e-01
1.269203432050276525e+00 9.730782523435256293e-01
1.281769802664635582e+00 1.172509442421145298e+00
1.294336173278994861e+00 9.444426555358046427e-01
1.306902543893354141e+00 9.029826946025524270e-01
1.319468914507712975e+00 9.810787552839497216e-01
1.332035285122072255e+00 1.065703585012663712e+00
1.344601655736431534e+00 1.239996758994148074e+00
1.357168026350790591e+00 7.921559342275638071e-01
1.369734396965149870e+00 9.272932064224127524e-01
1.382300767579508927e+00 1.068227404352462662e+00
1.394867138193868206e+00 9.891645657729072338e-01
1.407433508808227263e+00 8.884567892851413795e-01
1.419999879422586542e+00 1.199558231794637164e+00
1.432566250036945821e+00 1.061442170264431661e+00
1.445132620651304878e+00 1.258699503461810920e+00
1.457698991265664157e+00 8.937221362179972317e-01
1.470265361880023214e+00 1.041212102088635572e+00
1.482831732494382493e+00 9.151148302548666180e-01
1.495398103108741550e+00 1.066339685673096893e+00
1.507964473723100607e+00 9.356923100358159884e-01
1.520530844337459886e+00 1.001854927039040222e+00
1.533097214951818943e+00 1.049921298900026834e+00
1.545663585566178222e+00 1.065420262751049618e+00
1.558229956180537279e+00 9.386445179021122298e-01
1.570796326794896558e+00 1.044022618203861885e+00
1.583362697409255837e+00 8.719909324929595584e-01
1.595929068023614894e+00 1.149608256695301867e+00
1.608495438637974173e+00 9.705224196312502993e-01
1.621061809252333230e+00 1.039121772560025914e+00
1.633628179866692509e+00 8.848310765765505792e-01
1.646194550481051566e+00 1.055351257730722914e+00
1.658760921095410845e+00 1.022920194469690847e+00
1.671327291709770124e+00 1.138229628016623751e+00
1.683893662324129181e+00 9.343142848571008852e-01
1.696460032938488460e+00 1.121156463070253295e+00
1.709026403552847517e+00 1.077810970381614109e+00
1.721592774167206796e+00 1.123484080988078171e+00
1.734159144781565853e+00 1.036798959636189288e+00
1.746725515395925132e+00 1.078086686949853767e+00
1.759291886010284411e+00 9.293115999162093743e-01
1.771858256624643468e+00 8.866636278815577255e-01
1.784424627239002747e+00 1.062379557729161261e+00
1.796990997853361804e+00 1.015861304571182178e+00
1.809557368467721084e+00 8.557470505196441701e-01
1.822123739082079918e+00 1.034898492951354054e+00
1.834690109696438975e+00 8.348806535695305620e-01
1.847256480310798255e+00 9.139071379638873394e-01
1.859822850925157534e+00 8.671840322122262856e-01
1.872389221539516591e+00 9.285822738759514916e-01
1.884955592153875870e+00 8.405661177127807804e-01
1.897521962768234927e+00 9.294815913625411596e-01
1.910088333382594206e+00 8.885350931811782926e-01
1.922654703996953263e+00 9.617293070497382468e-01
1.935221074611312542e+00 1.049046748672398666e+00
1.947787445225671821e+00 9.197981515962385668e-01
1.960353815840030878e+00 8.221068061676111149e-01
1.972920186454390157e+00 1.037486605076905377e+00
1.985486557068749214e+00 9.677428317477824171e-01
1.998052927683108493e+00 9.977485392131306696e-01
2.010619298297467772e+00 8.253118882317378446e-01
2.023185668911826607e+00 9.149744257905643163e-01
2.035752039526185886e+00 8.502249076314988274e-01
2.048318410140545165e+00 7.937937237966785631e-01
2.060884780754904444e+00 8.612494606308553902e-01
2.073451151369263723e+00 9.678915304725020929e-01
2.086017521983622558e+00 9.445234394584803850e-01
2.098583892597981837e+00 9.172788035318910627e-01
2.111150263212341116e+00 9.439614627912490397e-01
2.123716633826700395e+00 7.401533325003178954e-01
2.136283004441059674e+00 7.113641343095611358e-01
2.148849375055418509e+00 8.471315609207419328e-01
2.161415745669777788e+00 8.351442733005600694e-01
2.173982116284137067e+00 9.364819953708821698e-01
2.186548486898496346e+00 7.937658559678885117e-01
2.199114857512855181e+00 8.149226691355658803e-01
2.211681228127214016e+00 8.706105618287285353e-01
2.224247598741573295e+00 7.660040838829991205e-01
2.236813969355932574e+00 8.916589238546541729e-01
2.249380339970291853e+00 6.435109621431058802e-01
2.261946710584651132e+00 6.232313456718377997e-01
2.274513081199009967e+00 7.154067082385238141e-01
2.287079451813369246e+00 8.970298556874530815e-01
2.299645822427728525e+00 8.729015522040359798e-01
2.312212193042087804e+00 7.113512251083321525e-01
2.324778563656447083e+00 8.214455344319446795e-01
2.337344934270805918e+00 8.319851485581090111e-01
2.349911304885165197e+00 8.113651742646400544e-01
2.362477675499524477e+00 8.302185823153512834e-01
2.375044046113883756e+00 9.385747329994434951e-01
2.387610416728242591e+00 7.610069901967583261e-01
2.400176787342601870e+00 6.891474688873160392e-01
2.412743157956961149e+00 6.516565594026541008e-01
2.425309528571320428e+00 5.562172990541963680e-01
2.437875899185679707e+00 5.661643705697507745e-01
2.450442269800038542e+00 7.294873517455688905e-01
2.463008640414397821e+00 6.182347569192492287e-01
2.475575011028757100e+00 6.346430380593452991e-01
2.488141381643116379e+00 6.518548484930536402e-01
2.500707752257475658e+00 6.874504382763720889e-01
2.513274122871834493e+00 5.268663597125853304e-01
2.525840493486193772e+00 5.755365852078629940e-01
2.538406864100553051e+00 6.491934423161256351e-01
2.550973234714912330e+00 4.549344747229919217e-01
2.563539605329271165e+00 7.559165930260565158e-01
2.576105975943630444e+00 4.605051647595253539e-01
2.588672346557989723e+00 6.474577331699591376e-01
2.601238717172349002e+00 6.363714200407029065e-01
2.613805087786708281e+00 5.320817219988989155e-01
2.626371458401067116e+00 2.679120431800732227e-01
2.638937829015425951e+00 4.296420260129523716e-01
2.651504199629785230e+00 3.477642491805354452e-01
2.664070570244144509e+00 5.057017785829298617e-01
2.676636940858503788e+00 4.566088747113936086e-01
2.689203311472863067e+00 5.153180154388216083e-01
2.701769682087221902e+00 4.173575247588947601e-01
2.714336052701581181e+00 3.627500065653840866e-01
2.726902423315940460e+00 4.115266525474316484e-01
2.739468793930299739e+00 4.805259102243908953e-01
2.752035164544658574e+00 3.593897983354623071e-01
2.764601535159017853e+00 4.140033549409614655e-01
2.777167905773377132e+00 3.027381311905723016e-01
2.789734276387736411e+00 2.773464833173043265e-01
2.802300647002095690e+00 3.217168883704376592e-01
2.814867017616454525e+00 4.362484608040436695e-01
2.827433388230813804e+00 2.128954591241077332e-01
2.839999758845173083e+00 5.189071850888840043e-01
2.852566129459532362e+00 8.622488512467901822e-02
2.865132500073891642e+00 3.178221047657136533e-01
2.877698870688250476e+00 3.873865847768959703e-01
2.890265241302609756e+00 3.135927268768294862e-01
2.902831611916969035e+00 1.081083285636107727e-01
2.915397982531328314e+00 2.425830361679680025e-01
2.927964353145687149e+00 2.737485222184683487e-01
2.940530723760046428e+00 5.218660024984780876e-02
2.953097094374405707e+00 1.482533880462011955e-01
2.965663464988764986e+00 -1.332071426579745088e-02
2.978229835603124265e+00 2.387936748696234956e-01
2.990796206217483100e+00 3.423496192180407460e-01
3.003362576831842379e+00 -1.621013730192563673e-02
3.015928947446201214e+00 9.079650290695751025e-02
3.028495318060560493e+00 1.355153064285608278e-01
3.041061688674919772e+00 -2.194530211920261986e-02
3.053628059289279051e+00 7.713632379795339056e-02
3.066194429903637886e+00 1.700915556099991677e-01
3.078760800517997165e+00 2.240358913470325009e-01
3.091327171132356444e+00 2.286759673009877009e-02
3.103893541746715723e+00 -7.519694406259852526e-02
3.116459912361074558e+00 2.787130392028718331e-02
3.129026282975433837e+00 7.566164592055576663e-03
3.141592653589793116e+00 -6.464949585408358290e-02
3.154159024204152395e+00 -7.118482218975365206e-02
3.166725394818511674e+00 1.970519314272899808e-03
3.179291765432870509e+00 -1.377677717326271367e-01
3.191858136047229788e+00 5.445325266222203475e-02
3.204424506661589067e+00 8.245432197844958233e-02
3.216990877275948346e+00 -9.769567290539866999e-02
3.229557247890307181e+00 -8.715238953358687979e-02
3.242123618504666460e+00 -1.181556289839782586e-01
3.254689989119025739e+00 -1.267799043288845018e-01
3.267256359733385018e+00 -1.018785944288220779e-01
3.279822730347744297e+00 -1.591015550513397159e-01
3.292389100962103132e+00 -1.426492035505263212e-01
3.304955471576462411e+00 -1.993880112944186878e-01
3.317521842190821690e+00 -1.162455483389604471e-02
3.330088212805180969e+00 -2.610591640528330259e-01
3.342654583419540248e+00 -6.366057159515906005e-02
3.355220954033899083e+00 -2.308542502963691345e-01
3.367787324648258362e+00 -2.121769019341789575e-01
3.380353695262617642e+00 -9.060878471844394100e-02
3.392920065876976921e+00 -3.135259771548731256e-01
3.405486436491335756e+00 -1.755980114113778190e-01
3.418052807105695035e+00 -2.619639427867568315e-01
3.430619177720054314e+00 -2.525997078804950724e-01
3.443185548334413593e+00 -9.399862253961333014e-02
3.455751918948772872e+00 -2.103335898157369377e-01
3.468318289563131707e+00 -2.882028760964600589e-01
3.480884660177490986e+00 -3.035200424418924570e-01
3.493451030791850265e+00 -3.422537564458448256e-01
3.506017401406209544e+00 -3.631723440484734833e-01
3.518583772020568823e+00 -2.307124990828548772e-01
3.531150142634927658e+00 -3.790316377218757027e-01
3.543716513249286937e+00 -5.039110940981673670e-01
3.556282883863646216e+00 -4.699471309905474126e-01
3.568849254478005495e+00 -4.057671234841916941e-01
3.581415625092364330e+00 -4.172724083624359537e-01
3.593981995706723609e+00 -3.962683387848111027e-01
3.606548366321082888e+00 -6.248371206807237233e-01
3.619114736935442167e+00 -5.851417200920655537e-01
3.631681107549800558e+00 -7.104262540853796271e-01
3.644247478164159837e+00 -5.432498018617826219e-01
3.656813848778519116e+00 -5.138952957273896782e-01
3.669380219392877951e+00 -6.133729952874814595e-01
3.681946590007237230e+00 -5.262232890735873969e-01
3.694512960621596509e+00 -4.781678704003503588e-01
3.707079331235955788e+00 -5.871247663786327564e-01
3.719645701850315067e+00 -5.199181581111572692e-01
3.732212072464673902e+00 -4.403182193256475752e-01
3.744778443079033181e+00 -4.981988818169378330e-01
3.757344813693392460e+00 -6.106343106314906510e-01
3.769911184307751739e+00 -5.748936768986486756e-01
3.782477554922110574e+00 -4.494303891419070274e-01
3.795043925536469853e+00 -6.571803277844244784e-01
3.807610296150829132e+00 -6.066853092796743452e-01
3.820176666765188411e+00 -5.049098158721062601e-01
3.832743037379547690e+00 -5.708149027911850748e-01
3.845309407993906525e+00 -6.026619344201767925e-01
3.857875778608265804e+00 -7.040215952107155006e-01
3.870442149222625083e+00 -6.882935354463055599e-01
3.883008519836984362e+00 -7.457096450645832597e-01
3.895574890451343641e+00 -6.949464337820749904e-01
3.908141261065702476e+00 -6.584702764089026550e-01
3.920707631680061755e+00 -8.040247397501182336e-01
3.933274002294421035e+00 -9.519269007205988231e-01
3.945840372908780314e+00 -8.431627017033116456e-01
3.958406743523139149e+00 -7.500198472673380579e-01
3.970973114137498428e+00 -7.543358432774381894e-01
3.983539484751857707e+00 -6.095770332613920095e-01
3.996105855366216986e+00 -6.843238711256715012e-01
4.008672225980576265e+00 -8.644287647849134837e-01
4.021238596594935544e+00 -8.880339976540028157e-01
4.033804967209294823e+00 -7.686534205040502776e-01
4.046371337823653214e+00 -7.705272394479966147e-01
4.058937708438012493e+00 -6.472054483155559312e-01
4.071504079052371772e+00 -7.003468800182384157e-01
4.084070449666731051e+00 -8.682233744755742944e-01
4.096636820281090330e+00 -9.482375013858510560e-01
4.109203190895449609e+00 -9.490879679125321378e-01
4.121769561509808888e+00 -7.142831220250916990e-01
4.134335932124168167e+00 -9.130336487833117243e-01
4.146902302738527446e+00 -8.293333708367396362e-01
4.159468673352886725e+00 -8.169207018295068234e-01
4.172035043967245116e+00 -8.625839384025836276e-01
4.184601414581604395e+00 -9.180276055385524492e-01
4.197167785195963674e+00 -8.465849337435317201e-01
4.209734155810322953e+00 -7.369221450662625239e-01
4.222300526424682232e+00 -8.499571229236746461e-01
4.234866897039041511e+00 -1.007608898095437855e+00
4.247433267653400790e+00 -7.911082600133713116e-01
4.259999638267760069e+00 -8.190708088813880572e-01
4.272566008882119348e+00 -8.244511434866459432e-01
4.285132379496477739e+00 -1.044186353163505832e+00
4.297698750110837018e+00 -9.834689602358139826e-01
4.310265120725196297e+00 -8.473723846801753945e-01
4.322831491339555576e+00 -8.668965342767627202e-01
4.335397861953914855e+00 -1.085961074577073582e+00
4.347964232568274134e+00 -1.027713131316681183e+00
4.360530603182633413e+00 -7.911229040183648253e-01
4.373096973796992692e+00 -9.260252296834837749e-01
4.385663344411351972e+00 -8.718154791295928963e-01
4.398229715025710362e+00 -9.926770261818709251e-01
4.410796085640069641e+00 -1.036631482044950925e+00
4.423362456254428032e+00 -8.616222819529605337e-01
4.435928826868787311e+00 -1.103600497571130212e+00
4.448495197483146590e+00 -1.164978335004451138e+00
4.461061568097505869e+00 -6.799277737817254197e-01
4.473627938711865148e+00 -9.608152042961062289e-01
4.486194309326224428e+00 -1.070094583857263748e+00
4.498760679940583707e+00 -1.068194910435559697e+00
4.511327050554942986e+00 -1.123972327900300661e+00
4.523893421169302265e+00 -1.046572690944352901e+00
4.536459791783661544e+00 -9.330921498737850817e-01
4.549026162398019935e+00 -9.721973483940410388e-01
4.561592533012379214e+00 -1.008703855272945926e+00
4.574158903626738493e+00 -1.029819278260455384e+00
4.586725274241097772e+00 -9.888641936204799476e-01
4.599291644855457051e+00 -1.042116057148647634e+00
4.611858015469816330e+00 -9.422327361517688349e-01
4.624424386084175609e+00 -1.048311095476699872e+00
4.636990756698534888e+00 -1.040197367408850493e+00
4.649557127312894167e+00 -1.091317441481039818e+00
4.662123497927252558e+00 -1.008016053613393526e+00
4.674689868541611837e+00 -8.592029314997872147e-01
4.687256239155971116e+00 -1.004571337282006871e+00
4.699822609770330395e+00 -1.046796672319616706e+00
4.712388980384689674e+00 -7.924953093765311207e-01
4.724955350999048953e+00 -1.040362914986729281e+00
4.737521721613408232e+00 -1.102619492658096334e+00
4.750088092227767511e+00 -1.212520045246558986e+00
4.762654462842126790e+00 -1.123873141133548970e+00
4.775220833456485181e+00 -8.913960803493383711e-01
4.787787204070844460e+00 -1.080070419128887016e+00
4.800353574685203739e+00 -9.952700852948667132e-01
4.812919945299563018e+00 -1.009208604247285201e+00
4.825486315913922297e+00 -1.031877708785657433e+00
4.838052686528281576e+00 -1.193235924956185912e+00
4.850619057142640855e+00 -8.689919647972427219e-01
4.863185427757000134e+00 -9.552451009965299278e-01
4.875751798371359413e+00 -1.089110676268785216e+00
4.888318168985717804e+00 -1.045413545182286574e+00
4.900884539600077083e+00 -8.583543087798046756e-01
4.913450910214436362e+00 -1.006009614766531168e+00
4.926017280828795641e+00 -9.218759509060658885e-01
4.938583651443154920e+00 -8.498592532386000098e-01
4.951150022057514200e+00 -1.043152846857763327e+00
4.963716392671873479e+00 -1.108406833536328628e+00
4.976282763286232758e+00 -1.011794993519775643e+00
4.988849133900592037e+00 -8.432551131959664659e-01
5.001415504514951316e+00 -1.134592426517199604e+00
5.013981875129309707e+00 -7.402202609030588132e-01
5.026548245743668986e+00 -8.149820493111092912e-01
5.039114616358028265e+00 -9.309357640653274091e-01
5.051680986972387544e+00 -7.602944009917054213e-01
5.064247357586746823e+00 -1.083733024187244709e+00
5.076813728201106102e+00 -9.272013912772011368e-01
5.089380098815465381e+00 -9.101284690033746294e-01
5.101946469429824660e+00 -8.780164428223427020e-01
5.114512840044183939e+00 -9.578884269020834230e-01
5.127079210658542330e+00 -8.656288603227523248e-01
5.139645581272901609e+00 -9.467934869071417125e-01
5.152211951887260888e+00 -8.834947457007369387e-01
5.164778322501620167e+00 -9.843254192941198744e-01
5.177344693115979446e+00 -8.781491891571037156e-01
5.189911063730338725e+00 -1.029482422741353265e+00
5.202477434344698004e+00 -8.193175868870861134e-01
5.215043804959057283e+00 -7.222546966035372495e-01
5.227610175573416562e+00 -8.249001819011216874e-01
5.240176546187774953e+00 -7.938335577643969021e-01
5.252742916802134232e+00 -9.399203797849975395e-01
5.265309287416492623e+00 -6.914770883716869765e-01
5.277875658030851902e+00 -7.262334617284030847e-01
5.290442028645211181e+00 -7.441631362655962700e-01
5.303008399259570460e+00 -7.697703870254695158e-01
5.315574769873929739e+00 -8.511555837771237476e-01
5.328141140488289018e+00 -7.343356227899184852e-01
5.340707511102648297e+00 -8.614240985484189483e-01
5.353273881717007576e+00 -7.403296912653916095e-01
5.365840252331366855e+00 -7.553715553034598962e-01
5.378406622945726134e+00 -8.548408854791021971e-01
5.390972993560084525e+00 -8.417262603097426243e-01
5.403539364174443804e+00 -6.564552015016802411e-01
5.416105734788803083e+00 -9.135754319756581587e-01
5.428672105403162362e+00 -6.237292849750114554e-01
5.441238476017521641e+00 -7.540295385903398317e-01
5.453804846631880920e+00 -7.712073008840043542e-01
5.466371217246240199e+00 -5.134294771513524536e-01
5.478937587860599479e+00 -7.472539017737941380e-01
5.491503958474958758e+00 -8.580285420446122080e-01
5.504070329089317148e+00 -8.167768445544006939e-01
5.516636699703676427e+00 -6.938983839211130267e-01
5.529203070318035707e+00 -6.652148028708285699e-01
5.541769440932394986e+00 -7.561606146841080012e-01
5.554335811546754265e+00 -6.294836931270241243e-01
5.566902182161113544e+00 -6.124246780114528388e-01
5.579468552775472823e+00 -5.764046665990310014e-01
5.592034923389832102e+00 -7.357295996481169054e-01
5.604601294004191381e+00 -6.845959604826595823e-01
5.617167664618549772e+00 -4.964067073406155384e-01
5.629734035232909051e+00 -3.328120134356473692e-01
5.642300405847268330e+00 -4.826512327255577106e-01
5.654866776461627609e+00 -6.161388132277982876e-01
5.667433147075986888e+00 -6.456203671180830161e-01
5.679999517690346167e+00 -3.583387970812721424e-01
5.692565888304705446e+00 -5.012605723141140279e-01
5.705132258919064725e+00 -5.188480379988374969e-01
5.717698629533424004e+00 -4.565226711072395971e-01
5.730265000147783283e+00 -6.947772451578804187e-01
5.742831370762141674e+00 -5.237295006973233802e-01
5.755397741376500953e+00 -5.206853919945206854e-01
5.767964111990860232e+00 -3.896134131958182700e-01
5.780530482605219511e+00 -6.054075102991050006e-01
5.793096853219578790e+00 -6.137739355667314323e-01
5.805663223833938069e+00 -3.721651319047194484e-01
5.818229594448297348e+00 -6.201439095672566237e-01
5.830795965062656627e+00 -3.897253804091246887e-01
5.843362335677015906e+00 -2.657073711585694609e-01
5.855928706291374297e+00 -5.332626094303047903e-01
5.868495076905733576e+00 -3.556111364311676515e-01
5.881061447520092855e+00 -4.533700042692353493e-01
5.893627818134452134e+00 -4.943392324929911097e-01
5.906194188748811413e+00 -3.617186327017555270e-01
5.918760559363170692e+00 -3.624484975913582208e-01
5.931326929977529971e+00 -2.912634391619330909e-01
5.943893300591889250e+00 -3.763581422935567411e-01
5.956459671206248530e+00 -3.996647060897174919e-01
5.969026041820606920e+00 -1.425698489716941131e-01
5.981592412434966199e+00 -1.853166316930749125e-01
5.994158783049325478e+00 -3.207068446305526010e-01
6.006725153663684758e+00 -1.932490227334294486e-01
6.019291524278044037e+00 -4.257038755880420133e-01
6.031857894892402427e+00 -3.313664712272438306e-01
6.044424265506761706e+00 -1.802797819392994993e-01
6.056990636121120986e+00 -1.128691082523939071e-01
6.069557006735480265e+00 -2.248839276751757321e-01
6.082123377349839544e+00 -2.758079792233780192e-01
6.094689747964198823e+00 -3.771901421465910786e-01
6.107256118578558102e+00 -2.847801490538849900e-01
6.119822489192916493e+00 -2.823966206803036894e-01
6.132388859807275772e+00 -6.073666015773787619e-02
6.144955230421635051e+00 -2.521892476948611739e-01
6.157521601035994330e+00 -2.083036129391228619e-01
6.170087971650353609e+00 -1.925454234523333308e-01
6.182654342264712888e+00 -6.620675373125325947e-02
6.195220712879072167e+00 -2.380324449880940885e-01
6.207787083493431446e+00 -2.263211855728554656e-01
6.220353454107790725e+00 5.436658053992103612e-02
6.232919824722149116e+00 7.543002464822491648e-02
6.245486195336508395e+00 2.107160620043872085e-02
6.258052565950867674e+00 1.243285343740290483e-01
6.270618936565226953e+00 -9.562547390668903191e-02
