0.000000000000000000e+00 -5.743638493691154839e-02
1.256637061435917323e-02 2.463358648920298613e-02
2.513274122871834645e-02 -2.312576106716257920e-02
3.769911184307751795e-02 2.742152931477928948e-02
5.026548245743669291e-02 1.277075129828543765e-01
6.283185307179586787e-02 1.408685002306172274e-01
7.539822368615503589e-02 1.289095712900195367e-01
8.796459430051420392e-02 6.503032743149589345e-02
1.005309649148733858e-01 1.633530434169438161e-01
1.130973355292325677e-01 2.276928035184939692e-01
1.256637061435917357e-01 6.357216478393953873e-02
1.382300767579508760e-01 2.361310597747829920e-01
1.507964473723100718e-01 1.328244064456148565e-01
1.633628179866692676e-01 4.078966710377625038e-01
1.759291886010284078e-01 7.089075375445136329e-02
1.884955592153875759e-01 1.620755846370494913e-01
2.010619298297467716e-01 1.208879481026833291e-01
2.136283004441059397e-01 1.237002160464100997e-01
2.261946710584651354e-01 2.940295469573216414e-01
2.387610416728242757e-01 3.924036261589356478e-01
2.513274122871834715e-01 2.432096695473560388e-01
2.638937829015426395e-01 1.591998830042940516e-01
2.764601535159017520e-01 4.108403112650540479e-01
2.890265241302609756e-01 3.939132448153370158e-01
3.015928947446201436e-01 4.914533380054934009e-01
3.141592653589793116e-01 3.538705918812442008e-01
3.267256359733385351e-01 2.282536021808436733e-01
3.392920065876976476e-01 3.176297915511775427e-01
3.518583772020568157e-01 3.424405619903752029e-01
3.644247478164160392e-01 2.636379896281799695e-01
3.769911184307751517e-01 2.077571679786505976e-01
3.895574890451343197e-01 4.383419254905650542e-01
4.021238596594935433e-01 4.475316543531583924e-01
4.146902302738527113e-01 5.530623297439261066e-01
4.272566008882118793e-01 3.779265087144763058e-01
4.398229715025711029e-01 6.620286409712597964e-01
4.523893421169302709e-01 5.009101151343613445e-01
4.649557127312893834e-01 5.488060224859860892e-01
4.775220833456485514e-01 7.104263658646221558e-01
4.900884539600077194e-01 3.519163227573018915e-01
5.026548245743669430e-01 5.760681386527899406e-01
5.152211951887261110e-01 6.239358232214826661e-01
5.277875658030852790e-01 5.355314022504173987e-01
5.403539364174444470e-01 5.270452060956228868e-01
5.529203070318035040e-01 5.575395253536065132e-01
5.654866776461627831e-01 5.604101100883426279e-01
5.780530482605219511e-01 4.501921789987403111e-01
5.906194188748811191e-01 4.331722614816335692e-01
6.031857894892402872e-01 5.818089085868007881e-01
6.157521601035994552e-01 5.304969645023417391e-01
6.283185307179586232e-01 6.139040200418984794e-01
6.408849013323177912e-01 3.996910510082114509e-01
6.534512719466770703e-01 6.529744359325877490e-01
6.660176425610361273e-01 6.797139168424946032e-01
6.785840131753952953e-01 6.737184745195300417e-01
6.911503837897544633e-01 7.260502951121481363e-01
7.037167544041136313e-01 6.629095067686694431e-01
7.162831250184729104e-01 6.911907683990409224e-01
7.288494956328320784e-01 6.131995007462638370e-01
7.414158662471912464e-01 7.025677407178546607e-01
7.539822368615503034e-01 6.769291628758831170e-01
7.665486074759094715e-01 6.288967435471523038e-01
7.791149780902686395e-01 6.246578603479092662e-01
7.916813487046279185e-01 8.055327195058819001e-01
8.042477193189870865e-01 6.351796316802648112e-01
8.168140899333462546e-01 8.024645816206810167e-01
8.293804605477054226e-01 5.632637673455751504e-01
8.419468311620645906e-01 8.346927410459070718e-01
8.545132017764237586e-01 6.504897801348018538e-01
8.670795723907829267e-01 7.759140451250359227e-01
8.796459430051422057e-01 7.048551732498902211e-01
8.922123136195013737e-01 6.896314603235167429e-01
9.047786842338605418e-01 8.778530171847752639e-01
9.173450548482194877e-01 7.972972907484260352e-01
9.299114254625787668e-01 1.038653480961644338e+00
9.424777960769379348e-01 8.332599392167330254e-01
9.550441666912971028e-01 7.855830600369085870e-01
9.676105373056562708e-01 9.290829575097022675e-01
9.801769079200154389e-01 8.235616984068601099e-01
9.927432785343746069e-01 8.928211871605493677e-01
1.005309649148733886e+00 9.640111323818633116e-01
1.017876019763092943e+00 8.869417466460497446e-01
1.030442390377452222e+00 8.606910289389839708e-01
1.043008760991811279e+00 8.620173978905328882e-01
1.055575131606170558e+00 9.252123892563295371e-01
1.068141502220529837e+00 7.147759686874616269e-01
1.080707872834888894e+00 9.582584069514586966e-01
1.093274243449248173e+00 8.611880175852252295e-01
1.105840614063607008e+00 8.154738689429144038e-01
1.118406984677966287e+00 8.303201231132014692e-01
1.130973355292325566e+00 8.900197066388869649e-01
1.143539725906684623e+00 8.500348862457214327e-01
1.156106096521043902e+00 8.328291668327114650e-01
1.168672467135402959e+00 7.764315114374513715e-01
1.181238837749762238e+00 1.026781805378931267e+00
1.193805208364121295e+00 9.659154274061776402e-01
1.206371578978480574e+00 1.023229875956598312e+00
1.218937949592839853e+00 1.021860143938353005e+00
1.231504320207198910e+00 1.126986248599778584e+00
1.244070690821558189e+00 1.039589981508103778e+00
1.256637061435917246e+00 7.990295593557498188e-01
1.269203432050276525e+00 9.619334957759815286e-01
1.281769802664635582e+00 1.011021290342748236e+00
1.294336173278994861e+00 1.122347260333290464e+00
1.306902543893354141e+00 9.937599862034621756e-01
1.319468914507712975e+00 1.247548953156847995e+00
1.332035285122072255e+00 8.455763038678424381e-01
1.344601655736431534e+00 9.322097729840049807e-01
1.357168026350790591e+00 9.289132932548688215e-01
1.369734396965149870e+00 1.072777179849669471e+00
1.382300767579508927e+00 1.068492342829159947e+00
1.394867138193868206e+00 9.835494692394401994e-01
1.407433508808227263e+00 1.101227914766219396e+00
1.419999879422586542e+00 9.071089268824203966e-01
1.432566250036945821e+00 1.161988454712915786e+00
1.445132620651304878e+00 9.682582072348165925e-01
1.457698991265664157e+00 1.139473106244796030e+00
1.470265361880023214e+00 9.763130480196043903e-01
1.482831732494382493e+00 8.811148460702901142e-01
1.495398103108741550e+00 9.680540559665377076e-01
1.507964473723100607e+00 7.441275181566118224e-01
1.520530844337459886e+00 9.546285427429443970e-01
1.533097214951818943e+00 8.764696410936879678e-01
1.545663585566178222e+00 8.834409358498191978e-01
1.558229956180537279e+00 1.081811939359619945e+00
1.570796326794896558e+00 1.037787025782485939e+00
1.583362697409255837e+00 1.067865004677413632e+00
1.595929068023614894e+00 9.820986248858596390e-01
1.608495438637974173e+00 9.942267381761050737e-01
1.621061809252333230e+00 7.863878754309618913e-01
1.633628179866692509e+00 9.016733651827887330e-01
1.646194550481051566e+00 8.308820398134163510e-01
1.658760921095410845e+00 9.093813744220720086e-01
1.671327291709770124e+00 1.121526236188446379e+00
1.683893662324129181e+00 8.239121835117377834e-01
1.696460032938488460e+00 1.109573612689658262e+00
1.709026403552847517e+00 8.869313927046627022e-01
1.721592774167206796e+00 9.949207200324173828e-01
1.734159144781565853e+00 9.910148352088490320e-01
1.746725515395925132e+00 1.053728040681479516e+00
1.759291886010284411e+00 1.035011272914119429e+00
1.771858256624643468e+00 9.463940833518266205e-01
1.784424627239002747e+00 8.624267386772720423e-01
1.796990997853361804e+00 1.044645786664806675e+00
1.809557368467721084e+00 1.140700141537805301e+00
1.822123739082079918e+00 1.011421051822871009e+00
1.834690109696438975e+00 1.123115422847952516e+00
1.847256480310798255e+00 9.970521727578801618e-01
1.859822850925157534e+00 8.388574132031026975e-01
1.872389221539516591e+00 9.862037933220922925e-01
1.884955592153875870e+00 9.588916280499427680e-01
1.897521962768234927e+00 9.947514628823850291e-01
1.910088333382594206e+00 9.878721660620763956e-01
1.922654703996953263e+00 9.364895740138220459e-01
1.935221074611312542e+00 1.004110100876022482e+00
1.947787445225671821e+00 9.486869450297885642e-01
1.960353815840030878e+00 8.692042272055002794e-01
1.972920186454390157e+00 9.309626253755287628e-01
1.985486557068749214e+00 9.326756618859599612e-01
1.998052927683108493e+00 8.137370536623099726e-01
2.010619298297467772e+00 8.394795028409947069e-01
2.023185668911826607e+00 9.569133376991074691e-01
2.035752039526185886e+00 7.901386853799468035e-01
2.048318410140545165e+00 9.268543513329874362e-01
2.060884780754904444e+00 9.062408719937360413e-01
2.073451151369263723e+00 9.035141875181521565e-01
2.086017521983622558e+00 1.000532691313290368e+00
2.098583892597981837e+00 8.989337967586675804e-01
2.111150263212341116e+00 7.762163187568474898e-01
2.123716633826700395e+00 8.093251091222862792e-01
2.136283004441059674e+00 7.832324142528510613e-01
2.148849375055418509e+00 8.403724026643305534e-01
2.161415745669777788e+00 8.119715609684435842e-01
2.173982116284137067e+00 8.319096916765665872e-01
2.186548486898496346e+00 6.298076967771408796e-01
2.199114857512855181e+00 8.111410363960497305e-01
2.211681228127214016e+00 7.360936013677563672e-01
2.224247598741573295e+00 8.381535644594348966e-01
2.236813969355932574e+00 6.878547408632458282e-01
2.249380339970291853e+00 7.991637554765782525e-01
2.261946710584651132e+00 8.188730029319342130e-01
2.274513081199009967e+00 5.496899736552478544e-01
2.287079451813369246e+00 7.904306966237546472e-01
2.299645822427728525e+00 8.312213941260583328e-01
2.312212193042087804e+00 6.956529256925373383e-01
2.324778563656447083e+00 5.870802590967064694e-01
2.337344934270805918e+00 7.279925993036597820e-01
2.349911304885165197e+00 5.802576945480232284e-01
2.362477675499524477e+00 7.984097424164826595e-01
2.375044046113883756e+00 6.470305810255053691e-01
2.387610416728242591e+00 7.140496139739367365e-01
2.400176787342601870e+00 6.847835495878757950e-01
2.412743157956961149e+00 6.882972602194281642e-01
2.425309528571320428e+00 5.710955291184356408e-01
2.437875899185679707e+00 6.818565244274752413e-01
2.450442269800038542e+00 7.713931283289481300e-01
2.463008640414397821e+00 6.061486792206380869e-01
2.475575011028757100e+00 6.373721558066118842e-01
2.488141381643116379e+00 8.124911388696346437e-01
2.500707752257475658e+00 3.349951438326524422e-01
2.513274122871834493e+00 3.960733140247117978e-01
2.525840493486193772e+00 5.519587844224714823e-01
2.538406864100553051e+00 5.403748271237119871e-01
2.550973234714912330e+00 6.463206559104103244e-01
2.563539605329271165e+00 5.094342119200080399e-01
2.576105975943630444e+00 4.045108225156387460e-01
2.588672346557989723e+00 4.830574693378497653e-01
2.601238717172349002e+00 3.013582440496311854e-01
2.613805087786708281e+00 4.416504534606143784e-01
2.626371458401067116e+00 4.737559055029793020e-01
2.638937829015425951e+00 5.040150320821805696e-01
2.651504199629785230e+00 4.904119562870566384e-01
2.664070570244144509e+00 5.299062899507970270e-01
2.676636940858503788e+00 6.167794176453684774e-01
2.689203311472863067e+00 4.837128261837917997e-01
2.701769682087221902e+00 3.163455201680144269e-01
2.714336052701581181e+00 5.626835451115632658e-01
2.726902423315940460e+00 3.315933555033545033e-01
2.739468793930299739e+00 3.155525833835629013e-01
2.752035164544658574e+00 6.049869319636553833e-01
2.764601535159017853e+00 2.751452443625842514e-01
2.777167905773377132e+00 3.871548003451408815e-01
2.789734276387736411e+00 3.321022574231113356e-01
2.802300647002095690e+00 4.316287171022712976e-01
2.814867017616454525e+00 3.661389386457856165e-01
2.827433388230813804e+00 2.616343920290087888e-01
2.839999758845173083e+00 3.399170268709467146e-01
2.852566129459532362e+00 3.384915609602879849e-01
2.865132500073891642e+00 1.898879638031308048e-01
2.877698870688250476e+00 3.010603727621531944e-01
2.890265241302609756e+00 1.664514221120389770e-01
2.902831611916969035e+00 3.517177225471130875e-01
2.915397982531328314e+00 2.641749413763546106e-01
2.927964353145687149e+00 1.168619044175747829e-01
2.940530723760046428e+00 3.630146413702538544e-01
2.953097094374405707e+00 1.978531575473438664e-01
2.965663464988764986e+00 3.184469220785342558e-01
2.978229835603124265e+00 2.529708999825626137e-01
2.990796206217483100e+00 2.840266300606276995e-02
3.003362576831842379e+00 1.294096684265863273e-01
3.015928947446201214e+00 -7.960859964745656270e-02
3.028495318060560493e+00 2.481473502753926696e-01
3.041061688674919772e+00 9.727231244419065614e-02
3.053628059289279051e+00 1.252661606455124366e-01
3.066194429903637886e+00 1.092858409803754149e-01
3.078760800517997165e+00 4.907922774349213202e-02
3.091327171132356444e+00 4.408468581422642779e-02
3.103893541746715723e+00 -1.047724480278258152e-01
3.116459912361074558e+00 7.972854822638815453e-02
3.129026282975433837e+00 -1.141484791859176395e-01
3.141592653589793116e+00 1.651232985637125089e-02
3.154159024204152395e+00 -4.704083793383967427e-02
3.166725394818511674e+00 -9.316203205633314527e-03
3.179291765432870509e+00 7.277184812586029450e-02
3.191858136047229788e+00 -6.086780115782135236e-02
3.204424506661589067e+00 -2.744810576796526819e-02
3.216990877275948346e+00 6.989605561967911218e-02
3.229557247890307181e+00 -2.095219997743947293e-01
3.242123618504666460e+00 -1.259155510046082727e-01
3.254689989119025739e+00 -1.670709934485391235e-01
3.267256359733385018e+00 -1.452871788175299772e-01
3.279822730347744297e+00 -1.354134067900850669e-01
3.292389100962103132e+00 5.204210199931783021e-02
3.304955471576462411e+00 2.040126674939202189e-02
3.317521842190821690e+00 -9.013330657262548506e-02
3.330088212805180969e+00 -1.424172087504876061e-01
3.342654583419540248e+00 -1.065341357146382256e-01
3.355220954033899083e+00 -2.626498761847766428e-01
3.367787324648258362e+00 -2.320487469581682671e-01
3.380353695262617642e+00 -2.479681908821925185e-01
3.392920065876976921e+00 -5.576223548953876397e-02
3.405486436491335756e+00 -2.346788841561681105e-01
3.418052807105695035e+00 -2.791132516322217261e-01
3.430619177720054314e+00 -3.171181583754845712e-01
3.443185548334413593e+00 -3.131796424483399011e-01
3.455751918948772872e+00 -1.461256166526133105e-01
3.468318289563131707e+00 -3.815491291804604113e-01
3.480884660177490986e+00 -3.212339791587563997e-01
3.493451030791850265e+00 -4.383033206294624229e-01
3.506017401406209544e+00 -4.393447672662528225e-01
3.518583772020568823e+00 -3.832689253609107838e-01
3.531150142634927658e+00 -4.918703406330708350e-01
3.543716513249286937e+00 -4.643092616104547710e-01
3.556282883863646216e+00 -3.268778014170857782e-01
3.568849254478005495e+00 -5.786088553015487079e-01
3.581415625092364330e+00 -4.665782355189782571e-01
3.593981995706723609e+00 -3.947272928901205957e-01
3.606548366321082888e+00 -5.248430243542597795e-01
3.619114736935442167e+00 -5.088835208840353230e-01
3.631681107549800558e+00 -5.036469294190278889e-01
3.644247478164159837e+00 -4.434737764225304413e-01
3.656813848778519116e+00 -5.183750124281564231e-01
3.669380219392877951e+00 -5.233149711028026729e-01
3.681946590007237230e+00 -6.247608903495467381e-01
3.694512960621596509e+00 -4.564873550950528380e-01
3.707079331235955788e+00 -4.835127191838762828e-01
3.719645701850315067e+00 -6.450507322141942890e-01
3.732212072464673902e+00 -3.083326725919003919e-01
3.744778443079033181e+00 -6.286864875449544865e-01
3.757344813693392460e+00 -6.078584531274974223e-01
3.769911184307751739e+00 -4.873011349584347451e-01
3.782477554922110574e+00 -6.313992802095416135e-01
3.795043925536469853e+00 -6.664194880012457300e-01
3.807610296150829132e+00 -5.542902916031319238e-01
3.820176666765188411e+00 -6.141072836972701898e-01
3.832743037379547690e+00 -6.169699043544131234e-01
3.845309407993906525e+00 -6.378815214580777493e-01
3.857875778608265804e+00 -5.947182623070489393e-01
3.870442149222625083e+00 -6.928624741221922623e-01
3.883008519836984362e+00 -7.369048908415355426e-01
3.895574890451343641e+00 -6.455157376441709172e-01
3.908141261065702476e+00 -4.239650361369901033e-01
3.920707631680061755e+00 -7.291069828263102570e-01
3.933274002294421035e+00 -8.063565887614723149e-01
3.945840372908780314e+00 -6.137978356088540366e-01
3.958406743523139149e+00 -8.500812100390143788e-01
3.970973114137498428e+00 -6.195658366558248753e-01
3.983539484751857707e+00 -6.158237580141106005e-01
3.996105855366216986e+00 -8.932189653852439237e-01
4.008672225980576265e+00 -7.629956030031973535e-01
4.021238596594935544e+00 -8.278305640313976532e-01
4.033804967209294823e+00 -8.098358188952762271e-01
4.046371337823653214e+00 -7.564646534498711272e-01
4.058937708438012493e+00 -6.914194789646038730e-01
4.071504079052371772e+00 -8.367203086600375483e-01
4.084070449666731051e+00 -6.380982159742778492e-01
4.096636820281090330e+00 -9.512793961678510657e-01
4.109203190895449609e+00 -8.186731922944994189e-01
4.121769561509808888e+00 -9.154529223323075726e-01
4.134335932124168167e+00 -8.134014219863042738e-01
4.146902302738527446e+00 -7.965705622743427528e-01
4.159468673352886725e+00 -9.119485070920486658e-01
4.172035043967245116e+00 -8.011489635895391315e-01
4.184601414581604395e+00 -7.971207405610793995e-01
4.197167785195963674e+00 -9.357489090708640544e-01
4.209734155810322953e+00 -8.822848710079592705e-01
4.222300526424682232e+00 -6.743125116903386784e-01
4.234866897039041511e+00 -7.852398900148238603e-01
4.247433267653400790e+00 -6.565270786336607767e-01
4.259999638267760069e+00 -9.412802586093281798e-01
4.272566008882119348e+00 -7.349583354375812672e-01
4.285132379496477739e+00 -8.572886051434378540e-01
4.297698750110837018e+00 -9.285852319688900902e-01
4.310265120725196297e+00 -1.048475312439677065e+00
4.322831491339555576e+00 -8.892294941981443435e-01
4.335397861953914855e+00 -7.753627497542333602e-01
4.347964232568274134e+00 -9.100548646863789726e-01
4.360530603182633413e+00 -1.050296239961187039e+00
4.373096973796992692e+00 -9.528319803456900550e-01
4.385663344411351972e+00 -8.437111826888910038e-01
4.398229715025710362e+00 -1.005700474695295998e+00
4.410796085640069641e+00 -8.719538298779306862e-01
4.423362456254428032e+00 -8.548994904615248025e-01
4.435928826868787311e+00 -1.033506159453960516e+00
4.448495197483146590e+00 -9.947840518319978065e-01
4.461061568097505869e+00 -9.263089397459191021e-01
4.473627938711865148e+00 -1.094747962984084388e+00
4.486194309326224428e+00 -1.100019405901070391e+00
4.498760679940583707e+00 -8.548869343485095973e-01
4.511327050554942986e+00 -9.228259451217978304e-01
4.523893421169302265e+00 -9.500255397367575183e-01
4.536459791783661544e+00 -8.903243330413649348e-01
4.549026162398019935e+00 -9.099525787241202757e-01
4.561592533012379214e+00 -9.575930532064242939e-01
4.574158903626738493e+00 -9.391717501480680852e-01
4.586725274241097772e+00 -9.265782710446054393e-01
4.599291644855457051e+00 -1.090380285700246699e+00
4.611858015469816330e+00 -1.045355511811312033e+00
4.624424386084175609e+00 -1.011453613032836873e+00
4.636990756698534888e+00 -9.907774949497755168e-01
4.649557127312894167e+00 -1.019393170989251418e+00
4.662123497927252558e+00 -9.443912454364902231e-01
4.674689868541611837e+00 -9.443777725837166903e-01
4.687256239155971116e+00 -1.141823040904743403e+00
4.699822609770330395e+00 -1.024215535125688081e+00
4.712388980384689674e+00 -9.623238982337646297e-01
4.724955350999048953e+00 -1.062339194092442485e+00
4.737521721613408232e+00 -9.991293396400529048e-01
4.750088092227767511e+00 -9.732389164464516629e-01
4.762654462842126790e+00 -8.640230903300175624e-01
4.775220833456485181e+00 -8.239797954711534089e-01
4.787787204070844460e+00 -1.012520387884476181e+00
4.800353574685203739e+00 -9.810665922657961779e-01
4.812919945299563018e+00 -8.333301289836296810e-01
4.825486315913922297e+00 -9.206011601128905042e-01
4.838052686528281576e+00 -9.945307577760228446e-01
4.850619057142640855e+00 -9.390214498737866622e-01
4.863185427757000134e+00 -9.046682170946136470e-01
4.875751798371359413e+00 -9.412162205138379090e-01
4.888318168985717804e+00 -1.024460161490746035e+00
4.900884539600077083e+00 -8.783746468575097666e-01
4.913450910214436362e+00 -9.872759040056643398e-01
4.926017280828795641e+00 -1.062953526597102849e+00
4.938583651443154920e+00 -1.113741214315147721e+00
4.951150022057514200e+00 -9.633866687403699336e-01
4.963716392671873479e+00 -9.859218120832354826e-01
4.976282763286232758e+00 -1.196885937420175905e+00
4.988849133900592037e+00 -9.453728351256146523e-01
5.001415504514951316e+00 -8.990244868027741365e-01
5.013981875129309707e+00 -9.799707456565615038e-01
5.026548245743668986e+00 -1.044885467386873934e+00
5.039114616358028265e+00 -8.709751358705698498e-01
5.051680986972387544e+00 -8.855440333535776753e-01
5.064247357586746823e+00 -1.062514949421142774e+00
5.076813728201106102e+00 -9.083595126893053706e-01
5.089380098815465381e+00 -9.178269802653482579e-01
5.101946469429824660e+00 -9.170174061890377093e-01
5.114512840044183939e+00 -7.309132528616254509e-01
5.127079210658542330e+00 -8.276823658214815804e-01
5.139645581272901609e+00 -8.571558314390259614e-01
5.152211951887260888e+00 -7.808284381906919203e-01
5.164778322501620167e+00 -9.361149009296677592e-01
5.177344693115979446e+00 -8.748669013416933149e-01
5.189911063730338725e+00 -7.749742738016767163e-01
5.202477434344698004e+00 -7.383802200925346781e-01
5.215043804959057283e+00 -8.874809813232301670e-01
5.227610175573416562e+00 -7.329326115359640070e-01
5.240176546187774953e+00 -8.285887635876294510e-01
5.252742916802134232e+00 -9.191265783966413583e-01
5.265309287416492623e+00 -8.913475356323073973e-01
5.277875658030851902e+00 -7.893788488514079660e-01
5.290442028645211181e+00 -8.274194033040993546e-01
5.303008399259570460e+00 -8.077122175971588325e-01
5.315574769873929739e+00 -8.276723067522774313e-01
5.328141140488289018e+00 -9.540627065429690967e-01
5.340707511102648297e+00 -8.573607349756648954e-01
5.353273881717007576e+00 -8.397066030176740803e-01
5.365840252331366855e+00 -9.503642193260869453e-01
5.378406622945726134e+00 -7.790078578804804366e-01
5.390972993560084525e+00 -8.905413646128793603e-01
5.403539364174443804e+00 -7.413623530610431445e-01
5.416105734788803083e+00 -7.281685235136562406e-01
5.428672105403162362e+00 -7.543079651051937118e-01
5.441238476017521641e+00 -7.374084617664025121e-01
5.453804846631880920e+00 -5.552200000998014362e-01
5.466371217246240199e+00 -6.529134425721981883e-01
5.478937587860599479e+00 -6.344460099724289481e-01
5.491503958474958758e+00 -7.025540312681058941e-01
5.504070329089317148e+00 -8.140275174485798182e-01
5.516636699703676427e+00 -5.675807884817759552e-01
5.529203070318035707e+00 -7.592087587737166299e-01
5.541769440932394986e+00 -7.378657421910896907e-01
5.554335811546754265e+00 -7.683131735443040622e-01
5.566902182161113544e+00 -4.642851496660553856e-01
5.579468552775472823e+00 -7.148430539904748748e-01
5.592034923389832102e+00 -5.654276905063777559e-01
5.604601294004191381e+00 -6.510611078894339432e-01
5.617167664618549772e+00 -5.437539942421160122e-01
5.629734035232909051e+00 -7.768692985975884646e-01
5.642300405847268330e+00 -5.446382753512366559e-01
5.654866776461627609e+00 -6.762671539796447640e-01
5.667433147075986888e+00 -7.013829920711153187e-01
5.679999517690346167e+00 -6.625134615209739009e-01
5.692565888304705446e+00 -4.304186203156872836e-01
5.705132258919064725e+00 -7.226230987303696729e-01
5.717698629533424004e+00 -6.535034162412962644e-01
5.730265000147783283e+00 -6.489560988345536297e-01
5.742831370762141674e+00 -4.957829148279429554e-01
5.755397741376500953e+00 -4.446162095200914544e-01
5.767964111990860232e+00 -6.718754159307634977e-01
5.780530482605219511e+00 -3.987416795600240982e-01
5.793096853219578790e+00 -5.099203400926815011e-01
5.805663223833938069e+00 -3.270209933705821026e-01
5.818229594448297348e+00 -6.959535106679900496e-01
5.830795965062656627e+00 -2.934337710083989581e-01
5.843362335677015906e+00 -4.089526693656227452e-01
5.855928706291374297e+00 -4.045683171113010901e-01
5.868495076905733576e+00 -4.634954769518159212e-01
5.881061447520092855e+00 -4.137046978209074632e-01
5.893627818134452134e+00 -3.845505842069256719e-01
5.906194188748811413e+00 -3.292768366904191280e-01
5.918760559363170692e+00 -6.048413013482007994e-01
5.931326929977529971e+00 -2.042494884301642721e-01
5.943893300591889250e+00 -3.050205644830940588e-01
5.956459671206248530e+00 -2.772305131470923500e-01
5.969026041820606920e+00 -4.227881312375396661e-01
5.981592412434966199e+00 -3.810829478046951491e-01
5.994158783049325478e+00 -1.329325716691314718e-01
6.006725153663684758e+00 -3.714249086004149936e-01
6.019291524278044037e+00 -2.636168064175378190e-01
6.031857894892402427e+00 -9.667536805394219557e-02
6.044424265506761706e+00 -1.326311239336508963e-01
6.056990636121120986e+00 -6.102490975913485438e-02
6.069557006735480265e+00 -8.793269974244150022e-02
6.082123377349839544e+00 -3.153350170831528687e-01
6.094689747964198823e+00 -2.895933508578591997e-01
6.107256118578558102e+00 -2.195372202985084731e-01
6.119822489192916493e+00 -1.213648775099528954e-01
6.132388859807275772e+00 -1.702443078060380810e-01
6.144955230421635051e+00 -1.190957282348219376e-01
6.157521601035994330e+00 -2.328462819977327181e-01
6.170087971650353609e+00 -3.054608259972534934e-01
6.182654342264712888e+00 -5.256301253689699832e-02
6.195220712879072167e+00 -2.339813593335605124e-01
6.207787083493431446e+00 -9.872459887784426624e-02
6.220353454107790725e+00 -6.132990686542107162e-02
6.232919824722149116e+00 -1.900959078390048185e-01
6.245486195336508395e+00 -1.418719736610110638e-01
6.258052565950867674e+00 -6.265690841782095566e-02
6.270618936565226953e+00 3.332871665664667582e-02
