0.000000000000000000e+00 -3.125653860884345520e-02
1.256637061435917323e-02 9.891293599805237383e-03
2.513274122871834645e-02 1.294645038623972247e-02
3.769911184307751795e-02 7.888508443541114579e-02
5.026548245743669291e-02 8.735177799631101137e-02
6.283185307179586787e-02 -9.311558078497293722e-02
7.539822368615503589e-02 1.808360743416255190e-01
8.796459430051420392e-02 5.884403096084118989e-02
1.005309649148733858e-01 1.893752604342495705e-01
1.130973355292325677e-01 1.552152605537403529e-01
1.256637061435917357e-01 2.183301365074689915e-02
1.382300767579508760e-01 9.835946949663443295e-03
1.507964473723100718e-01 7.708918880780317451e-02
1.633628179866692676e-01 7.528243965311180730e-02
1.759291886010284078e-01 2.792258278854913289e-01
1.884955592153875759e-01 3.222577153860672894e-01
2.010619298297467716e-01 3.316840452348628343e-01
2.136283004441059397e-01 2.592800825175183843e-01
2.261946710584651354e-01 3.180818536561446641e-01
2.387610416728242757e-01 7.878418018529401157e-02
2.513274122871834715e-01 4.588095660583527691e-01
2.638937829015426395e-01 2.558829465943518455e-01
2.764601535159017520e-01 3.053724049743284930e-01
2.890265241302609756e-01 3.471449027654933683e-01
3.015928947446201436e-01 1.456662008817680154e-01
3.141592653589793116e-01 2.795705477389539007e-01
3.267256359733385351e-01 2.574185581766320063e-01
3.392920065876976476e-01 2.272556866944325238e-01
3.518583772020568157e-01 4.688910503065638058e-01
3.644247478164160392e-01 3.247280533456568530e-01
3.769911184307751517e-01 1.531354571387645858e-01
3.895574890451343197e-01 2.602950350462103213e-01
4.021238596594935433e-01 2.448887915119493941e-01
4.146902302738527113e-01 4.032493623708480190e-01
4.272566008882118793e-01 2.820055960219356450e-01
4.398229715025711029e-01 3.514533306144047575e-01
4.523893421169302709e-01 3.063658539151906113e-01
4.649557127312893834e-01 4.300966866214898099e-01
4.775220833456485514e-01 4.693197923361247526e-01
4.900884539600077194e-01 4.363484284651883982e-01
5.026548245743669430e-01 4.242886162037676212e-01
5.152211951887261110e-01 5.314942234247278519e-01
5.277875658030852790e-01 5.052534287485761499e-01
5.403539364174444470e-01 6.308806981463050967e-01
5.529203070318035040e-01 5.844758002269121455e-01
5.654866776461627831e-01 4.488677485797525346e-01
5.780530482605219511e-01 4.631777843661171179e-01
5.906194188748811191e-01 3.341026720520000604e-01
6.031857894892402872e-01 4.919748221286930345e-01
6.157521601035994552e-01 7.702406193943829305e-01
6.283185307179586232e-01 6.646478419987362773e-01
6.408849013323177912e-01 5.898709366047719671e-01
6.534512719466770703e-01 7.624415523075134260e-01
6.660176425610361273e-01 8.409536645757513806e-01
6.785840131753952953e-01 7.256201767269969682e-01
6.911503837897544633e-01 6.874529078216651268e-01
7.037167544041136313e-01 5.149678295219078938e-01
7.162831250184729104e-01 5.313301968938898279e-01
7.288494956328320784e-01 7.310287423916953520e-01
7.414158662471912464e-01 8.383900932006908002e-01
7.539822368615503034e-01 7.274445835939313820e-01
7.665486074759094715e-01 7.403461956565919877e-01
7.791149780902686395e-01 9.307912249707530616e-01
7.916813487046279185e-01 8.510900272889772022e-01
8.042477193189870865e-01 7.031369699593332800e-01
8.168140899333462546e-01 6.960385189288579300e-01
8.293804605477054226e-01 9.885919871581246854e-01
8.419468311620645906e-01 9.221572944541067685e-01
8.545132017764237586e-01 6.722935214760974443e-01
8.670795723907829267e-01 5.971485202112154500e-01
8.796459430051422057e-01 7.037928602664916822e-01
8.922123136195013737e-01 9.422317230368825181e-01
9.047786842338605418e-01 7.596390519489287785e-01
9.173450548482194877e-01 7.763426577808021367e-01
9.299114254625787668e-01 7.559546850106835247e-01
9.424777960769379348e-01 7.620610921756907352e-01
9.550441666912971028e-01 8.169371277862135239e-01
9.676105373056562708e-01 8.526684711009054896e-01
9.801769079200154389e-01 8.291815592325926243e-01
9.927432785343746069e-01 7.129300439324735006e-01
1.005309649148733886e+00 8.773487404310446047e-01
1.017876019763092943e+00 7.474488759591141340e-01
1.030442390377452222e+00 8.345387125087049274e-01
1.043008760991811279e+00 8.493729356519511553e-01
1.055575131606170558e+00 1.013824136498696626e+00
1.068141502220529837e+00 7.735576091548167499e-01
1.080707872834888894e+00 8.503514608191922175e-01
1.093274243449248173e+00 1.010091484318352162e+00
1.105840614063607008e+00 7.354121710725909367e-01
1.118406984677966287e+00 8.133550009004618664e-01
1.130973355292325566e+00 1.181460427070643249e+00
1.143539725906684623e+00 1.080160893119477494e+00
1.156106096521043902e+00 9.952205944207141997e-01
1.168672467135402959e+00 9.757233936294933407e-01
1.181238837749762238e+00 8.847735798887210734e-01
1.193805208364121295e+00 8.791029687986842145e-01
1.206371578978480574e+00 7.937661771644168862e-01
1.218937949592839853e+00 9.590543568268052876e-01
1.231504320207198910e+00 1.219652327766674205e+00
1.244070690821558189e+00 8.346136747068613193e-01
1.256637061435917246e+00 1.080967702431756550e+00
1.269203432050276525e+00 9.107345534053367109e-01
1.281769802664635582e+00 7.474128079260382584e-01
1.294336173278994861e+00 9.338546022803546620e-01
1.306902543893354141e+00 1.016719204219047823e+00
1.319468914507712975e+00 9.838436419607408112e-01
1.332035285122072255e+00 9.223872976089424469e-01
1.344601655736431534e+00 8.735839254831805345e-01
1.357168026350790591e+00 8.987907534039005775e-01
1.369734396965149870e+00 1.053039106801312297e+00
1.382300767579508927e+00 1.052627257987159615e+00
1.394867138193868206e+00 9.957751638001693939e-01
1.407433508808227263e+00 1.014869774705733363e+00
1.419999879422586542e+00 9.757497827007471924e-01
1.432566250036945821e+00 1.146468599646863096e+00
1.445132620651304878e+00 1.029188682978146474e+00
1.457698991265664157e+00 9.737708735901808854e-01
1.470265361880023214e+00 9.811941400911498024e-01
1.482831732494382493e+00 8.183841095488999517e-01
1.495398103108741550e+00 9.659884389270354532e-01
1.507964473723100607e+00 8.354397186347423121e-01
1.520530844337459886e+00 1.008381955062911173e+00
1.533097214951818943e+00 1.143055874365090263e+00
1.545663585566178222e+00 1.018833604407261229e+00
1.558229956180537279e+00 1.084964204746484473e+00
1.570796326794896558e+00 9.910188586629119500e-01
1.583362697409255837e+00 9.766314665195684475e-01
1.595929068023614894e+00 1.054924362188683240e+00
1.608495438637974173e+00 9.834546046344460057e-01
1.621061809252333230e+00 9.681732188935582295e-01
1.633628179866692509e+00 1.052482305986821354e+00
1.646194550481051566e+00 1.046522452143137105e+00
1.658760921095410845e+00 1.008385715458887111e+00
1.671327291709770124e+00 8.735722858092314080e-01
1.683893662324129181e+00 1.118695173532112230e+00
1.696460032938488460e+00 1.085488676825011378e+00
1.709026403552847517e+00 9.373721363641899229e-01
1.721592774167206796e+00 1.191328718490990424e+00
1.734159144781565853e+00 1.064065882804959839e+00
1.746725515395925132e+00 1.049567291471118935e+00
1.759291886010284411e+00 9.290635460715882532e-01
1.771858256624643468e+00 9.680299905503007007e-01
1.784424627239002747e+00 1.164579103397439974e+00
1.796990997853361804e+00 1.018171877374473455e+00
1.809557368467721084e+00 8.764012095779821765e-01
1.822123739082079918e+00 1.138622704807608299e+00
1.834690109696438975e+00 8.631247523753959872e-01
1.847256480310798255e+00 9.941487995622648732e-01
1.859822850925157534e+00 1.141462955058333062e+00
1.872389221539516591e+00 8.907820901624430299e-01
1.884955592153875870e+00 8.395122312607565807e-01
1.897521962768234927e+00 8.007486107958958765e-01
1.910088333382594206e+00 9.547216705895642530e-01
1.922654703996953263e+00 9.566999815228373061e-01
1.935221074611312542e+00 8.846297438197090468e-01
1.947787445225671821e+00 7.470372530636768538e-01
1.960353815840030878e+00 8.976541664148197652e-01
1.972920186454390157e+00 9.550377904068305668e-01
1.985486557068749214e+00 9.379022468690719760e-01
1.998052927683108493e+00 9.441761562330590607e-01
2.010619298297467772e+00 8.909687375625676697e-01
2.023185668911826607e+00 8.909269491023721343e-01
2.035752039526185886e+00 8.734598372658626264e-01
2.048318410140545165e+00 9.599959527524407621e-01
2.060884780754904444e+00 8.750771833414072720e-01
2.073451151369263723e+00 9.997774925356074371e-01
2.086017521983622558e+00 7.983533989870590375e-01
2.098583892597981837e+00 7.046421633350860025e-01
2.111150263212341116e+00 7.727447150258349717e-01
2.123716633826700395e+00 8.571242397368177279e-01
2.136283004441059674e+00 8.840287430182236506e-01
2.148849375055418509e+00 7.798356636407329789e-01
2.161415745669777788e+00 9.593024618460692654e-01
2.173982116284137067e+00 8.808577731992600635e-01
2.186548486898496346e+00 8.171785898081430632e-01
2.199114857512855181e+00 1.043882809806080614e+00
2.211681228127214016e+00 7.864443313650543166e-01
2.224247598741573295e+00 9.060424579105651466e-01
2.236813969355932574e+00 8.919570427473881846e-01
2.249380339970291853e+00 7.890318490388971151e-01
2.261946710584651132e+00 7.184655176165852808e-01
2.274513081199009967e+00 7.615834416273443708e-01
2.287079451813369246e+00 7.806391044753328012e-01
2.299645822427728525e+00 9.576700630861174623e-01
2.312212193042087804e+00 7.852062106742401237e-01
2.324778563656447083e+00 7.387291057697985552e-01
2.337344934270805918e+00 7.324156580896712398e-01
2.349911304885165197e+00 7.937777810282123925e-01
2.362477675499524477e+00 8.018118825010001061e-01
2.375044046113883756e+00 6.582170244240954649e-01
2.387610416728242591e+00 6.269289097986321391e-01
2.400176787342601870e+00 7.479405236170735272e-01
2.412743157956961149e+00 5.079318593510195878e-01
2.425309528571320428e+00 7.426743935775859118e-01
2.437875899185679707e+00 6.725908969429136297e-01
2.450442269800038542e+00 7.464226224932608567e-01
2.463008640414397821e+00 6.322704707012541947e-01
2.475575011028757100e+00 5.311919774042943576e-01
2.488141381643116379e+00 3.826629947688002797e-01
2.500707752257475658e+00 6.912288229059199152e-01
2.513274122871834493e+00 5.505823854442860599e-01
2.525840493486193772e+00 5.964953030637633047e-01
2.538406864100553051e+00 6.949396555334275138e-01
2.550973234714912330e+00 6.911555266872325687e-01
2.563539605329271165e+00 5.810176157612594317e-01
2.576105975943630444e+00 5.613152806293768560e-01
2.588672346557989723e+00 4.476964720471546810e-01
2.601238717172349002e+00 4.882272200268074069e-01
2.613805087786708281e+00 6.812148348146921384e-01
2.626371458401067116e+00 5.953432222506996885e-01
2.638937829015425951e+00 6.872284468140874569e-01
2.651504199629785230e+00 6.055992182255153233e-01
2.664070570244144509e+00 2.824953147421545019e-01
2.676636940858503788e+00 4.402042204313718066e-01
2.689203311472863067e+00 4.529146357885624474e-01
2.701769682087221902e+00 3.834353006819242737e-01
2.714336052701581181e+00 3.730704456327058605e-01
2.726902423315940460e+00 1.924989372943353982e-01
2.739468793930299739e+00 4.709029936816107598e-01
2.752035164544658574e+00 4.760351813528209686e-01
2.764601535159017853e+00 4.676372603870022071e-01
2.777167905773377132e+00 2.820909686705497799e-01
2.789734276387736411e+00 3.123069702423171834e-01
2.802300647002095690e+00 3.186407628549263737e-01
2.814867017616454525e+00 1.605037751384411071e-01
2.827433388230813804e+00 3.058205997074646132e-01
2.839999758845173083e+00 9.890807574611482078e-02
2.852566129459532362e+00 3.913750748950354241e-01
2.865132500073891642e+00 4.056466955149593545e-01
2.877698870688250476e+00 2.539080246514173189e-01
2.890265241302609756e+00 2.738458151626145809e-01
2.902831611916969035e+00 3.049289804079955424e-01
2.915397982531328314e+00 2.874617122309928163e-01
2.927964353145687149e+00 2.697566749369958439e-01
2.940530723760046428e+00 1.266511262361878776e-01
2.953097094374405707e+00 2.359955742484822483e-01
2.965663464988764986e+00 2.927993192683385759e-01
2.978229835603124265e+00 -3.465622369793119883e-02
2.990796206217483100e+00 2.764482677981291436e-01
3.003362576831842379e+00 1.414862783664067869e-01
3.015928947446201214e+00 1.072651204315748230e-01
3.028495318060560493e+00 2.705793033303581785e-01
3.041061688674919772e+00 2.278692582470687455e-01
3.053628059289279051e+00 2.262106833693254271e-01
3.066194429903637886e+00 1.994361011655289284e-02
3.078760800517997165e+00 3.089081863581664977e-02
3.091327171132356444e+00 -1.011586631973617201e-01
3.103893541746715723e+00 -5.991464719501195940e-02
3.116459912361074558e+00 3.894561282366305888e-02
3.129026282975433837e+00 5.307334364159305845e-02
3.141592653589793116e+00 8.258922871533005972e-02
3.154159024204152395e+00 -1.140334848373283916e-01
3.166725394818511674e+00 9.067231354176583102e-02
3.179291765432870509e+00 -2.112102937029090022e-01
3.191858136047229788e+00 -2.047062512262529804e-02
3.204424506661589067e+00 -1.824954761621723209e-01
3.216990877275948346e+00 1.327119665404298821e-01
3.229557247890307181e+00 -7.636091790093638143e-02
3.242123618504666460e+00 -1.664018029952377131e-02
3.254689989119025739e+00 -2.635487046737368666e-01
3.267256359733385018e+00 1.080518376894596677e-01
3.279822730347744297e+00 3.267629826359347289e-02
3.292389100962103132e+00 -1.756832067748493043e-01
3.304955471576462411e+00 -5.866146466773547452e-02
3.317521842190821690e+00 6.277964772288258111e-04
3.330088212805180969e+00 -2.211927275326178721e-01
3.342654583419540248e+00 -6.554722072744634254e-02
3.355220954033899083e+00 -2.807688289373265200e-01
3.367787324648258362e+00 -1.343992243866165559e-03
3.380353695262617642e+00 -1.562123236809889182e-01
3.392920065876976921e+00 -3.325547865960997163e-01
3.405486436491335756e+00 -1.626199728399804756e-01
3.418052807105695035e+00 -2.405374614778803266e-01
3.430619177720054314e+00 -2.215081705573077042e-01
3.443185548334413593e+00 -2.083215338886470480e-01
3.455751918948772872e+00 -3.833861915870191983e-01
3.468318289563131707e+00 -5.083477303256609403e-01
3.480884660177490986e+00 -4.872304790800170982e-01
3.493451030791850265e+00 -3.577426141373358792e-01
3.506017401406209544e+00 -3.705665283482681427e-01
3.518583772020568823e+00 -2.674066025638837663e-01
3.531150142634927658e+00 -2.728749953566484421e-01
3.543716513249286937e+00 -3.418085914715438545e-01
3.556282883863646216e+00 -5.384722280013866103e-01
3.568849254478005495e+00 -3.270691256533619917e-01
3.581415625092364330e+00 -4.524348363492494141e-01
3.593981995706723609e+00 -4.686636014830830588e-01
3.606548366321082888e+00 -4.200397162183909794e-01
3.619114736935442167e+00 -4.456589937278704339e-01
3.631681107549800558e+00 -5.035629416022519012e-01
3.644247478164159837e+00 -4.404928836141589477e-01
3.656813848778519116e+00 -4.973756861810515462e-01
3.669380219392877951e+00 -6.753303007199304986e-01
3.681946590007237230e+00 -5.244305921971730289e-01
3.694512960621596509e+00 -4.378289545883512490e-01
3.707079331235955788e+00 -7.395342378208578094e-01
3.719645701850315067e+00 -5.563766389116046041e-01
3.732212072464673902e+00 -3.701274428345022738e-01
3.744778443079033181e+00 -4.965879702134942120e-01
3.757344813693392460e+00 -7.652285857816564230e-01
3.769911184307751739e+00 -4.642520551590471056e-01
3.782477554922110574e+00 -6.305613163430172641e-01
3.795043925536469853e+00 -5.656840653343725434e-01
3.807610296150829132e+00 -7.165937670174655771e-01
3.820176666765188411e+00 -5.629630459403798248e-01
3.832743037379547690e+00 -7.481270813809347553e-01
3.845309407993906525e+00 -6.871641961977849045e-01
3.857875778608265804e+00 -4.981716140207818055e-01
3.870442149222625083e+00 -7.914016072874446861e-01
3.883008519836984362e+00 -7.555524089386299602e-01
3.895574890451343641e+00 -6.716622423116646035e-01
3.908141261065702476e+00 -6.111151021348831813e-01
3.920707631680061755e+00 -6.641845377353706725e-01
3.933274002294421035e+00 -6.586988901337023083e-01
3.945840372908780314e+00 -6.971298097157493379e-01
3.958406743523139149e+00 -9.929402344849711515e-01
3.970973114137498428e+00 -7.785817677947115545e-01
3.983539484751857707e+00 -9.024651763132803817e-01
3.996105855366216986e+00 -6.022018280630767606e-01
4.008672225980576265e+00 -6.561272841922651811e-01
4.021238596594935544e+00 -7.807058125625216949e-01
4.033804967209294823e+00 -8.595057820167437690e-01
4.046371337823653214e+00 -1.062690953478975242e+00
4.058937708438012493e+00 -5.733378372022661651e-01
4.071504079052371772e+00 -8.181664523183628246e-01
4.084070449666731051e+00 -7.974268557605994623e-01
4.096636820281090330e+00 -9.013944051689667392e-01
4.109203190895449609e+00 -9.351597367663758709e-01
4.121769561509808888e+00 -7.221145759517365592e-01
4.134335932124168167e+00 -8.889762794421781633e-01
4.146902302738527446e+00 -9.343943762316907486e-01
4.159468673352886725e+00 -6.524523701745728044e-01
4.172035043967245116e+00 -8.433950708651871686e-01
4.184601414581604395e+00 -1.009530310016784505e+00
4.197167785195963674e+00 -9.729344366858260207e-01
4.209734155810322953e+00 -1.033374515799996063e+00
4.222300526424682232e+00 -7.101320549452443398e-01
4.234866897039041511e+00 -8.848217175797751244e-01
4.247433267653400790e+00 -9.188528507025408576e-01
4.259999638267760069e+00 -8.652061807993265408e-01
4.272566008882119348e+00 -8.640451265816694315e-01
4.285132379496477739e+00 -9.996500954929657956e-01
4.297698750110837018e+00 -9.603450310961096914e-01
4.310265120725196297e+00 -9.724274474971643656e-01
4.322831491339555576e+00 -7.278118368083874579e-01
4.335397861953914855e+00 -9.942466839448034222e-01
4.347964232568274134e+00 -8.774021893675248984e-01
4.360530603182633413e+00 -9.012436516302895217e-01
4.373096973796992692e+00 -9.290224049108393167e-01
4.385663344411351972e+00 -1.117742670880479849e+00
4.398229715025710362e+00 -9.314788041589532330e-01
4.410796085640069641e+00 -9.456768285864938228e-01
4.423362456254428032e+00 -9.219452230663907066e-01
4.435928826868787311e+00 -9.070616910021704893e-01
4.448495197483146590e+00 -9.512814997785504767e-01
4.461061568097505869e+00 -1.019714693134147865e+00
4.473627938711865148e+00 -9.165866432753496662e-01
4.486194309326224428e+00 -1.080212685446033660e+00
4.498760679940583707e+00 -1.172793757446014107e+00
4.511327050554942986e+00 -9.638911489394971222e-01
4.523893421169302265e+00 -1.023180238777059214e+00
4.536459791783661544e+00 -8.675953474005588806e-01
4.549026162398019935e+00 -9.928020260412125930e-01
4.561592533012379214e+00 -1.053921134390950476e+00
4.574158903626738493e+00 -1.012092321077547208e+00
4.586725274241097772e+00 -9.617330545183944146e-01
4.599291644855457051e+00 -9.297023457133409829e-01
4.611858015469816330e+00 -1.024038756560750940e+00
4.624424386084175609e+00 -8.628925000127204425e-01
4.636990756698534888e+00 -8.649407709134739886e-01
4.649557127312894167e+00 -1.089683688108352033e+00
4.662123497927252558e+00 -1.035315498251602850e+00
4.674689868541611837e+00 -9.749290588492485199e-01
4.687256239155971116e+00 -1.122112587778022919e+00
4.699822609770330395e+00 -9.251231576086588193e-01
4.712388980384689674e+00 -1.089071893434887528e+00
4.724955350999048953e+00 -1.109695335334665023e+00
4.737521721613408232e+00 -8.924757859400423987e-01
4.750088092227767511e+00 -1.089354105821933816e+00
4.762654462842126790e+00 -8.671080023077694099e-01
4.775220833456485181e+00 -9.612490683571489614e-01
4.787787204070844460e+00 -1.008323567880583749e+00
4.800353574685203739e+00 -9.086234896504420400e-01
4.812919945299563018e+00 -1.122842410875771968e+00
4.825486315913922297e+00 -1.039967398492833928e+00
4.838052686528281576e+00 -1.005513531075999278e+00
4.850619057142640855e+00 -9.904633126665807197e-01
4.863185427757000134e+00 -9.832890652387002994e-01
4.875751798371359413e+00 -8.847552691743214570e-01
4.888318168985717804e+00 -1.002407845724683222e+00
4.900884539600077083e+00 -9.401458354003410234e-01
4.913450910214436362e+00 -7.449083536863780886e-01
4.926017280828795641e+00 -9.840343673692777404e-01
4.938583651443154920e+00 -9.251553991230057061e-01
4.951150022057514200e+00 -8.887531425800275775e-01
4.963716392671873479e+00 -1.224234671838188238e+00
4.976282763286232758e+00 -1.024325175788166620e+00
4.988849133900592037e+00 -1.018746847326412963e+00
5.001415504514951316e+00 -8.252648415411536487e-01
5.013981875129309707e+00 -1.034509491995312835e+00
5.026548245743668986e+00 -9.974314137513742295e-01
5.039114616358028265e+00 -7.034112831257981480e-01
5.051680986972387544e+00 -7.355754718169527084e-01
5.064247357586746823e+00 -9.277698225433763657e-01
5.076813728201106102e+00 -1.010055303664694648e+00
5.089380098815465381e+00 -7.078664546577895234e-01
5.101946469429824660e+00 -9.940207446404594194e-01
5.114512840044183939e+00 -8.108015491885831594e-01
5.127079210658542330e+00 -9.988976500580353246e-01
5.139645581272901609e+00 -9.528995426549126124e-01
5.152211951887260888e+00 -1.019524905353131894e+00
5.164778322501620167e+00 -8.180674988083754817e-01
5.177344693115979446e+00 -9.327396174485206304e-01
5.189911063730338725e+00 -6.254202543405567027e-01
5.202477434344698004e+00 -8.162057845133221523e-01
5.215043804959057283e+00 -6.958876226991463909e-01
5.227610175573416562e+00 -8.000146656658154720e-01
5.240176546187774953e+00 -8.286348340174707339e-01
5.252742916802134232e+00 -9.440562706478053956e-01
5.265309287416492623e+00 -9.726624131578507360e-01
5.277875658030851902e+00 -9.178237079933370124e-01
5.290442028645211181e+00 -8.030077635285273185e-01
5.303008399259570460e+00 -8.052839146128139003e-01
5.315574769873929739e+00 -7.877073993437651023e-01
5.328141140488289018e+00 -7.683320991998444649e-01
5.340707511102648297e+00 -7.252131923450350071e-01
5.353273881717007576e+00 -8.380654609574926805e-01
5.365840252331366855e+00 -8.018955634798378140e-01
5.378406622945726134e+00 -7.356156406618932220e-01
5.390972993560084525e+00 -9.055241574549480754e-01
5.403539364174443804e+00 -6.247015286305991344e-01
5.416105734788803083e+00 -9.390438266031028158e-01
5.428672105403162362e+00 -6.567410658602902407e-01
5.441238476017521641e+00 -8.945943830165029587e-01
5.453804846631880920e+00 -7.574197855992953476e-01
5.466371217246240199e+00 -6.058761738930897867e-01
5.478937587860599479e+00 -8.440517579917203861e-01
5.491503958474958758e+00 -5.091253069841730206e-01
5.504070329089317148e+00 -5.705339443905848018e-01
5.516636699703676427e+00 -6.865504448827394191e-01
5.529203070318035707e+00 -5.944246077479079515e-01
5.541769440932394986e+00 -7.851110353402398490e-01
5.554335811546754265e+00 -6.386927447044778994e-01
5.566902182161113544e+00 -8.083437309200611764e-01
5.579468552775472823e+00 -5.049677236792883273e-01
5.592034923389832102e+00 -6.110700450653770988e-01
5.604601294004191381e+00 -5.788400826593274040e-01
5.617167664618549772e+00 -7.474189384786038559e-01
5.629734035232909051e+00 -7.164632068219991545e-01
5.642300405847268330e+00 -6.139366863421934495e-01
5.654866776461627609e+00 -4.696573989433130980e-01
5.667433147075986888e+00 -7.954488291961958613e-01
5.679999517690346167e+00 -5.265216840505169138e-01
5.692565888304705446e+00 -7.022817137883182737e-01
5.705132258919064725e+00 -3.963702024832561621e-01
5.717698629533424004e+00 -5.500481916403647809e-01
5.730265000147783283e+00 -3.104443947022003658e-01
5.742831370762141674e+00 -5.674407538502184156e-01
5.755397741376500953e+00 -5.111030338680246921e-01
5.767964111990860232e+00 -5.912633213196517579e-01
5.780530482605219511e+00 -5.465782228005232612e-01
5.793096853219578790e+00 -2.851144169490135161e-01
5.805663223833938069e+00 -4.557649582704605962e-01
5.818229594448297348e+00 -5.514823692015711210e-01
5.830795965062656627e+00 -5.085108818513996987e-01
5.843362335677015906e+00 -5.846451952432477617e-01
5.855928706291374297e+00 -1.918447604652021854e-01
5.868495076905733576e+00 -4.315762325080906292e-01
5.881061447520092855e+00 -4.208274767873782518e-01
5.893627818134452134e+00 -4.804964252932312219e-01
5.906194188748811413e+00 -5.586666989795139315e-01
5.918760559363170692e+00 -4.484985339501070256e-01
5.931326929977529971e+00 -4.379109339710282600e-01
5.943893300591889250e+00 -3.511471810948428307e-01
5.956459671206248530e+00 -3.046797920142712557e-01
5.969026041820606920e+00 -4.130528045745585630e-01
5.981592412434966199e+00 -2.194853522336148721e-01
5.994158783049325478e+00 -2.148731975611724576e-01
6.006725153663684758e+00 -1.602547929619316247e-01
6.019291524278044037e+00 -2.069537273102188824e-01
6.031857894892402427e+00 -3.011372404320147300e-01
6.044424265506761706e+00 -3.164406637622475538e-01
6.056990636121120986e+00 -2.431830183847092097e-01
6.069557006735480265e+00 -2.019947386642904630e-01
6.082123377349839544e+00 -1.543249570327754061e-01
6.094689747964198823e+00 -1.081478001044014065e-01
6.107256118578558102e+00 -2.754474444302125180e-01
6.119822489192916493e+00 -1.476111375988813923e-01
6.132388859807275772e+00 -1.084917537972780455e-01
6.144955230421635051e+00 -9.725283412422101870e-02
6.157521601035994330e+00 -1.978033086136780638e-01
6.170087971650353609e+00 -6.284172074005431319e-02
6.182654342264712888e+00 9.403052128972258505e-02
6.195220712879072167e+00 -2.415620338284216184e-01
6.207787083493431446e+00 -1.640187865692069036e-01
6.220353454107790725e+00 -1.822496010736227579e-01
6.232919824722149116e+00 -1.978166837817317558e-02
6.245486195336508395e+00 -1.190418289768546689e-01
6.258052565950867674e+00 3.211940420664027851e-04
6.270618936565226953e+00 8.610811933990178413e-02
