0.000000000000000000e+00 1.953338920026415071e-02
1.256637061435917323e-02 4.658401186181251180e-02
2.513274122871834645e-02 -8.741835979155009040e-02
3.769911184307751795e-02 1.874778464129247535e-01
5.026548245743669291e-02 1.043189195543174352e-01
6.283185307179586787e-02 -6.551492399617321605e-02
7.539822368615503589e-02 4.425883321026268663e-02
8.796459430051420392e-02 1.436922862365887787e-01
1.005309649148733858e-01 1.696425403052167491e-01
1.130973355292325677e-01 3.949397178750030379e-02
1.256637061435917357e-01 1.667609909467393792e-01
1.382300767579508760e-01 -4.993397578428929173e-02
1.507964473723100718e-01 1.398742100444411163e-02
1.633628179866692676e-01 3.002311259345441519e-01
1.759291886010284078e-01 3.539829823509212936e-01
1.884955592153875759e-01 6.258282784345681193e-02
2.010619298297467716e-01 2.446420601195438416e-01
2.136283004441059397e-01 1.991383636427778159e-01
2.261946710584651354e-01 3.258121636092483620e-01
2.387610416728242757e-01 2.029184009260652510e-01
2.513274122871834715e-01 4.600610498412136540e-01
2.638937829015426395e-01 2.540884782234749673e-01
2.764601535159017520e-01 2.049501496468391082e-01
2.890265241302609756e-01 1.973616819476239070e-01
3.015928947446201436e-01 2.098606862783140292e-01
3.141592653589793116e-01 1.639355117834229436e-01
3.267256359733385351e-01 3.491214723006610954e-01
3.392920065876976476e-01 2.452502596208904762e-01
3.518583772020568157e-01 3.660978195479834274e-01
3.644247478164160392e-01 1.974706210359225833e-01
3.769911184307751517e-01 4.583291358880867139e-01
3.895574890451343197e-01 2.908672455693931957e-01
4.021238596594935433e-01 4.564215831899594011e-01
4.146902302738527113e-01 3.797220516424484882e-01
4.272566008882118793e-01 4.472248038027514250e-01
4.398229715025711029e-01 3.116019214162870088e-01
4.523893421169302709e-01 5.432987462176301907e-01
4.649557127312893834e-01 5.434204451428865656e-01
4.775220833456485514e-01 4.013300819145051990e-01
4.900884539600077194e-01 7.048002766795666840e-01
5.026548245743669430e-01 5.818586279018348462e-01
5.152211951887261110e-01 5.721861055019815678e-01
5.277875658030852790e-01 4.627018721499169818e-01
5.403539364174444470e-01 6.070048626579237494e-01
5.529203070318035040e-01 5.315873613997305069e-01
5.654866776461627831e-01 6.304943093870871706e-01
5.780530482605219511e-01 5.663546176337536098e-01
5.906194188748811191e-01 5.499886690514502741e-01
6.031857894892402872e-01 4.177555098465171035e-01
6.157521601035994552e-01 6.594739753766956092e-01
6.283185307179586232e-01 4.996369651948379120e-01
6.408849013323177912e-01 6.136440997342631487e-01
6.534512719466770703e-01 6.406181826762606946e-01
6.660176425610361273e-01 7.050243825155728672e-01
6.785840131753952953e-01 8.202335023274085479e-01
6.911503837897544633e-01 6.169972112611534776e-01
7.037167544041136313e-01 6.349891465087071918e-01
7.162831250184729104e-01 6.441976904407642479e-01
7.288494956328320784e-01 4.957086416036531329e-01
7.414158662471912464e-01 8.164831468029625228e-01
7.539822368615503034e-01 7.051178671982787360e-01
7.665486074759094715e-01 6.384501387558060292e-01
7.791149780902686395e-01 4.952634043035839539e-01
7.916813487046279185e-01 6.728165311296074869e-01
8.042477193189870865e-01 8.958490459566750275e-01
8.168140899333462546e-01 6.382007270746726801e-01
8.293804605477054226e-01 6.721451821677569827e-01
8.419468311620645906e-01 6.376135104575819668e-01
8.545132017764237586e-01 6.030490377964730087e-01
8.670795723907829267e-01 7.582282093906922427e-01
8.796459430051422057e-01 8.225299701774142491e-01
8.922123136195013737e-01 8.461415545327604093e-01
9.047786842338605418e-01 6.209752570501967384e-01
9.173450548482194877e-01 1.009941696022925495e+00
9.299114254625787668e-01 8.006468879271663175e-01
9.424777960769379348e-01 8.266074209837399600e-01
9.550441666912971028e-01 7.451321928225834723e-01
9.676105373056562708e-01 7.881998544674567730e-01
9.801769079200154389e-01 8.759649953044572612e-01
9.927432785343746069e-01 8.251540337511539258e-01
1.005309649148733886e+00 8.860527457634036486e-01
1.017876019763092943e+00 7.513529721270967299e-01
1.030442390377452222e+00 8.417133869876108898e-01
1.043008760991811279e+00 7.035828307645426438e-01
1.055575131606170558e+00 8.093772554782445727e-01
1.068141502220529837e+00 8.058893699176028491e-01
1.080707872834888894e+00 9.388836469593914158e-01
1.093274243449248173e+00 9.660044351194442269e-01
1.105840614063607008e+00 9.371560608247040403e-01
1.118406984677966287e+00 9.962532100267857960e-01
1.130973355292325566e+00 9.744276056663737640e-01
1.143539725906684623e+00 1.001717608637763046e+00
1.156106096521043902e+00 7.902285151123148443e-01
1.168672467135402959e+00 7.320603047516243134e-01
1.181238837749762238e+00 8.438999802493162283e-01
1.193805208364121295e+00 7.775192773753689668e-01
1.206371578978480574e+00 1.007336233085188715e+00
1.218937949592839853e+00 8.697111651962243783e-01
1.231504320207198910e+00 7.917800439921129918e-01
1.244070690821558189e+00 7.177790201244644841e-01
1.256637061435917246e+00 1.013398844098024831e+00
1.269203432050276525e+00 7.931267789519756972e-01
1.281769802664635582e+00 1.226414462378730086e+00
1.294336173278994861e+00 9.712869259612977313e-01
1.306902543893354141e+00 1.117309043478552644e+00
1.319468914507712975e+00 9.062504022654915836e-01
1.332035285122072255e+00 9.329895373757355337e-01
1.344601655736431534e+00 1.129320929197137335e+00
1.357168026350790591e+00 1.049918717335303286e+00
1.369734396965149870e+00 8.938342980454514475e-01
1.382300767579508927e+00 1.146853615003865512e+00
1.394867138193868206e+00 9.490898236338739524e-01
1.407433508808227263e+00 7.748800967298977715e-01
1.419999879422586542e+00 8.785527400703067036e-01
1.432566250036945821e+00 9.795678776399775467e-01
1.445132620651304878e+00 8.273254282130731996e-01
1.457698991265664157e+00 9.308178653815097903e-01
1.470265361880023214e+00 9.668760334955019964e-01
1.482831732494382493e+00 8.752256882629574353e-01
1.495398103108741550e+00 7.096813616417193549e-01
1.507964473723100607e+00 1.029379439526160622e+00
1.520530844337459886e+00 9.394667594635681684e-01
1.533097214951818943e+00 1.101941757356141638e+00
1.545663585566178222e+00 8.748109964238175440e-01
1.558229956180537279e+00 9.810904922801282346e-01
1.570796326794896558e+00 1.063028956206740760e+00
1.583362697409255837e+00 1.095655363501771395e+00
1.595929068023614894e+00 8.442032008569068102e-01
1.608495438637974173e+00 1.070567021761059889e+00
1.621061809252333230e+00 1.081326483307864628e+00
1.633628179866692509e+00 9.631689199339888985e-01
1.646194550481051566e+00 8.807613991019671573e-01
1.658760921095410845e+00 1.038682590266527317e+00
1.671327291709770124e+00 7.959593181796306149e-01
1.683893662324129181e+00 1.173143906235031952e+00
1.696460032938488460e+00 1.175992304500694585e+00
1.709026403552847517e+00 1.074997150214914932e+00
1.721592774167206796e+00 7.632367501614667482e-01
1.734159144781565853e+00 8.731353321394137446e-01
1.746725515395925132e+00 1.077461001171398092e+00
1.759291886010284411e+00 9.083764470360721210e-01
1.771858256624643468e+00 9.996108696308758645e-01
1.784424627239002747e+00 9.168933560008649675e-01
1.796990997853361804e+00 9.387767515510681005e-01
1.809557368467721084e+00 8.948295730294184569e-01
1.822123739082079918e+00 9.860907173924724489e-01
1.834690109696438975e+00 9.659551199850729963e-01
1.847256480310798255e+00 9.638959096093268064e-01
1.859822850925157534e+00 8.896637908138476103e-01
1.872389221539516591e+00 1.005802981481479286e+00
1.884955592153875870e+00 9.490491851130586909e-01
1.897521962768234927e+00 1.023973196704937916e+00
1.910088333382594206e+00 8.235682096681243847e-01
1.922654703996953263e+00 9.922513119633050716e-01
1.935221074611312542e+00 9.424946700609699857e-01
1.947787445225671821e+00 9.933760934167684686e-01
1.960353815840030878e+00 9.252987463034431093e-01
1.972920186454390157e+00 9.977809645898587654e-01
1.985486557068749214e+00 8.322968244385254843e-01
1.998052927683108493e+00 9.238714208732721200e-01
2.010619298297467772e+00 8.199160680691872649e-01
2.023185668911826607e+00 8.778226398938070441e-01
2.035752039526185886e+00 9.238379103700419259e-01
2.048318410140545165e+00 9.654928210933898525e-01
2.060884780754904444e+00 1.037089694643811955e+00
2.073451151369263723e+00 8.779468203671866311e-01
2.086017521983622558e+00 9.443652114733874781e-01
2.098583892597981837e+00 7.735759362275905771e-01
2.111150263212341116e+00 1.008759477726413945e+00
2.123716633826700395e+00 7.316262937830083635e-01
2.136283004441059674e+00 9.429174524913430666e-01
2.148849375055418509e+00 7.881771924875162760e-01
2.161415745669777788e+00 7.302897587521613998e-01
2.173982116284137067e+00 8.801974564263173040e-01
2.186548486898496346e+00 8.151275715848923520e-01
2.199114857512855181e+00 7.388603285179267122e-01
2.211681228127214016e+00 1.033860059574498891e+00
2.224247598741573295e+00 7.829687126370542538e-01
2.236813969355932574e+00 7.776111561647557346e-01
2.249380339970291853e+00 7.595406434466093204e-01
2.261946710584651132e+00 6.305100896531038446e-01
2.274513081199009967e+00 8.016308895963202286e-01
2.287079451813369246e+00 6.554511312196654726e-01
2.299645822427728525e+00 6.540496805643520872e-01
2.312212193042087804e+00 6.336091470029505679e-01
2.324778563656447083e+00 6.381145315315668309e-01
2.337344934270805918e+00 7.394540597820032923e-01
2.349911304885165197e+00 6.731740282563760669e-01
2.362477675499524477e+00 7.846256337183292739e-01
2.375044046113883756e+00 6.085418209252079214e-01
2.387610416728242591e+00 6.638373281997790309e-01
2.400176787342601870e+00 6.993376941493755217e-01
2.412743157956961149e+00 9.412591472337741294e-01
2.425309528571320428e+00 6.532820712572477984e-01
2.437875899185679707e+00 6.157390343479700601e-01
2.450442269800038542e+00 5.867145107912536961e-01
2.463008640414397821e+00 6.296654602047008220e-01
2.475575011028757100e+00 5.344442447552394393e-01
2.488141381643116379e+00 7.401169458236819265e-01
2.500707752257475658e+00 4.664289957330144398e-01
2.513274122871834493e+00 4.474069514768864719e-01
2.525840493486193772e+00 5.086311683858026900e-01
2.538406864100553051e+00 7.868814461530289073e-01
2.550973234714912330e+00 3.483741491528015155e-01
2.563539605329271165e+00 6.114902854715151825e-01
2.576105975943630444e+00 3.398522330008281189e-01
2.588672346557989723e+00 5.213785700063616746e-01
2.601238717172349002e+00 3.697280817513914908e-01
2.613805087786708281e+00 4.957870620622165103e-01
2.626371458401067116e+00 4.457513224975233057e-01
2.638937829015425951e+00 3.861695477224897921e-01
2.651504199629785230e+00 3.409631161389642395e-01
2.664070570244144509e+00 5.487481218583025733e-01
2.676636940858503788e+00 4.127956361928400431e-01
2.689203311472863067e+00 4.224060582637829131e-01
2.701769682087221902e+00 4.330959855133681424e-01
2.714336052701581181e+00 3.232559418844256349e-01
2.726902423315940460e+00 6.210697799313578127e-01
2.739468793930299739e+00 5.327223321470809791e-01
2.752035164544658574e+00 3.042897926853149748e-01
2.764601535159017853e+00 2.063798998285483188e-01
2.777167905773377132e+00 2.678936372019287693e-01
2.789734276387736411e+00 2.968667583168769220e-01
2.802300647002095690e+00 5.030546903107047108e-02
2.814867017616454525e+00 3.287504165910168363e-01
2.827433388230813804e+00 1.893345871170535322e-01
2.839999758845173083e+00 3.153262970103066221e-01
2.852566129459532362e+00 4.619547816818296848e-01
2.865132500073891642e+00 2.758684069995531729e-01
2.877698870688250476e+00 3.374061654155574019e-01
2.890265241302609756e+00 2.535960463497181627e-01
2.902831611916969035e+00 2.595585276054233059e-01
2.915397982531328314e+00 2.205188536985651926e-01
2.927964353145687149e+00 7.735057687333965482e-02
2.940530723760046428e+00 1.245879593939852037e-01
2.953097094374405707e+00 2.444433786871983427e-01
2.965663464988764986e+00 1.622849421847659956e-01
2.978229835603124265e+00 1.401908416119758971e-01
2.990796206217483100e+00 4.030130289149444489e-02
3.003362576831842379e+00 -3.036583268995915463e-02
3.015928947446201214e+00 -1.432795597254705178e-01
3.028495318060560493e+00 1.494212154543907711e-01
3.041061688674919772e+00 -6.724153951689618158e-02
3.053628059289279051e+00 1.851622148217397235e-01
3.066194429903637886e+00 2.503192260965486637e-03
3.078760800517997165e+00 -1.067535578763828819e-01
3.091327171132356444e+00 3.684118973549629916e-02
3.103893541746715723e+00 -7.200988368556379693e-02
3.116459912361074558e+00 4.617643842015066447e-02
3.129026282975433837e+00 -1.592732186706777298e-01
3.141592653589793116e+00 4.272346272526558394e-03
3.154159024204152395e+00 -1.133453026411239926e-02
3.166725394818511674e+00 -3.739308692831497943e-02
3.179291765432870509e+00 -1.397376835698708186e-01
3.191858136047229788e+00 -7.742238975154963621e-02
3.204424506661589067e+00 -4.134864234893875778e-02
3.216990877275948346e+00 -2.520917898330827384e-02
3.229557247890307181e+00 3.790923070725123190e-02
3.242123618504666460e+00 -7.899169628458230230e-02
3.254689989119025739e+00 -2.597781868837390484e-01
3.267256359733385018e+00 -5.462667791433414854e-02
3.279822730347744297e+00 -9.969672022718065185e-02
3.292389100962103132e+00 -1.002547638396075885e-01
3.304955471576462411e+00 -1.057203210494872259e-01
3.317521842190821690e+00 -2.262262105393574030e-01
3.330088212805180969e+00 -1.845059542378072182e-01
3.342654583419540248e+00 -7.263580781366066330e-02
3.355220954033899083e+00 -1.857394393442662328e-01
3.367787324648258362e+00 -2.681626832630539248e-01
3.380353695262617642e+00 -4.101589160370899267e-01
3.392920065876976921e+00 -3.980512561533213756e-01
3.405486436491335756e+00 -3.154876573492282898e-01
3.418052807105695035e+00 -2.319534192891470892e-01
3.430619177720054314e+00 -2.157919984494801324e-01
3.443185548334413593e+00 -2.496089804844112692e-01
3.455751918948772872e+00 -3.715291325905582531e-01
3.468318289563131707e+00 -2.425128377096186783e-01
3.480884660177490986e+00 -2.885315556190033437e-01
3.493451030791850265e+00 -2.897290559805332233e-01
3.506017401406209544e+00 -2.760640108629715539e-01
3.518583772020568823e+00 -4.405587114929643278e-01
3.531150142634927658e+00 -4.371079043521817753e-01
3.543716513249286937e+00 -3.143143087116997414e-01
3.556282883863646216e+00 -3.990842006627796090e-01
3.568849254478005495e+00 -3.311051988578397887e-01
3.581415625092364330e+00 -3.816654295749698500e-01
3.593981995706723609e+00 -4.003091915029795000e-01
3.606548366321082888e+00 -4.713973179746498987e-01
3.619114736935442167e+00 -5.429868219499377480e-01
3.631681107549800558e+00 -4.410310667203100055e-01
3.644247478164159837e+00 -6.751006393032199515e-01
3.656813848778519116e+00 -2.918065405150479519e-01
3.669380219392877951e+00 -4.385196112195189344e-01
3.681946590007237230e+00 -6.175133627633331290e-01
3.694512960621596509e+00 -4.134112759454238728e-01
3.707079331235955788e+00 -6.074539488536971898e-01
3.719645701850315067e+00 -6.001056535540585379e-01
3.732212072464673902e+00 -5.744647846141930358e-01
3.744778443079033181e+00 -5.936334323939854718e-01
3.757344813693392460e+00 -5.398823994895204370e-01
3.769911184307751739e+00 -3.054469715515672479e-01
3.782477554922110574e+00 -6.269914571116856905e-01
3.795043925536469853e+00 -3.381575274772837258e-01
3.807610296150829132e+00 -7.668297170025072385e-01
3.820176666765188411e+00 -6.682812446322908828e-01
3.832743037379547690e+00 -5.774055076674338149e-01
3.845309407993906525e+00 -7.039818208972562497e-01
3.857875778608265804e+00 -7.389107453734877762e-01
3.870442149222625083e+00 -6.223265276520844047e-01
3.883008519836984362e+00 -6.426316380684344853e-01
3.895574890451343641e+00 -5.948706605079326915e-01
3.908141261065702476e+00 -6.775199932181366069e-01
3.920707631680061755e+00 -5.908025900579453316e-01
3.933274002294421035e+00 -6.916350199094625228e-01
3.945840372908780314e+00 -7.503907884406859630e-01
3.958406743523139149e+00 -8.023991931740294126e-01
3.970973114137498428e+00 -6.673824665702249304e-01
3.983539484751857707e+00 -6.137458963723275707e-01
3.996105855366216986e+00 -7.399324062080616660e-01
4.008672225980576265e+00 -9.080952407436879703e-01
4.021238596594935544e+00 -7.883525225335762388e-01
4.033804967209294823e+00 -8.985845886477694666e-01
4.046371337823653214e+00 -7.934243937349856335e-01
4.058937708438012493e+00 -7.733696741856790347e-01
4.071504079052371772e+00 -6.551178231907190952e-01
4.084070449666731051e+00 -8.439308603570818690e-01
4.096636820281090330e+00 -7.210044145118087444e-01
4.109203190895449609e+00 -8.646306098235502224e-01
4.121769561509808888e+00 -9.221275919699587487e-01
4.134335932124168167e+00 -8.764958588736107004e-01
4.146902302738527446e+00 -8.987383268561877081e-01
4.159468673352886725e+00 -9.156356513490199189e-01
4.172035043967245116e+00 -7.620740318441061589e-01
4.184601414581604395e+00 -8.725624161947881374e-01
4.197167785195963674e+00 -7.657928172970333014e-01
4.209734155810322953e+00 -6.351604751382300407e-01
4.222300526424682232e+00 -7.076398912171039113e-01
4.234866897039041511e+00 -8.250566390490813307e-01
4.247433267653400790e+00 -9.222238475524517920e-01
4.259999638267760069e+00 -8.753286852262502915e-01
4.272566008882119348e+00 -8.326962684828561612e-01
4.285132379496477739e+00 -8.942477574185376810e-01
4.297698750110837018e+00 -7.885969843285932646e-01
4.310265120725196297e+00 -9.519458336563467737e-01
4.322831491339555576e+00 -8.730693686352992700e-01
4.335397861953914855e+00 -8.848770917869038799e-01
4.347964232568274134e+00 -9.754292995161063518e-01
4.360530603182633413e+00 -1.010732294920012819e+00
4.373096973796992692e+00 -8.885506949237095276e-01
4.385663344411351972e+00 -1.049523535725274570e+00
4.398229715025710362e+00 -8.466970830003985871e-01
4.410796085640069641e+00 -9.450143302576449189e-01
4.423362456254428032e+00 -9.261333286396631337e-01
4.435928826868787311e+00 -1.088454312778799338e+00
4.448495197483146590e+00 -9.154768627074725273e-01
4.461061568097505869e+00 -9.656920302145647339e-01
4.473627938711865148e+00 -8.603784372207450293e-01
4.486194309326224428e+00 -9.634403367309355426e-01
4.498760679940583707e+00 -9.435050060222477386e-01
4.511327050554942986e+00 -7.636717574986071622e-01
4.523893421169302265e+00 -9.475247640151338580e-01
4.536459791783661544e+00 -1.019009116419884453e+00
4.549026162398019935e+00 -1.086447001133832746e+00
4.561592533012379214e+00 -1.090533426453070831e+00
4.574158903626738493e+00 -1.017937879365256926e+00
4.586725274241097772e+00 -9.461065653805836861e-01
4.599291644855457051e+00 -1.124440449563154809e+00
4.611858015469816330e+00 -1.059533254765763655e+00
4.624424386084175609e+00 -9.255123062474377438e-01
4.636990756698534888e+00 -1.125584464010412455e+00
4.649557127312894167e+00 -8.493297777004984450e-01
4.662123497927252558e+00 -8.244404312793650602e-01
4.674689868541611837e+00 -9.810295870013964192e-01
4.687256239155971116e+00 -1.115756890305418692e+00
4.699822609770330395e+00 -1.046039256280789198e+00
4.712388980384689674e+00 -9.428911607232848269e-01
4.724955350999048953e+00 -8.373640279815571796e-01
4.737521721613408232e+00 -1.006683680758181376e+00
4.750088092227767511e+00 -1.036295393903083450e+00
4.762654462842126790e+00 -1.017214640316763896e+00
4.775220833456485181e+00 -1.272545502263384032e+00
4.787787204070844460e+00 -1.065863541351714794e+00
4.800353574685203739e+00 -1.126905418818268334e+00
4.812919945299563018e+00 -8.398869720110816450e-01
4.825486315913922297e+00 -1.018721620566567898e+00
4.838052686528281576e+00 -1.198861146368809472e+00
4.850619057142640855e+00 -9.967491296267119161e-01
4.863185427757000134e+00 -1.026515266831840689e+00
4.875751798371359413e+00 -1.000260847747294290e+00
4.888318168985717804e+00 -8.663953808595921124e-01
4.900884539600077083e+00 -9.415980087835442713e-01
4.913450910214436362e+00 -9.976233585837785967e-01
4.926017280828795641e+00 -9.942905472131216005e-01
4.938583651443154920e+00 -1.069651667656556615e+00
4.951150022057514200e+00 -9.437618071223193850e-01
4.963716392671873479e+00 -9.891510010991996227e-01
4.976282763286232758e+00 -1.125651238373406304e+00
4.988849133900592037e+00 -9.494604109353582677e-01
5.001415504514951316e+00 -1.050392443473355142e+00
5.013981875129309707e+00 -9.072142678656464065e-01
5.026548245743668986e+00 -9.619754771284798611e-01
5.039114616358028265e+00 -1.092165209471598342e+00
5.051680986972387544e+00 -1.033620258615315146e+00
5.064247357586746823e+00 -7.445669935213927726e-01
5.076813728201106102e+00 -8.815682660115995439e-01
5.089380098815465381e+00 -7.365252166325234606e-01
5.101946469429824660e+00 -1.033015575938139863e+00
5.114512840044183939e+00 -8.671039308109096400e-01
5.127079210658542330e+00 -9.123522926516071108e-01
5.139645581272901609e+00 -1.142938945334601941e+00
5.152211951887260888e+00 -8.144722996852086228e-01
5.164778322501620167e+00 -9.868292760058542390e-01
5.177344693115979446e+00 -9.276091432763949873e-01
5.189911063730338725e+00 -9.290719053112221903e-01
5.202477434344698004e+00 -9.071016491894121625e-01
5.215043804959057283e+00 -9.021732450032950990e-01
5.227610175573416562e+00 -8.296852770943972111e-01
5.240176546187774953e+00 -7.336655384520887058e-01
5.252742916802134232e+00 -1.023866773756945348e+00
5.265309287416492623e+00 -9.012286504200704984e-01
5.277875658030851902e+00 -7.131235669607179917e-01
5.290442028645211181e+00 -9.419307360074415936e-01
5.303008399259570460e+00 -9.517428030177039755e-01
5.315574769873929739e+00 -9.662320434237521294e-01
5.328141140488289018e+00 -9.442668406132324055e-01
5.340707511102648297e+00 -9.290087956549732962e-01
5.353273881717007576e+00 -8.369314088630082082e-01
5.365840252331366855e+00 -6.923528930498481504e-01
5.378406622945726134e+00 -8.439878776086101597e-01
5.390972993560084525e+00 -7.521681004529782166e-01
5.403539364174443804e+00 -7.681779678399733857e-01
5.416105734788803083e+00 -8.564101969886901422e-01
5.428672105403162362e+00 -6.468877116138300742e-01
5.441238476017521641e+00 -7.007997121908574600e-01
5.453804846631880920e+00 -7.552209003480457872e-01
5.466371217246240199e+00 -8.071266707995379264e-01
5.478937587860599479e+00 -5.994508257775019722e-01
5.491503958474958758e+00 -8.054811060122525346e-01
5.504070329089317148e+00 -7.213907420098488732e-01
5.516636699703676427e+00 -6.248716103240161690e-01
5.529203070318035707e+00 -7.421296709806307623e-01
5.541769440932394986e+00 -7.151306186078751903e-01
5.554335811546754265e+00 -7.769053191182385687e-01
5.566902182161113544e+00 -7.596243278660005371e-01
5.579468552775472823e+00 -8.185679348524901311e-01
5.592034923389832102e+00 -7.106740689317230242e-01
5.604601294004191381e+00 -4.745756896482267173e-01
5.617167664618549772e+00 -5.472718282979736060e-01
5.629734035232909051e+00 -7.052742879297456691e-01
5.642300405847268330e+00 -5.648209178635077432e-01
5.654866776461627609e+00 -6.726888100073847854e-01
5.667433147075986888e+00 -5.441426286933556122e-01
5.679999517690346167e+00 -6.039530568051086901e-01
5.692565888304705446e+00 -4.999472963099484968e-01
5.705132258919064725e+00 -5.182583044400869143e-01
5.717698629533424004e+00 -5.217454917416697313e-01
5.730265000147783283e+00 -4.261097140184612053e-01
5.742831370762141674e+00 -6.324398531445224458e-01
5.755397741376500953e+00 -5.165835058627168408e-01
5.767964111990860232e+00 -5.376788898900081159e-01
5.780530482605219511e+00 -4.038037867409558501e-01
5.793096853219578790e+00 -5.328980557813105534e-01
5.805663223833938069e+00 -4.958833161635050057e-01
5.818229594448297348e+00 -4.760339838219436182e-01
5.830795965062656627e+00 -4.083039667895454472e-01
5.843362335677015906e+00 -3.306241634516212113e-01
5.855928706291374297e+00 -3.460143033355658204e-01
5.868495076905733576e+00 -4.471416959919329859e-01
5.881061447520092855e+00 -4.713101709895738956e-01
5.893627818134452134e+00 -3.736688316959096423e-01
5.906194188748811413e+00 -4.773645554344738695e-01
5.918760559363170692e+00 -3.437537213946567083e-01
5.931326929977529971e+00 -3.201597295369590368e-01
5.943893300591889250e+00 -1.804497222208226170e-01
5.956459671206248530e+00 -3.121499893023859662e-01
5.969026041820606920e+00 -2.135740445799212961e-01
5.981592412434966199e+00 -3.384892021830985254e-01
5.994158783049325478e+00 -1.349264379112843915e-01
6.006725153663684758e+00 -1.137754905964125929e-01
6.019291524278044037e+00 -2.275100895593614725e-01
6.031857894892402427e+00 -3.920831256024437383e-01
6.044424265506761706e+00 -2.273840559873123168e-01
6.056990636121120986e+00 -3.218525320276981461e-01
6.069557006735480265e+00 -2.010807654838954184e-01
6.082123377349839544e+00 -1.487781504596836224e-01
6.094689747964198823e+00 -2.177988091014974037e-01
6.107256118578558102e+00 -2.736238596309689686e-02
6.119822489192916493e+00 -1.527460966757349381e-01
6.132388859807275772e+00 -3.717810926080087341e-01
6.144955230421635051e+00 -6.413829374148816154e-02
6.157521601035994330e+00 -2.920456075042749955e-01
6.170087971650353609e+00 -1.579976771341858321e-01
6.182654342264712888e+00 -1.566706101189847822e-01
6.195220712879072167e+00 -5.783191992307196161e-02
6.207787083493431446e+00 -2.762725500674656498e-02
6.220353454107790725e+00 1.162433592765204776e-01
6.232919824722149116e+00 -5.862255252073803047e-02
6.245486195336508395e+00 7.313614414010796705e-02
6.258052565950867674e+00 -7.962724122169858448e-03
6.270618936565226953e+00 -9.607255964426215933e-02
