0.000000000000000000e+00 -1.298571048334544176e-01
1.256637061435917323e-02 3.312154371775385964e-03
2.513274122871834645e-02 3.213752538697807470e-02
3.769911184307751795e-02 2.231954014807417119e-01
5.026548245743669291e-02 1.872702712486101762e-01
6.283185307179586787e-02 4.453256640039539305e-02
7.539822368615503589e-02 -4.167553476615895591e-02
8.796459430051420392e-02 1.906466366872691109e-01
1.005309649148733858e-01 1.691493360557472236e-02
1.130973355292325677e-01 1.316357206406346403e-01
1.256637061435917357e-01 6.049114261293565831e-02
1.382300767579508760e-01 2.207320527307390923e-01
1.507964473723100718e-01 -3.087232869135314584e-04
1.633628179866692676e-01 2.496497603819140820e-01
1.759291886010284078e-01 2.974133276829208361e-01
1.884955592153875759e-01 -3.580892619909803454e-02
2.010619298297467716e-01 2.025355416128265806e-01
2.136283004441059397e-01 2.430426972551441578e-01
2.261946710584651354e-01 2.797173186690071756e-01
2.387610416728242757e-01 2.658168190767549177e-01
2.513274122871834715e-01 3.025557001545825520e-01
2.638937829015426395e-01 3.676252656068564884e-01
2.764601535159017520e-01 9.964318259829518798e-02
2.890265241302609756e-01 2.656528488986522607e-01
3.015928947446201436e-01 2.771260623343058671e-01
3.141592653589793116e-01 1.956315281137755158e-01
3.267256359733385351e-01 5.426127913023242044e-01
3.392920065876976476e-01 2.155263490509142787e-01
3.518583772020568157e-01 4.005044980506381469e-01
3.644247478164160392e-01 2.774079286591738525e-01
3.769911184307751517e-01 4.482659740031545992e-01
3.895574890451343197e-01 3.760323701716858924e-01
4.021238596594935433e-01 4.124820028602910749e-01
4.146902302738527113e-01 4.688791100074390372e-01
4.272566008882118793e-01 3.597203030340159202e-01
4.398229715025711029e-01 4.417761430814529100e-01
4.523893421169302709e-01 4.071402155941344914e-01
4.649557127312893834e-01 4.755184311292525168e-01
4.775220833456485514e-01 5.845705098492001150e-01
4.900884539600077194e-01 3.308512635297549132e-01
5.026548245743669430e-01 5.047656268877814822e-01
5.152211951887261110e-01 4.703059341287577078e-01
5.277875658030852790e-01 4.675921399932184697e-01
5.403539364174444470e-01 4.952227911983593245e-01
5.529203070318035040e-01 7.250185679428307051e-01
5.654866776461627831e-01 6.443801965266873211e-01
5.780530482605219511e-01 3.830169508979641146e-01
5.906194188748811191e-01 4.259144258267398842e-01
6.031857894892402872e-01 3.908935886716988772e-01
6.157521601035994552e-01 4.558922802525916529e-01
6.283185307179586232e-01 5.643031699035104820e-01
6.408849013323177912e-01 5.541921538444903872e-01
6.534512719466770703e-01 5.787267454756125362e-01
6.660176425610361273e-01 6.454964247018702972e-01
6.785840131753952953e-01 5.474717911105129176e-01
6.911503837897544633e-01 6.284574366522108768e-01
7.037167544041136313e-01 6.171365503223527060e-01
7.162831250184729104e-01 6.253090169692042677e-01
7.288494956328320784e-01 6.062721640727153360e-01
7.414158662471912464e-01 6.420653065540050664e-01
7.539822368615503034e-01 7.059470482161109839e-01
7.665486074759094715e-01 8.343080366391003588e-01
7.791149780902686395e-01 7.277200984269717177e-01
7.916813487046279185e-01 8.089524640791807553e-01
8.042477193189870865e-01 7.170413927005562238e-01
8.168140899333462546e-01 8.104019043528348787e-01
8.293804605477054226e-01 6.587590370072787804e-01
8.419468311620645906e-01 7.724163083782417116e-01
8.545132017764237586e-01 6.467594259122634304e-01
8.670795723907829267e-01 7.203745418136988654e-01
8.796459430051422057e-01 6.812239166397862089e-01
8.922123136195013737e-01 8.712544104961909008e-01
9.047786842338605418e-01 8.127905106637497434e-01
9.173450548482194877e-01 9.448507209272127838e-01
9.299114254625787668e-01 7.940470995939761245e-01
9.424777960769379348e-01 8.884063038159776271e-01
9.550441666912971028e-01 9.045843652666463175e-01
9.676105373056562708e-01 8.023763134648571604e-01
9.801769079200154389e-01 7.994630434163023658e-01
9.927432785343746069e-01 8.562892427533669304e-01
1.005309649148733886e+00 9.258799861322849489e-01
1.017876019763092943e+00 8.183445724188161963e-01
1.030442390377452222e+00 8.450760232230678515e-01
1.043008760991811279e+00 8.299861860908815947e-01
1.055575131606170558e+00 9.802371842231221155e-01
1.068141502220529837e+00 7.046703659915000140e-01
1.080707872834888894e+00 8.422898886067703428e-01
1.093274243449248173e+00 7.746620756454558610e-01
1.105840614063607008e+00 7.859400197631503104e-01
1.118406984677966287e+00 7.537924791928991564e-01
1.130973355292325566e+00 8.046470200458721855e-01
1.143539725906684623e+00 9.644144899562485662e-01
1.156106096521043902e+00 9.883874079438893512e-01
1.168672467135402959e+00 1.023632014637134713e+00
1.181238837749762238e+00 1.066965384875697032e+00
1.193805208364121295e+00 6.997696847372476547e-01
1.206371578978480574e+00 9.686470264167366118e-01
1.218937949592839853e+00 1.008045492517761099e+00
1.231504320207198910e+00 1.052342447798861436e+00
1.244070690821558189e+00 9.840774392158871953e-01
1.256637061435917246e+00 9.617993475156566552e-01
1.269203432050276525e+00 7.626018887081666975e-01
1.281769802664635582e+00 9.344876031613923439e-01
1.294336173278994861e+00 7.615812996570756610e-01
1.306902543893354141e+00 1.015735883279306417e+00
1.319468914507712975e+00 1.013517760150864033e+00
1.332035285122072255e+00 8.220246997889968377e-01
1.344601655736431534e+00 9.595393397111796618e-01
1.357168026350790591e+00 1.122356531885672526e+00
1.369734396965149870e+00 1.106427428228281551e+00
1.382300767579508927e+00 1.067360653465591280e+00
1.394867138193868206e+00 1.101024727799496228e+00
1.407433508808227263e+00 1.077128037801183380e+00
1.419999879422586542e+00 9.628146030031538016e-01
1.432566250036945821e+00 1.096550833491839683e+00
1.445132620651304878e+00 9.482042080554283769e-01
1.457698991265664157e+00 1.037723462780742345e+00
1.470265361880023214e+00 1.103497365487166482e+00
1.482831732494382493e+00 9.305161724763634234e-01
1.495398103108741550e+00 1.012788096336224353e+00
1.507964473723100607e+00 8.952910238300921808e-01
1.520530844337459886e+00 9.842572343002553570e-01
1.533097214951818943e+00 1.104361106935928039e+00
1.545663585566178222e+00 9.258175740589059677e-01
1.558229956180537279e+00 9.435599177942354254e-01
1.570796326794896558e+00 1.091855337530657888e+00
1.583362697409255837e+00 9.924825296486095016e-01
1.595929068023614894e+00 1.005335334196959751e+00
1.608495438637974173e+00 9.730015536900702422e-01
1.621061809252333230e+00 9.681455499498995421e-01
1.633628179866692509e+00 9.816039862644568847e-01
1.646194550481051566e+00 1.076011730210941542e+00
1.658760921095410845e+00 1.023299339957250531e+00
1.671327291709770124e+00 1.028362495417324052e+00
1.683893662324129181e+00 1.218241971569488991e+00
1.696460032938488460e+00 9.799149301078781127e-01
1.709026403552847517e+00 8.936063376451184315e-01
1.721592774167206796e+00 6.989400477074971807e-01
1.734159144781565853e+00 1.044396542628287294e+00
1.746725515395925132e+00 9.888084366266303160e-01
1.759291886010284411e+00 1.024038188474137412e+00
1.771858256624643468e+00 1.187948571184852531e+00
1.784424627239002747e+00 8.008577720129468336e-01
1.796990997853361804e+00 1.007782412932488825e+00
1.809557368467721084e+00 8.900872161894181067e-01
1.822123739082079918e+00 9.168842216733064099e-01
1.834690109696438975e+00 8.757473807640087093e-01
1.847256480310798255e+00 9.577028868420850438e-01
1.859822850925157534e+00 9.620393091546554087e-01
1.872389221539516591e+00 1.088582581434355268e+00
1.884955592153875870e+00 8.692467698501840090e-01
1.897521962768234927e+00 1.099690349995632310e+00
1.910088333382594206e+00 8.684120677395887888e-01
1.922654703996953263e+00 1.074664309542087137e+00
1.935221074611312542e+00 1.012219343839079633e+00
1.947787445225671821e+00 9.652001383683668223e-01
1.960353815840030878e+00 9.377888756196529618e-01
1.972920186454390157e+00 8.878745359349219379e-01
1.985486557068749214e+00 1.089227132479406501e+00
1.998052927683108493e+00 9.039909595563663247e-01
2.010619298297467772e+00 8.329785826107027891e-01
2.023185668911826607e+00 9.014348395812712411e-01
2.035752039526185886e+00 1.041171697758138226e+00
2.048318410140545165e+00 8.494350458218671296e-01
2.060884780754904444e+00 8.347247495763642222e-01
2.073451151369263723e+00 8.236879697561109159e-01
2.086017521983622558e+00 9.216284185659737727e-01
2.098583892597981837e+00 9.122370043240075610e-01
2.111150263212341116e+00 7.710124105137480255e-01
2.123716633826700395e+00 7.241354883281290178e-01
2.136283004441059674e+00 9.199239417021958243e-01
2.148849375055418509e+00 1.003986355324131718e+00
2.161415745669777788e+00 7.624877671829166648e-01
2.173982116284137067e+00 7.836355983940822556e-01
2.186548486898496346e+00 8.017426478255348377e-01
2.199114857512855181e+00 7.529110341058089517e-01
2.211681228127214016e+00 7.989613685286984790e-01
2.224247598741573295e+00 6.268038075310785606e-01
2.236813969355932574e+00 8.356465149821338256e-01
2.249380339970291853e+00 6.639796737182324105e-01
2.261946710584651132e+00 8.291568204458054092e-01
2.274513081199009967e+00 9.825937162694364790e-01
2.287079451813369246e+00 8.354579598892775127e-01
2.299645822427728525e+00 7.450923462641368955e-01
2.312212193042087804e+00 7.693857975188141962e-01
2.324778563656447083e+00 7.297665819840154500e-01
2.337344934270805918e+00 6.118209635364080246e-01
2.349911304885165197e+00 7.891103053288666125e-01
2.362477675499524477e+00 6.314853914526569190e-01
2.375044046113883756e+00 6.623476293398706805e-01
2.387610416728242591e+00 4.943576540838180433e-01
2.400176787342601870e+00 6.873299859988971638e-01
2.412743157956961149e+00 9.525850672698166210e-01
2.425309528571320428e+00 6.483112024211159508e-01
2.437875899185679707e+00 6.917827038121675542e-01
2.450442269800038542e+00 6.930269057773787988e-01
2.463008640414397821e+00 6.187945053516908933e-01
2.475575011028757100e+00 5.687389814069090388e-01
2.488141381643116379e+00 4.723819576750719618e-01
2.500707752257475658e+00 6.440688005766108670e-01
2.513274122871834493e+00 5.217109076300061599e-01
2.525840493486193772e+00 5.979525257986116893e-01
2.538406864100553051e+00 5.405706258397943165e-01
2.550973234714912330e+00 5.201407119971169779e-01
2.563539605329271165e+00 6.642603197728144115e-01
2.576105975943630444e+00 5.110162364519205136e-01
2.588672346557989723e+00 5.073524022790486532e-01
2.601238717172349002e+00 4.852965183014680273e-01
2.613805087786708281e+00 4.628237692351950816e-01
2.626371458401067116e+00 4.565012920148696640e-01
2.638937829015425951e+00 4.680421767400581023e-01
2.651504199629785230e+00 4.872845105847192770e-01
2.664070570244144509e+00 4.761539566376324917e-01
2.676636940858503788e+00 5.699622057537756525e-01
2.689203311472863067e+00 3.528956418342999446e-01
2.701769682087221902e+00 4.886384124945412633e-01
2.714336052701581181e+00 3.944002879769109571e-01
2.726902423315940460e+00 3.155305295593638926e-01
2.739468793930299739e+00 4.113910168922517152e-01
2.752035164544658574e+00 2.343174168453080741e-01
2.764601535159017853e+00 3.604966305008548422e-01
2.777167905773377132e+00 3.137523237773626184e-01
2.789734276387736411e+00 3.345107073120156538e-01
2.802300647002095690e+00 2.420916536298863275e-01
2.814867017616454525e+00 2.797418715982954995e-01
2.827433388230813804e+00 3.218414325189967173e-01
2.839999758845173083e+00 2.893010176913660136e-01
2.852566129459532362e+00 3.226344577467098462e-01
2.865132500073891642e+00 2.575148403838132261e-01
2.877698870688250476e+00 2.465463279039842304e-01
2.890265241302609756e+00 2.905938047080374731e-01
2.902831611916969035e+00 2.239802932906213018e-01
2.915397982531328314e+00 3.200336608464696697e-01
2.927964353145687149e+00 1.990653483874242347e-01
2.940530723760046428e+00 2.685680339690729168e-01
2.953097094374405707e+00 5.036993588213789508e-02
2.965663464988764986e+00 2.904640533102741395e-01
2.978229835603124265e+00 2.811937215057319084e-01
2.990796206217483100e+00 2.677289378167407308e-01
3.003362576831842379e+00 2.426008803369471556e-01
3.015928947446201214e+00 7.770209082078918805e-02
3.028495318060560493e+00 1.181696894023260558e-01
3.041061688674919772e+00 1.648853943906532782e-01
3.053628059289279051e+00 -2.853447129253611214e-02
3.066194429903637886e+00 1.945915673858248512e-02
3.078760800517997165e+00 -4.814802894982309067e-02
3.091327171132356444e+00 1.539848168501069814e-01
3.103893541746715723e+00 1.164179993220555709e-02
3.116459912361074558e+00 -7.379400582094462757e-02
3.129026282975433837e+00 -1.361308622394573620e-01
3.141592653589793116e+00 -1.275217258463574865e-01
3.154159024204152395e+00 -9.781549101214148667e-03
3.166725394818511674e+00 -6.456807551061234662e-02
3.179291765432870509e+00 -9.708039424827405450e-02
3.191858136047229788e+00 3.587397606739080314e-02
3.204424506661589067e+00 -1.120599099122413789e-01
3.216990877275948346e+00 -1.424484285892991808e-01
3.229557247890307181e+00 -1.281626192113248242e-01
3.242123618504666460e+00 -7.439065987410053982e-02
3.254689989119025739e+00 6.506391697401460450e-02
3.267256359733385018e+00 -2.360608342945446914e-01
3.279822730347744297e+00 -2.928812158232950713e-01
3.292389100962103132e+00 2.601957841319030296e-03
3.304955471576462411e+00 -2.682425572501850874e-01
3.317521842190821690e+00 -6.945846236253959416e-02
3.330088212805180969e+00 -1.482823477977817384e-01
3.342654583419540248e+00 -2.068431373791379535e-01
3.355220954033899083e+00 -1.060037994558331587e-01
3.367787324648258362e+00 -2.082616282907621685e-01
3.380353695262617642e+00 -2.004249619500405033e-01
3.392920065876976921e+00 -4.970511761336172674e-01
3.405486436491335756e+00 -2.906944491796894514e-01
3.418052807105695035e+00 -4.078453399104920996e-01
3.430619177720054314e+00 -3.111713751445647769e-01
3.443185548334413593e+00 -1.578415045811959738e-01
3.455751918948772872e+00 -3.043661933376257678e-01
3.468318289563131707e+00 -2.434680997456520335e-01
3.480884660177490986e+00 -3.316060056861859229e-01
3.493451030791850265e+00 -3.393812882356613270e-01
3.506017401406209544e+00 -2.820275940770964329e-01
3.518583772020568823e+00 -3.496155891809935579e-01
3.531150142634927658e+00 -3.108727652598837765e-01
3.543716513249286937e+00 -4.237819326004573783e-01
3.556282883863646216e+00 -3.963622578641421978e-01
3.568849254478005495e+00 -7.223029797248198269e-01
3.581415625092364330e+00 -2.920966613652716815e-01
3.593981995706723609e+00 -5.277906175779056852e-01
3.606548366321082888e+00 -4.848825072713746631e-01
3.619114736935442167e+00 -2.659282554657009245e-01
3.631681107549800558e+00 -5.514551990860470099e-01
3.644247478164159837e+00 -3.867661409541592876e-01
3.656813848778519116e+00 -5.284438171838942155e-01
3.669380219392877951e+00 -3.897381571991656024e-01
3.681946590007237230e+00 -4.400218498677237466e-01
3.694512960621596509e+00 -5.894825649669230838e-01
3.707079331235955788e+00 -4.693686156104490137e-01
3.719645701850315067e+00 -5.505823347404746881e-01
3.732212072464673902e+00 -5.888453046113950595e-01
3.744778443079033181e+00 -6.744275492973119679e-01
3.757344813693392460e+00 -5.679023385502554033e-01
3.769911184307751739e+00 -4.532066620862131856e-01
3.782477554922110574e+00 -4.989210293114448302e-01
3.795043925536469853e+00 -5.622217425336354379e-01
3.807610296150829132e+00 -7.457507225155033392e-01
3.820176666765188411e+00 -5.518183710729464009e-01
3.832743037379547690e+00 -6.750824045193358769e-01
3.845309407993906525e+00 -8.108489304621222526e-01
3.857875778608265804e+00 -6.127829986625755732e-01
3.870442149222625083e+00 -8.785239542317431205e-01
3.883008519836984362e+00 -5.977571316929894962e-01
3.895574890451343641e+00 -5.728344538861120938e-01
3.908141261065702476e+00 -8.040210053874464746e-01
3.920707631680061755e+00 -6.562154786863592104e-01
3.933274002294421035e+00 -6.580533886303246982e-01
3.945840372908780314e+00 -9.731706006874560888e-01
3.958406743523139149e+00 -8.810240205080861475e-01
3.970973114137498428e+00 -7.162177445240095475e-01
3.983539484751857707e+00 -6.466553717394875056e-01
3.996105855366216986e+00 -6.085913993236082842e-01
4.008672225980576265e+00 -7.200354532568052912e-01
4.021238596594935544e+00 -9.261784780624793267e-01
4.033804967209294823e+00 -9.596155569070236036e-01
4.046371337823653214e+00 -7.199839079584933188e-01
4.058937708438012493e+00 -8.068792291267616879e-01
4.071504079052371772e+00 -9.461245242412515966e-01
4.084070449666731051e+00 -8.865918772239029799e-01
4.096636820281090330e+00 -9.741161037903386388e-01
4.109203190895449609e+00 -8.567550882691482572e-01
4.121769561509808888e+00 -8.230879069794413416e-01
4.134335932124168167e+00 -8.577673566585097831e-01
4.146902302738527446e+00 -8.153215509104503322e-01
4.159468673352886725e+00 -8.636343977714580067e-01
4.172035043967245116e+00 -8.748070638069553873e-01
4.184601414581604395e+00 -8.066201735507528836e-01
4.197167785195963674e+00 -8.255646300000598625e-01
4.209734155810322953e+00 -8.807972679225397616e-01
4.222300526424682232e+00 -7.534587804651067255e-01
4.234866897039041511e+00 -9.022625710629043061e-01
4.247433267653400790e+00 -9.398119131898572398e-01
4.259999638267760069e+00 -8.229805944615271596e-01
4.272566008882119348e+00 -8.751037136713607500e-01
4.285132379496477739e+00 -9.508326175210047859e-01
4.297698750110837018e+00 -9.170941952102832362e-01
4.310265120725196297e+00 -1.128235119228171879e+00
4.322831491339555576e+00 -8.968108566596634246e-01
4.335397861953914855e+00 -8.542242567609700243e-01
4.347964232568274134e+00 -9.553159889826825513e-01
4.360530603182633413e+00 -8.801820732518297330e-01
4.373096973796992692e+00 -9.041476475588682282e-01
4.385663344411351972e+00 -8.908558601784696274e-01
4.398229715025710362e+00 -9.604334235854257162e-01
4.410796085640069641e+00 -9.529158403754458551e-01
4.423362456254428032e+00 -8.496067318463738083e-01
4.435928826868787311e+00 -8.817835399703944921e-01
4.448495197483146590e+00 -8.456390561726406796e-01
4.461061568097505869e+00 -1.134934091935269951e+00
4.473627938711865148e+00 -1.015893645001466172e+00
4.486194309326224428e+00 -8.460738059278950507e-01
4.498760679940583707e+00 -1.064191631381173231e+00
4.511327050554942986e+00 -9.916747290156980865e-01
4.523893421169302265e+00 -1.050040337238228094e+00
4.536459791783661544e+00 -1.010325989646819078e+00
4.549026162398019935e+00 -9.459331022658561405e-01
4.561592533012379214e+00 -1.013219721539705187e+00
4.574158903626738493e+00 -7.808835449959021791e-01
4.586725274241097772e+00 -1.120244426937918814e+00
4.599291644855457051e+00 -9.970789427560505791e-01
4.611858015469816330e+00 -1.154250892078076962e+00
4.624424386084175609e+00 -1.070503276326957520e+00
4.636990756698534888e+00 -9.212476235626494425e-01
4.649557127312894167e+00 -8.708507838038099802e-01
4.662123497927252558e+00 -9.917837308402021046e-01
4.674689868541611837e+00 -1.009439137212799098e+00
4.687256239155971116e+00 -7.653719182292464396e-01
4.699822609770330395e+00 -9.062635416193327575e-01
4.712388980384689674e+00 -1.062279731824368856e+00
4.724955350999048953e+00 -1.182950727199466812e+00
4.737521721613408232e+00 -1.135877879748258712e+00
4.750088092227767511e+00 -1.010622468695011600e+00
4.762654462842126790e+00 -7.874636271185325720e-01
4.775220833456485181e+00 -1.006225149302689026e+00
4.787787204070844460e+00 -9.639929415903814025e-01
4.800353574685203739e+00 -1.049751940730260014e+00
4.812919945299563018e+00 -1.084040039622539586e+00
4.825486315913922297e+00 -7.785619957419237513e-01
4.838052686528281576e+00 -1.170593896031401515e+00
4.850619057142640855e+00 -1.072979693695282677e+00
4.863185427757000134e+00 -1.020775991899555812e+00
4.875751798371359413e+00 -9.092067003711484796e-01
4.888318168985717804e+00 -8.742289792103378199e-01
4.900884539600077083e+00 -7.921434731989386302e-01
4.913450910214436362e+00 -1.045640213766908300e+00
4.926017280828795641e+00 -9.682891854776809470e-01
4.938583651443154920e+00 -9.793820968716119291e-01
4.951150022057514200e+00 -9.291932720943687496e-01
4.963716392671873479e+00 -9.402008780096776652e-01
4.976282763286232758e+00 -9.887924993094896475e-01
4.988849133900592037e+00 -7.833508415190209018e-01
5.001415504514951316e+00 -9.404033034019391168e-01
5.013981875129309707e+00 -9.412736563194304962e-01
5.026548245743668986e+00 -9.194642442900196055e-01
5.039114616358028265e+00 -9.625253739280197340e-01
5.051680986972387544e+00 -9.834735528816487271e-01
5.064247357586746823e+00 -9.121992971585531906e-01
5.076813728201106102e+00 -8.433317369985151579e-01
5.089380098815465381e+00 -8.935557116045201864e-01
5.101946469429824660e+00 -1.003189549356385601e+00
5.114512840044183939e+00 -1.018155753140398412e+00
5.127079210658542330e+00 -8.712257981802125073e-01
5.139645581272901609e+00 -8.730017726857385307e-01
5.152211951887260888e+00 -9.945696059836068859e-01
5.164778322501620167e+00 -9.594453313565801666e-01
5.177344693115979446e+00 -1.044904704682740881e+00
5.189911063730338725e+00 -1.045960072365176519e+00
5.202477434344698004e+00 -8.067789177867938921e-01
5.215043804959057283e+00 -1.062285349619820574e+00
5.227610175573416562e+00 -1.002386081567250509e+00
5.240176546187774953e+00 -7.699815243644512197e-01
5.252742916802134232e+00 -1.057341826126442452e+00
5.265309287416492623e+00 -7.570327545466051244e-01
5.277875658030851902e+00 -7.700410901541258069e-01
5.290442028645211181e+00 -9.475589156796920820e-01
5.303008399259570460e+00 -7.529715734168886954e-01
5.315574769873929739e+00 -7.285114946993354046e-01
5.328141140488289018e+00 -7.771940872431595260e-01
5.340707511102648297e+00 -8.916849966678010997e-01
5.353273881717007576e+00 -8.623209083385262597e-01
5.365840252331366855e+00 -8.821658208832581227e-01
5.378406622945726134e+00 -9.073803905426056637e-01
5.390972993560084525e+00 -8.481500149468883532e-01
5.403539364174443804e+00 -8.024145880325125324e-01
5.416105734788803083e+00 -8.575288871712680727e-01
5.428672105403162362e+00 -8.678163280184939543e-01
5.441238476017521641e+00 -7.471975117342267714e-01
5.453804846631880920e+00 -7.125974189354604693e-01
5.466371217246240199e+00 -7.635164664152930269e-01
5.478937587860599479e+00 -5.555607355355739463e-01
5.491503958474958758e+00 -8.185577004537036849e-01
5.504070329089317148e+00 -6.945644966218081917e-01
5.516636699703676427e+00 -5.549434027377233569e-01
5.529203070318035707e+00 -7.410984614761548794e-01
5.541769440932394986e+00 -8.836848838589339561e-01
5.554335811546754265e+00 -6.707392008441167564e-01
5.566902182161113544e+00 -5.693566751247590707e-01
5.579468552775472823e+00 -5.520726780588510740e-01
5.592034923389832102e+00 -4.785127885553776550e-01
5.604601294004191381e+00 -5.455924147325352802e-01
5.617167664618549772e+00 -4.457582161042970559e-01
5.629734035232909051e+00 -6.259918793877633503e-01
5.642300405847268330e+00 -5.634145201998295160e-01
5.654866776461627609e+00 -4.267710252453340569e-01
5.667433147075986888e+00 -5.317658786459292797e-01
5.679999517690346167e+00 -4.699147914524506864e-01
5.692565888304705446e+00 -5.215634648211822100e-01
5.705132258919064725e+00 -4.370820373936692427e-01
5.717698629533424004e+00 -5.906678177878819103e-01
5.730265000147783283e+00 -7.126196639097532870e-01
5.742831370762141674e+00 -4.618420096505774786e-01
5.755397741376500953e+00 -5.965691917603369587e-01
5.767964111990860232e+00 -3.984365317552657215e-01
5.780530482605219511e+00 -5.548010941653859218e-01
5.793096853219578790e+00 -4.969608696975559292e-01
5.805663223833938069e+00 -4.543204910405665431e-01
5.818229594448297348e+00 -4.810226124959615657e-01
5.830795965062656627e+00 -4.978557109513173651e-01
5.843362335677015906e+00 -3.130015458634706205e-01
5.855928706291374297e+00 -3.558887975610446897e-01
5.868495076905733576e+00 -4.241370195570581259e-01
5.881061447520092855e+00 -4.342511623213460847e-01
5.893627818134452134e+00 -2.807089257481013567e-01
5.906194188748811413e+00 -3.860725434101982545e-01
5.918760559363170692e+00 -2.127742482687903502e-01
5.931326929977529971e+00 -2.935688394236445897e-01
5.943893300591889250e+00 -1.178038369093050153e-01
5.956459671206248530e+00 -2.602392285150507689e-01
5.969026041820606920e+00 -3.862850456274528055e-01
5.981592412434966199e+00 -5.936712717366302572e-01
5.994158783049325478e+00 -3.699417854431378272e-01
6.006725153663684758e+00 -3.577381908834524338e-01
6.019291524278044037e+00 -2.298408657308611824e-01
6.031857894892402427e+00 -3.935904848930769084e-01
6.044424265506761706e+00 -3.202004753180086039e-01
6.056990636121120986e+00 -2.733505065568422321e-01
6.069557006735480265e+00 -2.090811212654108131e-01
6.082123377349839544e+00 -2.662454266846521200e-01
6.094689747964198823e+00 -3.295712197988593384e-01
6.107256118578558102e+00 -2.453796563191521229e-01
6.119822489192916493e+00 -1.042399139154305959e-01
6.132388859807275772e+00 -2.043662034895307733e-02
6.144955230421635051e+00 -1.124083727238530672e-01
6.157521601035994330e+00 -2.833422951015987512e-02
6.170087971650353609e+00 -2.295270641351580820e-02
6.182654342264712888e+00 7.864106061276868176e-03
6.195220712879072167e+00 -6.757597160965501948e-02
6.207787083493431446e+00 -1.961518992181582322e-02
6.220353454107790725e+00 1.123208938605241292e-02
6.232919824722149116e+00 -3.197120025459625203e-02
6.245486195336508395e+00 -1.270548094106223325e-01
6.258052565950867674e+00 -8.396812655530058733e-02
6.270618936565226953e+00 -1.985390801778861569e-01
