0.000000000000000000e+00 -1.877349385864988951e-02
1.256637061435917323e-02 2.566297169844927728e-01
2.513274122871834645e-02 -6.896068812746569687e-02
3.769911184307751795e-02 9.908134778358984596e-02
5.026548245743669291e-02 1.238069849875850226e-01
6.283185307179586787e-02 1.600823083332524321e-01
7.539822368615503589e-02 1.012463003874935902e-01
8.796459430051420392e-02 8.044370496332799159e-02
1.005309649148733858e-01 8.259291303777697990e-02
1.130973355292325677e-01 2.898202968051460937e-02
1.256637061435917357e-01 1.097045216980154503e-01
1.382300767579508760e-01 1.036141279611364485e-01
1.507964473723100718e-01 2.320986181583655217e-01
1.633628179866692676e-01 1.533757707159725259e-01
1.759291886010284078e-01 2.258311533558554351e-01
1.884955592153875759e-01 1.195906490788012366e-02
2.010619298297467716e-01 1.632281830043768867e-01
2.136283004441059397e-01 2.089152552462648915e-01
2.261946710584651354e-01 2.116563340384038649e-01
2.387610416728242757e-01 2.664170973140645438e-01
2.513274122871834715e-01 4.308972917899586141e-01
2.638937829015426395e-01 4.025591918237990674e-01
2.764601535159017520e-01 2.272203139400841287e-01
2.890265241302609756e-01 3.710392198107335116e-01
3.015928947446201436e-01 3.255098376183734876e-01
3.141592653589793116e-01 3.600797437232684528e-01
3.267256359733385351e-01 4.787730658469109279e-01
3.392920065876976476e-01 3.489504153978443268e-01
3.518583772020568157e-01 4.164625807709058103e-01
3.644247478164160392e-01 2.758122951377612875e-01
3.769911184307751517e-01 3.083064721201599356e-01
3.895574890451343197e-01 5.121627301186117975e-01
4.021238596594935433e-01 5.051003811579144465e-01
4.146902302738527113e-01 3.540734165929307897e-01
4.272566008882118793e-01 4.491823240958645602e-01
4.398229715025711029e-01 3.286931566783308223e-01
4.523893421169302709e-01 4.159021231649877581e-01
4.649557127312893834e-01 4.907183217796899921e-01
4.775220833456485514e-01 4.699568642408334940e-01
4.900884539600077194e-01 4.758014128898432338e-01
5.026548245743669430e-01 4.146096086996510222e-01
5.152211951887261110e-01 5.198975928976152794e-01
5.277875658030852790e-01 5.043245506581019999e-01
5.403539364174444470e-01 5.471018326156764644e-01
5.529203070318035040e-01 5.287927746644615068e-01
5.654866776461627831e-01 4.164989536623726618e-01
5.780530482605219511e-01 5.305841761731212580e-01
5.906194188748811191e-01 5.582173929236323717e-01
6.031857894892402872e-01 5.200342680322109779e-01
6.157521601035994552e-01 5.567620579561907146e-01
6.283185307179586232e-01 7.319396636264569045e-01
6.408849013323177912e-01 4.307954564725593460e-01
6.534512719466770703e-01 6.623862307047374554e-01
6.660176425610361273e-01 7.439917879680664203e-01
6.785840131753952953e-01 7.239750623190255308e-01
6.911503837897544633e-01 6.094338217004763303e-01
7.037167544041136313e-01 6.240111851826961598e-01
7.162831250184729104e-01 7.017991829506471380e-01
7.288494956328320784e-01 6.305907905589454021e-01
7.414158662471912464e-01 7.093481132093782948e-01
7.539822368615503034e-01 7.481673279088560946e-01
7.665486074759094715e-01 7.686565399714114788e-01
7.791149780902686395e-01 8.377237501025286415e-01
7.916813487046279185e-01 6.826767829213016281e-01
8.042477193189870865e-01 7.290126526303855048e-01
8.168140899333462546e-01 7.205554853713166397e-01
8.293804605477054226e-01 6.376094701568680856e-01
8.419468311620645906e-01 7.560749047482715479e-01
8.545132017764237586e-01 7.840106582969111892e-01
8.670795723907829267e-01 7.904191375714065826e-01
8.796459430051422057e-01 6.404100772135348230e-01
8.922123136195013737e-01 7.678222313393777698e-01
9.047786842338605418e-01 7.191256720639084277e-01
9.173450548482194877e-01 7.468958008778332491e-01
9.299114254625787668e-01 9.076571324570533728e-01
9.424777960769379348e-01 8.294014826661337825e-01
9.550441666912971028e-01 8.583028058727230070e-01
9.676105373056562708e-01 9.833519953393055069e-01
9.801769079200154389e-01 8.521522931978667836e-01
9.927432785343746069e-01 1.022278528325148983e+00
1.005309649148733886e+00 6.652030250381750776e-01
1.017876019763092943e+00 8.203065005555471023e-01
1.030442390377452222e+00 7.400607166597222841e-01
1.043008760991811279e+00 9.444158137710576550e-01
1.055575131606170558e+00 9.645630828927620470e-01
1.068141502220529837e+00 8.385264820176047129e-01
1.080707872834888894e+00 1.028727865230588678e+00
1.093274243449248173e+00 7.573918875428481412e-01
1.105840614063607008e+00 8.573977414934830232e-01
1.118406984677966287e+00 8.698583730866203956e-01
1.130973355292325566e+00 7.802229844634496203e-01
1.143539725906684623e+00 8.375107084535782231e-01
1.156106096521043902e+00 7.449610338118104469e-01
1.168672467135402959e+00 9.521438554644849894e-01
1.181238837749762238e+00 9.509897622605200107e-01
1.193805208364121295e+00 8.976051805701371622e-01
1.206371578978480574e+00 9.632652186641658121e-01
1.218937949592839853e+00 1.090189314728726933e+00
1.231504320207198910e+00 1.127262053186256274e+00
1.244070690821558189e+00 1.060003489520904285e+00
1.256637061435917246e+00 1.020342320412452430e+00
1.269203432050276525e+00 1.065458834242791530e+00
1.281769802664635582e+00 9.013958458333993784e-01
1.294336173278994861e+00 9.390234783908451011e-01
1.306902543893354141e+00 1.144716983107534780e+00
1.319468914507712975e+00 9.467508808016756872e-01
1.332035285122072255e+00 8.626966960713261523e-01
1.344601655736431534e+00 1.079983666281219667e+00
1.357168026350790591e+00 1.031237375035173764e+00
1.369734396965149870e+00 1.076641058093194880e+00
1.382300767579508927e+00 1.056118621585360184e+00
1.394867138193868206e+00 8.973746071182933104e-01
1.407433508808227263e+00 8.536934817413072141e-01
1.419999879422586542e+00 1.008731284168744580e+00
1.432566250036945821e+00 9.802214447411788933e-01
1.445132620651304878e+00 1.082710069222203364e+00
1.457698991265664157e+00 1.019168161442232767e+00
1.470265361880023214e+00 9.792035945985769763e-01
1.482831732494382493e+00 1.013269650865733507e+00
1.495398103108741550e+00 9.641394434339648489e-01
1.507964473723100607e+00 9.445302337491409128e-01
1.520530844337459886e+00 9.771307676213523141e-01
1.533097214951818943e+00 8.738136236610727359e-01
1.545663585566178222e+00 9.578974041306698162e-01
1.558229956180537279e+00 9.909945705971475727e-01
1.570796326794896558e+00 1.141278546512629832e+00
1.583362697409255837e+00 9.167890928808460904e-01
1.595929068023614894e+00 9.991191925983496924e-01
1.608495438637974173e+00 9.335089916520898923e-01
1.621061809252333230e+00 1.007303227271433510e+00
1.633628179866692509e+00 1.086716598209944928e+00
1.646194550481051566e+00 9.979274844013568124e-01
1.658760921095410845e+00 1.023800329126401953e+00
1.671327291709770124e+00 1.222845318229361711e+00
1.683893662324129181e+00 9.457342367592532772e-01
1.696460032938488460e+00 8.474042486620235737e-01
1.709026403552847517e+00 8.132019785204895879e-01
1.721592774167206796e+00 1.078729363346841108e+00
1.734159144781565853e+00 1.009658920303747598e+00
1.746725515395925132e+00 8.982245829498457512e-01
1.759291886010284411e+00 9.324016608217664537e-01
1.771858256624643468e+00 1.093120768022056710e+00
1.784424627239002747e+00 1.129051079118802647e+00
1.796990997853361804e+00 1.102506517980530676e+00
1.809557368467721084e+00 1.163930638694691932e+00
1.822123739082079918e+00 8.939809558498377218e-01
1.834690109696438975e+00 1.033877652170843042e+00
1.847256480310798255e+00 1.060105796304449788e+00
1.859822850925157534e+00 9.715416608472969839e-01
1.872389221539516591e+00 9.970846050117658788e-01
1.884955592153875870e+00 1.019894596898677230e+00
1.897521962768234927e+00 1.051841594958272452e+00
1.910088333382594206e+00 1.026475036492676463e+00
1.922654703996953263e+00 8.534467122888782509e-01
1.935221074611312542e+00 9.795251483505404977e-01
1.947787445225671821e+00 9.917455654094758932e-01
1.960353815840030878e+00 8.127804196147703220e-01
1.972920186454390157e+00 8.703654039370180007e-01
1.985486557068749214e+00 9.089801783230664345e-01
1.998052927683108493e+00 9.213882672215863989e-01
2.010619298297467772e+00 1.060689652718897369e+00
2.023185668911826607e+00 6.904883229605704997e-01
2.035752039526185886e+00 9.539267410604534980e-01
2.048318410140545165e+00 9.641069612763909502e-01
2.060884780754904444e+00 8.909251504970618907e-01
2.073451151369263723e+00 7.876152809849868985e-01
2.086017521983622558e+00 9.357660158921420335e-01
2.098583892597981837e+00 8.659914655964698893e-01
2.111150263212341116e+00 8.719840154920340813e-01
2.123716633826700395e+00 7.084936542244755220e-01
2.136283004441059674e+00 7.697079462212306211e-01
2.148849375055418509e+00 7.906541784328507960e-01
2.161415745669777788e+00 8.982252410509727891e-01
2.173982116284137067e+00 9.502847006723402767e-01
2.186548486898496346e+00 7.755764177463095876e-01
2.199114857512855181e+00 9.264045435032892684e-01
2.211681228127214016e+00 7.818558995790220179e-01
2.224247598741573295e+00 6.556470720860821944e-01
2.236813969355932574e+00 8.613343979234530101e-01
2.249380339970291853e+00 7.776010307283717227e-01
2.261946710584651132e+00 8.917013407764193822e-01
2.274513081199009967e+00 1.078215534402729769e+00
2.287079451813369246e+00 6.505470783534679224e-01
2.299645822427728525e+00 7.591724464437948905e-01
2.312212193042087804e+00 6.607782258326936331e-01
2.324778563656447083e+00 6.729393108957334446e-01
2.337344934270805918e+00 8.732950263439575034e-01
2.349911304885165197e+00 7.302087928277460893e-01
2.362477675499524477e+00 7.398731179295747751e-01
2.375044046113883756e+00 7.487391093997201041e-01
2.387610416728242591e+00 8.124102396966851325e-01
2.400176787342601870e+00 5.763410488215715555e-01
2.412743157956961149e+00 7.648171088126533013e-01
2.425309528571320428e+00 8.164860113671522646e-01
2.437875899185679707e+00 8.511775226872795308e-01
2.450442269800038542e+00 7.164953318821211115e-01
2.463008640414397821e+00 7.221693139041265308e-01
2.475575011028757100e+00 5.062982002193964215e-01
2.488141381643116379e+00 5.278757905989577282e-01
2.500707752257475658e+00 5.364101780683503407e-01
2.513274122871834493e+00 6.423455421584648439e-01
2.525840493486193772e+00 9.179502234961052221e-01
2.538406864100553051e+00 3.738974618528440041e-01
2.550973234714912330e+00 4.150693288071725107e-01
2.563539605329271165e+00 5.935755952669233837e-01
2.576105975943630444e+00 5.478290114247610365e-01
2.588672346557989723e+00 4.622407506761039286e-01
2.601238717172349002e+00 4.204878119049656471e-01
2.613805087786708281e+00 6.612836709704741356e-01
2.626371458401067116e+00 5.644854262916807475e-01
2.638937829015425951e+00 5.722672531866884738e-01
2.651504199629785230e+00 3.953397102489144554e-01
2.664070570244144509e+00 5.146831853672076962e-01
2.676636940858503788e+00 5.603377510307330223e-01
2.689203311472863067e+00 5.286594430623723362e-01
2.701769682087221902e+00 4.623821574243406340e-01
2.714336052701581181e+00 4.364392678214204513e-01
2.726902423315940460e+00 1.421376171907273722e-01
2.739468793930299739e+00 4.294469552170123716e-01
2.752035164544658574e+00 4.834061801038275208e-01
2.764601535159017853e+00 3.080454593789656026e-01
2.777167905773377132e+00 2.750076437985810585e-01
2.789734276387736411e+00 2.779149020304623185e-01
2.802300647002095690e+00 1.344982057504376383e-01
2.814867017616454525e+00 3.702219706719350190e-01
2.827433388230813804e+00 2.485107092130412476e-01
2.839999758845173083e+00 1.501516125668529988e-01
2.852566129459532362e+00 2.028781229254345564e-01
2.865132500073891642e+00 2.071778892884904022e-01
2.877698870688250476e+00 1.426231878445087808e-01
2.890265241302609756e+00 2.932948905574362386e-01
2.902831611916969035e+00 1.977893680884297567e-01
2.915397982531328314e+00 1.824352134771951017e-01
2.927964353145687149e+00 1.898755851347325163e-01
2.940530723760046428e+00 1.640460455889700686e-01
2.953097094374405707e+00 2.170054755191768436e-01
2.965663464988764986e+00 1.507904852005504392e-01
2.978229835603124265e+00 -8.691583657968432464e-03
2.990796206217483100e+00 1.615066963540190692e-01
3.003362576831842379e+00 1.639240318207077496e-01
3.015928947446201214e+00 2.088920128329053716e-01
3.028495318060560493e+00 -3.633390035288625031e-02
3.041061688674919772e+00 1.126077827206675153e-01
3.053628059289279051e+00 5.750777441149106106e-02
3.066194429903637886e+00 1.089891077099965633e-01
3.078760800517997165e+00 9.590462603456759161e-02
3.091327171132356444e+00 2.205800665952902528e-01
3.103893541746715723e+00 -3.314759971942533856e-03
3.116459912361074558e+00 7.662364225359258318e-02
3.129026282975433837e+00 1.162513849002683036e-01
3.141592653589793116e+00 -1.072034693176558279e-01
3.154159024204152395e+00 3.090481620883020475e-02
3.166725394818511674e+00 -1.644217318399814054e-02
3.179291765432870509e+00 -6.581382826309281620e-04
3.191858136047229788e+00 1.030397954919608644e-01
3.204424506661589067e+00 -1.136517049633003623e-01
3.216990877275948346e+00 -1.007400771661226546e-02
3.229557247890307181e+00 1.924956977698578930e-02
3.242123618504666460e+00 -1.115390698515885404e-01
3.254689989119025739e+00 -1.296872327805302649e-01
3.267256359733385018e+00 1.644685758807593046e-02
3.279822730347744297e+00 -1.948443032686883458e-01
3.292389100962103132e+00 -1.427709193452940117e-01
3.304955471576462411e+00 -9.392991670109310243e-02
3.317521842190821690e+00 -1.973578342498059912e-01
3.330088212805180969e+00 2.658123535453299491e-02
3.342654583419540248e+00 -2.181426536010735995e-01
3.355220954033899083e+00 -2.343921675684841888e-01
3.367787324648258362e+00 -2.400138016881071812e-01
3.380353695262617642e+00 -1.483254279792026731e-01
3.392920065876976921e+00 -1.846286363082165760e-01
3.405486436491335756e+00 -9.334520023172332426e-02
3.418052807105695035e+00 -4.074294587280600233e-01
3.430619177720054314e+00 -5.685169927942479440e-01
3.443185548334413593e+00 -2.585445630773975378e-01
3.455751918948772872e+00 -2.577908410163042841e-01
3.468318289563131707e+00 -4.009434963651220540e-01
3.480884660177490986e+00 -3.392441898455640925e-01
3.493451030791850265e+00 -3.128602516545893053e-01
3.506017401406209544e+00 -3.361290366845128275e-01
3.518583772020568823e+00 -4.107983596645338742e-01
3.531150142634927658e+00 -3.704745024325478142e-01
3.543716513249286937e+00 -5.110853684912809447e-01
3.556282883863646216e+00 -5.432233354354546462e-01
3.568849254478005495e+00 -4.050414407347436851e-01
3.581415625092364330e+00 -4.362185335438905631e-01
3.593981995706723609e+00 -3.692786475560081438e-01
3.606548366321082888e+00 -6.036506185957476456e-01
3.619114736935442167e+00 -4.686025371212344526e-01
3.631681107549800558e+00 -3.864257186908770514e-01
3.644247478164159837e+00 -6.340580207222330511e-01
3.656813848778519116e+00 -6.480503726430399958e-01
3.669380219392877951e+00 -7.561819894920167595e-01
3.681946590007237230e+00 -6.694180925592073672e-01
3.694512960621596509e+00 -6.356894831823819425e-01
3.707079331235955788e+00 -6.701288363118530489e-01
3.719645701850315067e+00 -4.196045504517016411e-01
3.732212072464673902e+00 -6.906714368803428261e-01
3.744778443079033181e+00 -6.302024909837542488e-01
3.757344813693392460e+00 -6.189614480435253752e-01
3.769911184307751739e+00 -6.522336547531683015e-01
3.782477554922110574e+00 -6.987910739790403891e-01
3.795043925536469853e+00 -6.071763907298795004e-01
3.807610296150829132e+00 -5.916004355604477238e-01
3.820176666765188411e+00 -6.406840129459070443e-01
3.832743037379547690e+00 -6.370960929192437394e-01
3.845309407993906525e+00 -5.689051626596117739e-01
3.857875778608265804e+00 -4.598764643941394836e-01
3.870442149222625083e+00 -4.743514096920112832e-01
3.883008519836984362e+00 -7.609224515053745197e-01
3.895574890451343641e+00 -5.951812177280640936e-01
3.908141261065702476e+00 -7.969909559983002767e-01
3.920707631680061755e+00 -7.298663379631652459e-01
3.933274002294421035e+00 -8.759166418618953287e-01
3.945840372908780314e+00 -7.938519502422710650e-01
3.958406743523139149e+00 -8.524117212630899498e-01
3.970973114137498428e+00 -5.937692025018772579e-01
3.983539484751857707e+00 -6.598022086455427315e-01
3.996105855366216986e+00 -6.990717965217279062e-01
4.008672225980576265e+00 -6.650151019683103737e-01
4.021238596594935544e+00 -6.199976156786689563e-01
4.033804967209294823e+00 -7.087576023561402705e-01
4.046371337823653214e+00 -7.911295027473393970e-01
4.058937708438012493e+00 -6.064883390280925157e-01
4.071504079052371772e+00 -8.045430560816561050e-01
4.084070449666731051e+00 -7.836584853950686602e-01
4.096636820281090330e+00 -9.045145100970621854e-01
4.109203190895449609e+00 -7.567899991166473495e-01
4.121769561509808888e+00 -8.428203711163415601e-01
4.134335932124168167e+00 -1.031390203131305361e+00
4.146902302738527446e+00 -8.766283347455814390e-01
4.159468673352886725e+00 -1.059875558505062543e+00
4.172035043967245116e+00 -8.390306366400424043e-01
4.184601414581604395e+00 -9.110543595537716755e-01
4.197167785195963674e+00 -8.052604049474676451e-01
4.209734155810322953e+00 -8.410592574013688871e-01
4.222300526424682232e+00 -7.180731017203378919e-01
4.234866897039041511e+00 -9.280805636290356819e-01
4.247433267653400790e+00 -7.703324534644417909e-01
4.259999638267760069e+00 -9.476242006739683532e-01
4.272566008882119348e+00 -7.597721306365494698e-01
4.285132379496477739e+00 -9.374746945852183710e-01
4.297698750110837018e+00 -1.062395744137990317e+00
4.310265120725196297e+00 -7.918332130919010226e-01
4.322831491339555576e+00 -9.085813410686887082e-01
4.335397861953914855e+00 -7.542795807352025150e-01
4.347964232568274134e+00 -8.981424907913027056e-01
4.360530603182633413e+00 -9.398051997879502961e-01
4.373096973796992692e+00 -8.009270647218592609e-01
4.385663344411351972e+00 -9.023946408945768827e-01
4.398229715025710362e+00 -1.081274239262604464e+00
4.410796085640069641e+00 -1.136811507978413127e+00
4.423362456254428032e+00 -1.022653617929914827e+00
4.435928826868787311e+00 -9.812995936076280845e-01
4.448495197483146590e+00 -8.732429628435393054e-01
4.461061568097505869e+00 -1.017497647376353509e+00
4.473627938711865148e+00 -8.917030120757285516e-01
4.486194309326224428e+00 -8.541712473232924152e-01
4.498760679940583707e+00 -8.257769501452220107e-01
4.511327050554942986e+00 -8.662024093896252275e-01
4.523893421169302265e+00 -9.410876339033216187e-01
4.536459791783661544e+00 -1.065333785741533701e+00
4.549026162398019935e+00 -1.038999862798708707e+00
4.561592533012379214e+00 -9.409334757212580724e-01
4.574158903626738493e+00 -9.438363932251085942e-01
4.586725274241097772e+00 -8.644190945640658486e-01
4.599291644855457051e+00 -1.123043019553664701e+00
4.611858015469816330e+00 -9.441992662182416840e-01
4.624424386084175609e+00 -1.182686363351157288e+00
4.636990756698534888e+00 -9.815322957586689601e-01
4.649557127312894167e+00 -1.018704287709729872e+00
4.662123497927252558e+00 -1.113717397463227732e+00
4.674689868541611837e+00 -9.896116112594173231e-01
4.687256239155971116e+00 -8.661255840215031920e-01
4.699822609770330395e+00 -8.605608885178419598e-01
4.712388980384689674e+00 -1.185433395603146867e+00
4.724955350999048953e+00 -9.936401884012940888e-01
4.737521721613408232e+00 -1.231927317720988180e+00
4.750088092227767511e+00 -8.606105690386540719e-01
4.762654462842126790e+00 -1.076544205754559336e+00
4.775220833456485181e+00 -1.015725418973264071e+00
4.787787204070844460e+00 -8.340608605906408846e-01
4.800353574685203739e+00 -1.008660389887575004e+00
4.812919945299563018e+00 -9.960982699022836728e-01
4.825486315913922297e+00 -9.300164740162192301e-01
4.838052686528281576e+00 -9.043501603879646744e-01
4.850619057142640855e+00 -1.170430137337059806e+00
4.863185427757000134e+00 -9.599570656443056071e-01
4.875751798371359413e+00 -1.009415769597782564e+00
4.888318168985717804e+00 -1.235259885033731297e+00
4.900884539600077083e+00 -9.612673603961099378e-01
4.913450910214436362e+00 -9.318310950434567363e-01
4.926017280828795641e+00 -9.306999811027587555e-01
4.938583651443154920e+00 -9.625458684086274364e-01
4.951150022057514200e+00 -9.132330148934738601e-01
4.963716392671873479e+00 -8.653806024446075718e-01
4.976282763286232758e+00 -9.643147708602121115e-01
4.988849133900592037e+00 -9.900885250306505903e-01
5.001415504514951316e+00 -1.030580848292796725e+00
5.013981875129309707e+00 -8.905027596735679563e-01
5.026548245743668986e+00 -8.348172915887696055e-01
5.039114616358028265e+00 -8.300244249540719155e-01
5.051680986972387544e+00 -8.607624700329885581e-01
5.064247357586746823e+00 -8.669255998131505381e-01
5.076813728201106102e+00 -9.702827412520711459e-01
5.089380098815465381e+00 -7.994524285625809190e-01
5.101946469429824660e+00 -9.845744818809309962e-01
5.114512840044183939e+00 -9.111882760741181198e-01
5.127079210658542330e+00 -8.430591848956779932e-01
5.139645581272901609e+00 -1.091573187677209011e+00
5.152211951887260888e+00 -9.633311927464476287e-01
5.164778322501620167e+00 -7.611112696362245522e-01
5.177344693115979446e+00 -7.362353569901599615e-01
5.189911063730338725e+00 -8.430886540692485998e-01
5.202477434344698004e+00 -1.008571445379212506e+00
5.215043804959057283e+00 -8.426332849979845108e-01
5.227610175573416562e+00 -8.590266836902450409e-01
5.240176546187774953e+00 -9.268926134634688507e-01
5.252742916802134232e+00 -9.961965949868998305e-01
5.265309287416492623e+00 -8.197550899396788271e-01
5.277875658030851902e+00 -8.656340057663740595e-01
5.290442028645211181e+00 -5.992708472758820903e-01
5.303008399259570460e+00 -7.095535047479286650e-01
5.315574769873929739e+00 -8.339343062086785885e-01
5.328141140488289018e+00 -9.060282445548359931e-01
5.340707511102648297e+00 -9.372218391279071303e-01
5.353273881717007576e+00 -6.858103628415014308e-01
5.365840252331366855e+00 -9.153421948591232704e-01
5.378406622945726134e+00 -8.828345093177767389e-01
5.390972993560084525e+00 -9.488281110929306372e-01
5.403539364174443804e+00 -7.210107105808358785e-01
5.416105734788803083e+00 -7.919255205631702266e-01
5.428672105403162362e+00 -6.932061478669133692e-01
5.441238476017521641e+00 -7.870219147269430504e-01
5.453804846631880920e+00 -6.381404827929162416e-01
5.466371217246240199e+00 -7.380378647926623126e-01
5.478937587860599479e+00 -9.107107778884605542e-01
5.491503958474958758e+00 -8.098043217469518273e-01
5.504070329089317148e+00 -7.767869649981625768e-01
5.516636699703676427e+00 -5.998828485796818821e-01
5.529203070318035707e+00 -8.525850500850463698e-01
5.541769440932394986e+00 -4.812689005684601673e-01
5.554335811546754265e+00 -7.587619194273431678e-01
5.566902182161113544e+00 -7.044059144542108575e-01
5.579468552775472823e+00 -7.726598470497604287e-01
5.592034923389832102e+00 -4.926224324618891925e-01
5.604601294004191381e+00 -6.934456002309388190e-01
5.617167664618549772e+00 -5.960972233336061521e-01
5.629734035232909051e+00 -5.584917584107822464e-01
5.642300405847268330e+00 -3.899303406500282954e-01
5.654866776461627609e+00 -5.545433416384322189e-01
5.667433147075986888e+00 -5.685969156343829711e-01
5.679999517690346167e+00 -5.704532370159676180e-01
5.692565888304705446e+00 -5.909964873054625034e-01
5.705132258919064725e+00 -2.712886738186926494e-01
5.717698629533424004e+00 -4.390640408154397045e-01
5.730265000147783283e+00 -5.113926156617338847e-01
5.742831370762141674e+00 -3.628267096168388273e-01
5.755397741376500953e+00 -4.920612122049522474e-01
5.767964111990860232e+00 -3.477663244125195341e-01
5.780530482605219511e+00 -3.407115533622545600e-01
5.793096853219578790e+00 -3.993536407215480533e-01
5.805663223833938069e+00 -3.058655568171165795e-01
5.818229594448297348e+00 -4.574357295990711392e-01
5.830795965062656627e+00 -5.856322854678848167e-01
5.843362335677015906e+00 -2.761775224079533464e-01
5.855928706291374297e+00 -4.103457265985325786e-01
5.868495076905733576e+00 -3.890295989467700277e-01
5.881061447520092855e+00 -3.473996996284176020e-01
5.893627818134452134e+00 -3.269389046922238640e-01
5.906194188748811413e+00 -2.858889868199706030e-01
5.918760559363170692e+00 -4.300973950715215599e-01
5.931326929977529971e+00 -4.542242326714343026e-01
5.943893300591889250e+00 -3.164055256946097794e-01
5.956459671206248530e+00 -3.000381834377127133e-01
5.969026041820606920e+00 -3.698566271076697554e-01
5.981592412434966199e+00 -3.680426597154825008e-01
5.994158783049325478e+00 -5.034029174296972275e-01
6.006725153663684758e+00 -1.108475349173040636e-01
6.019291524278044037e+00 -1.150651464585402406e-01
6.031857894892402427e+00 -2.756967943395764453e-01
6.044424265506761706e+00 -2.469641522024667024e-01
6.056990636121120986e+00 -9.460669576100166900e-02
6.069557006735480265e+00 -3.029112330499070249e-02
6.082123377349839544e+00 -2.512351136305280841e-01
6.094689747964198823e+00 -1.146564487227818840e-01
6.107256118578558102e+00 -1.220273736564352896e-01
6.119822489192916493e+00 -1.294462326652574824e-01
6.132388859807275772e+00 -4.142794309667119368e-02
6.144955230421635051e+00 -3.116776421761365268e-01
6.157521601035994330e+00 7.488989780268681673e-02
6.170087971650353609e+00 -4.100465805737946168e-03
6.182654342264712888e+00 -1.082889115778043893e-01
6.195220712879072167e+00 -1.486175053071634722e-01
6.207787083493431446e+00 -1.480244087861185553e-01
6.220353454107790725e+00 3.576310480245922796e-02
6.232919824722149116e+00 1.544257028646906504e-01
6.245486195336508395e+00 -2.022927065206850950e-01
6.258052565950867674e+00 -1.225344233406900907e-01
6.270618936565226953e+00 4.173550174661033035e-02
