0.000000000000000000e+00 -2.151437281952930380e-01
1.256637061435917323e-02 1.534930089277864243e-02
2.513274122871834645e-02 6.337390688663224747e-02
3.769911184307751795e-02 3.157008268133697226e-02
5.026548245743669291e-02 1.177182212555880902e-01
6.283185307179586787e-02 -3.011123102056031953e-02
7.539822368615503589e-02 -2.990361397980634273e-02
8.796459430051420392e-02 2.614691537273727828e-02
1.005309649148733858e-01 1.256875082494672280e-01
1.130973355292325677e-01 3.872965677430273423e-02
1.256637061435917357e-01 2.379365977162475332e-01
1.382300767579508760e-01 1.274318576358985655e-01
1.507964473723100718e-01 -1.292650695953412310e-02
1.633628179866692676e-01 -4.907031373989964584e-02
1.759291886010284078e-01 2.548576949413341453e-01
1.884955592153875759e-01 1.068394159442390412e-01
2.010619298297467716e-01 2.514167947227691768e-01
2.136283004441059397e-01 7.219230338887250298e-02
2.261946710584651354e-01 3.166626529055967532e-01
2.387610416728242757e-01 2.510151499977233414e-01
2.513274122871834715e-01 1.708299991180957100e-01
2.638937829015426395e-01 1.664183332270398330e-01
2.764601535159017520e-01 3.629952133808790338e-01
2.890265241302609756e-01 1.244016720628312589e-01
3.015928947446201436e-01 2.447569512654289847e-01
3.141592653589793116e-01 3.492888036961788734e-01
3.267256359733385351e-01 2.613798089393307711e-01
3.392920065876976476e-01 3.314696005332195550e-01
3.518583772020568157e-01 4.950485387438134377e-01
3.644247478164160392e-01 2.884078015977619147e-01
3.769911184307751517e-01 5.087931916498722451e-01
3.895574890451343197e-01 3.874584484813623497e-01
4.021238596594935433e-01 4.899663764011452649e-01
4.146902302738527113e-01 3.883576105867744821e-01
4.272566008882118793e-01 3.876294044165184971e-01
4.398229715025711029e-01 4.751411543222761047e-01
4.523893421169302709e-01 5.054581018781538759e-01
4.649557127312893834e-01 5.111261733378940075e-01
4.775220833456485514e-01 4.592050779258744497e-01
4.900884539600077194e-01 4.610637927272681069e-01
5.026548245743669430e-01 5.963769716747915339e-01
5.152211951887261110e-01 3.999944493665780754e-01
5.277875658030852790e-01 6.934114292576866179e-01
5.403539364174444470e-01 5.039679497187556922e-01
5.529203070318035040e-01 7.315914298420681527e-01
5.654866776461627831e-01 4.671276533100376382e-01
5.780530482605219511e-01 6.552298828168650058e-01
5.906194188748811191e-01 5.490884489331083751e-01
6.031857894892402872e-01 5.518543557727728643e-01
6.157521601035994552e-01 5.967644409838501751e-01
6.283185307179586232e-01 3.613957430448825892e-01
6.408849013323177912e-01 6.263740033992341028e-01
6.534512719466770703e-01 6.688095832584899370e-01
6.660176425610361273e-01 5.070279905209652549e-01
6.785840131753952953e-01 6.801842261778821008e-01
6.911503837897544633e-01 6.955989488786432640e-01
7.037167544041136313e-01 7.653257801179579323e-01
7.162831250184729104e-01 5.616752540653726644e-01
7.288494956328320784e-01 6.462043888711811457e-01
7.414158662471912464e-01 7.365562626643700206e-01
7.539822368615503034e-01 7.036595679159167727e-01
7.665486074759094715e-01 7.137396203393152616e-01
7.791149780902686395e-01 7.029071594608906626e-01
7.916813487046279185e-01 6.634296614027878070e-01
8.042477193189870865e-01 7.750000364899739536e-01
8.168140899333462546e-01 7.864401422143643128e-01
8.293804605477054226e-01 7.457361410495805254e-01
8.419468311620645906e-01 6.151389128732634992e-01
8.545132017764237586e-01 7.355029800446990507e-01
8.670795723907829267e-01 7.587864278293122711e-01
8.796459430051422057e-01 7.404485358941044204e-01
8.922123136195013737e-01 9.185564733904126866e-01
9.047786842338605418e-01 8.591736188792571394e-01
9.173450548482194877e-01 5.918162635696101459e-01
9.299114254625787668e-01 8.250107267562932778e-01
9.424777960769379348e-01 9.038777709261993643e-01
9.550441666912971028e-01 7.702237694261110379e-01
9.676105373056562708e-01 9.202091335264848126e-01
9.801769079200154389e-01 9.098760229345824735e-01
9.927432785343746069e-01 9.050832218693977138e-01
1.005309649148733886e+00 7.680188822115175951e-01
1.017876019763092943e+00 7.355286358266599489e-01
1.030442390377452222e+00 8.258808736190224042e-01
1.043008760991811279e+00 9.776303834764782374e-01
1.055575131606170558e+00 8.003229436224206239e-01
1.068141502220529837e+00 8.040476731369011754e-01
1.080707872834888894e+00 9.295559246457654190e-01
1.093274243449248173e+00 9.346034916277776716e-01
1.105840614063607008e+00 7.986838862786092008e-01
1.118406984677966287e+00 9.511700475518872766e-01
1.130973355292325566e+00 7.601295265901341081e-01
1.143539725906684623e+00 8.587169971762799170e-01
1.156106096521043902e+00 8.376826603775961999e-01
1.168672467135402959e+00 9.137692269396597844e-01
1.181238837749762238e+00 8.426660434486903384e-01
1.193805208364121295e+00 9.337945844756587732e-01
1.206371578978480574e+00 8.701075658443034877e-01
1.218937949592839853e+00 9.897666557870348214e-01
1.231504320207198910e+00 8.932653293866914535e-01
1.244070690821558189e+00 9.646011703143808624e-01
1.256637061435917246e+00 8.942716679548139425e-01
1.269203432050276525e+00 8.438813262402853344e-01
1.281769802664635582e+00 1.010304255563164055e+00
1.294336173278994861e+00 7.425220335223164936e-01
1.306902543893354141e+00 9.041349176356950901e-01
1.319468914507712975e+00 1.041554920214087021e+00
1.332035285122072255e+00 1.015420530672461075e+00
1.344601655736431534e+00 9.576090637996342858e-01
1.357168026350790591e+00 9.897243643537876334e-01
1.369734396965149870e+00 1.125983112001024633e+00
1.382300767579508927e+00 9.823228039975695491e-01
1.394867138193868206e+00 1.078174138703414053e+00
1.407433508808227263e+00 9.863859915696169267e-01
1.419999879422586542e+00 9.669512440511018880e-01
1.432566250036945821e+00 9.942157088844399970e-01
1.445132620651304878e+00 7.343462938904280479e-01
1.457698991265664157e+00 1.121883412661814905e+00
1.470265361880023214e+00 1.051723185013326400e+00
1.482831732494382493e+00 1.140568835141571924e+00
1.495398103108741550e+00 8.587843799014593937e-01
1.507964473723100607e+00 8.734564334714292055e-01
1.520530844337459886e+00 9.928973127760144513e-01
1.533097214951818943e+00 1.025182548051754461e+00
1.545663585566178222e+00 9.387677183676910175e-01
1.558229956180537279e+00 8.076722800191273866e-01
1.570796326794896558e+00 9.911727544259988365e-01
1.583362697409255837e+00 8.745044810965609816e-01
1.595929068023614894e+00 9.906557490936911403e-01
1.608495438637974173e+00 1.165411199363097783e+00
1.621061809252333230e+00 1.060531899454006055e+00
1.633628179866692509e+00 9.755115096757061011e-01
1.646194550481051566e+00 1.079467391238520424e+00
1.658760921095410845e+00 1.000653395910034327e+00
1.671327291709770124e+00 1.064968633107117535e+00
1.683893662324129181e+00 9.170795235799944489e-01
1.696460032938488460e+00 9.842954402453509832e-01
1.709026403552847517e+00 1.055382680069145040e+00
1.721592774167206796e+00 1.188773256671893375e+00
1.734159144781565853e+00 9.600664811593588865e-01
1.746725515395925132e+00 1.011416030151789824e+00
1.759291886010284411e+00 1.075196600841420436e+00
1.771858256624643468e+00 9.322498121751234823e-01
1.784424627239002747e+00 9.295611787466881992e-01
1.796990997853361804e+00 9.891762147110964021e-01
1.809557368467721084e+00 8.582191677451108669e-01
1.822123739082079918e+00 7.111663627175957014e-01
1.834690109696438975e+00 9.571209916475681423e-01
1.847256480310798255e+00 1.076919209481010720e+00
1.859822850925157534e+00 9.441196880559133975e-01
1.872389221539516591e+00 1.123835158859517236e+00
1.884955592153875870e+00 1.056899673143957052e+00
1.897521962768234927e+00 9.560098911570066305e-01
1.910088333382594206e+00 1.023634800586989080e+00
1.922654703996953263e+00 9.706617968632000881e-01
1.935221074611312542e+00 7.917642175340552368e-01
1.947787445225671821e+00 9.094384942223819879e-01
1.960353815840030878e+00 9.917858687850291677e-01
1.972920186454390157e+00 8.263816351134621874e-01
1.985486557068749214e+00 7.239680251702846903e-01
1.998052927683108493e+00 8.871339311000764338e-01
2.010619298297467772e+00 7.495780660962523267e-01
2.023185668911826607e+00 7.580652909608166512e-01
2.035752039526185886e+00 8.956889616675852706e-01
2.048318410140545165e+00 7.969097809129743748e-01
2.060884780754904444e+00 8.736108107213754748e-01
2.073451151369263723e+00 6.859583618438009900e-01
2.086017521983622558e+00 9.342478867450190183e-01
2.098583892597981837e+00 7.860630899699739826e-01
2.111150263212341116e+00 9.369622488797896276e-01
2.123716633826700395e+00 8.559881780270197638e-01
2.136283004441059674e+00 9.857334494127583113e-01
2.148849375055418509e+00 8.524140241817114161e-01
2.161415745669777788e+00 8.935553805220380896e-01
2.173982116284137067e+00 9.204871089943610363e-01
2.186548486898496346e+00 8.666339226526251771e-01
2.199114857512855181e+00 1.073957707064953970e+00
2.211681228127214016e+00 9.103288794080698354e-01
2.224247598741573295e+00 8.885145365542757023e-01
2.236813969355932574e+00 7.917713484076479569e-01
2.249380339970291853e+00 1.050371438350565567e+00
2.261946710584651132e+00 7.843902306835015548e-01
2.274513081199009967e+00 9.876296141983901267e-01
2.287079451813369246e+00 6.696322239224309358e-01
2.299645822427728525e+00 8.880048198476365728e-01
2.312212193042087804e+00 7.441910647171090520e-01
2.324778563656447083e+00 8.152267675701171390e-01
2.337344934270805918e+00 8.501858196039658866e-01
2.349911304885165197e+00 7.061646176488942661e-01
2.362477675499524477e+00 6.176432095177896153e-01
2.375044046113883756e+00 5.419674325963723671e-01
2.387610416728242591e+00 6.911977633828727541e-01
2.400176787342601870e+00 8.176372775177369601e-01
2.412743157956961149e+00 6.178754879896684038e-01
2.425309528571320428e+00 7.424244910584093526e-01
2.437875899185679707e+00 4.993047143568086210e-01
2.450442269800038542e+00 6.349797305620410448e-01
2.463008640414397821e+00 5.382168175601721449e-01
2.475575011028757100e+00 6.407836904116951393e-01
2.488141381643116379e+00 5.206221208076879936e-01
2.500707752257475658e+00 6.430603181026549597e-01
2.513274122871834493e+00 4.904884507852308451e-01
2.525840493486193772e+00 6.095146473862540493e-01
2.538406864100553051e+00 7.082269774340672619e-01
2.550973234714912330e+00 5.342350679247125367e-01
2.563539605329271165e+00 5.772990933666022340e-01
2.576105975943630444e+00 5.070982885710701993e-01
2.588672346557989723e+00 5.436595228050972173e-01
2.601238717172349002e+00 4.853049819873101467e-01
2.613805087786708281e+00 5.792519320720458387e-01
2.626371458401067116e+00 6.815906006964194130e-01
2.638937829015425951e+00 5.894551251689894578e-01
2.651504199629785230e+00 5.046108536360651708e-01
2.664070570244144509e+00 5.054336849547322874e-01
2.676636940858503788e+00 5.735014146903616439e-01
2.689203311472863067e+00 3.789183758512739142e-01
2.701769682087221902e+00 5.219762314078848497e-01
2.714336052701581181e+00 4.446442146467064482e-01
2.726902423315940460e+00 3.519808789832091223e-01
2.739468793930299739e+00 5.014050723756733330e-01
2.752035164544658574e+00 3.321035512929911282e-01
2.764601535159017853e+00 3.978858377715881467e-01
2.777167905773377132e+00 3.677727873896586286e-01
2.789734276387736411e+00 3.435921594696194625e-01
2.802300647002095690e+00 3.765122081541080745e-01
2.814867017616454525e+00 2.474552590716734835e-01
2.827433388230813804e+00 4.112613937541489961e-01
2.839999758845173083e+00 1.565430413082942174e-01
2.852566129459532362e+00 2.261627787965621306e-01
2.865132500073891642e+00 -1.438518756512652264e-02
2.877698870688250476e+00 1.589879277057842932e-01
2.890265241302609756e+00 1.676525869775021549e-01
2.902831611916969035e+00 1.700019604975308851e-01
2.915397982531328314e+00 3.245565860214524312e-01
2.927964353145687149e+00 1.171966802567277061e-01
2.940530723760046428e+00 1.938048852965757740e-01
2.953097094374405707e+00 2.964049643864187233e-01
2.965663464988764986e+00 8.121644184748283424e-02
2.978229835603124265e+00 5.202806889045717698e-02
2.990796206217483100e+00 2.019877472847713962e-01
3.003362576831842379e+00 4.804789593670220904e-02
3.015928947446201214e+00 1.483440874315259672e-01
3.028495318060560493e+00 -7.761273557371217713e-04
3.041061688674919772e+00 5.272473290231846632e-02
3.053628059289279051e+00 4.065258798419451591e-01
3.066194429903637886e+00 -3.902487935532703012e-03
3.078760800517997165e+00 -7.948172655416071986e-02
3.091327171132356444e+00 9.093246298872581512e-02
3.103893541746715723e+00 1.697185894224456093e-01
3.116459912361074558e+00 8.567039925104318054e-02
3.129026282975433837e+00 -1.005821770410632865e-01
3.141592653589793116e+00 2.541325437853138580e-01
3.154159024204152395e+00 -1.463695563719210821e-02
3.166725394818511674e+00 1.261339565262798584e-03
3.179291765432870509e+00 -8.854719898073196149e-02
3.191858136047229788e+00 -2.388264437813745755e-01
3.204424506661589067e+00 -8.873066262504829271e-02
3.216990877275948346e+00 -2.505463337267382351e-01
3.229557247890307181e+00 3.539530686819492011e-02
3.242123618504666460e+00 -1.059589106285936527e-01
3.254689989119025739e+00 -1.677775260773285426e-01
3.267256359733385018e+00 -3.739187960284443557e-01
3.279822730347744297e+00 -8.162292930941866809e-03
3.292389100962103132e+00 -3.086725332141773692e-01
3.304955471576462411e+00 -9.169803715419935775e-02
3.317521842190821690e+00 -2.129286271411546805e-01
3.330088212805180969e+00 -2.003029512342963947e-01
3.342654583419540248e+00 -1.388168982608776747e-01
3.355220954033899083e+00 -4.293897583599465273e-02
3.367787324648258362e+00 -3.251400832056899337e-01
3.380353695262617642e+00 -3.540173005814734597e-01
3.392920065876976921e+00 -1.654423880277800241e-01
3.405486436491335756e+00 -3.169878118437494674e-01
3.418052807105695035e+00 -3.068283244488484995e-01
3.430619177720054314e+00 -4.283023077832619485e-01
3.443185548334413593e+00 -1.547528214466454555e-01
3.455751918948772872e+00 -1.883132096771054087e-01
3.468318289563131707e+00 -2.043057539754292717e-01
3.480884660177490986e+00 -2.768991957643550661e-01
3.493451030791850265e+00 -2.103939882964570574e-01
3.506017401406209544e+00 -2.273451471288845116e-01
3.518583772020568823e+00 -5.746004200472437651e-01
3.531150142634927658e+00 -2.367317423940361598e-01
3.543716513249286937e+00 -3.159303234073763678e-01
3.556282883863646216e+00 -4.180144256114412538e-01
3.568849254478005495e+00 -4.180943141723977852e-01
3.581415625092364330e+00 -5.748402210513030575e-01
3.593981995706723609e+00 -4.654261176539109535e-01
3.606548366321082888e+00 -5.412702584452091514e-01
3.619114736935442167e+00 -5.679904365155548085e-01
3.631681107549800558e+00 -5.461305028708333120e-01
3.644247478164159837e+00 -5.145082979112916011e-01
3.656813848778519116e+00 -1.679313843649897220e-01
3.669380219392877951e+00 -5.904855429894727559e-01
3.681946590007237230e+00 -5.179048393939083006e-01
3.694512960621596509e+00 -5.489336517314864494e-01
3.707079331235955788e+00 -6.521278089708737458e-01
3.719645701850315067e+00 -4.079152499569844714e-01
3.732212072464673902e+00 -6.959717290033695658e-01
3.744778443079033181e+00 -7.070257394492029945e-01
3.757344813693392460e+00 -6.322485193909034296e-01
3.769911184307751739e+00 -4.855531209238300727e-01
3.782477554922110574e+00 -4.707155195808163661e-01
3.795043925536469853e+00 -4.320598139435182783e-01
3.807610296150829132e+00 -6.310352961126589610e-01
3.820176666765188411e+00 -6.764157806292900865e-01
3.832743037379547690e+00 -8.934248682711899425e-01
3.845309407993906525e+00 -5.825961744820937760e-01
3.857875778608265804e+00 -6.394516938293932640e-01
3.870442149222625083e+00 -5.456365296136318488e-01
3.883008519836984362e+00 -6.236481971601511853e-01
3.895574890451343641e+00 -7.911543687403925773e-01
3.908141261065702476e+00 -7.468229718856500554e-01
3.920707631680061755e+00 -6.163346044077793184e-01
3.933274002294421035e+00 -6.281090858490149254e-01
3.945840372908780314e+00 -6.614619916623244444e-01
3.958406743523139149e+00 -9.357739609991094776e-01
3.970973114137498428e+00 -6.877330342044711831e-01
3.983539484751857707e+00 -7.333541609779935522e-01
3.996105855366216986e+00 -6.163204842569366404e-01
4.008672225980576265e+00 -7.272735231272384748e-01
4.021238596594935544e+00 -6.186863616131526022e-01
4.033804967209294823e+00 -6.353649057583204973e-01
4.046371337823653214e+00 -7.180563273543921765e-01
4.058937708438012493e+00 -7.287175763177187182e-01
4.071504079052371772e+00 -7.216327040541268278e-01
4.084070449666731051e+00 -8.781436484538649445e-01
4.096636820281090330e+00 -6.643102585171458685e-01
4.109203190895449609e+00 -1.021626132176979507e+00
4.121769561509808888e+00 -9.439993388732903501e-01
4.134335932124168167e+00 -7.999764624547665015e-01
4.146902302738527446e+00 -8.471284676563302085e-01
4.159468673352886725e+00 -7.358810883071850162e-01
4.172035043967245116e+00 -9.296877208749645405e-01
4.184601414581604395e+00 -7.073598348879501785e-01
4.197167785195963674e+00 -8.803016265953241826e-01
4.209734155810322953e+00 -9.645051504766728456e-01
4.222300526424682232e+00 -7.763398394003130365e-01
4.234866897039041511e+00 -7.959035980176389913e-01
4.247433267653400790e+00 -6.770231236711851119e-01
4.259999638267760069e+00 -9.059695716459797987e-01
4.272566008882119348e+00 -9.921512645309104039e-01
4.285132379496477739e+00 -7.395510070541840841e-01
4.297698750110837018e+00 -8.666178783821678611e-01
4.310265120725196297e+00 -1.048167300697758986e+00
4.322831491339555576e+00 -8.994317023276681144e-01
4.335397861953914855e+00 -8.076939385548339567e-01
4.347964232568274134e+00 -1.055351610769480919e+00
4.360530603182633413e+00 -9.706868040243185058e-01
4.373096973796992692e+00 -8.329118542015599980e-01
4.385663344411351972e+00 -1.002145903826718643e+00
4.398229715025710362e+00 -9.914862147773713108e-01
4.410796085640069641e+00 -1.014623693733708532e+00
4.423362456254428032e+00 -9.280103194079367679e-01
4.435928826868787311e+00 -9.292004940932041546e-01
4.448495197483146590e+00 -9.862334412424986763e-01
4.461061568097505869e+00 -9.670383538617013386e-01
4.473627938711865148e+00 -1.068836277432176907e+00
4.486194309326224428e+00 -8.183826155360633958e-01
4.498760679940583707e+00 -1.038578735313066659e+00
4.511327050554942986e+00 -9.247955359312470813e-01
4.523893421169302265e+00 -9.682511722131250664e-01
4.536459791783661544e+00 -1.085412871268850887e+00
4.549026162398019935e+00 -9.675621824877528310e-01
4.561592533012379214e+00 -9.366329991832708091e-01
4.574158903626738493e+00 -1.129491335737705882e+00
4.586725274241097772e+00 -9.854346977534077512e-01
4.599291644855457051e+00 -9.095791846768548350e-01
4.611858015469816330e+00 -1.088699469602877112e+00
4.624424386084175609e+00 -9.728044856484302505e-01
4.636990756698534888e+00 -9.537864704234784163e-01
4.649557127312894167e+00 -1.149333376447140065e+00
4.662123497927252558e+00 -1.060286249159923422e+00
4.674689868541611837e+00 -1.122487470952181488e+00
4.687256239155971116e+00 -1.139005306298447096e+00
4.699822609770330395e+00 -9.595848009026088921e-01
4.712388980384689674e+00 -9.946185831188333326e-01
4.724955350999048953e+00 -1.188891643306878798e+00
4.737521721613408232e+00 -1.224130440524866081e+00
4.750088092227767511e+00 -9.840027102845131379e-01
4.762654462842126790e+00 -9.970309342982652812e-01
4.775220833456485181e+00 -9.046971392557345837e-01
4.787787204070844460e+00 -1.172122690109436816e+00
4.800353574685203739e+00 -9.923786599666761798e-01
4.812919945299563018e+00 -1.043979450649898943e+00
4.825486315913922297e+00 -1.146360505369561578e+00
4.838052686528281576e+00 -1.032149133981042466e+00
4.850619057142640855e+00 -9.848271430898624113e-01
4.863185427757000134e+00 -8.421438627346122807e-01
4.875751798371359413e+00 -8.629127667612822572e-01
4.888318168985717804e+00 -9.543962019396668994e-01
4.900884539600077083e+00 -9.653449892781347241e-01
4.913450910214436362e+00 -1.032201973489631719e+00
4.926017280828795641e+00 -9.257948755587145362e-01
4.938583651443154920e+00 -9.471471079869795417e-01
4.951150022057514200e+00 -9.812146785391030468e-01
4.963716392671873479e+00 -9.747300927727857722e-01
4.976282763286232758e+00 -7.222860031511706413e-01
4.988849133900592037e+00 -1.378080017229625920e+00
5.001415504514951316e+00 -8.893033607960629805e-01
5.013981875129309707e+00 -9.538349525008014140e-01
5.026548245743668986e+00 -9.231985333094350210e-01
5.039114616358028265e+00 -9.981183946920967331e-01
5.051680986972387544e+00 -8.168913438917905223e-01
5.064247357586746823e+00 -9.795266197385182894e-01
5.076813728201106102e+00 -1.103989503357250879e+00
5.089380098815465381e+00 -1.065518891332523754e+00
5.101946469429824660e+00 -7.555144626414410647e-01
5.114512840044183939e+00 -1.065844604024784203e+00
5.127079210658542330e+00 -9.756543613398698245e-01
5.139645581272901609e+00 -9.712764717834430073e-01
5.152211951887260888e+00 -8.665266482410414195e-01
5.164778322501620167e+00 -8.057216481326530122e-01
5.177344693115979446e+00 -9.903095307271087000e-01
5.189911063730338725e+00 -9.042143638655596449e-01
5.202477434344698004e+00 -8.872288678630876335e-01
5.215043804959057283e+00 -9.005780761213654229e-01
5.227610175573416562e+00 -8.857538346909669125e-01
5.240176546187774953e+00 -1.083481229428805870e+00
5.252742916802134232e+00 -8.572579177190896571e-01
5.265309287416492623e+00 -8.389475516784279385e-01
5.277875658030851902e+00 -8.085500075414043808e-01
5.290442028645211181e+00 -9.287575696034015005e-01
5.303008399259570460e+00 -9.429375088842799624e-01
5.315574769873929739e+00 -9.212946159445773997e-01
5.328141140488289018e+00 -6.814601113863304471e-01
5.340707511102648297e+00 -6.905820591092911576e-01
5.353273881717007576e+00 -9.052727359300075660e-01
5.365840252331366855e+00 -7.539383248815604288e-01
5.378406622945726134e+00 -8.005600945624115061e-01
5.390972993560084525e+00 -7.469602047159495939e-01
5.403539364174443804e+00 -8.132128693006125397e-01
5.416105734788803083e+00 -8.253165085117990518e-01
5.428672105403162362e+00 -7.211969184047950510e-01
5.441238476017521641e+00 -6.626193240464585132e-01
5.453804846631880920e+00 -8.061557521561943940e-01
5.466371217246240199e+00 -7.555740132046653290e-01
5.478937587860599479e+00 -8.249483588086983232e-01
5.491503958474958758e+00 -8.257544014069053695e-01
5.504070329089317148e+00 -7.787166489746959464e-01
5.516636699703676427e+00 -5.464698062781840893e-01
5.529203070318035707e+00 -7.087328029499719850e-01
5.541769440932394986e+00 -6.420889463962926591e-01
5.554335811546754265e+00 -6.546343258270497234e-01
5.566902182161113544e+00 -5.541720637336877697e-01
5.579468552775472823e+00 -7.160083407577569892e-01
5.592034923389832102e+00 -5.936734271010392083e-01
5.604601294004191381e+00 -6.551005565836591771e-01
5.617167664618549772e+00 -7.099347743026164226e-01
5.629734035232909051e+00 -5.236601687781735626e-01
5.642300405847268330e+00 -6.443140206307386153e-01
5.654866776461627609e+00 -5.054778226036622524e-01
5.667433147075986888e+00 -4.763045778457908330e-01
5.679999517690346167e+00 -4.439508889385413992e-01
5.692565888304705446e+00 -4.942527392529471042e-01
5.705132258919064725e+00 -4.067839783529381137e-01
5.717698629533424004e+00 -6.104318686791029291e-01
5.730265000147783283e+00 -6.326627406018506816e-01
5.742831370762141674e+00 -4.646294851480942123e-01
5.755397741376500953e+00 -4.979758516475427110e-01
5.767964111990860232e+00 -5.875402500680554363e-01
5.780530482605219511e+00 -5.234959571880533069e-01
5.793096853219578790e+00 -4.029285733901277755e-01
5.805663223833938069e+00 -3.593361846125860404e-01
5.818229594448297348e+00 -4.967404424646153505e-01
5.830795965062656627e+00 -5.283026257673587578e-01
5.843362335677015906e+00 -4.093669594566878289e-01
5.855928706291374297e+00 -2.906602048681002359e-01
5.868495076905733576e+00 -2.729631036916719822e-01
5.881061447520092855e+00 -1.143615354186964250e-01
5.893627818134452134e+00 -4.918669915509971124e-01
5.906194188748811413e+00 -4.939818416266360535e-01
5.918760559363170692e+00 -2.629436327461618372e-01
5.931326929977529971e+00 -2.405976091582040233e-01
5.943893300591889250e+00 -2.005939713402635771e-01
5.956459671206248530e+00 -3.931426661992918348e-01
5.969026041820606920e+00 -2.448459348244324818e-01
5.981592412434966199e+00 -2.977058652476153311e-01
5.994158783049325478e+00 -3.583806894628899786e-01
6.006725153663684758e+00 -2.313048369409568539e-01
6.019291524278044037e+00 -3.226017693688294496e-01
6.031857894892402427e+00 -2.137675523640036601e-01
6.044424265506761706e+00 -1.869826110148231080e-01
6.056990636121120986e+00 -4.615850668676720892e-01
6.069557006735480265e+00 -1.281995200307834426e-01
6.082123377349839544e+00 -1.678695743113357841e-01
6.094689747964198823e+00 -1.416763508393891202e-01
6.107256118578558102e+00 -2.032317149018655900e-01
6.119822489192916493e+00 -1.347041574519848295e-01
6.132388859807275772e+00 -3.604814925857285912e-02
6.144955230421635051e+00 -1.787245332408262943e-01
6.157521601035994330e+00 -8.490269619353141284e-02
6.170087971650353609e+00 -2.616771238688561652e-01
6.182654342264712888e+00 -6.527375822590705812e-03
6.195220712879072167e+00 -9.406458371200063229e-02
6.207787083493431446e+00 -1.209041531884129383e-02
6.220353454107790725e+00 6.414291546371335417e-02
6.232919824722149116e+00 -2.749190370861857163e-02
6.245486195336508395e+00 -5.243952608779226671e-02
6.258052565950867674e+00 -2.277905374333460409e-01
6.270618936565226953e+00 2.901789259447200287e-02
